-1.049517828653414142e+01 -1.031225128965637516e+01 -9.950870124403838446e+00 -9.618546876522731992e+00 -9.321858752000782289e+00 -8.932597473716155534e+00 -8.353945541988334611e+00 -7.061117672583716143e+00 -3.538592945289074976e+00 -3.629470541583449172e+00 -2.191317398677039563e+00 -5.492711174014623943e-01 7.326097659200785372e-01 2.072577749797789082e+00 5.268647435647429766e+00 5.268647435647429766e+00 5.268647435647429766e+00 5.268647435647429766e+00
-1.043784398079729314e+01 -1.023796469985176927e+01 -1.000715674447775960e+01 -9.765654740215556018e+00 -9.408972259698138885e+00 -8.879314022489557701e+00 -8.117065052024249994e+00 -6.688696569257277957e+00 -3.341998025037631770e+00 -4.242802939443142130e+00 -1.785727370034098316e+00 -6.542038563699023590e-02 1.027788117228023212e+00 1.952651011077251475e+00 5.122557428811385094e+00 5.122557428811385094e+00 5.122557428811385094e+00 5.122557428811385094e+00
-1.023871475686165589e+01 -9.890993433495307130e+00 -9.858393067152501743e+00 -9.842351023245324626e+00 -9.594935449325419086e+00 -9.014526388827656334e+00 -8.084670217921807733e+00 -6.409753818194733554e+00 -2.954218051807634637e+00 -4.254971425622208869e+00 -6.641917798469140211e-01 -7.413716632826042319e-02 1.768885030613343456e+00 2.003551601505403124e+00 5.202502797903014731e+00 5.202502797903014731e+00 5.202502797903014731e+00 5.202502797903014731e+00
-1.043771171294457645e+01 -1.022992167097071459e+01 -9.719825761680784382e+00 -9.360713632783140170e+00 -9.274735645261372952e+00 -9.212917515792426570e+00 -8.099031031944578629e+00 -5.852153246963197830e+00 -2.330623373125745523e+00 -3.860554450960633766e+00 -2.256192698587704548e-01 4.053044503614759431e-01 1.473156950648213392e+00 2.130101519440808389e+00 4.902031367957434327e+00 4.902031367957434327e+00 4.902031367957434327e+00 4.902031367957434327e+00
-1.053579537200835503e+01 -1.022544777804163729e+01 -9.971700699161640813e+00 -9.550176237701682780e+00 -8.991699255945885483e+00 -8.619041011990841383e+00 -7.956715347133586747e+00 -4.858294157131252788e+00 -2.508714784181979240e+00 -3.029196751064842985e+00 -1.441543311633882718e-01 9.772317846298449462e-01 1.487574014436289893e+00 2.306697039222164847e+00 4.823841532274435018e+00 4.823841532274435018e+00 4.823841532274435018e+00 4.823841532274435018e+00
-1.032056355269211778e+01 -1.014159330133582060e+01 -1.014894310557673585e+01 -9.832534170669063656e+00 -9.279401065700289664e+00 -8.461141516888167402e+00 -7.719395229058019225e+00 -3.597069721987932844e+00 -4.124337356100804541e+00 -1.402611876170304139e+00 1.712067767322406897e-01 1.174060068709172011e+00 1.633449587441952344e+00 2.102404372462324922e+00 4.462130140818787893e+00 4.462130140818787893e+00 4.462130140818787893e+00 4.462130140818787893e+00
-1.053778388025142831e+01 -1.025149987208090963e+01 -1.006058644028399485e+01 -9.786111627686002734e+00 -9.272457237455043355e+00 -8.462402792795131745e+00 -6.696091935177461707e+00 -2.714817239755081602e+00 -4.166648872183538188e+00 -3.825766183289247557e-01 9.233522804672221751e-01 1.864323292791440156e+00 1.694571311156337856e+00 3.073868998519385443e+00 4.405436188321750990e+00 4.405436188321750990e+00 4.405436188321750990e+00 4.405436188321750990e+00
-1.036393312373315467e+01 -1.014312622649059037e+01 -1.009644845100006805e+01 -9.686352276571135178e+00 -9.168744069392781526e+00 -8.234846184105297340e+00 -4.966752077036494128e+00 -3.404376367475325793e+00 -3.258947084719281850e+00 -1.282209642853304188e-01 1.514493626619229039e+00 2.003502806506663347e+00 1.861734022269823985e+00 4.282384076190830946e+00 5.234563030846688392e+00 5.234563030846688392e+00 5.234563030846688392e+00 5.234563030846688392e+00
-1.035207554815001352e+01 -1.005360286033970851e+01 -9.503082891573608748e+00 -9.225661460787463852e+00 -8.410889291943652424e+00 -7.013444933876090914e+00 -3.604588488077682396e+00 -4.345922156726153673e+00 -2.413512703860007491e+00 2.605296118597092980e-01 2.057107794070605067e+00 2.702352633592697728e+00 3.253647766687921106e+00 4.724593834549937199e+00 5.122774128304475205e+00 5.122774128304475205e+00 5.122774128304475205e+00 5.122774128304475205e+00
-1.053858090969799299e+01 -1.013406735569044415e+01 -9.330029728390281107e+00 -8.434178363192209815e+00 -7.475518141759638802e+00 -5.583488236654110537e+00 -2.338568738789203572e+00 -4.236344450786970306e+00 -4.038095290344050903e-01 1.801012801498619531e+00 2.793105983909669465e+00 3.390634723200506517e+00 4.915906320182156897e+00 4.993018162420503891e+00 5.368869627843981363e+00 5.368869627843981363e+00 5.368869627843981363e+00 5.368869627843981363e+00
-1.019357857816253699e+01 -9.587146348284145247e+00 -9.038831186392560113e+00 -8.384119431322314853e+00 -6.842448601507832961e+00 -4.041688342912449272e+00 -3.679869973252069659e+00 -2.771321991056883149e+00 2.339753757611266471e-01 2.751621309455655862e+00 2.977188837512899422e+00 4.576811285210656166e+00 3.050708482502832997e+00 2.341158041126638611e+00 5.568684697796378202e+00 5.568684697796378202e+00 5.568684697796378202e+00 5.568684697796378202e+00
-9.903255517406270414e+00 -9.096195230355966999e+00 -8.345547946253647709e+00 -8.049855405511390671e+00 -5.529772111215527808e+00 -2.915987185456793362e+00 -3.364527632081492747e+00 -1.321999621676580805e+00 1.449245922119523744e+00 3.188121867070789150e+00 4.346608033650163350e+00 3.749402360427282144e+00 2.099109211958748666e+00 2.406329458959413969e+00 5.346810489666290245e+00 5.346810489666290245e+00 5.346810489666290245e+00 5.346810489666290245e+00
-9.487665124696817998e+00 -8.663123452589390538e+00 -7.898751016986782503e+00 -6.512494386615493625e+00 -4.350744887022422347e+00 -3.254768760401266725e+00 -3.218609271538563021e+00 3.108899316268491919e-01 3.291332396283087824e+00 3.998480026934529086e+00 4.637811604123652565e+00 2.216511224046680439e+00 4.692050888589046620e-01 2.373917586664928692e+00 5.208486142281373077e+00 5.208486142281373077e+00 5.208486142281373077e+00 5.208486142281373077e+00
-1.001897007217628754e+01 -8.051780262260400889e+00 -6.909368778316718362e+00 -5.355803575732332789e+00 -3.042405418420666585e+00 -2.502721094483799646e+00 -2.767990617565085909e+00 6.646548418065347796e-01 3.278079853711390879e+00 4.975294210692304375e+00 3.352148942409919119e+00 -2.004384748741383504e+00 3.453247129068747201e-01 2.533355268620824496e+00 5.045726999592854867e+00 5.045726999592854867e+00 5.045726999592854867e+00 5.045726999592854867e+00
-9.521263715925604387e+00 -7.663382995463158487e+00 -6.029621585536184547e+00 -4.752888569255725670e+00 -2.287584726079781028e+00 -3.153462861436026277e+00 -8.225073015090084150e-01 2.614985687032077344e+00 3.467514639846482893e+00 5.441673072604572781e+00 4.383872258205977701e+00 -9.926998602900776181e-01 9.657912233938643620e-01 2.468269961229990539e+00 5.266554506417055137e+00 5.266554506417055137e+00 5.266554506417055137e+00 5.266554506417055137e+00
-9.072549647265518047e+00 -7.051000623394079625e+00 -5.336156793296950696e+00 -3.948013576542252601e+00 -1.837893548751460715e+00 -2.477324856842213485e+00 5.849615547027500195e-01 2.942278940060409909e+00 4.028115684053283019e+00 6.143326658524488337e+00 5.932681217347564484e+00 2.009153134774743776e+00 6.486079441272688539e-01 2.746059268002459142e+00 5.289974610353346485e+00 5.289974610353346485e+00 5.289974610353346485e+00 5.289974610353346485e+00
-8.805369901492616336e+00 -6.549703336761070638e+00 -4.776993766600737601e+00 -3.285681670090823125e+00 -2.037663206182622311e+00 -1.925852718603678682e+00 2.138519834440951950e+00 3.307164683308897679e+00 4.192163776019134147e+00 5.110356111814073898e+00 4.538320002076710047e+00 4.629182464206023084e+00 3.540984996543569796e+00 3.200915874386622839e+00 5.443927241726580490e+00 5.443927241726580490e+00 5.443927241726580490e+00 5.443927241726580490e+00
-8.114917271801743937e+00 -6.391738346421028893e+00 -4.450239580487862057e+00 -2.495321305089880148e+00 -2.598631528201568397e+00 -1.076917776541871152e+00 3.453094594594847244e+00 3.861834071803785129e+00 3.978669883396017237e+00 3.257424557214056104e+00 3.250517328499411551e+00 3.156745982586650179e+00 3.880127582876196968e+00 5.110951031198510464e+00 5.234934613251735591e+00 5.234934613251735591e+00 5.234934613251735591e+00 5.234934613251735591e+00
-7.590051900477410740e+00 -6.243080645276496199e+00 -4.234565991970979049e+00 -2.054877854679830751e+00 -2.722040206869286383e+00 3.069592687769463479e-01 2.907523446083955854e+00 3.773620641479875637e+00 3.742262655840946195e+00 1.832500739694686409e+00 1.561864670414289558e+00 1.591323559621566686e+00 2.750437931081712861e+00 4.295184534851241409e+00 4.968679870881223870e+00 4.968679870881223870e+00 4.968679870881223870e+00 4.968679870881223870e+00
-7.942913731770445906e+00 -6.139336529251711028e+00 -3.926326584759797900e+00 -1.769627761264578991e+00 -2.266687808336445009e+00 6.408414171101894929e-01 3.124235597171900913e+00 3.968874946354945532e+00 3.033415748654661570e+00 1.551034544782248670e+00 9.479304855828944998e-01 1.048502518238206171e+00 1.952018781800342273e+00 3.572412015031683374e+00 5.162134920027635410e+00 5.162134920027635410e+00 5.162134920027635410e+00 5.162134920027635410e+00
-8.209210512983712960e+00 -6.408138249062794500e+00 -4.076374407333545058e+00 -2.716954463323799196e+00 -1.959114214652470265e+00 -1.745408942991738266e-01 3.081578126516820060e+00 4.004849926638964774e+00 2.961619777112680651e+00 1.425124848638690045e+00 6.625282019914274789e-01 3.638347464805320453e-01 1.229184961507755913e+00 3.243578253518329291e+00 5.314235090709055420e+00 5.314235090709055420e+00 5.314235090709055420e+00 5.314235090709055420e+00
-8.168900922674673382e+00 -6.760856768127531780e+00 -4.087323148969075781e+00 -2.415131130761051459e+00 -1.856529423330717687e+00 -5.223075012231628289e-01 3.244056420222053205e+00 4.035829987438946276e+00 2.715198556677089314e+00 1.152255127410394930e+00 -2.191733623309787049e+00 -1.628626980683268055e+00 1.140880372353719752e+00 3.086275142324450549e+00 5.227937238252780006e+00 5.227937238252780006e+00 5.227937238252780006e+00 5.227937238252780006e+00
-8.199298659020751501e+00 -6.965239006566493529e+00 -4.883361958690636939e+00 -2.386110475550610843e+00 -1.828632747062155506e+00 -1.222486634910135095e+00 3.358207957487806539e+00 3.899914520337397938e+00 2.275780175949365436e+00 8.915069274045158698e-01 -2.468487916570895280e+00 -1.572512445461061059e+00 1.151837391912287512e+00 3.400086845349642672e+00 5.259558838318207030e+00 5.259558838318207030e+00 5.259558838318207030e+00 5.259558838318207030e+00
-8.173782234925845103e+00 -7.296492478890277411e+00 -5.407132794083906013e+00 -3.269206852298601973e+00 -1.999211551054186575e+00 -1.457841914822497031e+00 1.899166510298126997e+00 3.642203953450080078e+00 2.042847853082358167e+00 -9.960838128427672578e-01 -2.597767427128406581e+00 -1.295717518556026349e+00 1.189830257461531149e+00 3.634050464179241935e+00 4.931806674837482696e+00 4.931806674837482696e+00 4.931806674837482696e+00 4.931806674837482696e+00
-8.069827392877478189e+00 -7.183430490475308794e+00 -5.712209650368841096e+00 -4.297491112251256240e+00 -1.911678004796022678e+00 -1.812879880320017900e+00 1.351993061196057888e-01 2.737983715392287465e+00 2.282946615356684639e+00 -3.686657138955087731e+00 -2.306359033634519662e+00 -4.871027099167022922e-01 1.470054121969933680e+00 3.712663302351447925e+00 5.224655512287989190e+00 5.224655512287989190e+00 5.224655512287989190e+00 5.224655512287989190e+00
-8.336648847198375734e+00 -7.861704210304772289e+00 -6.538899099554617678e+00 -4.970410955205187165e+00 -3.368953599849769720e+00 -2.036000187170985409e+00 -1.848497477217534435e+00 1.529416616197245782e+00 2.097799223215117692e+00 -3.095832981533642059e+00 -3.888864866590426017e-02 1.047332407416381894e+00 1.865019984560992494e+00 4.195056843528188750e+00 5.450001761872435679e+00 5.450001761872435679e+00 5.450001761872435679e+00 5.450001761872435679e+00
-8.767767058599385877e+00 -7.871667144551729223e+00 -6.941826996718965859e+00 -5.652610791567099113e+00 -4.250306752050747150e+00 -2.273674790469959017e+00 -2.457739262121477086e+00 -1.590583555912198355e-01 1.515994976027357666e+00 -1.366228016032133008e-01 4.797900591706204948e-02 7.687610232108768038e-01 2.172101346408635170e+00 4.698473566872300111e+00 5.354663380387028937e+00 5.354663380387028937e+00 5.354663380387028937e+00 5.354663380387028937e+00
-9.104335140746396604e+00 -8.223110471384785569e+00 -7.428101277735348340e+00 -6.470164683361450564e+00 -5.200860795133847247e+00 -3.824945259687662080e+00 -2.202680392042042357e+00 -2.119722664354187991e+00 9.974105646017442650e-01 1.210543867196665957e+00 8.001803502241175980e-01 -2.980851856073057915e-01 1.748729488457012149e+00 4.778370532929653969e+00 5.268365527930754411e+00 5.268365527930754411e+00 5.268365527930754411e+00 5.268365527930754411e+00
-9.403484766815477514e+00 -8.508832555160228850e+00 -7.991297676593368315e+00 -7.238964666770229428e+00 -6.306690597778941587e+00 -5.083007897732735536e+00 -2.455060134966237761e+00 -2.434605252738234249e+00 -9.533367028590364334e-02 1.107406140663058425e+00 9.197517783206372588e-01 5.603942106277818302e-01 1.006372245962504852e+00 4.058868759513158508e+00 5.203518116007426642e+00 5.203518116007426642e+00 5.203518116007426642e+00 5.203518116007426642e+00
-9.900950879088286527e+00 -8.970244382411053152e+00 -8.520768256683615149e+00 -8.015903654404077372e+00 -7.328347566349091124e+00 -6.374347328049965178e+00 -4.039243246152875777e+00 -2.538350437855501518e+00 -2.160427548569108680e+00 9.360598246132743050e-01 8.355638560819742544e-01 9.410387174850018965e-01 3.065424437738760721e-01 3.936730777882442744e+00 5.249428419351642283e+00 5.249428419351642283e+00 5.249428419351642283e+00 5.249428419351642283e+00
-1.024627082692306956e+01 -9.793247883677178578e+00 -9.301952928531230569e+00 -8.793420100053683797e+00 -8.212162577176743028e+00 -7.154049735613090100e+00 -5.216962023669189819e+00 -3.218231045155995673e+00 -2.656536750399066005e+00 4.041699052240259604e-01 9.455219389418523246e-01 9.529918605353699945e-01 1.067575988878046445e-01 4.409301755043555815e+00 5.509553310534352377e+00 5.509553310534352377e+00 5.509553310534352377e+00 5.509553310534352377e+00
-1.036885411544261615e+01 -1.001911241443902689e+01 -9.534208152167691352e+00 -9.129629948580223697e+00 -8.531203902335825262e+00 -7.574423311986659968e+00 -6.329575271042264362e+00 -3.325370311314411964e+00 -2.756811177916059563e+00 -1.611997438538665506e+00 8.355124512195598596e-01 9.159191810594047300e-01 8.107069759916230023e-01 2.769269157384017355e+00 5.481389522521279645e+00 5.481389522521279645e+00 5.481389522521279645e+00 5.481389522521279645e+00
-1.046440561384773460e+01 -1.009585405357934285e+01 -9.737721696672810623e+00 -9.263594428173785644e+00 -8.772625042246620097e+00 -7.849999881866013496e+00 -6.646779763336557068e+00 -4.960012180562692663e+00 -2.255267904142659319e+00 -2.783734181719900835e+00 8.211970917230211331e-01 8.105403839530641585e-01 6.076879247595681210e-01 2.772903862481948423e+00 5.395091670064990907e+00 5.395091670064990907e+00 5.395091670064990907e+00 5.395091670064990907e+00
-1.045584080183532549e+01 -1.013961035617098183e+01 -9.785932631386318192e+00 -9.402550314179661584e+00 -8.842367496826016193e+00 -8.043696180970673737e+00 -6.914783847856405430e+00 -5.559418468123755730e+00 -3.238390285965357940e+00 -3.056158895027415667e+00 -5.267520676643671490e-02 8.207509438921281042e-01 7.795351002771443438e-01 2.649789727570289521e+00 5.308793817608734145e+00 5.308793817608734145e+00 5.308793817608734145e+00 5.308793817608734145e+00
-1.047807205413023368e+01 -1.016443855331988466e+01 -9.853152477396513120e+00 -9.461282134897921026e+00 -8.974372745383686123e+00 -8.278361991561743238e+00 -7.092525022370169907e+00 -5.725236196445216308e+00 -4.170575356618462237e+00 -2.894308538691387156e+00 -1.457684692552233097e+00 6.450645911848799097e-01 1.008965989883471026e-01 2.773669314969712918e+00 5.055791119569274628e+00 5.055791119569274628e+00 5.055791119569274628e+00 5.055791119569274628e+00
-1.053241790563301450e+01 -1.021798470704819017e+01 -9.850021157593861432e+00 -9.491396293723454392e+00 -9.063828741752232077e+00 -8.342595951800404919e+00 -7.216135000124207721e+00 -5.913952756858435578e+00 -4.488260197496977355e+00 -3.045900348835506311e+00 -2.614739798837226736e+00 3.048636208986614804e-01 5.665418924968808057e-01 2.406084324591224011e+00 5.569104859196260193e+00 5.569104859196260193e+00 5.569104859196260193e+00 5.569104859196260193e+00
-1.053389071244995812e+01 -1.019666640637175270e+01 -9.931939753598085119e+00 -9.559983829685418044e+00 -9.127866315873799152e+00 -8.531782476287734340e+00 -7.340756451636439195e+00 -5.899195545004597641e+00 -4.736754199958665978e+00 -3.347928976409714874e+00 -2.816104916695868710e+00 4.390891914236202953e-01 1.660123413845946694e-01 2.543328098880614174e+00 5.701637445041397356e+00 5.701637445041397356e+00 5.701637445041397356e+00 5.701637445041397356e+00
-1.052182497327897259e+01 -1.026273900994413424e+01 -9.910278179882116234e+00 -9.606718169408804187e+00 -9.204168025608215231e+00 -8.570107224460400630e+00 -7.373917767746421603e+00 -5.985653508929869915e+00 -5.063321169417513090e+00 -2.452087992887444390e+00 -3.064892378878671053e+00 -1.792812635451145886e-01 3.344893050712961502e-01 2.497922972051044077e+00 5.521817812199262043e+00 5.521817812199262043e+00 5.521817812199262043e+00 5.521817812199262043e+00
-1.061126766198606397e+01 -1.030367374564510285e+01 -9.980343808182638554e+00 -9.619346204157714908e+00 -9.275983189493402392e+00 -8.635408796921073105e+00 -7.514029011805646974e+00 -5.961391373063227306e+00 -5.254981438410382566e+00 -3.460159178775021438e+00 -2.795757779967234846e+00 -5.625483155784973821e-01 -1.491393575618693568e-02 2.487304762665559554e+00 5.435519959742974194e+00 5.435519959742974194e+00 5.435519959742974194e+00 5.435519959742974194e+00
-1.064591283343108330e+01 -1.034045310718898847e+01 -9.991403579168585125e+00 -9.629421283124226960e+00 -9.361744618402736862e+00 -8.795449081520589019e+00 -7.539488141484266492e+00 -5.814175971732975512e+00 -5.411387562535171725e+00 -3.940214158851711002e+00 -2.016514975267445831e+00 -9.210337677910147569e-01 -3.656974679836897946e-01 2.315573479003214530e+00 4.868236135229506267e+00 4.868236135229506267e+00 4.868236135229506267e+00 4.868236135229506267e+00
