-1.049015347158296407e+01 -1.030454221896968647e+01 -9.942109818187297776e+00 -9.615806374249794786e+00 -9.328010374422127882e+00 -8.962564820845415170e+00 -8.381757123011198019e+00 -7.083843421560972686e+00 -3.628525264011580820e+00 -3.698882718227769928e+00 -1.847711428724916338e+00 -4.165104133553100274e-01 1.424541868723234739e+00 2.040542267402836618e+00 5.355537379084512217e+00 5.355537379084512217e+00 5.355537379084512217e+00 5.355537379084512217e+00
-1.044210955467126389e+01 -1.024769205913968229e+01 -1.000323208722742940e+01 -9.753951933812142983e+00 -9.398189741475711401e+00 -8.885300845465454955e+00 -8.092727853661472182e+00 -6.637159759378228330e+00 -3.396646887003011983e+00 -4.283634416336612460e+00 -1.641733305830709089e+00 -7.063771954023625455e-01 1.163431805683324605e+00 1.909914435044298919e+00 5.233081461417764757e+00 5.233081461417764757e+00 5.233081461417764757e+00 5.233081461417764757e+00
-1.014130559636989837e+01 -9.907839914650809376e+00 -9.893827595376246009e+00 -9.811633935598759848e+00 -9.567477246367960930e+00 -9.027749819080518989e+00 -8.093387931936188551e+00 -6.368883735426814852e+00 -3.043302503178017204e+00 -4.422929567969763553e+00 -7.251978810300838685e-01 -6.348368332682371440e-01 1.637244978310131938e+00 2.005326110445402765e+00 4.822920511633407514e+00 4.822920511633407514e+00 4.822920511633407514e+00 4.822920511633407514e+00
-1.044074508463816464e+01 -1.022102077361382122e+01 -9.701402931861723644e+00 -9.349553754524956517e+00 -9.313913943487968083e+00 -9.095506859711138148e+00 -8.087645848533012938e+00 -5.823904258841178461e+00 -2.321368330209685471e+00 -3.885408132726668740e+00 -1.996314432815087803e-01 -1.553681581134984113e-01 1.514942311795161256e+00 2.135260182044715016e+00 4.966931295369213295e+00 4.966931295369213295e+00 4.966931295369213295e+00 4.966931295369213295e+00
-1.050589263129260154e+01 -1.022739152390310657e+01 -9.940400879227562214e+00 -9.535365888857764816e+00 -8.956014624553146675e+00 -8.599836012691692844e+00 -7.913631509521773744e+00 -4.805989834777936842e+00 -2.626960188828637577e+00 -3.070093799786229205e+00 2.772841484058259989e-02 1.485882215573678167e+00 1.474393724341444445e+00 2.337052131375581432e+00 4.798026593850757138e+00 4.798026593850757138e+00 4.798026593850757138e+00 4.798026593850757138e+00
-1.030098374899335489e+01 -1.020375450762001179e+01 -1.016069552949558208e+01 -9.835169673403225232e+00 -9.288666669937853726e+00 -8.448175097206750195e+00 -7.746489528241139233e+00 -3.398054447781857057e+00 -3.989512173569782938e+00 -1.504384698601097137e+00 1.760792212379226340e-01 1.496456047026986091e+00 1.608278949509315714e+00 2.095621220059383116e+00 4.495699595085450362e+00 4.495699595085450362e+00 4.495699595085450362e+00 4.495699595085450362e+00
-1.051135920311870642e+01 -1.022711972446418471e+01 -1.008155981256682310e+01 -9.765809590934670936e+00 -9.260692469761599099e+00 -8.435503778945472320e+00 -6.692269614487991625e+00 -2.830567353984331014e+00 -4.141864998519244168e+00 -6.427514678729530084e-01 8.380727423815407251e-01 1.860030290425801036e+00 1.671698295203867257e+00 3.110559327471110969e+00 4.370061087118688015e+00 4.370061087118688015e+00 4.370061087118688015e+00 4.370061087118688015e+00
-1.033703241214493929e+01 -1.013613710955769776e+01 -1.007791404663165480e+01 -9.680441142015038025e+00 -9.159368282806203965e+00 -8.219121902960578652e+00 -4.973775960223118631e+00 -3.485012407322683803e+00 -3.291578230218986878e+00 -2.189841482493098956e-01 1.887545810834377891e+00 1.973585545170732258e+00 1.857220723469783508e+00 4.263745970129699359e+00 5.089618725551583900e+00 5.089618725551583900e+00 5.089618725551583900e+00 5.089618725551583900e+00
-1.034581950074577250e+01 -9.985599970306326512e+00 -9.544030338744937225e+00 -9.290496239481484508e+00 -8.401908816590040630e+00 -7.041441589899888776e+00 -3.630538597421558489e+00 -4.354943404757054104e+00 -2.296233020521144752e+00 2.575716957668712226e-01 2.030513609944246234e+00 2.689451902677474138e+00 3.256488681289886333e+00 4.694647987044384685e+00 4.770582966282049142e+00 4.770582966282049142e+00 4.770582966282049142e+00 4.770582966282049142e+00
-1.056081592618574660e+01 -1.010785894967699150e+01 -9.322585310804555547e+00 -8.424568598715680423e+00 -7.415418332877651508e+00 -5.718906712234570477e+00 -2.402335431146933153e+00 -4.141445736416285328e+00 -5.514153774287479104e-01 1.819831774034689875e+00 2.734556477820068832e+00 3.373001316628371882e+00 4.854636375524489900e+00 4.960026706124414986e+00 5.214645788336686572e+00 5.214645788336686572e+00 5.214645788336686572e+00 5.214645788336686572e+00
-1.021994572301826487e+01 -9.608414580133342042e+00 -9.014491044789389562e+00 -8.371345782194014262e+00 -6.787149891996059559e+00 -4.190879150091594951e+00 -3.567271097805212232e+00 -2.725794011890390056e+00 2.462137587333756150e-01 2.720975491578299543e+00 2.963831868780403056e+00 4.537579029681843679e+00 3.061673679049516039e+00 2.292579327953381263e+00 5.204587201228706661e+00 5.204587201228706661e+00 5.204587201228706661e+00 5.204587201228706661e+00
-9.897577079598347538e+00 -9.105085050098322696e+00 -8.353499513951344824e+00 -8.033468155763239693e+00 -5.531573812921156907e+00 -2.709226241923734513e+00 -3.354868519804568017e+00 -1.347007206744269769e+00 1.334316888642434140e+00 3.171183946002118059e+00 4.329383129067238656e+00 3.727371930046142534e+00 2.065349040459219854e+00 2.479203103261790275e+00 5.213189297858461302e+00 5.213189297858461302e+00 5.213189297858461302e+00 5.213189297858461302e+00
-9.519038922794420543e+00 -8.692514023431876069e+00 -7.880032981939871561e+00 -6.551304323738643021e+00 -4.636025562216829599e+00 -3.161072377854727389e+00 -3.377702902439059685e+00 -1.090073112898966717e-01 3.241333536638288049e+00 3.978290290639338256e+00 4.622969380081808133e+00 2.121491765994667489e+00 4.848307140785609870e-01 2.394118858207441747e+00 5.200760377849043437e+00 5.200760377849043437e+00 5.200760377849043437e+00 5.200760377849043437e+00
-1.000158602302691513e+01 -8.072938873845059149e+00 -6.938933237632513240e+00 -5.337406980106268684e+00 -3.225546075796056122e+00 -2.305714379271950776e+00 -2.830047507796497275e+00 2.446872801865552227e-01 3.232278129361378927e+00 4.911269325738191860e+00 3.324985573492659441e+00 -1.975576021162663176e+00 3.727897324005829960e-01 2.507205954342529353e+00 4.764883938108612327e+00 4.764883938108612327e+00 4.764883938108612327e+00 4.764883938108612327e+00
-9.562658156344248539e+00 -7.618937990934122162e+00 -6.058573267040978649e+00 -4.838229889889089641e+00 -2.345119419755802959e+00 -3.171437080252184959e+00 -7.914786591942520877e-01 2.535451048469210988e+00 3.432965118135862248e+00 5.410937662150141492e+00 4.367074016788505375e+00 -9.371408051232019698e-01 9.949903778850337499e-01 2.473825992564291809e+00 5.370310579521033745e+00 5.370310579521033745e+00 5.370310579521033745e+00 5.370310579521033745e+00
-9.044496950477954655e+00 -7.066278898409952269e+00 -5.389783147809655617e+00 -4.044970322633759885e+00 -1.806472802914055764e+00 -2.532580050891828360e+00 4.854456705821214579e-01 2.933494022102265841e+00 4.001820432444977094e+00 6.101879960057006613e+00 5.887679324633130484e+00 1.899691234535310080e+00 6.789034693534370390e-01 2.663377945991051376e+00 5.231548775124063688e+00 5.231548775124063688e+00 5.231548775124063688e+00 5.231548775124063688e+00
-8.784069159168920393e+00 -6.551460117431536112e+00 -4.775871110716734869e+00 -3.297374227338683461e+00 -2.337605964838429529e+00 -2.197601237718724843e+00 1.952683449427664142e+00 3.323096255195828963e+00 4.180259360627098353e+00 5.122331368084683589e+00 4.555415419700613811e+00 4.604709811067787761e+00 3.433613770824082589e+00 3.160948631117171725e+00 5.073835507712433746e+00 5.073835507712433746e+00 5.073835507712433746e+00 5.073835507712433746e+00
-8.091011490737038514e+00 -6.379729289193867281e+00 -4.526465717660175692e+00 -2.485642505414152659e+00 -2.474541935863481257e+00 -1.654257814821609385e+00 3.380733739568636320e+00 3.858832041810180691e+00 3.982861378085234882e+00 3.220373607164648710e+00 3.192241850121343649e+00 3.145132957611410429e+00 3.871660638774068186e+00 5.071278735482223077e+00 5.051059717491592771e+00 5.051059717491592771e+00 5.051059717491592771e+00 5.051059717491592771e+00
-7.597180557161570924e+00 -6.251397394424788700e+00 -4.236875648992123544e+00 -2.206513753924823185e+00 -2.554808031563034376e+00 -6.336295890232257477e-01 2.790374179881271122e+00 3.779017853722984821e+00 3.717724516401600621e+00 1.761039551354265598e+00 1.544953157028387203e+00 1.585823951542219667e+00 2.720925607314874650e+00 4.273216220477227267e+00 4.759184909935148866e+00 4.759184909935148866e+00 4.759184909935148866e+00 4.759184909935148866e+00
-7.796262621220948041e+00 -6.077393065491200730e+00 -4.081721003946182869e+00 -1.698689297848634761e+00 -2.546510076965468716e+00 1.862168344676814330e-02 3.086399543003881529e+00 3.995217196851630792e+00 3.074467397936421875e+00 1.588496273881756071e+00 1.032087033959503852e+00 1.098800500509281797e+00 1.989058264601522907e+00 3.597006564442498000e+00 4.829511891229336662e+00 4.829511891229336662e+00 4.829511891229336662e+00 4.829511891229336662e+00
-8.248823989330709594e+00 -6.423874754265519904e+00 -4.221421449866795683e+00 -2.588099616205650655e+00 -1.681599213868782305e+00 -9.993042896893788996e-01 3.098266565258475325e+00 4.040657985348338421e+00 2.990124634896904166e+00 1.465565509915665920e+00 8.072954905635669753e-01 5.051987807523590224e-01 1.265468796883402858e+00 3.276500682487679672e+00 5.414370607915183875e+00 5.414370607915183875e+00 5.414370607915183875e+00 5.414370607915183875e+00
-8.119151539251175720e+00 -6.750058250859870768e+00 -4.224635135952317100e+00 -2.173281288691027768e+00 -2.119766090966243688e+00 -1.269411469758841227e+00 3.189310677101976133e+00 4.063046791491284893e+00 2.729225506105523724e+00 1.215532515324507123e+00 -1.605693711628468634e+00 -1.580527839593594885e+00 1.169276024679426040e+00 3.105017266819441346e+00 5.248989771870692600e+00 5.248989771870692600e+00 5.248989771870692600e+00 5.248989771870692600e+00
-8.188179761158796310e+00 -6.930790218301071448e+00 -4.755485186995102254e+00 -2.419522649540742254e+00 -1.688067480545980326e+00 -1.759350142067050760e+00 3.309720297045355863e+00 3.846708199220034707e+00 2.325645327814454877e+00 9.305579201795290967e-01 -2.408809546086446041e+00 -1.589863805996403645e+00 1.164464846558240341e+00 3.431293711126774504e+00 4.920861490769343760e+00 4.920861490769343760e+00 4.920861490769343760e+00 4.920861490769343760e+00
-8.152756735968674562e+00 -7.252045857127690454e+00 -5.308397756518521859e+00 -3.434683367270459087e+00 -1.744179720027978941e+00 -1.814241284010609689e+00 1.180431352436681847e+00 3.624786983862516188e+00 2.154928064431836710e+00 3.717395911053168744e-02 -2.555873484897025261e+00 -1.173613182138055100e+00 1.210362170033618234e+00 3.712196843153114489e+00 4.882826347911967346e+00 4.882826347911967346e+00 4.882826347911967346e+00 4.882826347911967346e+00
-8.061030811893227011e+00 -7.159875429601183505e+00 -5.781607799940789327e+00 -4.145343036196912578e+00 -2.168049838261810081e+00 -1.668997247703681630e+00 -1.127498215666510761e+00 2.690544337201483671e+00 2.314691077293312915e+00 -3.657879941967807191e+00 -2.277887910052181830e+00 -4.761196516890582320e-01 1.468036703298399193e+00 3.732758053668559839e+00 4.771456603862536561e+00 4.771456603862536561e+00 4.771456603862536561e+00 4.771456603862536561e+00
-8.277999763156875801e+00 -7.805579826432092361e+00 -6.416750473908227725e+00 -4.908284803626079551e+00 -3.615679044565833333e+00 -1.742102385941183940e+00 -1.990206132515798476e+00 1.709734241166532387e+00 2.130826934029410147e+00 -3.000304141024226379e+00 1.264081869859630947e-01 1.035582033543470226e+00 1.856366962759206096e+00 4.183175010556344553e+00 5.495222923668860560e+00 5.495222923668860560e+00 5.495222923668860560e+00 5.495222923668860560e+00
-8.752758532795983371e+00 -7.812504396779302418e+00 -6.920344750087244812e+00 -5.687371116566543705e+00 -4.338077183786200663e+00 -2.448042335286877869e+00 -2.061640403438745661e+00 -6.003901055844544921e-01 1.585794824027776828e+00 -1.316868553718806255e-02 1.547344217879010331e-01 7.820639728852112338e-01 2.166245061843490749e+00 4.760935418040082467e+00 5.435081785356876694e+00 5.435081785356876694e+00 5.435081785356876694e+00 5.435081785356876694e+00
-9.090257605430547727e+00 -8.178515245787863819e+00 -7.434022817513968207e+00 -6.306759247850755479e+00 -5.296546723561782244e+00 -3.971937381959879332e+00 -1.788183663135875401e+00 -2.345028119530267130e+00 1.023858227867217030e+00 1.225171476681877980e+00 7.527056432608242309e-01 -3.884324695623534440e-01 1.689618893463430194e+00 4.877303943428072053e+00 5.269700949312364102e+00 5.269700949312364102e+00 5.269700949312364102e+00 5.269700949312364102e+00
-9.368385994849592890e+00 -8.489527204223996648e+00 -7.927432863203615732e+00 -7.174298422967056332e+00 -6.295052580225230621e+00 -5.049235354899384909e+00 -2.785420734583246460e+00 -2.519590410933787883e+00 5.278981334480307291e-02 1.497676504755568461e+00 9.583232936609392683e-01 7.172639565215842561e-01 9.260321540135315610e-01 4.078039243087126842e+00 4.938493869956056770e+00 4.938493869956056770e+00 4.938493869956056770e+00 4.938493869956056770e+00
-9.839571179209698926e+00 -8.975145497981367626e+00 -8.477896607751649327e+00 -7.960306637662468709e+00 -7.300382730759731764e+00 -6.346156075316502054e+00 -4.048917259075227371e+00 -1.904409494176811490e+00 -2.204985728756039265e+00 9.362174970906854687e-01 1.015550456120657641e+00 9.370423187858465397e-01 5.140633826175763366e-01 3.896027022576133536e+00 4.712196603138706585e+00 4.712196603138706585e+00 4.712196603138706585e+00 4.712196603138706585e+00
-1.018506991230793268e+01 -9.744073855279763663e+00 -9.279326767509319396e+00 -8.724424642636883220e+00 -8.187500013370181406e+00 -7.141575687161162200e+00 -4.945977013405004286e+00 -3.421445401796694430e+00 -2.622463762277658095e+00 2.999812224386861903e-01 1.160167727244623803e+00 9.688063883159582224e-01 1.876579883873155663e-01 4.426928045129329803e+00 5.465045514268522808e+00 5.465045514268522808e+00 5.465045514268522808e+00 5.465045514268522808e+00
-1.035594517340189213e+01 -1.001440747700572942e+01 -9.516860426926216476e+00 -9.098542969849539475e+00 -8.502211286755578357e+00 -7.538815260600392421e+00 -6.241751177770483494e+00 -2.969960091549715742e+00 -2.714172453812339292e+00 -1.420741665488101546e+00 9.542080140471577154e-01 9.216840029426813796e-01 8.280282776722580618e-01 3.205077512615535085e+00 5.621173798843071445e+00 5.621173798843071445e+00 5.621173798843071445e+00 5.621173798843071445e+00
-1.047038410725831881e+01 -1.010665300666738275e+01 -9.721898416096745876e+00 -9.257154149521356956e+00 -8.726909876423809109e+00 -7.832658501710274557e+00 -6.642475721288322532e+00 -4.908069240564717717e+00 -2.513441779833459400e+00 -2.459573505835811247e+00 7.948880898107955062e-01 9.014418427925410260e-01 7.233584977482598877e-01 2.759399983240341747e+00 5.455792962798560630e+00 5.455792962798560630e+00 5.455792962798560630e+00 5.455792962798560630e+00
-1.043202645211080792e+01 -1.015215876924369098e+01 -9.752947988777478372e+00 -9.379169835976844283e+00 -8.823340276266636195e+00 -8.002779314899720831e+00 -6.855582225953540387e+00 -5.504268665621609102e+00 -3.246421092802764807e+00 -2.684512236852782507e+00 1.956499184148241532e-01 1.091086079748976534e+00 7.357216428441520906e-01 2.592723017052174228e+00 5.290412126754064914e+00 5.290412126754064914e+00 5.290412126754064914e+00 5.290412126754064914e+00
-1.044828080357021349e+01 -1.013264827159479786e+01 -9.847965812102302152e+00 -9.448674613230727104e+00 -8.954599543002016659e+00 -8.224846300217782513e+00 -7.054143764159692687e+00 -5.636025255702853620e+00 -3.972887790407348518e+00 -1.968821907393755399e+00 -1.235298466052056510e+00 7.254394490608021551e-01 3.037145238462903296e-01 2.807572236510452068e+00 4.645966063897893683e+00 4.645966063897893683e+00 4.645966063897893683e+00 4.645966063897893683e+00
-1.053854563001840106e+01 -1.017688981192947928e+01 -9.845360043318169829e+00 -9.476355361124610965e+00 -9.054931191928783818e+00 -8.308639078404107536e+00 -7.230313190241393073e+00 -5.846173996532866290e+00 -4.148444662995228960e+00 -3.189729514045752445e+00 -2.711503233046724581e+00 2.658983111802507571e-01 6.483443377775901517e-01 2.298088106951893028e+00 5.434868104868150418e+00 5.434868104868150418e+00 5.434868104868150418e+00 5.434868104868150418e+00
-1.049847982908821464e+01 -1.018646071053430191e+01 -9.923208407467740244e+00 -9.560922848259933104e+00 -9.096355388603507564e+00 -8.509852098989254543e+00 -7.343265899315562173e+00 -5.852638526059675605e+00 -4.640575740971130791e+00 -3.601402559553066318e+00 -2.673124251312740007e+00 3.252937893464860064e-01 1.597691567430821746e-01 2.496211607492135442e+00 5.974014533598950294e+00 5.974014533598950294e+00 5.974014533598950294e+00 5.974014533598950294e+00
-1.050374956236088053e+01 -1.022116011720580175e+01 -9.904234835287152094e+00 -9.573024445982595054e+00 -9.181784578333841651e+00 -8.509148937851435335e+00 -7.397346654794041854e+00 -5.918751812394827283e+00 -5.099225096465078266e+00 -2.662347342921817184e+00 -3.033837213209930272e+00 -3.829783352689066778e-01 1.005996284126335905e+00 2.478114179641823345e+00 5.641884976284777586e+00 5.641884976284777586e+00 5.641884976284777586e+00 5.641884976284777586e+00
-1.057779135769787970e+01 -1.027622783619032631e+01 -9.950033596373849321e+00 -9.577421624682630252e+00 -9.247078060551229939e+00 -8.595337324802946100e+00 -7.494520217146112273e+00 -5.881293396490232084e+00 -5.222248961448039850e+00 -3.355683041002849976e+00 -2.731310658611491249e+00 -4.751151678611881812e-01 6.537796431334339520e-01 2.415853550456780408e+00 5.476504140240262331e+00 5.476504140240262331e+00 5.476504140240262331e+00 5.476504140240262331e+00
-1.063311425242909003e+01 -1.031847333699150049e+01 -9.985433875902359091e+00 -9.617015644158344756e+00 -9.333493321009537880e+00 -8.777679807924279487e+00 -7.479612438104369154e+00 -5.806538473778948273e+00 -5.385590720755007332e+00 -3.968286980571992917e+00 -1.818346999443637202e+00 -6.799873365978471584e-01 1.180887780660982433e-01 2.319072594494529405e+00 4.599317613399430016e+00 4.599317613399430016e+00 4.599317613399430016e+00 4.599317613399430016e+00
