-1.056462815025975743e+01 -1.026888370331471734e+01 -9.985694829787036042e+00 -9.628571093273883719e+00 -9.325611345621691584e+00 -8.945403130229983901e+00 -8.277214735535530110e+00 -6.730306082761321917e+00 -3.832134029749146187e+00 -4.032415498156368017e+00 -2.134571438429898826e+00 -2.338315275125644743e-01 1.352634181507557987e+00 2.077339733911471864e+00 5.550282012475765470e+00 5.550282012475765470e+00 5.550282012475765470e+00 5.550282012475765470e+00
-1.045314294138308142e+01 -1.016469616285571931e+01 -1.000824606194055377e+01 -9.794904699798651748e+00 -9.414602698722756458e+00 -8.856954595026955701e+00 -8.014837949108464699e+00 -6.146971680163101581e+00 -4.186378018210328733e+00 -4.283273421677925796e+00 -1.720334820101610429e+00 1.683088030602516716e-01 1.821268780662069542e+00 2.022642864631250870e+00 5.438669298637158533e+00 5.438669298637158533e+00 5.438669298637158533e+00 5.438669298637158533e+00
-1.030905570845700225e+01 -9.996011892367056006e+00 -9.902716136106334943e+00 -9.934217221597196001e+00 -9.549971230670642797e+00 -8.967343403071946994e+00 -7.989662687855027201e+00 -5.933236902626407350e+00 -2.833738023213155266e+00 -3.946990827235287824e+00 -9.903295953956017250e-01 2.449028490394060953e-01 2.168471545973125636e+00 2.103299549710202054e+00 5.588134661738918041e+00 5.588134661738918041e+00 5.588134661738918041e+00 5.588134661738918041e+00
-1.042773027167227085e+01 -1.017825137954088888e+01 -9.692654907303673184e+00 -9.407779309743776963e+00 -9.370030203626409815e+00 -9.020149818875154324e+00 -7.854169122183258800e+00 -4.901769618402307849e+00 -2.636841840796330771e+00 -3.001241954060129391e+00 -5.563890767642186708e-01 5.096329901911468285e-01 2.205795468834947926e+00 2.138283651249921036e+00 4.997795006107699223e+00 4.997795006107699223e+00 4.997795006107699223e+00 4.997795006107699223e+00
-1.054872050250759585e+01 -1.026053097082166943e+01 -9.943713855202378937e+00 -9.505145745198845475e+00 -8.937810448942990149e+00 -8.598196294960594344e+00 -7.316942844660966117e+00 -4.187035596627435297e+00 -3.106304302764089087e+00 -3.266862672824665914e+00 -5.665641880812131159e-01 1.156847658633500142e+00 1.678652663742806528e+00 2.322430258072226472e+00 4.965375574775402256e+00 4.965375574775402256e+00 4.965375574775402256e+00 4.965375574775402256e+00
-1.031364744079884943e+01 -1.017595572035158824e+01 -1.013560135881584756e+01 -9.790503022644770681e+00 -9.244311871818823079e+00 -8.312163675157510312e+00 -6.888650837039391739e+00 -4.787901944314893576e+00 -4.134083981123848339e+00 -2.099797879627804953e+00 5.407767633495171034e-02 1.375075071013001082e+00 1.613666899610684879e+00 2.141589775834616738e+00 4.604362413596817305e+00 4.604362413596817305e+00 4.604362413596817305e+00 4.604362413596817305e+00
-1.048837379809106096e+01 -1.022459888486358537e+01 -1.005162633760808966e+01 -9.732277521267135967e+00 -9.236520350652119404e+00 -8.295910679664906695e+00 -5.267228142875429953e+00 -4.988836123478795237e+00 -3.584401149124216701e+00 -1.522374287031487139e+00 8.030771283800410831e-01 1.906129069499589601e+00 1.745935319314501744e+00 3.027174684867320664e+00 4.448002803192656174e+00 4.448002803192656174e+00 4.448002803192656174e+00 4.448002803192656174e+00
-1.040310084603645358e+01 -1.018752753277599510e+01 -1.007556906843874600e+01 -9.639525660046246003e+00 -9.127905854576056299e+00 -8.043418191113135052e+00 -3.913814960255562081e+00 -4.558595599644567287e+00 -3.045203128612254062e+00 -5.105414337146909620e-01 1.119223593246603699e+00 1.954443859279009654e+00 1.903278882761828106e+00 4.282911164040362095e+00 5.298557542558528510e+00 5.298557542558528510e+00 5.298557542558528510e+00 5.298557542558528510e+00
-1.042422489024931309e+01 -9.964314478594594959e+00 -9.609835067978188761e+00 -9.497161035365280668e+00 -8.450497416560978081e+00 -6.864166349260978350e+00 -3.521420318862416465e+00 -4.622681793615969426e+00 -2.405542242754227011e+00 -5.181250439382576456e-01 2.078719221302655296e+00 2.623652560102928799e+00 3.233621520391456450e+00 4.685165523535024690e+00 5.547807064467237481e+00 5.547807064467237481e+00 5.547807064467237481e+00 5.547807064467237481e+00
-1.059750041463281889e+01 -1.015743126667643104e+01 -9.263167566429245880e+00 -8.444392988729902072e+00 -7.514809167402443535e+00 -5.542961826399213976e+00 -2.390712511509733407e+00 -4.319641754431716052e+00 -1.358102604347507736e+00 8.102267269642726699e-01 2.739599676797912053e+00 3.370522199284576637e+00 4.894781341580426215e+00 4.952745974078497149e+00 5.638855566822726928e+00 5.638855566822726928e+00 5.638855566822726928e+00 5.638855566822726928e+00
-1.024406813777631697e+01 -9.759584035293288551e+00 -8.984849498266996193e+00 -8.480049200092619088e+00 -6.786651103542562069e+00 -4.082537645517151148e+00 -3.614190412769435312e+00 -2.153169643931545529e+00 8.683536318968065881e-02 2.209839013126733143e+00 2.839812968631252765e+00 4.536687501333810602e+00 3.045424463843289686e+00 2.234423604366212679e+00 5.614260219549667141e+00 5.614260219549667141e+00 5.614260219549667141e+00 5.614260219549667141e+00
-9.922213452431545733e+00 -9.181041087626326203e+00 -8.471091217596310230e+00 -7.880528301967654414e+00 -5.825066056065572262e+00 -3.058256931030074455e+00 -3.495776351009562521e+00 -1.875954308496467160e+00 6.539489086858709666e-01 3.191133154864284727e+00 4.375066187134533990e+00 3.712139517387515575e+00 2.046426751444245795e+00 2.444130495475017817e+00 5.611281463022162797e+00 5.611281463022162797e+00 5.611281463022162797e+00 5.611281463022162797e+00
-9.541846932843917273e+00 -8.792000663057020660e+00 -7.958864926373091286e+00 -6.651294930762735369e+00 -4.900907405998365718e+00 -2.745933973561397679e+00 -4.081650295198142153e+00 -5.871949465023922343e-01 1.730056321867013747e+00 3.901853918534812671e+00 4.534600455538061681e+00 2.055429832447511096e+00 5.190052302521734884e-01 2.357473245723215705e+00 5.542005075939364644e+00 5.542005075939364644e+00 5.542005075939364644e+00 5.542005075939364644e+00
-9.928563438060669100e+00 -8.183875590311517456e+00 -7.162879562266267541e+00 -5.702628571332544638e+00 -3.629713934109430440e+00 -1.895408588790971294e+00 -2.752065284950226953e+00 5.112662772804504874e-03 3.251568060938818228e+00 4.842543174578169740e+00 3.258699869626896284e+00 -1.948193310741292317e+00 4.006439112607287911e-01 2.454474322263548558e+00 5.550304617940393648e+00 5.550304617940393648e+00 5.550304617940393648e+00 5.550304617940393648e+00
-9.710067501103065268e+00 -7.736100042519735709e+00 -6.243943986584339356e+00 -4.759881359608048257e+00 -2.610231816644713376e+00 -2.247130488300473239e+00 -1.509598097853788179e+00 1.400407691995846804e+00 3.363671147404818207e+00 5.495837310074739079e+00 4.315008399028507746e+00 -9.780479907767474224e-01 9.902077482757707383e-01 2.521131615735562548e+00 5.687151012956055851e+00 5.687151012956055851e+00 5.687151012956055851e+00 5.687151012956055851e+00
-9.024314194642730769e+00 -7.248574933443199697e+00 -5.606916114270845242e+00 -3.745573477481074054e+00 -3.078715353643332264e+00 -2.493900682571001948e+00 -7.029090774142024989e-01 2.801973530291770320e+00 3.958763972057767866e+00 5.998389319734057423e+00 5.839871669483396310e+00 1.898624695364304671e+00 7.130802255393049460e-01 2.594213690152957774e+00 5.643825689375540300e+00 5.643825689375540300e+00 5.643825689375540300e+00 5.643825689375540300e+00
-8.931593751462592934e+00 -6.792051544290156784e+00 -5.061055172574945971e+00 -2.830133941030468669e+00 -3.197154774043616587e+00 -2.806560926924183796e+00 -3.073238786942450451e-02 3.332007763719657678e+00 4.134530241040895504e+00 5.035360567935144971e+00 4.513430876709539241e+00 4.590130608169831206e+00 3.638248150122608937e+00 3.181646494390724556e+00 5.586661621231401753e+00 5.586661621231401753e+00 5.586661621231401753e+00 5.586661621231401753e+00
-8.277225150335906889e+00 -6.580899824938795106e+00 -4.853714232057452449e+00 -2.722549585625260615e+00 -2.340108367076286555e+00 -2.889901243305786682e+00 2.955290909759315521e-01 3.817880676147476837e+00 3.905268954004069926e+00 3.222748102788308699e+00 3.246242729847010899e+00 3.133514961179083347e+00 3.889868715168193436e+00 5.072473645602745052e+00 5.569569326624197458e+00 5.569569326624197458e+00 5.569569326624197458e+00 5.569569326624197458e+00
-7.711189619238270510e+00 -6.532178519177141318e+00 -4.671232137885037439e+00 -2.679908741720061549e+00 -1.589219839328544381e+00 -1.984988060204924354e+00 1.237909623668778103e+00 3.746101269730794936e+00 3.694937353083363352e+00 1.790016434482436303e+00 1.636453795432959435e+00 1.676979561396776841e+00 2.772780874410526231e+00 4.257133156881146796e+00 5.639242494162545860e+00 5.639242494162545860e+00 5.639242494162545860e+00 5.639242494162545860e+00
-7.847262499983619577e+00 -6.343075234935897200e+00 -4.745856014961779223e+00 -2.619845584163089214e+00 -1.190880615329866110e+00 -9.644685934507316039e-02 2.746322129468182993e+00 3.906513049791483283e+00 3.019924167609379317e+00 1.590883791089050092e+00 1.155980030838562822e+00 1.199662534837566241e+00 1.938332156015016849e+00 3.612733824103862013e+00 5.739879698536084263e+00 5.739879698536084263e+00 5.739879698536084263e+00 5.739879698536084263e+00
-8.360036792684677920e+00 -6.510711527078383298e+00 -4.534916409808529281e+00 -2.417396093745870278e+00 -1.346345302042587733e+00 -2.357931076104964330e-01 3.225536547961153744e+00 3.954927274769939771e+00 2.936621006438550729e+00 1.501068194439282966e+00 8.585416435836346061e-01 6.485649181137611574e-01 1.290372999159519196e+00 3.236445648432122901e+00 5.681490404850433329e+00 5.681490404850433329e+00 5.681490404850433329e+00 5.681490404850433329e+00
-8.231569219262926396e+00 -6.931600595110230856e+00 -4.692261067319813961e+00 -2.353877898704380467e+00 -1.820093888653996128e+00 -1.754577048356533275e+00 1.609794436769959702e+00 3.954208681451308660e+00 2.696814361926946901e+00 1.358882592204545769e+00 -1.728833825939267488e+00 -1.546144746358248279e+00 1.197556287038897604e+00 3.063223677711091941e+00 5.649467280741707675e+00 5.649467280741707675e+00 5.649467280741707675e+00 5.649467280741707675e+00
-8.246769760027749641e+00 -6.945318121131040634e+00 -5.186955696036255503e+00 -2.847405161433953502e+00 -2.025451652848905049e+00 -1.589003919933801523e+00 2.010053320702594459e-01 3.827885940645758378e+00 2.309818239252683370e+00 1.122018090332784102e+00 -2.366959974073780781e+00 -1.480042416805469330e+00 1.167229169879860695e+00 3.399132279543083168e+00 5.557464227472859619e+00 5.557464227472859619e+00 5.557464227472859619e+00 5.557464227472859619e+00
-8.179749398539009064e+00 -7.401907059024465774e+00 -5.443323515660766887e+00 -3.592716205171345933e+00 -1.831271221912989411e+00 -1.606281138560227362e+00 -8.892489788262245565e-01 3.528493407350014266e+00 2.150001741482086892e+00 4.363302786093558039e-01 -2.487645406096251399e+00 -1.067981914675643962e+00 1.199986403113360245e+00 3.702297540113047347e+00 5.501732833625212038e+00 5.501732833625212038e+00 5.501732833625212038e+00 5.501732833625212038e+00
-8.158215814001824384e+00 -7.290647799109599703e+00 -6.037036911795928162e+00 -4.553317226381071947e+00 -2.651732682666254615e+00 -1.780246709473882971e+00 -1.602107487388138241e+00 1.626124839828230417e+00 2.510896085294296753e+00 -3.381109949103606294e+00 -2.192777250873290562e+00 -4.320091689635990329e-01 1.473792567985923840e+00 3.722018100073109181e+00 5.789266469909446045e+00 5.789266469909446045e+00 5.789266469909446045e+00 5.789266469909446045e+00
-8.341039899292830739e+00 -7.789399944184152602e+00 -6.414562483789183034e+00 -5.100671524439425397e+00 -3.782457817748349438e+00 -2.059646932585733392e+00 -2.107118801528236496e+00 5.019477407248553735e-01 2.275058002638820298e+00 -2.900625575591299299e+00 3.015390014254736850e-01 9.845730124249743032e-01 1.840480421408892120e+00 4.187112757747845748e+00 5.754383525751210371e+00 5.754383525751210371e+00 5.754383525751210371e+00 5.754383525751210371e+00
-8.743489169110217674e+00 -7.878018509840932992e+00 -6.814838419488610910e+00 -5.769277632626632624e+00 -4.584227423321401318e+00 -2.609611671337644268e+00 -2.951504418444526046e+00 -1.628586101280896425e+00 1.372840307916889380e+00 8.332526884127904321e-01 2.988853105700232105e-01 9.057291904744646516e-01 2.144001801251081751e+00 4.782703875502358315e+00 5.675829796744810807e+00 5.675829796744810807e+00 5.675829796744810807e+00 5.675829796744810807e+00
-9.135367537681203132e+00 -8.187764869337772922e+00 -7.298697417007920407e+00 -6.379888404895806886e+00 -5.357451488138236684e+00 -4.128560836948996560e+00 -2.324754470658616956e+00 -2.558332490235336820e+00 3.948132080170529412e-01 1.588923173726439764e+00 1.002133512689437733e+00 4.942124313688034398e-01 1.747228601091697753e+00 4.908859733704638018e+00 5.643806672636084265e+00 5.643806672636084265e+00 5.643806672636084265e+00 5.643806672636084265e+00
-9.428815617654102255e+00 -8.524942759454802399e+00 -7.868884747627035381e+00 -7.201729919847960737e+00 -6.360088858685823965e+00 -5.148099454763801042e+00 -2.489901957480456396e+00 -3.093264318850512673e+00 -1.083248773449165814e+00 1.360816291774319620e+00 1.317616694998833271e+00 8.643114297748024644e-01 1.002824979870855504e+00 4.068489183317488767e+00 5.562128862628325621e+00 5.562128862628325621e+00 5.562128862628325621e+00 5.562128862628325621e+00
-9.824160921547431258e+00 -8.962785020661254265e+00 -8.440850985991914968e+00 -7.969247761025791021e+00 -7.337748237871938528e+00 -6.371377566939643522e+00 -3.905848164487603746e+00 -2.365344742552686341e+00 -2.178122526106649914e+00 7.414456054606199942e-01 1.327276735901208093e+00 1.142091495864522077e+00 1.298382375027302693e-01 3.947368385411995639e+00 5.702296869896506415e+00 5.702296869896506415e+00 5.702296869896506415e+00 5.702296869896506415e+00
-1.023399464245051860e+01 -9.773041582863346122e+00 -9.266635595814870285e+00 -8.745497624326194597e+00 -8.156940180707719534e+00 -7.127045828526244797e+00 -5.019186591218995019e+00 -2.225981859266894070e+00 -2.967379226448331409e+00 4.021639749474767433e-01 1.195166446394630544e+00 1.214008967895225721e+00 5.721434023367717447e-01 4.384053409236361887e+00 5.780013374029660866e+00 5.780013374029660866e+00 5.780013374029660866e+00 5.780013374029660866e+00
-1.039766124490746613e+01 -9.982688190902663905e+00 -9.515142990954448265e+00 -9.072651577678600532e+00 -8.486574652141147368e+00 -7.524582194654705347e+00 -6.184436643537003064e+00 -2.739998143703887834e+00 -3.144319125123744563e+00 -1.196696712529907058e+00 1.104719055714175280e+00 1.241579070703463294e+00 8.327776884062327856e-01 3.014612325393318137e+00 5.702192312747916603e+00 5.702192312747916603e+00 5.702192312747916603e+00 5.702192312747916603e+00
-1.045995251431362050e+01 -1.010388657274398128e+01 -9.685346278527308783e+00 -9.260442355542497950e+00 -8.705480048709571150e+00 -7.830942469584162069e+00 -6.595989251112964524e+00 -3.847129004084578252e+00 -3.171223333405823741e+00 -2.728634480514781302e+00 8.089980657675388542e-01 1.259999446638587095e+00 8.848856788580831134e-01 2.313995071517541469e+00 5.670169188639188285e+00 5.670169188639188285e+00 5.670169188639188285e+00 5.670169188639188285e+00
-1.046465889648598946e+01 -1.014738676628645386e+01 -9.758729932507296922e+00 -9.380726127328333774e+00 -8.813630697835003858e+00 -7.999086894056476993e+00 -6.865263103323087535e+00 -5.151318975759438423e+00 -2.953705463661673747e+00 -3.199321082203675726e+00 3.158547931163193656e-01 1.148112765232471189e+00 8.522483686674382497e-01 2.438388702059475222e+00 5.638146064530459967e+00 5.638146064530459967e+00 5.638146064530459967e+00 5.638146064530459967e+00
-1.047560923203488059e+01 -1.017833693649856741e+01 -9.899610722898593451e+00 -9.472557387346764557e+00 -8.949111144777203819e+00 -8.254963051042929933e+00 -7.117951244051983650e+00 -5.453750332356356978e+00 -2.523254680027472219e+00 -3.344440879632010422e+00 4.755600748237397840e-02 9.351612211823379095e-01 5.413279093649855378e-01 2.739645136076751530e+00 5.712922233610404632e+00 5.712922233610404632e+00 5.712922233610404632e+00 5.712922233610404632e+00
-1.052535796488703213e+01 -1.017853879127977734e+01 -9.859470673931959084e+00 -9.502548763311930102e+00 -9.048547267209469780e+00 -8.291603477952470769e+00 -7.220968336573421631e+00 -5.848676993823966441e+00 -3.218874433477781682e+00 -3.335870658997669658e+00 -1.382980674297281443e+00 7.777894341146605051e-01 1.021558556499869486e+00 2.242408692849732432e+00 5.780710079378320820e+00 5.780710079378320820e+00 5.780710079378320820e+00 5.780710079378320820e+00
-1.049747034337951490e+01 -1.018285114243063916e+01 -9.894360930750597305e+00 -9.561972842006646545e+00 -9.067793216052134397e+00 -8.477178891072981060e+00 -7.367155565393900929e+00 -5.956224949356439424e+00 -3.628472771460468316e+00 -2.897498049159419331e+00 -2.480510024254952484e+00 5.732769615165606014e-01 9.709206071120579651e-01 2.442213316513915711e+00 5.759445831238624081e+00 5.759445831238624081e+00 5.759445831238624081e+00 5.759445831238624081e+00
-1.054163095758646840e+01 -1.024262651178511874e+01 -9.901303407622737751e+00 -9.580474479882564509e+00 -9.180655118148862925e+00 -8.489000751280631363e+00 -7.463212688003741491e+00 -6.071802934940757623e+00 -4.357462498822307850e+00 -2.763784182880977713e+00 -3.733564555419314424e+00 2.342857644852175958e-01 7.127622202457982725e-01 2.414819730436243983e+00 5.696531704642293192e+00 5.696531704642293192e+00 5.696531704642293192e+00 5.696531704642293192e+00
-1.057380405063121209e+01 -1.027388181781219956e+01 -9.974187483150537048e+00 -9.612396474434286020e+00 -9.248342655481943453e+00 -8.552020377449913724e+00 -7.562418201383316330e+00 -6.026660965581072560e+00 -4.879996279960645111e+00 -2.860377390673262799e+00 -3.871447183972354988e+00 1.388868062954585481e-01 5.778339183478196084e-01 2.494788954437172634e+00 5.664508580533569315e+00 5.664508580533569315e+00 5.664508580533569315e+00 5.664508580533569315e+00
-1.061181628523991627e+01 -1.031626318134397735e+01 -1.002492745529309914e+01 -9.669335902712504094e+00 -9.320365291186757162e+00 -8.750509643053671738e+00 -7.567501956028548804e+00 -6.000893541145319254e+00 -5.179791824006072076e+00 -3.119020420908197977e+00 -4.551757725698983847e+00 -1.833183773039998299e-01 3.019972288987440301e-01 2.600931027799065376e+00 5.677667201497398786e+00 5.677667201497398786e+00 5.677667201497398786e+00 5.677667201497398786e+00
