-1.051271419155891174e+01 -1.028617611045013547e+01 -9.993394510577516598e+00 -9.623671984966538417e+00 -9.341174144024217085e+00 -9.037492186184175935e+00 -8.348443565456452831e+00 -7.010071055202189427e+00 -3.429755261319035853e+00 -4.017333996500958015e+00 -2.447367165904669406e+00 -7.727838973305801717e-01 1.760241117885021467e+00 2.080486428891007655e+00 5.477608569421706264e+00 5.477608569421706264e+00 5.477608569421706264e+00 5.477608569421706264e+00
-1.044180649531686988e+01 -1.018548915706370117e+01 -1.001563559967816097e+01 -9.792220704278477683e+00 -9.415610845179596566e+00 -8.898935117413124374e+00 -8.127668881476438401e+00 -6.540011871854477299e+00 -3.208921399146988929e+00 -4.610788231798041537e+00 -2.106721873671557166e+00 -7.196176532733444819e-01 1.517134103746674567e+00 1.925891789457049752e+00 5.882204067942780057e+00 5.882204067942780057e+00 5.882204067942780057e+00 5.882204067942780057e+00
-1.023620241388065111e+01 -9.988509846794990210e+00 -9.845975384651133311e+00 -9.858966432747054753e+00 -9.553156423230275252e+00 -8.996867532337766704e+00 -8.099271173483012731e+00 -6.306139382802566473e+00 -2.447255353834953517e+00 -4.493399515045658710e+00 -5.992341318409880602e-01 -3.470346265928134777e-01 1.977814035968772810e+00 2.036036301303579599e+00 5.741421199518971896e+00 5.741421199518971896e+00 5.741421199518971896e+00 5.741421199518971896e+00
-1.042309421027661287e+01 -1.023243989700149470e+01 -9.728456611995090597e+00 -9.373912285516432519e+00 -9.308304535642289324e+00 -9.115071956926730223e+00 -8.110452605850005270e+00 -5.732046208774279172e+00 -2.795436788929578142e+00 -4.181819900029783987e+00 -4.081063201574131744e-02 -2.056930284495440409e-01 1.555559192847163041e+00 2.158373540183248007e+00 5.124270512858178250e+00 5.124270512858178250e+00 5.124270512858178250e+00 5.124270512858178250e+00
-1.052587936124752410e+01 -1.021259675742291329e+01 -9.924098075349562009e+00 -9.557414426166900512e+00 -8.980943617787030320e+00 -8.690045069033930147e+00 -7.895222203226197166e+00 -4.192514071443882884e+00 -3.351360515402272089e+00 -3.191908751478806039e+00 -1.632235318757310205e-01 1.394692093933430188e+00 1.497728456897955862e+00 2.326523302870868282e+00 4.934281877045420650e+00 4.934281877045420650e+00 4.934281877045420650e+00 4.934281877045420650e+00
-1.032561948907435045e+01 -1.017911000029351243e+01 -1.013625919542114140e+01 -9.848879096545203993e+00 -9.272679111677573971e+00 -8.462462374554908351e+00 -7.561771277884836273e+00 -3.133794459918119113e+00 -4.276620346546844864e+00 -1.575572514648956091e+00 -8.040985706027926894e-02 1.457058671689947182e+00 1.619948347804171407e+00 2.134183190148207565e+00 4.571564652679279028e+00 4.571564652679279028e+00 4.571564652679279028e+00 4.571564652679279028e+00
-1.055250864991551474e+01 -1.023585883522342144e+01 -1.004929682825806303e+01 -9.734813901850984053e+00 -9.257765651499154202e+00 -8.449288495624376338e+00 -6.515120559651625953e+00 -3.081193173560328624e+00 -4.221299309582858150e+00 -7.322887231863013380e-01 5.587418726466696350e-01 1.844586471181087317e+00 1.659088880386949016e+00 2.989408796202972063e+00 4.411861587249173766e+00 4.411861587249173766e+00 4.411861587249173766e+00 4.411861587249173766e+00
-1.043965987074667723e+01 -1.015807008761333918e+01 -1.009358083404723239e+01 -9.665176559132040879e+00 -9.214346043896508576e+00 -8.200185615443992049e+00 -4.716147266893262469e+00 -3.760471353160787178e+00 -3.473863839101543061e+00 -5.883777604906641895e-02 1.392128105814480321e+00 1.973154466665400175e+00 1.891463611327956817e+00 4.293706727778568322e+00 5.733452883403982625e+00 5.733452883403982625e+00 5.733452883403982625e+00 5.733452883403982625e+00
-1.045016169113399229e+01 -9.991789873340659156e+00 -9.550002649589567127e+00 -9.264108221914025165e+00 -8.481641954915476234e+00 -7.051165949118373355e+00 -3.645972936128404118e+00 -4.734899137700442573e+00 -2.573583207475405477e+00 1.660827780959304167e-01 2.195975985062756042e+00 2.675156073883405927e+00 3.238825185753269498e+00 4.755092278137972528e+00 5.668803844167008776e+00 5.668803844167008776e+00 5.668803844167008776e+00 5.668803844167008776e+00
-1.055308197473335596e+01 -1.014031510571322947e+01 -9.314139616907146646e+00 -8.455801151863109766e+00 -7.472238578439201362e+00 -5.748644910799518115e+00 -2.358681991588422733e+00 -4.502995329215149667e+00 -5.051403086799509667e-01 1.143066825524736485e+00 2.798942659610227590e+00 3.393446546441092337e+00 4.916900246073867997e+00 4.950998853163177671e+00 5.925351858982515374e+00 5.925351858982515374e+00 5.925351858982515374e+00 5.925351858982515374e+00
-1.014973212742473407e+01 -9.690448121537398762e+00 -9.078424576051279615e+00 -8.389532301444026174e+00 -6.898616534450748183e+00 -4.028854113193435893e+00 -3.378710598959519640e+00 -2.503725504943134617e+00 3.137935537872720282e-01 2.580228064486186579e+00 2.892415228901205726e+00 4.516265873993969393e+00 3.034297867905242807e+00 2.247438511002515238e+00 5.726945956093554280e+00 5.726945956093554280e+00 5.726945956093554280e+00 5.726945956093554280e+00
-9.880637044196193486e+00 -9.145672605477360051e+00 -8.394881488811334336e+00 -7.985657058134148834e+00 -5.656842798254525739e+00 -2.860711070950805013e+00 -3.565354424558238922e+00 -1.388280389307003260e+00 1.083162276290457360e+00 3.244260900122226676e+00 4.338345661111181251e+00 3.760806196395058532e+00 2.071445510727651040e+00 2.474768386301601009e+00 5.619420809814895890e+00 5.619420809814895890e+00 5.619420809814895890e+00 5.619420809814895890e+00
-9.543447879027100456e+00 -8.729352167184076805e+00 -7.905148403814422409e+00 -6.591143012096245535e+00 -4.778650224253563117e+00 -2.538948651720123628e+00 -3.858047845787703878e+00 -1.962446884991741747e-01 2.495294371788109977e+00 3.957754333919881073e+00 4.587611934587059181e+00 2.011308293977760009e+00 4.694513259952113882e-01 2.348076182104834153e+00 6.123403229125474745e+00 6.123403229125474745e+00 6.123403229125474745e+00 6.123403229125474745e+00
-1.000984384640720926e+01 -8.131531754803814849e+00 -6.994013595059135113e+00 -5.429236764794511672e+00 -3.240232388054212098e+00 -2.021586971069261995e+00 -2.889818646176110395e+00 6.780023413080601413e-01 3.338639738304822746e+00 4.906030850744296679e+00 3.306194493949083935e+00 -1.937534575955345062e+00 3.552320234660395482e-01 2.500690870991055359e+00 5.993435843279200981e+00 5.993435843279200981e+00 5.993435843279200981e+00 5.993435843279200981e+00
-9.587539309655550568e+00 -7.705153614605353418e+00 -6.112123530475937372e+00 -4.818651174595111719e+00 -2.321219418151814651e+00 -2.983496229971150271e+00 -8.057078169867114559e-01 2.057941814856147023e+00 3.443910776039863286e+00 5.395147430558283830e+00 4.319536579500237394e+00 -9.915720999897551513e-01 9.621192354315587503e-01 2.602622756691959527e+00 5.918430486344149699e+00 5.918430486344149699e+00 5.918430486344149699e+00 5.918430486344149699e+00
-9.092278489658873752e+00 -7.095588123434672490e+00 -5.443885614970675135e+00 -3.982059816583142453e+00 -2.157458121577312316e+00 -2.659045108452322115e+00 2.777784499902338222e-01 2.944016944348022413e+00 3.958626586542816739e+00 6.068439921696869632e+00 5.868014552862937272e+00 1.868092628270729527e+00 6.492729696421155605e-01 2.674019514361108296e+00 5.840260676215330626e+00 5.840260676215330626e+00 5.840260676215330626e+00 5.840260676215330626e+00
-8.783638228143397342e+00 -6.636704951042959877e+00 -4.768166413886738120e+00 -3.373218378365351544e+00 -2.591531011313557453e+00 -2.481903017066344308e+00 1.096124581335721659e+00 3.389876715167559951e+00 4.198739573332403552e+00 5.010735181291022577e+00 4.527979613645337409e+00 4.592588041681248789e+00 3.554245042988088521e+00 3.258557862604469335e+00 5.760744238768718439e+00 5.760744238768718439e+00 5.760744238768718439e+00 5.760744238768718439e+00
-8.219653553303380988e+00 -6.427031193843056656e+00 -4.574694756972658816e+00 -2.485198243863332213e+00 -2.430371110987246119e+00 -2.000282776503486293e+00 2.222231884528238499e+00 3.817056041250053600e+00 3.937940059470779630e+00 3.218405741344398496e+00 3.334677928678252634e+00 3.140589729734699631e+00 3.881685999062682413e+00 5.122810874238180823e+00 6.006449207394675582e+00 6.006449207394675582e+00 6.006449207394675582e+00 6.006449207394675582e+00
-7.686845579059020217e+00 -6.307123183712877612e+00 -4.265850984636273324e+00 -2.301751747215714961e+00 -2.005548260388186677e+00 -1.121703197085736514e+00 2.599674676686731800e+00 3.758897148185838866e+00 3.703366770973686162e+00 1.766819686043475945e+00 1.557775341495713617e+00 1.606929956918117686e+00 2.796435045685992105e+00 4.287197114449291746e+00 6.141307833689218398e+00 6.141307833689218398e+00 6.141307833689218398e+00 6.141307833689218398e+00
-7.865024855606653986e+00 -6.146793251075086673e+00 -4.161312679902184897e+00 -1.893230849741198263e+00 -2.419670956447242283e+00 -2.184847230913600225e-02 3.269494111589788865e+00 3.940234604009590136e+00 3.043655375992531553e+00 1.591286542940511639e+00 1.105472626300959993e+00 1.111830150615581214e+00 1.965854376256329639e+00 3.612266240438051668e+00 5.942852268714264419e+00 5.942852268714264419e+00 5.942852268714264419e+00 5.942852268714264419e+00
-8.202233299457290627e+00 -6.487636724275438915e+00 -4.195387397480561553e+00 -2.576094161982843911e+00 -1.960611645838817862e+00 -8.913329822156775828e-01 3.452229964362672376e+00 3.994664076843621459e+00 2.965116264005198232e+00 1.508399793830599744e+00 7.835243472793970154e-01 5.462571076790879721e-01 1.248815556122100823e+00 3.242303925579669066e+00 5.771658244050816400e+00 5.771658244050816400e+00 5.771658244050816400e+00 5.771658244050816400e+00
-8.219221921877746695e+00 -6.738329468985625681e+00 -4.240237799142175135e+00 -2.209966471123428811e+00 -2.126586629561663333e+00 -3.080164116105514327e-01 2.826957654918183849e+00 3.984939602098140021e+00 2.752978813318732954e+00 1.285096681623878023e+00 -2.400180672173448215e+00 -1.573149146358360895e+00 1.159550625407606894e+00 3.070944599572971612e+00 5.759368853641104735e+00 5.759368853641104735e+00 5.759368853641104735e+00 5.759368853641104735e+00
-8.207791584279959807e+00 -6.983514160801952642e+00 -4.858881332528990349e+00 -2.486593710386668210e+00 -1.874829831782190093e+00 -1.959391672846576338e+00 1.703293926211228992e+00 3.870261200897509912e+00 2.309681119882734279e+00 9.377475049340533442e-01 -2.457627309340591815e+00 -1.538174616184883048e+00 1.164305422625843134e+00 3.392299627187295386e+00 5.674924129218929636e+00 5.674924129218929636e+00 5.674924129218929636e+00 5.674924129218929636e+00
-8.144068083276792436e+00 -7.252446852548655620e+00 -5.260119026373157425e+00 -3.362968545631462192e+00 -1.798438523680421230e+00 -1.953219006402220126e+00 5.898104729649230604e-01 3.598366449353142649e+00 2.164693584425383843e+00 6.147200863004519122e-02 -2.630396606806639781e+00 -1.148771461796016968e+00 1.252363381503091455e+00 3.642971473039168018e+00 6.222295619860810589e+00 6.222295619860810589e+00 6.222295619860810589e+00 6.222295619860810589e+00
-8.071232500163203483e+00 -7.181482015322009360e+00 -5.808637186528600616e+00 -4.274069788559444305e+00 -2.372752034394926657e+00 -1.697484711303610894e+00 -1.355985639716064783e+00 2.415470426183192298e+00 2.609694990813701043e+00 -3.606590968556538712e+00 -2.221036919074349747e+00 -7.448315665284068743e-01 1.469728961166643311e+00 3.717529266516073960e+00 6.160967252326312149e+00 6.160967252326312149e+00 6.160967252326312149e+00 6.160967252326312149e+00
-8.317706975557562998e+00 -7.820151087568929071e+00 -6.492819215346733230e+00 -4.950003230772375140e+00 -3.565686162508953760e+00 -1.635977005028966813e+00 -2.223783507318145780e+00 1.143162254564045188e+00 2.240209616638642931e+00 -3.026066051816285629e+00 2.849550669227607913e-01 1.036122401372327140e+00 1.833920056608854265e+00 4.216785634167562691e+00 5.950259325946008815e+00 5.950259325946008815e+00 5.950259325946008815e+00 5.950259325946008815e+00
-8.759347367841126442e+00 -7.839568877237012678e+00 -6.933280582742125553e+00 -5.695471727467259271e+00 -4.428657066045747825e+00 -2.396239287737392143e+00 -2.410872276826424354e+00 -9.850276384088999526e-01 1.730305983029365002e+00 1.382051820263121289e-01 3.322994680885223429e-01 8.030537145130507426e-01 2.144612911791345500e+00 4.797483380686193399e+00 5.655494005954290415e+00 5.655494005954290415e+00 5.655494005954290415e+00 5.655494005954290415e+00
-9.130851276885845635e+00 -8.197306031634763457e+00 -7.344751312955908773e+00 -6.396481552723424002e+00 -5.292737018822384343e+00 -3.960085965071105552e+00 -2.052458239139905327e+00 -2.596783161878220891e+00 9.287987485630194717e-01 1.428429142170574373e+00 9.055181523317704650e-01 -4.112450661784958217e-01 1.778884753600660895e+00 4.983169155783823356e+00 5.578873152710267291e+00 5.578873152710267291e+00 5.578873152710267291e+00 5.578873152710267291e+00
-9.448429740085602546e+00 -8.510915766292541207e+00 -7.913640611269613601e+00 -7.216258848355904476e+00 -6.311905967771825665e+00 -5.096613002240949264e+00 -2.568218238743171788e+00 -2.266071645511527954e+00 1.502098560958919915e-02 1.551351981841861960e+00 9.673986462853153556e-01 8.129330553739683163e-01 9.312253857292056569e-01 4.078659336860813056e+00 6.148859856178850336e+00 6.148859856178850336e+00 6.148859856178850336e+00 6.148859856178850336e+00
-9.836761719389592429e+00 -9.011244160087377608e+00 -8.462865746754301810e+00 -8.089980602988209313e+00 -7.325269288311089255e+00 -6.397587300637876950e+00 -4.050311098638720075e+00 -2.190683965561170954e+00 -2.258174128058273222e+00 9.390026101059397723e-01 1.174412870375989959e+00 9.810004450328371206e-01 4.584010181408328943e-01 3.989472728695537818e+00 6.284800454079899623e+00 6.284800454079899623e+00 6.284800454079899623e+00 6.284800454079899623e+00
-1.025229890269898725e+01 -9.822188695834622507e+00 -9.284409100006389082e+00 -8.758587731122434050e+00 -8.193430877982372351e+00 -7.138451528938595914e+00 -5.064852297008686222e+00 -2.469273265309438248e+00 -2.779554974895962260e+00 4.596557495872442556e-01 1.221852801877943540e+00 1.008127125429285398e+00 6.192716389494686835e-01 4.477172130426520624e+00 6.168325659909321246e+00 6.168325659909321246e+00 6.168325659909321246e+00 6.168325659909321246e+00
-1.041338091556839451e+01 -1.000869044898228566e+01 -9.556033297799571002e+00 -9.112729602823922193e+00 -8.490640943575952448e+00 -7.553446631412708889e+00 -6.244176045643373030e+00 -3.048729026598489877e+00 -2.651399467586311509e+00 -1.477990452238799879e+00 9.128157784144650400e-01 1.093688557093064340e+00 8.239460752265136412e-01 3.024518159274165008e+00 5.745525694999885857e+00 5.745525694999885857e+00 5.745525694999885857e+00 5.745525694999885857e+00
-1.046913275497046136e+01 -1.012481282826126261e+01 -9.713460717681437373e+00 -9.281714262204054933e+00 -8.733250720422597979e+00 -7.852377910527614802e+00 -6.627245323653311537e+00 -4.477610276490276320e+00 -3.182718634806017022e+00 -2.715160644960504577e+00 5.778884187627151281e-01 1.143316912207984259e+00 7.581525843709371326e-01 2.582982192227295748e+00 5.539329767857769760e+00 5.539329767857769760e+00 5.539329767857769760e+00 5.539329767857769760e+00
-1.046218919307947814e+01 -1.014190865399305075e+01 -9.783252645248431634e+00 -9.403931192631439728e+00 -8.815183714799108117e+00 -8.017906751891338502e+00 -6.865988478225722780e+00 -5.467660645101725336e+00 -2.565116333969147622e+00 -2.730913263067646923e+00 2.887734662324046853e-01 1.108177327032199067e+00 7.113090313160227440e-01 2.584328347841142293e+00 5.475536120264010265e+00 5.475536120264010265e+00 5.475536120264010265e+00 5.475536120264010265e+00
-1.046131783961354067e+01 -1.017206558618670798e+01 -9.847462959544872163e+00 -9.463216848547068238e+00 -8.968156476909904029e+00 -8.221134181358262794e+00 -7.075211441354553266e+00 -5.646683338453978962e+00 -3.525391613836404314e+00 -2.442258649020288441e+00 -8.310069430386127776e-01 7.562680298375732413e-01 1.422514033653900778e-01 2.795192627769349514e+00 5.659594100687026064e+00 5.659594100687026064e+00 5.659594100687026064e+00 5.659594100687026064e+00
-1.050786540035851679e+01 -1.015699958451047458e+01 -9.835500002805943609e+00 -9.493250286886675937e+00 -9.039199174923936653e+00 -8.313830021671156700e+00 -7.236256701718547291e+00 -5.864100585448821512e+00 -3.768728518261571292e+00 -2.615628901024035446e+00 -2.748514652046671003e+00 3.042233675058339526e-01 7.641629730038198565e-01 2.389799086778063852e+00 6.327507495745244626e+00 6.327507495745244626e+00 6.327507495745244626e+00 6.327507495745244626e+00
-1.051164790905774460e+01 -1.018256959301564457e+01 -9.892267501073064295e+00 -9.546754009638457106e+00 -9.052842065424425044e+00 -8.497998117248009464e+00 -7.367657173505841151e+00 -5.900434317239785287e+00 -4.408530151563406996e+00 -3.591434828241511834e+00 -2.781673258609220323e+00 1.699067028865817452e-01 1.316671960371481598e-01 2.438003853173192237e+00 6.175732717141081629e+00 6.175732717141081629e+00 6.175732717141081629e+00 6.175732717141081629e+00
-1.051501961864160961e+01 -1.023144080000736089e+01 -9.875975999455830490e+00 -9.565455607144874861e+00 -9.181475169306338557e+00 -8.501443466109899205e+00 -7.399663327145749925e+00 -5.969273540661980348e+00 -5.045638690207303156e+00 -3.028990805537230546e+00 -2.832041180667874691e+00 2.635643596111764131e-01 -5.429236033315210791e-02 2.490756989767891394e+00 5.752932752231601832e+00 5.752932752231601832e+00 5.752932752231601832e+00 5.752932752231601832e+00
-1.056100703160216803e+01 -1.028237696891008213e+01 -9.937753684176788838e+00 -9.604737719929062223e+00 -9.234574818202649027e+00 -8.564169845125697123e+00 -7.502697471867448620e+00 -5.900027396599681673e+00 -5.162850960923412558e+00 -3.046542421291904112e+00 -3.153210938418466114e+00 -4.206520325586416559e-02 2.475681493049575188e-01 2.393988905950875878e+00 5.542273475500087976e+00 5.542273475500087976e+00 5.542273475500087976e+00 5.542273475500087976e+00
-1.058489570477314068e+01 -1.029648152949324924e+01 -9.996441164528857115e+00 -9.667138552155229547e+00 -9.323605941805105601e+00 -8.750200130609197657e+00 -7.549561801464323096e+00 -5.821485675115728675e+00 -5.337924735539382404e+00 -3.420800510029045505e+00 -2.718622124028458931e+00 -5.860032141364007741e-01 4.380847877318990724e-01 2.602882122130768305e+00 6.248603956327611897e+00 6.248603956327611897e+00 6.248603956327611897e+00 6.248603956327611897e+00
