-1.044111493820579994e+01 -1.036017947449666288e+01 -9.971366033817758989e+00 -9.665520249198785052e+00 -9.354338552795415040e+00 -8.992215712935763605e+00 -8.407858243546405319e+00 -7.218509599141257560e+00 -4.812060844555045236e+00 -2.274487939443305518e+00 -2.113800296602703188e+00 -8.466890591057057991e-01 6.579282581126334462e-01 1.977530650603773310e+00 4.993577242202407618e+00 4.993577242202407618e+00 4.993577242202407618e+00 4.993577242202407618e+00
-1.037498325365978857e+01 -1.012731169572944090e+01 -9.987503198530234272e+00 -9.831495679868071491e+00 -9.518819950643498728e+00 -8.952297927149913903e+00 -8.183320450370706212e+00 -6.925735687165518684e+00 -4.276553382162239458e+00 -2.930555926780443077e+00 -2.128142559204603934e+00 -3.516717382029128647e-01 9.344944274673101514e-01 2.086956869393179481e+00 5.119902046539970719e+00 5.119902046539970719e+00 5.119902046539970719e+00 5.119902046539970719e+00
-1.036506685988149457e+01 -1.004987099586472787e+01 -9.783042851844172105e+00 -9.821146375945156493e+00 -9.709380943738858960e+00 -9.152197648335501867e+00 -8.151373476300355136e+00 -6.843660963350505000e+00 -3.121510692961663835e+00 -2.989589564161318158e+00 -1.146052328930392328e+00 -1.135089385512749738e-01 5.832401604504544590e-01 1.999276075047930146e+00 5.114360416714868407e+00 5.114360416714868407e+00 5.114360416714868407e+00 5.114360416714868407e+00
-1.037972251203204799e+01 -1.031712739168174409e+01 -9.877811717316919982e+00 -9.290465656245295634e+00 -9.226168065012267050e+00 -9.229189713883531709e+00 -8.223107915130418277e+00 -6.539445854852090179e+00 -2.702843357135844560e+00 -2.805120151643520465e+00 -5.863104900493227856e-01 -1.537333969216505558e-01 6.906872819781046946e-01 2.249162078651083085e+00 4.722653701541116966e+00 4.722653701541116966e+00 4.722653701541116966e+00 4.722653701541116966e+00
-1.055687516718565711e+01 -1.033450709235521892e+01 -9.924035438036828083e+00 -9.630848968014333877e+00 -9.064029278170369963e+00 -8.657791999178636289e+00 -8.234207379370198865e+00 -5.492866664700194690e+00 -3.087168562643705982e+00 -3.182051387496491301e+00 -2.125375704462328375e-01 4.289200939520354527e-01 2.019201667198829764e+00 2.353598587545715048e+00 4.676203328932333925e+00 4.676203328932333925e+00 4.676203328932333925e+00 4.676203328932333925e+00
-1.040644160652912831e+01 -1.000389179752012758e+01 -1.016098024584398196e+01 -9.895045333317035841e+00 -9.368064388204416559e+00 -8.647427387307523361e+00 -7.692562611174127873e+00 -3.806185358666142271e+00 -3.809301788790076415e+00 -1.919827540276127564e+00 -2.577073751168233451e-01 2.847342872406561920e-01 1.281221805723620655e+00 2.149892148605957232e+00 4.396322662300524264e+00 4.396322662300524264e+00 4.396322662300524264e+00 4.396322662300524264e+00
-1.047141064349239414e+01 -1.029352735356923354e+01 -9.973340931306289292e+00 -9.854454205079857587e+00 -9.350133714378490168e+00 -8.590902783098536943e+00 -7.411067287702135964e+00 -2.680115709522245204e+00 -3.765778353889634111e+00 -5.849985476085575176e-01 3.652707824004518544e-01 1.848700667409662879e+00 1.593872492815326725e+00 3.344743205707970901e+00 5.389304085373350262e+00 5.389304085373350262e+00 5.389304085373350262e+00 5.389304085373350262e+00
-1.046727697188523010e+01 -1.009667718042712004e+01 -1.000579670043947367e+01 -9.788342488035473465e+00 -9.242252479658841224e+00 -8.283185425594203011e+00 -4.900553924822712126e+00 -3.358306703071272104e+00 -2.926701171736544982e+00 1.063487685321955478e-01 1.479276623508827493e+00 1.995103540520292595e+00 1.864348120293894961e+00 4.345823514840017943e+00 5.239071445092573498e+00 5.239071445092573498e+00 5.239071445092573498e+00 5.239071445092573498e+00
-1.040169855516261599e+01 -1.018065850426904362e+01 -9.532525842911194758e+00 -9.088477727656698590e+00 -8.268655459203042568e+00 -6.953383159869775731e+00 -3.372729695589578025e+00 -3.983342221505053349e+00 -1.100425907435053974e+00 9.923289986422489939e-01 2.064775353708780514e+00 2.732799723781900170e+00 3.426955958124162649e+00 4.760903366077262611e+00 5.268493766337014605e+00 5.268493766337014605e+00 5.268493766337014605e+00 5.268493766337014605e+00
-1.043455165882429547e+01 -1.004268745773128479e+01 -9.518989228183713180e+00 -8.428687985666133642e+00 -7.408483432202988439e+00 -5.339962703057834048e+00 -2.503753056776824693e+00 -3.506247924790398152e+00 5.278800353969238801e-02 2.153228860750513896e+00 3.001686306744420829e+00 3.476650933094698637e+00 4.907368167009487081e+00 4.973646742646566921e+00 5.541095645129176184e+00 5.541095645129176184e+00 5.541095645129176184e+00 5.541095645129176184e+00
-1.022506699991602197e+01 -9.499142127913634326e+00 -8.884438442830205673e+00 -8.389063795804835522e+00 -6.846623541998377860e+00 -3.501192375378660238e+00 -4.088900850475194027e+00 -1.287639455035899383e+00 1.116982919182265332e+00 3.110798606355453355e+00 3.047493072647176504e+00 4.580433970991352410e+00 2.909751927648247971e+00 2.212887269846032456e+00 5.400406230245391015e+00 5.400406230245391015e+00 5.400406230245391015e+00 5.400406230245391015e+00
-9.889957466210891113e+00 -9.034063619083845253e+00 -8.193048315076532973e+00 -7.625306715815462155e+00 -5.203623055169885880e+00 -2.405353786393302773e+00 -3.312052990340790259e+00 1.834331779133333562e-01 2.993048553683613555e+00 3.113481902593452144e+00 4.463029872269586917e+00 3.759920496253480238e+00 2.009689091173120890e+00 2.503336555120482920e+00 5.807165944390594525e+00 5.807165944390594525e+00 5.807165944390594525e+00 5.807165944390594525e+00
-9.513565509781862772e+00 -8.551414707226598466e+00 -7.742746154985075790e+00 -6.171268821378308900e+00 -3.716293907669788510e+00 -3.563901140752023800e+00 -1.915265689653285364e+00 1.815571469276706429e+00 3.205240655249413706e+00 4.027934169012338472e+00 4.703488660184642178e+00 1.351299328047282255e+00 4.677535352494804899e-01 2.318632186254495853e+00 5.654879470825618704e+00 5.654879470825618704e+00 5.654879470825618704e+00 5.654879470825618704e+00
-1.006586187592536064e+01 -7.839068142468757827e+00 -6.619583795300883367e+00 -4.946679810625431273e+00 -2.341390039972357506e+00 -3.094333975933672320e+00 8.765115362838156454e-02 2.999001728112483001e+00 3.292871589343551619e+00 5.061688830087908819e+00 3.362645086676355533e+00 -2.027818429603845729e+00 3.673018530938412241e-01 2.573441174130539189e+00 5.603738741947109858e+00 5.603738741947109858e+00 5.603738741947109858e+00 5.603738741947109858e+00
-9.424021494240074404e+00 -7.581376956511339138e+00 -5.684251573460457507e+00 -3.921800708738280683e+00 -2.834447914786745848e+00 -2.084825576190277641e+00 1.375423014103255959e+00 3.085911969240465957e+00 3.575565954429774429e+00 5.571456154140113526e+00 4.446000793242909310e+00 -9.347593546192267677e-01 1.000448834396221454e+00 2.601965444680108597e+00 5.470351445493342624e+00 5.470351445493342624e+00 5.470351445493342624e+00 5.470351445493342624e+00
-9.099341282613792714e+00 -6.910116974356913744e+00 -4.826668302716190517e+00 -2.632608425871798108e+00 -2.999651096781269732e+00 -3.255876188095539470e-01 3.023343064613003062e+00 3.025215608105206400e+00 4.106326782083927540e+00 6.288118224688719060e+00 6.084056716176581503e+00 1.871474606026058307e+00 6.461943848181160854e-01 2.700148125865112547e+00 5.375424755862410642e+00 5.375424755862410642e+00 5.375424755862410642e+00 5.375424755862410642e+00
-8.642823466869243632e+00 -6.435591218561794946e+00 -4.196774251128209343e+00 -1.822060105369602390e+00 -2.603384172562893006e+00 7.604909456346222729e-01 3.164059392364092727e+00 3.260345007109867854e+00 4.199316141288721660e+00 5.091706724257339722e+00 4.613860901362558664e+00 4.756135451792796509e+00 3.754334489575063216e+00 3.327360785508572505e+00 5.713326061151033919e+00 5.713326061151033919e+00 5.713326061151033919e+00 5.713326061151033919e+00
-7.828418063025488038e+00 -5.943702529069332385e+00 -3.759852889000445231e+00 -1.648563445771304092e+00 -1.538118679038887660e+00 2.285618767521545802e+00 3.519258363594514716e+00 3.871052563907418254e+00 4.103788101571386626e+00 3.224299918785308972e+00 3.300099602623271178e+00 3.186691454676562341e+00 4.019591391939652425e+00 5.130479106974251913e+00 5.636766028994056654e+00 5.636766028994056654e+00 5.636766028994056654e+00 5.636766028994056654e+00
-7.505722797393007184e+00 -6.042984501894201443e+00 -3.048337480298380697e+00 -1.644960994118583875e+00 -9.789731623900389534e-01 3.070808434621301153e+00 3.155000854279077949e+00 3.861541950023003711e+00 3.782349568771125270e+00 1.806678686393317745e+00 1.471711677421031483e+00 1.505858003819405599e+00 2.874843389753035439e+00 4.342436362378162329e+00 5.533590208308638125e+00 5.533590208308638125e+00 5.533590208308638125e+00 5.533590208308638125e+00
-8.187840773704973429e+00 -6.045860578839064914e+00 -3.145916260599594949e+00 -2.670354609490444009e+00 -7.943815207209615759e-01 3.050987193856601554e+00 3.071567579170183304e+00 4.049957626174093051e+00 3.100497340465794505e+00 1.553343108401449957e+00 -3.440726368843701755e-01 8.556694511086697652e-01 2.009916243106833367e+00 3.663853837240970357e+00 5.445725528884912237e+00 5.445725528884912237e+00 5.445725528884912237e+00 5.445725528884912237e+00
-8.160864656896521296e+00 -6.121312110729353329e+00 -3.096166915898086902e+00 -1.571626681378341939e+00 -1.416610107050836620e-01 3.129099258557626051e+00 3.133913978223804353e+00 4.095071497083044854e+00 2.983991933761317661e+00 1.433859486072463163e+00 2.543140921151793368e-02 2.219623382155362645e-01 1.265019676012428373e+00 3.345999724883268467e+00 5.291618698934757781e+00 5.291618698934757781e+00 5.291618698934757781e+00 5.291618698934757781e+00
-8.224944384154980526e+00 -6.386661574846859146e+00 -3.328742607896420402e+00 -1.547503418040943046e+00 -4.580491357859679535e-01 3.256088890049047002e+00 3.232542502145412833e+00 4.156549534535389334e+00 2.779565459094421431e+00 1.189012396266798888e+00 -2.583304221020275016e+00 -1.637495360610557338e+00 1.196893782741822676e+00 3.198272314074851685e+00 5.196692009303826687e+00 5.196692009303826687e+00 5.196692009303826687e+00 5.196692009303826687e+00
-8.026035287760892700e+00 -7.066088314236904644e+00 -4.546041418975585557e+00 -1.918258687315986588e+00 -1.731194036469292152e+00 2.982881781452074499e+00 3.169548981641941765e+00 3.983762905052911307e+00 2.374179965620451860e+00 3.576877130689759543e-01 -2.711967101570073702e+00 -1.608412193678346647e+00 1.202430214594789604e+00 3.431593685309144881e+00 5.514582403548674350e+00 5.514582403548674350e+00 5.514582403548674350e+00 5.514582403548674350e+00
-8.054132901398459055e+00 -7.093927964839451761e+00 -5.127250644691800474e+00 -2.750482270867095735e+00 -1.908787361110775072e+00 5.629475708793231226e-01 3.179998528968760674e+00 3.790773134555381674e+00 2.127965680917320856e+00 -3.203472359254021740e+00 -2.773364086839034570e+00 -1.241926633235481470e+00 1.279429498297628642e+00 3.717280534293186278e+00 5.456818915932344360e+00 5.456818915932344360e+00 5.456818915932344360e+00 5.456818915932344360e+00
-7.931204267149729148e+00 -7.085672218320183902e+00 -5.362238923839863780e+00 -3.480878022888373557e+00 -1.785060749957112058e+00 -3.569731127810322202e-01 3.022690586972195170e+00 3.003697658969718631e+00 2.021778262559152495e+00 -3.959812623943093968e+00 -2.498430546092899718e+00 -7.507023847951665996e-01 1.528056667545097502e+00 3.711570020903927070e+00 5.361919471957259375e+00 5.361919471957259375e+00 5.361919471957259375e+00 5.361919471957259375e+00
-8.400558685552425686e+00 -7.605920762231182408e+00 -6.269949856029020552e+00 -4.390889512582743848e+00 -2.729102145243037292e+00 -2.122819911531719228e+00 6.069965932075187531e-01 2.764911295180764395e+00 1.391427453927595703e+00 -3.479521853809216747e+00 -6.806236186690122203e-01 1.076928870448369491e+00 1.875302994520638755e+00 4.166763891366564110e+00 5.266992782326329170e+00 5.266992782326329170e+00 5.266992782326329170e+00 5.266992782326329170e+00
-8.846537165610527609e+00 -7.923862172489942068e+00 -6.820031017742790524e+00 -5.431053723581883652e+00 -3.477220401164657027e+00 -2.410209276250414590e+00 -1.235547487976027758e+00 1.079070963595432531e+00 1.828930329146526423e+00 -4.592265962934644064e-01 3.903167902528523192e-02 2.946969934970325444e-01 2.181707750856794359e+00 4.559932825610249374e+00 5.112885952376176490e+00 5.112885952376176490e+00 5.112885952376176490e+00 5.112885952376176490e+00
-9.132814750510473090e+00 -8.326237796529264656e+00 -7.475830503853858389e+00 -6.313391326687627370e+00 -4.869256180812514323e+00 -3.173711638227809662e+00 -2.478021112240250456e+00 -3.755586668613708490e-02 7.015212169220759186e-01 1.318882474255348214e+00 4.346882007414711729e-02 3.955152012979613607e-01 1.825318606827022183e+00 4.663447633839669315e+00 5.444433869910197288e+00 5.444433869910197288e+00 5.444433869910197288e+00 5.444433869910197288e+00
-9.389633738936852936e+00 -8.509057982264305764e+00 -7.990432434662499972e+00 -7.320686594267520775e+00 -6.172887641844869933e+00 -4.762966306265234095e+00 -2.282904826018600897e+00 -2.237000408930625905e+00 3.094215867556919242e-01 5.146543483947156883e-01 -4.490462404655728990e-01 2.965964009788337602e-02 1.294867008619736248e+00 4.094254367327502919e+00 5.420176017406806324e+00 5.420176017406806324e+00 5.420176017406806324e+00 5.420176017406806324e+00
-1.007830665220058819e+01 -9.081452196083539263e+00 -8.663639427632949364e+00 -8.254636912310516550e+00 -7.428100556559197543e+00 -6.526370193705080425e+00 -4.420441179292018852e+00 -2.308767562773484716e+00 -1.846861881930506932e+00 3.072759946145443566e-01 3.978874920253329117e-01 7.396910835278157625e-01 -1.364093677185624354e-01 3.993315337608345228e+00 5.278113415029603850e+00 5.278113415029603850e+00 5.278113415029603850e+00 5.278113415029603850e+00
-1.034562212829008843e+01 -9.913737617893577436e+00 -9.423920771424450393e+00 -9.012683256734732140e+00 -8.428753862010742282e+00 -7.362610673866354816e+00 -5.629948878064180207e+00 -3.499910976563239018e+00 -2.335594527517484309e+00 -9.372988793450413025e-01 2.369195918380383736e-01 1.273811667420446936e+00 6.094980490636058290e-01 4.400075273720032598e+00 5.183186725398669203e+00 5.183186725398669203e+00 5.183186725398669203e+00 5.183186725398669203e+00
-1.046809094556200037e+01 -1.011073462270152312e+01 -9.631593028524564559e+00 -9.245100433347150926e+00 -8.739324577559866469e+00 -7.755670284629387901e+00 -6.368103234431699455e+00 -4.725208180762267673e+00 -2.191875270373837559e+00 -2.312330043492170084e+00 -7.777978777620114803e-02 7.208778223808594010e-01 7.609938609384814256e-01 3.914361245315391535e+00 5.038632088467806192e+00 5.038632088467806192e+00 5.038632088467806192e+00 5.038632088467806192e+00
-1.051785279402278661e+01 -1.021227348310767979e+01 -9.790052911693088333e+00 -9.377084522951943057e+00 -8.935000718196656422e+00 -8.032507180339589326e+00 -6.709924312667094881e+00 -5.391045584567903504e+00 -3.429868318348338718e+00 -2.342020788547992005e+00 -1.558033699243137171e+00 -1.285042251610665487e-01 7.407403967745331830e-01 3.045115025283219090e+00 5.097129969024282836e+00 5.097129969024282836e+00 5.097129969024282836e+00 5.097129969024282836e+00
-1.050823009043802969e+01 -1.024806740723491139e+01 -9.750021119461450780e+00 -9.519961127119904276e+00 -8.999203022729926005e+00 -8.173311321224794312e+00 -6.826598858080741294e+00 -5.676933401030844095e+00 -4.052818665428393530e+00 -2.857475783848528295e+00 -2.813950895800676477e+00 -1.476542242393307225e-01 5.977462860377349418e-01 2.669243321850044648e+00 5.348360097755622711e+00 5.348360097755622711e+00 5.348360097755622711e+00 5.348360097755622711e+00
-1.047030645701142682e+01 -1.021586805753834781e+01 -9.910362209903908592e+00 -9.592744057703633587e+00 -9.114737060867600604e+00 -8.401209938782196573e+00 -7.028740089035416361e+00 -5.793338012596914055e+00 -4.903989752628171495e+00 -3.464891385752378650e+00 -2.707282179307707981e+00 -6.625887365237669302e-01 2.515310653302766930e-01 2.677795066425538995e+00 5.253487498421166357e+00 5.253487498421166357e+00 5.253487498421166357e+00 5.253487498421166357e+00
-1.058361187079247756e+01 -1.023965154743820882e+01 -9.957954665176162123e+00 -9.609562677650536955e+00 -9.220901585232489595e+00 -8.533469495698289720e+00 -7.177484388973564222e+00 -5.755619901487436074e+00 -5.303468863060013305e+00 -3.691302920498180207e+00 -2.556087534095802916e+00 -8.789967161548618568e-01 3.827752166951677026e-02 2.263584350534619816e+00 5.197220165692476357e+00 5.197220165692476357e+00 5.197220165692476357e+00 5.197220165692476357e+00
-1.053054587630434114e+01 -1.026814956338439799e+01 -9.970561150590583566e+00 -9.667501306437470632e+00 -9.266539423323834512e+00 -8.679065894720528362e+00 -7.354411871159070024e+00 -5.744269628157599783e+00 -5.077440107420178705e+00 -3.150101112662183844e+00 -3.113176927301333663e+00 -1.071234176174151065e+00 -9.091857702914386830e-02 2.355155622192778520e+00 5.139910372168696284e+00 5.139910372168696284e+00 5.139910372168696284e+00 5.139910372168696284e+00
-1.055621717880652710e+01 -1.031051835711553721e+01 -1.002516844913924210e+01 -9.664263257206776814e+00 -9.349737671906652281e+00 -8.714155834621784891e+00 -7.442422318464741338e+00 -5.829682688084524500e+00 -5.114725699036787532e+00 -3.776106224746023088e+00 -2.700239842748266561e+00 -1.752408262073339440e+00 -1.303467240055798948e-01 2.256137363801907103e+00 4.891071748055203727e+00 4.891071748055203727e+00 4.891071748055203727e+00 4.891071748055203727e+00
-1.066577151159082248e+01 -1.029951558291584846e+01 -1.001143978864322293e+01 -9.680909715658584602e+00 -9.326672787759422434e+00 -8.769629028588813213e+00 -7.579133766035830888e+00 -5.882601696207061082e+00 -5.156217169444241577e+00 -3.865605070167513091e+00 -3.952577263013368647e+00 -2.506298302965982217e+00 -7.341471087879148927e-01 2.174108463523938717e+00 5.249643261049454779e+00 5.249643261049454779e+00 5.249643261049454779e+00 5.249643261049454779e+00
-1.069158238819150952e+01 -1.034890790570410957e+01 -1.002598883283480546e+01 -9.717052186202849384e+00 -9.385181641686354936e+00 -8.958213463968808909e+00 -7.608483415695989294e+00 -5.802807308400288022e+00 -5.303495527383927488e+00 -3.638939856402227946e+00 -3.941650810381001957e+00 -1.664408543810316221e+00 -6.352524210506812485e-01 2.211069967513367818e+00 5.220698416639334205e+00 5.220698416639334205e+00 5.220698416639334205e+00 5.220698416639334205e+00
