-1.053092436535280640e+01 -1.030034581265782379e+01 -9.996817009436661294e+00 -9.637371412290136163e+00 -9.343985297845051718e+00 -8.990696664161635709e+00 -8.329506003876966602e+00 -6.927762407767018793e+00 -3.621107528947063336e+00 -4.116911314716659831e+00 -2.060044111776749176e+00 -4.743288429241285797e-01 1.513139889908165614e+00 2.074699844035416962e+00 5.589350036615095441e+00 5.589350036615095441e+00 5.589350036615095441e+00 5.589350036615095441e+00
-1.046501870683830404e+01 -1.020846747969745039e+01 -1.001974278824465259e+01 -9.814444019411908471e+00 -9.423152087798651877e+00 -8.879973557880724400e+00 -8.081412082263744523e+00 -6.376694235678947109e+00 -3.857156603815553808e+00 -4.463307657840741349e+00 -1.825838263404205630e+00 -1.992184809177486027e-01 1.691191820666824830e+00 1.960845238095587195e+00 5.750132064457163850e+00 5.750132064457163850e+00 5.750132064457163850e+00 5.750132064457163850e+00
-1.022047843245477772e+01 -1.002301802959561883e+01 -9.882706374573436037e+00 -9.924323291335237940e+00 -9.583202424996304813e+00 -9.005918421376852834e+00 -8.064130705092143359e+00 -6.157638808846945366e+00 -2.668171368724604697e+00 -4.323743500755580449e+00 -8.173056752417910964e-01 -5.429020273806219044e-02 2.094498284025571699e+00 2.075778954681199995e+00 5.605331932326406807e+00 5.605331932326406807e+00 5.605331932326406807e+00 5.605331932326406807e+00
-1.042976162387999750e+01 -1.021226774982242880e+01 -9.696961779397755166e+00 -9.385482837724074656e+00 -9.340679310592069129e+00 -9.040993841657908092e+00 -7.966302146548503771e+00 -5.340716426705222730e+00 -2.656340301134743953e+00 -3.749964101289054774e+00 -3.155202424343934164e-01 1.075073985577932739e-01 1.934691754028081689e+00 2.165802586979912459e+00 5.094675741368181576e+00 5.094675741368181576e+00 5.094675741368181576e+00 5.094675741368181576e+00
-1.055197676430342923e+01 -1.026705340293664293e+01 -9.923617043211649502e+00 -9.536609634590874407e+00 -8.968469657954178942e+00 -8.642296002411034905e+00 -7.631508030431891854e+00 -4.291003386125147756e+00 -2.975440277003770007e+00 -3.067421664739654830e+00 -3.367193652268414827e-01 1.262774044966080256e+00 1.613999881504766476e+00 2.327878077905863652e+00 4.965251161461555540e+00 4.965251161461555540e+00 4.965251161461555540e+00 4.965251161461555540e+00
-1.033662918851749879e+01 -1.017366934114298083e+01 -1.012735916111757817e+01 -9.823102229314695677e+00 -9.264799854612686403e+00 -8.383639842155385935e+00 -7.228373987386468968e+00 -4.085377529605919378e+00 -4.275164479881691904e+00 -1.753811895314943303e+00 4.780490371386078574e-02 1.426652799925273385e+00 1.618891833607131847e+00 2.150889364852572427e+00 4.597144514139170468e+00 4.597144514139170468e+00 4.597144514139170468e+00 4.597144514139170468e+00
-1.052595281039078756e+01 -1.023881953602216299e+01 -1.006969093819456518e+01 -9.742813583621206419e+00 -9.255562174610311388e+00 -8.371156539168669752e+00 -5.797101181527615665e+00 -4.174804138763816397e+00 -3.837576099973279753e+00 -1.173942366679542104e+00 6.613770399129211830e-01 1.879018980862757537e+00 1.708493456801143839e+00 3.012049381677972537e+00 4.438926067539488152e+00 4.438926067539488152e+00 4.438926067539488152e+00 4.438926067539488152e+00
-1.044078617550631449e+01 -1.017656636648662882e+01 -1.008645990618314414e+01 -9.648594935836030118e+00 -9.171225009081396706e+00 -8.144364109785431793e+00 -4.220734545557665029e+00 -4.217607393682211381e+00 -3.261754944085689445e+00 -2.049681426368987480e-01 1.226797394348753345e+00 1.974834793284644174e+00 1.896827011713428268e+00 4.288316726606558937e+00 5.506213230834731576e+00 5.506213230834731576e+00 5.506213230834731576e+00 5.506213230834731576e+00
-1.045337932323427310e+01 -9.949625501442220354e+00 -9.585094143576384340e+00 -9.392209699203398543e+00 -8.479948824099057703e+00 -6.948821952973856853e+00 -3.503239930877033892e+00 -4.599405827047521989e+00 -2.533109478024274885e+00 -2.085995339203535193e-01 2.169766477064729582e+00 2.651346890277917367e+00 3.233960841027951005e+00 4.719791537086263311e+00 5.572672579976944540e+00 5.572672579976944540e+00 5.572672579976944540e+00 5.572672579976944540e+00
-1.056539858187105096e+01 -1.016762752053633534e+01 -9.332708122319122168e+00 -8.446779777092729091e+00 -7.497555150138336622e+00 -5.630947044498803677e+00 -2.289185279417318419e+00 -4.555479520289646977e+00 -1.337001316732762790e+00 1.014636289966072802e+00 2.775429597030883322e+00 3.381400374070450798e+00 4.920161404584437292e+00 4.955897365186334724e+00 5.850279001020022740e+00 5.850279001020022740e+00 5.850279001020022740e+00 5.850279001020022740e+00
-1.018530831574932982e+01 -9.761002109918191394e+00 -9.025775050258058485e+00 -8.432411063185337952e+00 -6.849166734380446542e+00 -3.990995352369197224e+00 -3.457217571555808000e+00 -2.311503426742870460e+00 2.556928752959339857e-01 2.409118100749650271e+00 2.878361822166103590e+00 4.525449345011486102e+00 3.040444191720842237e+00 2.248882144530755856e+00 5.719295799839846595e+00 5.719295799839846595e+00 5.719295799839846595e+00 5.719295799839846595e+00
-9.903687604676019163e+00 -9.164133803588335070e+00 -8.445194062237950661e+00 -7.935592229612590920e+00 -5.778914512910303891e+00 -2.997987079996838666e+00 -3.482110695491184238e+00 -1.332253932139869423e+00 9.058817350370498289e-01 3.229255200141112780e+00 4.379089723259109945e+00 3.747958040180695782e+00 2.058974279718819744e+00 2.421739079430449415e+00 5.623281537898358273e+00 5.623281537898358273e+00 5.623281537898358273e+00 5.623281537898358273e+00
-9.536500153533086888e+00 -8.759231348160920305e+00 -7.959390971498585543e+00 -6.610925244323137662e+00 -4.802652806074654279e+00 -2.901822180150237962e+00 -3.980141642002510860e+00 -4.591193369160554427e-01 2.050719164649398518e+00 3.930621557693878110e+00 4.560878951530581205e+00 2.041002430440552740e+00 4.785497405055704201e-01 2.349249963620209325e+00 5.795816927171031807e+00 5.795816927171031807e+00 5.795816927171031807e+00 5.795816927171031807e+00
-9.977588167116923756e+00 -8.188639934795372000e+00 -7.074357009211423630e+00 -5.563381374630746556e+00 -3.501044381769308877e+00 -1.875812438640925617e+00 -2.744969077236070643e+00 1.249589900205045068e-01 3.290788453741083863e+00 4.883244512370950474e+00 3.293706606688285632e+00 -1.957900220687907478e+00 3.618119766954770999e-01 2.485935127125424859e+00 5.697568443271762817e+00 5.697568443271762817e+00 5.697568443271762817e+00 5.697568443271762817e+00
-9.649770549445838341e+00 -7.723299328667524222e+00 -6.165569622795315397e+00 -4.757191179675947623e+00 -2.405368449120613761e+00 -2.640669060860336259e+00 -9.292213962194606491e-01 1.671347450251856159e+00 3.400058950010043546e+00 5.485657074347427553e+00 4.311953076142087227e+00 -9.809566089700474389e-01 9.794112899493478963e-01 2.591929229245721444e+00 5.908409853948317192e+00 5.908409853948317192e+00 5.908409853948317192e+00 5.908409853948317192e+00
-9.068810854397607812e+00 -7.181439885771643716e+00 -5.499557399340689656e+00 -3.826438815828065554e+00 -2.533473298339744773e+00 -2.672932364495816060e+00 -1.131645806470871207e-02 2.877869295048057552e+00 3.960255297109456674e+00 6.047512107914868373e+00 5.858346065707515926e+00 1.864819448570282923e+00 6.635780126206984875e-01 2.612885668122612248e+00 5.839844616565972757e+00 5.839844616565972757e+00 5.839844616565972757e+00 5.839844616565972757e+00
-8.883808304345183871e+00 -6.707479392341606506e+00 -4.905739151647726892e+00 -3.004040124924781008e+00 -2.898773464166173319e+00 -2.719832072196578743e+00 6.848124439091890503e-01 3.362296882450023450e+00 4.170614518980334751e+00 5.034987337296707111e+00 4.524407620695757970e+00 4.597010063015583903e+00 3.637710273558849572e+00 3.278800380268874548e+00 5.754783194540753044e+00 5.754783194540753044e+00 5.754783194540753044e+00 5.754783194540753044e+00
-8.259639804826537812e+00 -6.514158344111834253e+00 -4.705014935400671838e+00 -2.433131284647796377e+00 -2.310276633654518186e+00 -2.396670175630290611e+00 1.231955979988212491e+00 3.830239111166908295e+00 3.929150513808827405e+00 3.240727046940032885e+00 3.313176949367767854e+00 3.141396325697893399e+00 3.881410812204223681e+00 5.103400946855157549e+00 5.813307107870034685e+00 5.813307107870034685e+00 5.813307107870034685e+00 5.813307107870034685e+00
-7.692665521397029416e+00 -6.412271686441792795e+00 -4.451092849876346236e+00 -2.338563609116451669e+00 -1.753470889647221309e+00 -1.407315499598364550e+00 1.886235916954958292e+00 3.748642858603797201e+00 3.700872857925648240e+00 1.782096636813697899e+00 1.602017571525051309e+00 1.644726123519424377e+00 2.797827441189723707e+00 4.268638813946069810e+00 5.936484697352277351e+00 5.936484697352277351e+00 5.936484697352277351e+00 5.936484697352277351e+00
-7.880102640062533581e+00 -6.245746048739029277e+00 -4.447884300923918843e+00 -2.246027121627021117e+00 -1.766462503899559611e+00 2.323393478246132959e-01 2.992751790239815080e+00 3.929003687017574187e+00 3.033162244732229951e+00 1.594947478440969402e+00 1.128392192239939806e+00 1.157470621545833911e+00 1.946819014781381529e+00 3.620348560137435001e+00 5.972442174242152291e+00 5.972442174242152291e+00 5.972442174242152291e+00 5.972442174242152291e+00
-8.255092841080969635e+00 -6.500726262393410337e+00 -4.365298947694294718e+00 -2.476743153210222204e+00 -1.610030682357858289e+00 -3.329125385336504928e-01 3.318810589898339991e+00 3.971815462541757213e+00 2.947854866713795374e+00 1.509186818739239433e+00 8.088663114941458954e-01 6.052052848236432192e-01 1.275732256564300560e+00 3.238214532765391063e+00 5.853029225770503885e+00 5.853029225770503885e+00 5.853029225770503885e+00 5.853029225770503885e+00
-8.257219324734725419e+00 -6.845627216066196397e+00 -4.472235352339818171e+00 -2.207136769510914309e+00 -1.858668411779405227e+00 -1.134456574424736353e+00 2.192278388734421490e+00 3.969768781184729534e+00 2.728995260554590185e+00 1.331023407166166850e+00 -1.695454186227267179e+00 -1.551397702761700526e+00 1.181828917447631744e+00 3.053475747385549166e+00 5.826278058908112456e+00 5.826278058908112456e+00 5.826278058908112456e+00 5.826278058908112456e+00
-8.234442766146543136e+00 -6.943812760241407922e+00 -5.043698692272700512e+00 -2.628840963921016627e+00 -1.901692687916151536e+00 -1.705931596120409566e+00 9.288970763428292532e-01 3.849899949965007728e+00 2.317913228053785524e+00 1.058602556537397987e+00 -2.403685593720607194e+00 -1.518801921113082098e+00 1.168947038463299837e+00 3.393432831798354421e+00 5.711381472817905092e+00 5.711381472817905092e+00 5.711381472817905092e+00 5.711381472817905092e+00
-8.163660763814934995e+00 -7.351503150817306320e+00 -5.360008567035714933e+00 -3.456145477580818692e+00 -1.668071535145014384e+00 -1.858053464610589067e+00 -5.661709720920704569e-02 3.559137564580366675e+00 2.176124784052406724e+00 2.086251946204325802e-01 -2.562662533071493609e+00 -1.170032750684536271e+00 1.223424914844756906e+00 3.705262141532313258e+00 5.898411747283210715e+00 5.898411747283210715e+00 5.898411747283210715e+00 5.898411747283210715e+00
-8.102589450894766898e+00 -7.237152244832936177e+00 -5.947083569620849275e+00 -4.386208054377405574e+00 -2.371323322823663649e+00 -2.033179095887903465e+00 -1.410741617016340266e+00 1.933966834582670824e+00 2.568718044154814972e+00 -3.580640157581913119e+00 -2.215427898069402879e+00 -5.737022124983326421e-01 1.483665618151927656e+00 3.724333914173080462e+00 6.098648939932283852e+00 6.098648939932283852e+00 6.098648939932283852e+00 6.098648939932283852e+00
-8.336571827661121148e+00 -7.810503892099851520e+00 -6.448961526845872427e+00 -5.006181955317282828e+00 -3.608706133399126159e+00 -1.967151008855879901e+00 -2.146292497042325387e+00 8.003694407053916215e-01 2.264486618676048835e+00 -2.979199267760436420e+00 3.263660550213612344e-01 9.944532320292411853e-01 1.854757659286282223e+00 4.194691221435697059e+00 5.984514989606562807e+00 5.984514989606562807e+00 5.984514989606562807e+00 5.984514989606562807e+00
-8.748213289733664411e+00 -7.868299905054303878e+00 -6.859606952271303904e+00 -5.730222294207562683e+00 -4.476765937018036823e+00 -2.330556877181984454e+00 -2.718107480771038809e+00 -1.224066641046385406e+00 1.486767175679313713e+00 4.357832814386547460e-01 3.527033388744810205e-01 8.625887788957113944e-01 2.142103663487502363e+00 4.787244231898778679e+00 5.811039599428793778e+00 5.811039599428793778e+00 5.811039599428793778e+00 5.811039599428793778e+00
-9.153134049649573001e+00 -8.188431327768629586e+00 -7.327982402185429400e+00 -6.389875811137862627e+00 -5.316458217704779443e+00 -3.989866804489172303e+00 -2.364360264572098025e+00 -2.613071434962594530e+00 5.680152970852033745e-01 1.515047407798863599e+00 9.636190472155813369e-01 9.011639956772538040e-02 1.752521310413026168e+00 4.935299606580876741e+00 5.756143417576391030e+00 5.756143417576391030e+00 5.756143417576391030e+00 5.756143417576391030e+00
-9.448200476374889689e+00 -8.518952128953525715e+00 -7.902847386513454531e+00 -7.216524397813059544e+00 -6.327268471848631393e+00 -5.116346570493630175e+00 -2.447741537724617888e+00 -2.698160208220004463e+00 -5.682537488483032639e-01 1.426079365739570060e+00 1.157100564758203554e+00 8.437815262477414979e-01 9.782432519967263485e-01 4.076773712441164044e+00 5.939428999393392417e+00 5.939428999393392417e+00 5.939428999393392417e+00 5.939428999393392417e+00
-9.838297238484408069e+00 -8.997158182245044600e+00 -8.448065299323884503e+00 -8.020545570721822060e+00 -7.349953483936761955e+00 -6.383294960026992371e+00 -3.870358206687178448e+00 -2.626950114090367272e+00 -2.190674241476546769e+00 8.230578351529354020e-01 1.251957807653593102e+00 1.065181638745209769e+00 3.668152579294069460e-01 3.988961738207973617e+00 6.175454671363784342e+00 6.175454671363784342e+00 6.175454671363784342e+00 6.175454671363784342e+00
-1.025304258354415410e+01 -9.798327013395116580e+00 -9.284514077512962871e+00 -8.762666138956905826e+00 -8.181857108033863568e+00 -7.137717886666855804e+00 -5.017880898405357115e+00 -2.448506977972803256e+00 -2.832733292938254266e+00 3.964308679226122845e-01 1.207700791729941603e+00 1.120907496869095077e+00 6.263935213459868034e-01 4.410857532624243404e+00 6.110125797099174250e+00 6.110125797099174250e+00 6.110125797099174250e+00 6.110125797099174250e+00
-1.041438103747774591e+01 -1.000492974428023985e+01 -9.546540418210136991e+00 -9.091782910918883687e+00 -8.488632134559569664e+00 -7.547131755203745129e+00 -6.235066830773252633e+00 -2.772216920251081795e+00 -2.892030172058349891e+00 -1.191347192285893364e+00 9.554365008935863379e-01 1.184824350579452679e+00 8.206094144971154414e-01 3.072240571512451446e+00 5.880635249769904149e+00 5.880635249769904149e+00 5.880635249769904149e+00 5.880635249769904149e+00
-1.047465195123924175e+01 -1.011788969103724334e+01 -9.698867514229169373e+00 -9.262332807590487604e+00 -8.721390121801212203e+00 -7.825352884048999869e+00 -6.619539357353358966e+00 -4.109585443803830174e+00 -3.201390180527222462e+00 -2.685534398278583090e+00 6.845364435495515654e-01 1.222396523435264726e+00 8.119761440956616561e-01 2.440780371095235601e+00 5.769049973087085448e+00 5.769049973087085448e+00 5.769049973087085448e+00 5.769049973087085448e+00
-1.047681473544219699e+01 -1.014119446816044778e+01 -9.775513060300614399e+00 -9.393277285221653727e+00 -8.822624652284360991e+00 -8.024800038422135628e+00 -6.880524643130900841e+00 -5.377571148591329120e+00 -2.696580729296001788e+00 -2.913379587307561636e+00 2.297288944486252649e-01 1.148085511920982960e+00 7.477174222143214699e-01 2.539150745801655340e+00 5.719765693706674092e+00 5.719765693706674092e+00 5.719765693706674092e+00 5.719765693706674092e+00
-1.047360770526084295e+01 -1.017902703435975553e+01 -9.902685728108661323e+00 -9.485041020404429091e+00 -8.963580597038978581e+00 -8.244993532009633697e+00 -7.118842312382831494e+00 -5.617277193483547038e+00 -3.002961941515964739e+00 -2.890011578004124893e+00 -3.369635357106169904e-01 8.163255361182242265e-01 2.403759063470728152e-01 2.776745912291045837e+00 5.914044505805632568e+00 5.914044505805632568e+00 5.914044505805632568e+00 5.914044505805632568e+00
-1.052692865562396030e+01 -1.017204926971347234e+01 -9.854619668876225091e+00 -9.512661833048765558e+00 -9.046341737709788333e+00 -8.303471062329068175e+00 -7.247508566285958409e+00 -5.889593277270774863e+00 -3.317185033493029955e+00 -3.134884007952799756e+00 -1.761871662817438899e+00 4.346240721353420433e-01 9.266820768513077677e-01 2.339492375652426848e+00 6.209974636661053538e+00 6.209974636661053538e+00 6.209974636661053538e+00 6.209974636661053538e+00
-1.051773343125679538e+01 -1.019552982068137226e+01 -9.904982795531100948e+00 -9.578651334133057915e+00 -9.049653671150917233e+00 -8.491462339211230059e+00 -7.384034566384695353e+00 -5.945946991807334214e+00 -4.122723694861781141e+00 -3.117804380743242731e+00 -2.523547576914113133e+00 2.969589934462690262e-01 6.198972383942489284e-01 2.450067770916453114e+00 6.122198612463590095e+00 6.122198612463590095e+00 6.122198612463590095e+00 6.122198612463590095e+00
-1.054353320084427814e+01 -1.024650135126876549e+01 -9.900602857667877288e+00 -9.588314798668738703e+00 -9.195853412786263448e+00 -8.508500242086105558e+00 -7.442517209359190034e+00 -6.034465217348422783e+00 -4.911698291933047855e+00 -2.618735540314291121e+00 -3.383573517497611149e+00 2.063984763668469946e-01 3.518930066251265143e-01 2.462648708287410670e+00 5.892708065134301343e+00 5.892708065134301343e+00 5.892708065134301343e+00 5.892708065134301343e+00
-1.058976816214317118e+01 -1.028549647481684914e+01 -9.970149698584116038e+00 -9.622813000755929380e+00 -9.240938525149575256e+00 -8.559901934392909695e+00 -7.549158522309761921e+00 -5.976257347072884585e+00 -5.101293537157607361e+00 -2.783278053256395435e+00 -3.681847241798361203e+00 7.258162400449533203e-02 4.026219258429576953e-01 2.481626502847128268e+00 5.779170073006120845e+00 5.779170073006120845e+00 5.779170073006120845e+00 5.779170073006120845e+00
-1.061839773788715746e+01 -1.032832694250858907e+01 -1.003461234225711785e+01 -9.688439662071992586e+00 -9.318307464025600950e+00 -8.763817317512165417e+00 -7.547953666485238244e+00 -5.909938071066641818e+00 -5.268735869597613863e+00 -3.231052227472780203e+00 -3.795134605349571366e+00 -3.311069309780759196e-01 3.734225175107565020e-01 2.611649593353100318e+00 6.183853931699461626e+00 6.183853931699461626e+00 6.183853931699461626e+00 6.183853931699461626e+00
