-1.041817546116033100e+01 -1.034845576194810413e+01 -9.961246709655300791e+00 -9.657422315883325226e+00 -9.347475922230678691e+00 -8.988449457108361074e+00 -8.397010539479664359e+00 -7.203907290344052861e+00 -4.850508926586760694e+00 -2.164227823219168290e+00 -2.303108460771263744e+00 -7.554634446339334453e-01 8.870816685446907268e-01 1.955551852802155599e+00 5.036853130357447306e+00 5.036853130357447306e+00 5.036853130357447306e+00 5.036853130357447306e+00
-1.033747549847629799e+01 -1.010982730037108723e+01 -9.989883505945883257e+00 -9.823280207344962989e+00 -9.510249277723584527e+00 -8.942875681802576082e+00 -8.184182485458798340e+00 -6.915195077581302030e+00 -4.295167776434435147e+00 -2.821143599814046610e+00 -1.985019582556595275e+00 -3.533697538221248213e-01 9.771255048541430677e-01 2.115397915466695089e+00 5.214669971463800735e+00 5.214669971463800735e+00 5.214669971463800735e+00 5.214669971463800735e+00
-1.035068785857964890e+01 -1.002695899621341802e+01 -9.809319959455852000e+00 -9.803124120232725502e+00 -9.682752374208387636e+00 -9.124616001952979616e+00 -8.141934210100362890e+00 -6.836181551385884347e+00 -3.202153537201838152e+00 -3.109922740305527178e+00 -8.947704572679776591e-01 -1.740549488149866764e-01 7.657786335944201106e-01 2.000400425831118767e+00 5.224038983103236333e+00 5.224038983103236333e+00 5.224038983103236333e+00 5.224038983103236333e+00
-1.037781742779863237e+01 -1.032847639829913966e+01 -9.877229702632796204e+00 -9.297797373100570084e+00 -9.239759336740469564e+00 -9.190700748180734792e+00 -8.232567351786595822e+00 -6.511697077468835637e+00 -2.686500092387711369e+00 -2.976904783017440437e+00 -5.311215344849519182e-01 -6.874702245137379042e-02 6.104157147180770959e-01 2.234186006273339853e+00 4.706101890927277154e+00 4.706101890927277154e+00 4.706101890927277154e+00 4.706101890927277154e+00
-1.055003187183165814e+01 -1.032131793796163421e+01 -9.931271598922318589e+00 -9.635728475589154129e+00 -9.072323590831903317e+00 -8.658952746069216388e+00 -8.248701445951409639e+00 -5.421010419681777215e+00 -3.066840549288892603e+00 -3.166921161030417764e+00 -1.815190338582254037e-01 3.743927405267674091e-01 1.974754616469557078e+00 2.349938241246202431e+00 4.653513902136976021e+00 4.653513902136976021e+00 4.653513902136976021e+00 4.653513902136976021e+00
-1.039725829791930245e+01 -1.000291696132629582e+01 -1.015839771454678697e+01 -9.876979351996197920e+00 -9.341142202634307168e+00 -8.635075379223563274e+00 -7.668951338227266490e+00 -3.781700083380871380e+00 -3.803304197452500812e+00 -1.800290176833474032e+00 -1.368391262236168249e-01 2.992661529509532126e-01 1.310178398402825906e+00 2.144898785986502521e+00 4.400497950839342920e+00 4.400497950839342920e+00 4.400497950839342920e+00 4.400497950839342920e+00
-1.047236046092875128e+01 -1.029050164185168725e+01 -9.955004808152772000e+00 -9.822641904624113351e+00 -9.344744426103165580e+00 -8.562500652732474293e+00 -7.376443794938420950e+00 -2.673268857239054164e+00 -3.753480306691198365e+00 -5.893991785879586498e-01 3.218932483706060665e-01 1.789191808704513553e+00 1.585774637798116338e+00 3.340279426669253482e+00 5.512614790229868333e+00 5.512614790229868333e+00 5.512614790229868333e+00 5.512614790229868333e+00
-1.044725379504538409e+01 -1.008654155842154942e+01 -1.000222831850108918e+01 -9.770572447895048640e+00 -9.198717714578565463e+00 -8.259363031184514981e+00 -4.839057611054389696e+00 -3.293009218408187166e+00 -2.949446467245091963e+00 1.784442304629757226e-01 1.440333861687361328e+00 1.994804022480670680e+00 1.853311457838864085e+00 4.325577171139148192e+00 5.368025839746283445e+00 5.368025839746283445e+00 5.368025839746283445e+00 5.368025839746283445e+00
-1.042621252712935132e+01 -1.016409278263920157e+01 -9.535203279259132358e+00 -9.073883948943354483e+00 -8.255196858977772223e+00 -6.949216234434395290e+00 -3.455430173274592676e+00 -4.075904367601887124e+00 -1.145087573500221279e+00 1.079021418654863673e+00 2.048903940169232829e+00 2.718719555317397507e+00 3.386989100087801408e+00 4.753010713375061869e+00 5.359909664544107777e+00 5.359909664544107777e+00 5.359909664544107777e+00 5.359909664544107777e+00
-1.044387909937256076e+01 -1.005204620928128278e+01 -9.508035315535691367e+00 -8.429752621448995953e+00 -7.401320157426281909e+00 -5.363423279818134048e+00 -2.386951564996665276e+00 -3.545710768598536511e+00 1.194725579217872924e-01 2.124482379812647537e+00 3.011170658307232184e+00 3.476384119846609888e+00 4.888323011367406323e+00 4.990890569752399308e+00 5.594377028108034722e+00 5.594377028108034722e+00 5.594377028108034722e+00 5.594377028108034722e+00
-1.022007839387599581e+01 -9.491616215620197750e+00 -8.896450600149616861e+00 -8.346486690450104717e+00 -6.859399214113240717e+00 -3.639603042217876450e+00 -4.060777063827801570e+00 -1.287248960115645158e+00 1.076984559532460972e+00 3.108371460915905882e+00 3.073086901216843803e+00 4.600346048177659242e+00 2.866555613744833586e+00 2.233508478504274919e+00 5.470784462522963132e+00 5.470784462522963132e+00 5.470784462522963132e+00 5.470784462522963132e+00
-9.877195262447290958e+00 -9.028072818607501659e+00 -8.193938824849132274e+00 -7.636383605256183316e+00 -5.222779757159108804e+00 -2.338871179205406214e+00 -3.313056104958043147e+00 2.386339537490630436e-01 2.977605363912982916e+00 3.109807640656017114e+00 4.451866573278444150e+00 3.753510700975696057e+00 2.059128375897808727e+00 2.485390318978351942e+00 5.943977299155874583e+00 5.943977299155874583e+00 5.943977299155874583e+00 5.943977299155874583e+00
-9.485336252376674437e+00 -8.570404809873931384e+00 -7.770848707695058977e+00 -6.181402782299155518e+00 -3.882883517050719213e+00 -3.491608306229170289e+00 -2.185249746330303555e+00 1.777835974422711685e+00 3.198554652461669257e+00 4.063189499409400440e+00 4.719559514006610002e+00 1.792683274000865357e+00 5.016590379998757676e-01 2.322952679750342586e+00 5.795096713567465585e+00 5.795096713567465585e+00 5.795096713567465585e+00 5.795096713567465585e+00
-1.006913548919564683e+01 -7.822746237284151860e+00 -6.646608983402931159e+00 -4.985900389920002063e+00 -2.389973672915727931e+00 -3.133564787817766373e+00 4.289058293642162775e-03 2.978340236624735571e+00 3.289349175933394598e+00 5.079013651341027114e+00 3.338057205774793701e+00 -2.001381312135432022e+00 3.776483654792627820e-01 2.564519322545369295e+00 5.740435099327317658e+00 5.740435099327317658e+00 5.740435099327317658e+00 5.740435099327317658e+00
-9.415683259078063472e+00 -7.570616266506270620e+00 -5.683226103558626896e+00 -4.106069387112873947e+00 -2.463921042613784529e+00 -2.263962797981351915e+00 1.115482655766343312e+00 3.077271110498272400e+00 3.566418474626575019e+00 5.563049758065201189e+00 4.423807210567914261e+00 -9.276475336354393919e-01 9.911215441850232954e-01 2.577584137629916672e+00 5.545894067962739094e+00 5.545894067962739094e+00 5.545894067962739094e+00 5.545894067962739094e+00
-9.103667432980596885e+00 -6.894483213180061298e+00 -4.873615974973267484e+00 -2.850890116885643089e+00 -2.700576814781052715e+00 -6.928454888978716752e-01 2.999883394853450458e+00 3.010310480820562518e+00 4.124560886864286680e+00 6.311374332018228728e+00 6.054154347167373551e+00 1.859093100037666257e+00 6.563487119274912240e-01 2.685279869288949239e+00 5.442705164867318146e+00 5.442705164867318146e+00 5.442705164867318146e+00 5.442705164867318146e+00
-8.665128833997446378e+00 -6.474116086134936054e+00 -4.219335739544384012e+00 -1.907303230737862343e+00 -2.662144144171982862e+00 3.924058792386314054e-01 3.176497718436921414e+00 3.268317496033880332e+00 4.216449772090784087e+00 5.085813721387913766e+00 4.589754070356068638e+00 4.733264999850151256e+00 3.698853869307606512e+00 3.317501702401103980e+00 5.831816503586405354e+00 5.831816503586405354e+00 5.831816503586405354e+00 5.831816503586405354e+00
-7.828764156994624912e+00 -5.971872172934505230e+00 -3.887841565596684035e+00 -1.638360653569846281e+00 -1.749026390977554080e+00 2.172260190686507109e+00 3.531983015158520534e+00 3.862330262084548771e+00 4.107456289224536761e+00 3.207367025500256208e+00 3.273097114853467549e+00 3.166414896026526815e+00 4.022381967847065809e+00 5.099966351849124280e+00 5.801748327743291966e+00 5.801748327743291966e+00 5.801748327743291966e+00 5.801748327743291966e+00
-7.509158464507546427e+00 -6.066539269616292529e+00 -3.158265247470738224e+00 -1.596180418107417509e+00 -1.091515721538976358e+00 3.045713317518281116e+00 3.154173555495045189e+00 3.867607414513388520e+00 3.800289566746030356e+00 1.786645560898728391e+00 1.478323789336986938e+00 1.518526472545075778e+00 2.877129253841645529e+00 4.330522197623722036e+00 5.668038130674190711e+00 5.668038130674190711e+00 5.668038130674190711e+00 5.668038130674190711e+00
-8.235342220803607560e+00 -6.056314581515392703e+00 -3.187161989054465572e+00 -2.505869934937297483e+00 -1.266814193570665603e+00 3.068848029390574439e+00 3.078426103868941333e+00 4.060907452050393829e+00 3.094362223857186844e+00 1.560716274077603272e+00 -2.478668397993899764e-01 8.624676984136392388e-01 2.013466063472613143e+00 3.652226649724149787e+00 5.544318611737826252e+00 5.544318611737826252e+00 5.544318611737826252e+00 5.544318611737826252e+00
-8.187484817876317322e+00 -6.105750091977562022e+00 -3.146898347617228531e+00 -1.581096066593680183e+00 -6.745369350538756859e-01 3.134155064592919260e+00 3.129344717241897111e+00 4.072225554190236352e+00 2.990355054416230285e+00 1.398586034613669371e+00 -2.860067657702042646e-02 2.416271108739712903e-01 1.271773138499950218e+00 3.356584885210520675e+00 5.371767975411297691e+00 5.371767975411297691e+00 5.371767975411297691e+00 5.371767975411297691e+00
-8.232425444939837078e+00 -6.401603115747045436e+00 -3.420479438479898437e+00 -1.517037967349466498e+00 -6.388878475234376353e-01 3.253219832532693090e+00 3.236349672335662397e+00 4.145273770115220024e+00 2.786182679228387471e+00 1.180979249230858397e+00 -2.576660853494091352e+00 -1.653977240613941913e+00 1.199948183886091257e+00 3.211575436957620600e+00 5.268579072315877632e+00 5.268579072315877632e+00 5.268579072315877632e+00 5.268579072315877632e+00
-8.018588084918881975e+00 -7.105806227332587710e+00 -4.507730275089244287e+00 -1.970306084855048212e+00 -1.950192897616662258e+00 2.912528204417344835e+00 3.206573668723242676e+00 3.987052488963281682e+00 2.358918152837527593e+00 3.167064449893581268e-01 -2.741360413596548362e+00 -1.585786871491434491e+00 1.197352245942334692e+00 3.433609073269801026e+00 5.692128426433319177e+00 5.692128426433319177e+00 5.692128426433319177e+00 5.692128426433319177e+00
-8.044091286646008143e+00 -7.129114384067207766e+00 -5.126354503683435482e+00 -2.973475417810321986e+00 -1.789610202859925447e+00 2.559869560053764648e-01 3.162651952238993758e+00 3.801493382791149678e+00 2.114448583475701859e+00 -2.946722205713946163e+00 -2.772154999820537924e+00 -1.295136213805011316e+00 1.269391002852838568e+00 3.744272157558087066e+00 5.595641162021065540e+00 5.595641162021065540e+00 5.595641162021065540e+00 5.595641162021065540e+00
-7.912609825999395774e+00 -7.094972667578628212e+00 -5.308812140045841232e+00 -3.604929349188128906e+00 -1.481549530725189356e+00 -9.092147510818620049e-01 2.996821749590623085e+00 3.032075445542760317e+00 2.021109617260936631e+00 -3.920369281040827492e+00 -2.400536892917993548e+00 -6.738045809190624791e-01 1.526705929217653246e+00 3.738272072628477272e+00 5.472591707531061722e+00 5.472591707531061722e+00 5.472591707531061722e+00 5.472591707531061722e+00
-8.403415070741065307e+00 -7.600359489864374929e+00 -6.247747852335171714e+00 -4.447586592827980745e+00 -2.961181626546015799e+00 -2.264702459166902049e+00 4.246793899963823837e-01 2.761795108144850630e+00 1.367011307632313155e+00 -3.438333770724226301e+00 -2.801797171136138909e-01 1.047199129620857816e+00 1.873258781800251960e+00 4.140923905596824994e+00 5.369194470540420205e+00 5.369194470540420205e+00 5.369194470540420205e+00 5.369194470540420205e+00
-8.826553871562470732e+00 -7.948821189108054242e+00 -6.822963301666090885e+00 -5.428159280363476391e+00 -3.500971648932605262e+00 -2.318855719106810653e+00 -1.660886261999189539e+00 1.339228327090823178e+00 1.810138849361092150e+00 -4.079479758621813446e-01 2.268946834183910854e-01 3.308435669600574003e-01 2.172477036811324425e+00 4.576583785230547541e+00 5.197641882859859841e+00 5.197641882859859841e+00 5.197641882859859841e+00 5.197641882859859841e+00
-9.141507110059873042e+00 -8.317996837465937432e+00 -7.471835660283164593e+00 -6.347050554165659442e+00 -4.907358243315708357e+00 -3.247803334730673175e+00 -2.523920908713948918e+00 -1.982863158425908490e-01 1.074801753528254133e+00 1.269454605308856898e+00 3.882686815598886815e-02 3.748743959159276384e-01 1.818431564764789954e+00 4.711222567233073200e+00 5.538031691154406744e+00 5.538031691154406744e+00 5.538031691154406744e+00 5.538031691154406744e+00
-9.385327843650562940e+00 -8.533950024022283642e+00 -7.995081936435127545e+00 -7.307518910283094193e+00 -6.204490017799459523e+00 -4.772107915634693498e+00 -2.336937653491746758e+00 -2.224857494348524867e+00 4.002536492443363181e-01 7.185222918280123050e-01 -5.733211702144660471e-01 4.043989023998907639e-02 1.254586818193425657e+00 4.095554385909623285e+00 5.540354365587257135e+00 5.540354365587257135e+00 5.540354365587257135e+00 5.540354365587257135e+00
-1.008915582548841527e+01 -9.087266073120463972e+00 -8.647431117917381727e+00 -8.223635376969848920e+00 -7.435432368465445307e+00 -6.507477778359558762e+00 -4.413053913940474970e+00 -2.404409973767462017e+00 -1.934978692536514222e+00 7.685546705557961822e-01 3.492987171425339099e-01 7.267862029058371753e-01 -5.899914431864900638e-02 3.997081296764940728e+00 5.401446184179814480e+00 5.401446184179814480e+00 5.401446184179814480e+00 5.401446184179814480e+00
-1.032230447516833394e+01 -9.921050375604751892e+00 -9.400864570939450715e+00 -9.020187667252928421e+00 -8.408792605390637220e+00 -7.361500568118035659e+00 -5.618804515947656064e+00 -3.491417830540282097e+00 -2.372032034894433483e+00 -5.282661356692474053e-01 5.158337224408837685e-01 1.263268256737740458e+00 5.074642105578753837e-01 4.431309961432816635e+00 5.298257281084390868e+00 5.298257281084390868e+00 5.298257281084390868e+00 5.298257281084390868e+00
-1.048282347852731178e+01 -1.011133602305490342e+01 -9.631778289423483130e+00 -9.236224126235541121e+00 -8.728485501748467712e+00 -7.746985103335864764e+00 -6.365957225480896042e+00 -4.721396048991390870e+00 -2.313807472412260147e+00 -2.168326227041783572e+00 4.025723251215489462e-01 5.892196859956824184e-01 7.223993945959162888e-01 3.937609481984423621e+00 5.137376798708142012e+00 5.137376798708142012e+00 5.137376798708142012e+00 5.137376798708142012e+00
-1.051361519729024252e+01 -1.019858373446793998e+01 -9.775945710442670133e+00 -9.357208877952752246e+00 -8.903692824273790052e+00 -8.030466425529812824e+00 -6.695037682562055004e+00 -5.376014406567435344e+00 -3.478625084940726531e+00 -2.127374541484754467e+00 -1.352746424875652664e+00 2.308139367050823787e-02 7.073730004063188970e-01 3.043799981022139889e+00 5.205600174028997884e+00 5.205600174028997884e+00 5.205600174028997884e+00 5.205600174028997884e+00
-1.050406908956142438e+01 -1.024732361411799175e+01 -9.723901650792340590e+00 -9.509640384598537111e+00 -8.984180010797780724e+00 -8.158044043824862257e+00 -6.825504835266674064e+00 -5.682081973639311556e+00 -4.147153002059816629e+00 -2.991289841161382856e+00 -2.938027341832479600e+00 2.097107942618524346e-01 5.696126350500281266e-01 2.646394648744747613e+00 5.422041356345867591e+00 5.422041356345867591e+00 5.422041356345867591e+00 5.422041356345867591e+00
-1.046404063664505202e+01 -1.022794682998176086e+01 -9.921486355535765966e+00 -9.593596780427741777e+00 -9.108923423130718788e+00 -8.417603721704896458e+00 -7.030287073364092976e+00 -5.782640437410110579e+00 -4.917098302813940336e+00 -3.360933696916645008e+00 -2.778504547038755490e+00 -5.613799752700312506e-01 4.555106095476741945e-01 2.686073452586629884e+00 5.282060276218994765e+00 5.282060276218994765e+00 5.282060276218994765e+00 5.282060276218994765e+00
-1.057983432673858637e+01 -1.023364208327780922e+01 -9.957128414593530152e+00 -9.608545801241673345e+00 -9.212175512754502194e+00 -8.541284875556646838e+00 -7.188976855546934885e+00 -5.752892191103948782e+00 -5.269323517888354402e+00 -3.661015228472948912e+00 -2.386054113914077401e+00 -8.700829800101226308e-01 -3.208039005743379413e-02 2.269001082566313166e+00 5.336630426455104548e+00 5.336630426455104548e+00 5.336630426455104548e+00 5.336630426455104548e+00
-1.053143261402064113e+01 -1.025731406706669446e+01 -9.957700892752502142e+00 -9.662501608463262670e+00 -9.243097150275293217e+00 -8.664743771240608794e+00 -7.352065107018729506e+00 -5.757024207714919406e+00 -5.055336931567053327e+00 -3.146062593662481088e+00 -3.133975907792572180e+00 -1.285450188670227867e+00 3.416561829611033940e-02 2.370444644448092220e+00 5.275468676251808375e+00 5.275468676251808375e+00 5.275468676251808375e+00 5.275468676251808375e+00
-1.054453677312651472e+01 -1.030944736576147491e+01 -1.000955368717249883e+01 -9.668965464018629774e+00 -9.352816739842310767e+00 -8.722305642544231574e+00 -7.442869018101340828e+00 -5.831184066891418105e+00 -5.113148152316392192e+00 -3.737290526065054408e+00 -2.649639357727740396e+00 -1.814540536718075581e+00 6.662886754022892544e-02 2.276813359695106342e+00 4.998077808195661831e+00 4.998077808195661831e+00 4.998077808195661831e+00 4.998077808195661831e+00
-1.065330828093251725e+01 -1.030045923797558771e+01 -1.000686595717671068e+01 -9.682045313578109713e+00 -9.310521968970174811e+00 -8.769011967172327005e+00 -7.566849194407318180e+00 -5.872142029314553646e+00 -5.139741591527322129e+00 -3.857641300581857280e+00 -3.952144605417500678e+00 -2.298200661219479635e+00 -7.071905996252502158e-01 2.166922951357265426e+00 5.298854957490330087e+00 5.298854957490330087e+00 5.298854957490330087e+00 5.298854957490330087e+00
-1.068217209746239149e+01 -1.035527743640186316e+01 -1.001681565133590013e+01 -9.717197528908354087e+00 -9.378111927653986157e+00 -8.947739735998275989e+00 -7.605536748452720985e+00 -5.818250578116114902e+00 -5.290825035118926323e+00 -3.671757576329969908e+00 -3.939496183543625296e+00 -1.760920822331372371e+00 -7.483848827825529959e-01 2.203848238896699119e+00 5.374705838690831072e+00 5.374705838690831072e+00 5.374705838690831072e+00 5.374705838690831072e+00
