-1.027104161152491990e+01 -1.029068480157922139e+01 -1.007700740689545427e+01 -9.722697769944977253e+00 -9.428130737503815695e+00 -9.121689164594412702e+00 -8.615759595492660239e+00 -7.534657683682845608e+00 -5.831711727554491631e+00 -4.463843362370864654e+00 -3.252164506244109354e+00 -2.376902512875761708e+00 -6.628830655640419733e-01 2.355582841242727099e+00 4.894413575656449744e+00 4.894413575656449744e+00 4.894413575656449744e+00 4.894413575656449744e+00
-1.034422794882432228e+01 -1.019947561807312653e+01 -9.971151283097118068e+00 -9.857174561383782674e+00 -9.553109192313243625e+00 -9.060323765330965173e+00 -8.428412899396871438e+00 -7.344260425472386444e+00 -5.720582913054386154e+00 -4.535519734053400143e+00 -3.206179117129673628e+00 -2.300428081263096836e+00 -2.870948697370982461e-01 2.535318087067451209e+00 4.838004157931338867e+00 4.838004157931338867e+00 4.838004157931338867e+00 4.838004157931338867e+00
-1.035937764487105994e+01 -1.005991439897062989e+01 -9.830402226571372637e+00 -9.617171979955264405e+00 -9.565869023058477083e+00 -9.265503161815480837e+00 -8.205677509217055743e+00 -7.238163774835332909e+00 -5.586729493871750662e+00 -4.034309463260190576e+00 -3.457406017708367862e+00 -2.266387476885737939e+00 -8.727423030489063482e-02 2.505351822394291439e+00 4.885805709786692930e+00 4.885805709786692930e+00 4.885805709786692930e+00 4.885805709786692930e+00
-1.037942938645035440e+01 -1.021683901014152163e+01 -1.002978530473435370e+01 -9.487327038569176807e+00 -9.353986195067010456e+00 -9.177118626797430068e+00 -8.380941498864576289e+00 -6.984438352722766474e+00 -5.544275129761706111e+00 -3.557078116351714669e+00 -2.556002842021779742e+00 -1.939106814828594594e+00 4.234904351576662118e-01 2.391444114096641815e+00 5.247562815894486477e+00 5.247562815894486477e+00 5.247562815894486477e+00 5.247562815894486477e+00
-1.041063495548684514e+01 -1.033039284201174013e+01 -1.009512290030752979e+01 -9.706225130033713455e+00 -9.233256323107866592e+00 -8.871361122800589527e+00 -8.361812719749023515e+00 -6.992289725683026980e+00 -5.488493405934036673e+00 -2.627250887458298045e+00 -2.242890099898025902e+00 -9.959219710412867688e-01 7.543537279761032277e-01 2.536475803698653220e+00 5.061395229531610696e+00 5.061395229531610696e+00 5.061395229531610696e+00 5.061395229531610696e+00
-1.049706353107752577e+01 -1.000158664987428025e+01 -1.004703425848893517e+01 -9.970592707122570175e+00 -9.529545265904319606e+00 -8.858286362318763096e+00 -8.005870463275401860e+00 -6.657697985980805200e+00 -4.440668391567180961e+00 -2.115598635996062349e+00 -7.301230980883648414e-01 -3.490706045785743061e-01 5.967654496289925836e-01 2.342090093615637691e+00 4.811613807084867744e+00 4.811613807084867744e+00 4.811613807084867744e+00 4.811613807084867744e+00
-1.030766691647127686e+01 -1.025421507894637330e+01 -1.004330483609449232e+01 -9.768159389201207077e+00 -9.480173956607091057e+00 -8.701688429031666061e+00 -7.772139309816592956e+00 -6.439748142805768794e+00 -2.252462501393621253e+00 -1.785154681923596831e+00 2.715003584488637767e-01 1.322757778117949812e+00 1.529107871672579222e+00 3.455028311467637003e+00 4.633482684553106523e+00 4.633482684553106523e+00 4.633482684553106523e+00 4.633482684553106523e+00
-1.044255435574503821e+01 -1.005742680971944836e+01 -9.943241158260118340e+00 -9.841011250627774487e+00 -9.327646249636710962e+00 -7.964807647477192276e+00 -6.808498460099705163e+00 -2.343037977780591419e+00 -1.779031256906935754e+00 1.535132574063690358e-01 1.415941441722066596e+00 2.163237590753198880e+00 1.588476215089122956e+00 4.446513451199727740e+00 5.413228454723626015e+00 5.413228454723626015e+00 5.413228454723626015e+00 5.413228454723626015e+00
-1.052848019520525114e+01 -1.033466895089396687e+01 -9.721500874921666480e+00 -9.231133223319574199e+00 -7.932839369512098671e+00 -7.592560420197289162e+00 -3.520340576750702777e+00 -2.179336990839988442e+00 -3.990481313920095363e-02 1.688186095588266822e+00 2.164070535883795721e+00 2.959243266805305694e+00 3.460362042018658713e+00 4.865162931419259706e+00 6.215342704580647748e+00 6.215342704580647748e+00 6.215342704580647748e+00 6.215342704580647748e+00
-1.026801727205393711e+01 -9.866293711745193207e+00 -9.477173626848177435e+00 -8.370132285973735264e+00 -7.707687808256786788e+00 -4.623265425157928377e+00 -2.129799094438997287e+00 -5.996008524994318467e-01 2.025238235815780996e+00 2.469314406098665593e+00 3.164594451378828666e+00 3.536846896177355148e+00 5.038883062302366156e+00 5.012003461057716436e+00 5.732361055256543381e+00 5.732361055256543381e+00 5.732361055256543381e+00 5.732361055256543381e+00
-1.028287820322657353e+01 -9.370679806300072912e+00 -8.556452686191898138e+00 -8.477563824266766801e+00 -7.302408544384503486e+00 -2.245862526944066406e+00 -5.893467242979946175e-01 1.444876688496753436e+00 2.753791309269052690e+00 3.234642710055087633e+00 3.222442238604084075e+00 4.740197632535141814e+00 3.101817591960029041e+00 2.408689099655244803e+00 5.290113399379019476e+00 5.290113399379019476e+00 5.290113399379019476e+00 5.290113399379019476e+00
-9.414115128217073192e+00 -8.737209037148215174e+00 -8.014737695615915314e+00 -7.741089332908962284e+00 -3.165995007717953946e+00 -1.753066648353641455e+00 4.907045578098818694e-01 2.265902804827256922e+00 3.117857129203780886e+00 3.318312674200763812e+00 4.650475770152430854e+00 2.846665581058528183e+00 7.767695076536204057e-01 2.521407312449573723e+00 5.433433153887392564e+00 5.433433153887392564e+00 5.433433153887392564e+00 5.433433153887392564e+00
-9.779883083054912163e+00 -8.343945124184283912e+00 -7.217835753332440873e+00 -5.665823333836755182e+00 -2.499615275893884547e+00 -2.934273182539364755e-01 2.298690133659885948e+00 3.240966121016783497e+00 3.439575367186804566e+00 4.257596431853222008e+00 4.829871211949035015e+00 -1.731718918853563938e-01 4.659180045547663407e-01 2.538922093099256649e+00 5.587882564901511806e+00 5.587882564901511806e+00 5.587882564901511806e+00 5.587882564901511806e+00
-9.888704380791763171e+00 -7.683314830814417462e+00 -5.673250712153445008e+00 -2.535217349321478686e+00 -1.572952526224880909e+00 9.401045325966637112e-01 2.945519012866010478e+00 3.315787335536378500e+00 3.491936616523107162e+00 5.124630337341109509e+00 2.516480774226398598e+00 -1.901334024068908057e+00 3.441096340864556735e-01 2.772463483696429254e+00 5.439745697093009369e+00 5.439745697093009369e+00 5.439745697093009369e+00 5.439745697093009369e+00
-9.426212968199752851e+00 -7.414072043107676535e+00 -3.661129178294087794e+00 -2.450805621664355005e+00 -1.925740301722353442e-02 2.610559877227187187e+00 3.258602990130026189e+00 3.400534647671034527e+00 3.715879116512869729e+00 5.804764257766278135e+00 4.375636877524406998e+00 -8.928439157488659017e-01 7.722814526721424322e-01 2.816357032544158479e+00 5.467442143533790322e+00 5.467442143533790322e+00 5.467442143533790322e+00 5.467442143533790322e+00
-9.244879526807734393e+00 -6.161122290631080745e+00 -2.961695360945956423e+00 -1.556534884271737695e+00 9.387538176298537707e-01 3.143795383967467494e+00 3.211897787772635571e+00 3.262610279220628406e+00 4.316744534337601635e+00 6.330158711618688372e+00 6.144214240998255860e+00 1.563331573816933551e+00 7.206603371296891325e-01 2.827086207558158648e+00 5.691503718170906723e+00 5.691503718170906723e+00 5.691503718170906723e+00 5.691503718170906723e+00
-8.331736520182680295e+00 -5.019955535724196949e+00 -2.054643605642357596e+00 -5.455842467493822179e-01 1.799845669957305994e+00 3.251352732389336531e+00 3.375261728880737166e+00 3.428633816622209451e+00 4.301335847320549632e+00 5.001301835751561065e+00 4.689203048312470479e+00 4.842316089185846550e+00 4.147502236467570214e+00 3.153391910157698597e+00 5.688462080866091064e+00 5.688462080866091064e+00 5.688462080866091064e+00 5.688462080866091064e+00
-7.264200518070638601e+00 -4.663743185234496380e+00 -1.427089737920611556e+00 -3.454447252354042597e-01 2.338530062569001533e+00 2.807360822249858501e+00 3.573811632201326471e+00 3.963862698998939393e+00 4.232076440472090084e+00 3.291241577991886658e+00 3.267148324463284403e+00 3.223998094310077001e+00 4.060036196993872082e+00 5.230875766113298297e+00 5.789076973814045957e+00 5.789076973814045957e+00 5.789076973814045957e+00 5.789076973814045957e+00
-7.661280105303571730e+00 -4.829306418748892327e+00 -1.295251586496204643e+00 5.437174803731132933e-01 2.704060686521650325e+00 3.340319307023107864e+00 3.358240061765568996e+00 4.168914612262279995e+00 3.903609826318175102e+00 1.751809906225872293e+00 1.120036706547455241e+00 1.454976573913717042e+00 2.851600487862510747e+00 4.511585426960016854e+00 5.690101052631477252e+00 5.690101052631477252e+00 5.690101052631477252e+00 5.690101052631477252e+00
-7.963881782209993432e+00 -4.965435026836898302e+00 -1.385369062887070957e+00 4.665186519960052847e-01 2.771075455533290821e+00 3.309654350248140364e+00 3.319999902816697990e+00 4.236486571630104336e+00 3.191818311897383076e+00 1.435182344448642233e+00 -9.720990686779058532e-01 9.042546874804823220e-01 2.023365612221677434e+00 3.688488665594160665e+00 5.615823519741192094e+00 5.615823519741192094e+00 5.615823519741192094e+00 5.615823519741192094e+00
-7.821280696524278042e+00 -5.431568466373040138e+00 -2.076072551780264508e+00 3.728063467014667842e-01 2.755118219205184182e+00 3.249913993251141608e+00 3.288365514107677079e+00 4.241953329413856721e+00 3.048056265330621351e+00 1.367778963081148325e+00 -1.059608140127234144e+00 -7.374038283543389583e-03 1.292827178935104904e+00 3.444483621553901642e+00 5.567670529756954423e+00 5.567670529756954423e+00 5.567670529756954423e+00 5.567670529756954423e+00
-7.859339683498166806e+00 -6.213820756975268367e+00 -1.932894267945247435e+00 3.509521416885105771e-01 2.480744653105867670e+00 3.403194176536556093e+00 3.362343605130468482e+00 4.350445913248208285e+00 2.771751536416645401e+00 8.069856154057835074e-01 -2.849086222523568690e+00 -1.812293401698478634e+00 1.230648200090316724e+00 3.289064301487345077e+00 5.499620043135040603e+00 5.499620043135040603e+00 5.499620043135040603e+00 5.499620043135040603e+00
-7.993445097210713612e+00 -6.146033564733789589e+00 -1.890110864009368230e+00 -1.866712313946028434e-02 2.468042120938792827e+00 3.373445289167507521e+00 3.415433976206068145e+00 4.224112374046264939e+00 2.365706708556158944e+00 -1.102059037161083443e+00 -2.864117451651548407e+00 -1.706427639288708775e+00 1.276763162603539392e+00 3.571707079317286926e+00 5.632892125613890855e+00 5.632892125613890855e+00 5.632892125613890855e+00 5.632892125613890855e+00
-7.919020469722854116e+00 -6.720670463935432437e+00 -2.452287536770869636e+00 -9.832091679353601732e-01 2.147096440319440802e+00 3.297771734420401391e+00 3.376486655787716451e+00 3.964156079374610897e+00 2.089398852642370130e+00 -4.118060515583032100e+00 -3.218405980285994339e+00 -1.286098433064317703e+00 1.251210172363336426e+00 3.805163729498115543e+00 5.587197039773829310e+00 5.587197039773829310e+00 5.587197039773829310e+00 5.587197039773829310e+00
-8.119037990702208774e+00 -7.517853517612866909e+00 -3.116669313445907363e+00 -1.639473757549188004e+00 1.330736370462960227e+00 3.235043960345724834e+00 3.371976377298846472e+00 3.254479347037793957e+00 1.599640223815481654e+00 -4.403436691003522974e+00 -2.815597975892861538e+00 -8.866645220144313555e-01 1.592465165230838586e+00 3.772232379155226578e+00 5.507532068959316796e+00 5.507532068959316796e+00 5.507532068959316796e+00 5.507532068959316796e+00
-8.126788330274809624e+00 -7.616045945843819887e+00 -5.346995632764105721e+00 -1.621214009026339609e+00 2.343846450038582496e-01 2.605407464661404937e+00 3.176494775526393699e+00 2.933716322417433631e+00 1.113966461944257968e+00 -4.322737374045593661e+00 -2.195264922113247863e+00 1.158032833781524884e+00 1.964870681440616274e+00 4.217392126487895077e+00 5.444129203168770026e+00 5.444129203168770026e+00 5.444129203168770026e+00 5.444129203168770026e+00
-8.765502864432050956e+00 -7.674313311258502246e+00 -6.849791685545406850e+00 -2.710522889021144355e+00 -1.304657460294458282e+00 6.683138288645129599e-01 1.958282590762104203e+00 1.746810168677237929e+00 1.075494553119327623e+00 -1.686929238476240211e+00 -2.263568737996084934e+00 4.459434605363730708e-01 2.374392109643958193e+00 4.331025330710524202e+00 5.319348232256009723e+00 5.319348232256009723e+00 5.319348232256009723e+00 5.319348232256009723e+00
-9.028897641280966724e+00 -8.514007327408311454e+00 -7.482885780823879784e+00 -5.077794660032163065e+00 -2.041959145135408882e+00 -1.791738447637122977e+00 -2.123955841189442972e-01 4.301215043461849019e-01 4.059596373913333389e-01 -1.153208280796143237e+00 -2.501329260093939411e+00 -9.259597952582150349e-01 1.860758586426649153e+00 4.459056406088802049e+00 5.390816624470829765e+00 5.390816624470829765e+00 5.390816624470829765e+00 5.390816624470829765e+00
-9.261618312112169349e+00 -8.593181140313063793e+00 -8.038005797127457441e+00 -7.415198370305946973e+00 -5.838397378160792961e+00 -3.327059068796066832e+00 -2.449916586237545157e+00 -1.629897845146418556e+00 -7.017894451862770611e-01 -7.095137054902196372e-01 -3.365881403362307900e+00 -9.174566621532898036e-01 1.356683688224752160e+00 4.112368356509770173e+00 5.395269892145599044e+00 5.395269892145599044e+00 5.395269892145599044e+00 5.395269892145599044e+00
-1.039400472641615991e+01 -8.978629354549291008e+00 -8.809235716684721496e+00 -8.450870383647529849e+00 -7.693428177255513312e+00 -6.663035464434059030e+00 -5.529447495056921014e+00 -3.614523268085460650e+00 -3.334269932722027097e+00 -3.025222858713348728e+00 -1.947786741296505753e+00 -1.517645492957717002e+00 7.397516643386681245e-01 4.188811295052916606e+00 5.263015933337589658e+00 5.263015933337589658e+00 5.263015933337589658e+00 5.263015933337589658e+00
-1.044006233485956159e+01 -1.004037154919710062e+01 -9.654509263365834926e+00 -9.209269610755617563e+00 -8.871704790992538392e+00 -7.277237960932262162e+00 -5.744444879068049126e+00 -5.719622128895865742e+00 -5.013236896261302533e+00 -4.225210573666275948e+00 -2.871665699494374557e+00 -2.127897282626567410e+00 5.069779104543624682e-01 4.560916944931713068e+00 5.146723305667461723e+00 5.146723305667461723e+00 5.146723305667461723e+00 5.146723305667461723e+00
-1.058957603740813092e+01 -1.025101363605262605e+01 -9.848198561221918723e+00 -9.585648903784255381e+00 -9.237666205085758975e+00 -7.892471104296991058e+00 -6.001378176071199277e+00 -5.905967312239567946e+00 -5.103413914626431236e+00 -4.627952668003622705e+00 -2.809702352746756393e+00 -2.415985762992956865e+00 3.256951647434522812e-01 4.399145490484628773e+00 5.155569269005445321e+00 5.155569269005445321e+00 5.155569269005445321e+00 5.155569269005445321e+00
-1.058477785842814711e+01 -1.027604446062875354e+01 -1.001009311161162074e+01 -9.664965363660680708e+00 -9.355792464776301998e+00 -8.312344542142025006e+00 -6.104714321962106283e+00 -5.838999014238006602e+00 -5.145431548061983662e+00 -4.337610454114837921e+00 -2.789875159155454476e+00 -2.516807011169961417e+00 5.077106073845698564e-01 3.544665046305086165e+00 4.971726682347910042e+00 4.971726682347910042e+00 4.971726682347910042e+00 4.971726682347910042e+00
-1.052208458161936733e+01 -1.042762419358547277e+01 -9.925460556766850573e+00 -9.676507782528764423e+00 -9.386448909843533528e+00 -8.596936314742768204e+00 -6.256777374637961131e+00 -6.149426650582670462e+00 -5.323175935912829004e+00 -4.199238687722632868e+00 -3.302450637396172617e+00 -2.307746119101129700e+00 4.353355703683743361e-01 3.381310661405944273e+00 5.255106671367318683e+00 5.255106671367318683e+00 5.255106671367318683e+00 5.255106671367318683e+00
-1.051864688470547726e+01 -1.041680886967264286e+01 -9.972537608672226384e+00 -9.754242611290560916e+00 -9.402352742132260133e+00 -8.713100541978231917e+00 -6.806831798965594871e+00 -6.068410845191051450e+00 -5.573475120410168238e+00 -4.435668844719033999e+00 -3.325787439373202758e+00 -2.550552312877072847e+00 3.587478618556342314e-01 3.494676054288858857e+00 5.354200925273742584e+00 5.354200925273742584e+00 5.354200925273742584e+00 5.354200925273742584e+00
-1.061473562242377611e+01 -1.028674055953392852e+01 -9.981822400782697002e+00 -9.717024809384962936e+00 -9.405528315096701064e+00 -8.940245500359848663e+00 -7.028171258105630592e+00 -5.926245957931103092e+00 -5.918496332040913188e+00 -4.923473287979391877e+00 -3.130453766835563201e+00 -2.895120415718554163e+00 1.872613587914562505e-01 3.147420651473176623e+00 5.192288199592905329e+00 5.192288199592905329e+00 5.192288199592905329e+00 5.192288199592905329e+00
-1.060772318560250227e+01 -1.030862973221145751e+01 -1.003767438137062129e+01 -9.758245361139762153e+00 -9.425907638400223831e+00 -9.019010214494088018e+00 -7.468200771020436335e+00 -5.839346238276991841e+00 -5.675951840502834855e+00 -5.377301451676899546e+00 -2.947737758555148080e+00 -2.625512953902459756e+00 2.424434864148796442e-01 3.133606982979105560e+00 5.174113265994029653e+00 5.174113265994029653e+00 5.174113265994029653e+00 5.174113265994029653e+00
-1.072818863489957053e+01 -1.045891773302045635e+01 -1.003370322835542083e+01 -9.756010230282729623e+00 -9.473188858496341069e+00 -8.971062787386717474e+00 -7.741607007054831513e+00 -6.156662346712762357e+00 -5.874840892237910950e+00 -5.407324013637857973e+00 -3.574670110965434855e+00 -2.727963556031893777e+00 3.704457161570113843e-01 2.987030229095370082e+00 5.012200540313192398e+00 5.012200540313192398e+00 5.012200540313192398e+00 5.012200540313192398e+00
-1.074070390536543762e+01 -1.041080965610516884e+01 -1.003723881866108414e+01 -9.849704364452774641e+00 -9.517620888365325271e+00 -9.009303773485351385e+00 -7.910535174194869512e+00 -6.120588296707527576e+00 -5.901578090186776038e+00 -5.484273090366170500e+00 -3.489206368081228860e+00 -2.437244349096213014e+00 1.660789863296061319e-01 3.044319255242801781e+00 5.043923274703814741e+00 5.043923274703814741e+00 5.043923274703814741e+00 5.043923274703814741e+00
-1.071770331599486070e+01 -1.039747709048221580e+01 -1.003113157378864528e+01 -9.838680758395462078e+00 -9.521472725160494477e+00 -9.156308576682292255e+00 -8.042271707557114624e+00 -5.804973703866531665e+00 -5.967609092294328121e+00 -5.147016878429207409e+00 -3.247982112084450534e+00 -2.168789474859305066e+00 6.036164842014080101e-02 2.991675273681145164e+00 5.087180445707048193e+00 5.087180445707048193e+00 5.087180445707048193e+00 5.087180445707048193e+00
