-1.044513558417055776e+01 -1.051994292507491302e+01 -1.002167299757613961e+01 -9.669820933388839634e+00 -9.344614470591977806e+00 -8.988580411982903584e+00 -8.379390049211735914e+00 -7.129470547085675847e+00 -3.522452546200848023e+00 -3.430933613368865043e+00 -2.517085270666494790e+00 2.707114488915923767e-01 2.106804419999351308e-01 2.070469562518199691e+00 5.186588147691922224e+00 5.186588147691922224e+00 5.186588147691922224e+00 5.186588147691922224e+00
-1.047684458137649521e+01 -1.017199963014215314e+01 -1.003548396332539738e+01 -9.813335231457742225e+00 -9.434813832094990360e+00 -8.935674282186951700e+00 -8.163893023481254119e+00 -6.697253973359107881e+00 -3.081684300821627254e+00 -3.918571981806182158e+00 -1.886357450994121443e+00 -8.397068207303780285e-02 1.123587219869887299e+00 1.991045785007651281e+00 5.119908508199452868e+00 5.119908508199452868e+00 5.119908508199452868e+00 5.119908508199452868e+00
-1.030176267740970886e+01 -1.001036870390538169e+01 -9.828472015602716993e+00 -9.987517072537562157e+00 -9.676786646083138876e+00 -9.090830656151407396e+00 -8.140650389509529461e+00 -6.538737308686431327e+00 -2.730612755805410519e+00 -4.019924531050858896e+00 -7.850998168430661783e-01 -8.018813290040630037e-02 1.698219243265864264e+00 2.041896559709534653e+00 5.368364926216237620e+00 5.368364926216237620e+00 5.368364926216237620e+00 5.368364926216237620e+00
-1.038551773739957262e+01 -1.032372752985238051e+01 -9.756676653015281531e+00 -9.359634334788079713e+00 -9.286594893022755315e+00 -9.335229943753635240e+00 -8.141369058359115840e+00 -5.989827890387021903e+00 -2.543656343730479996e+00 -3.851878781925906825e+00 -3.639574336456533610e-01 4.685294059127431132e-01 1.378575454635171615e+00 2.057915623281494355e+00 4.864348866309692099e+00 4.864348866309692099e+00 4.864348866309692099e+00 4.864348866309692099e+00
-1.058137276004493899e+01 -1.029522334499495173e+01 -9.937292263765151290e+00 -9.621359967437157934e+00 -9.040437828144542109e+00 -8.646194505162016597e+00 -8.030414158046049522e+00 -4.890111418864403703e+00 -2.987582411386840775e+00 -3.386756191544177508e+00 2.112682832578034464e-01 6.450716880706418577e-01 1.531055330894769639e+00 2.319717840138995513e+00 4.754652186187652063e+00 4.754652186187652063e+00 4.754652186187652063e+00 4.754652186187652063e+00
-1.037836197468455346e+01 -1.012178925471725321e+01 -1.019425923893357755e+01 -9.875847287839571109e+00 -9.321765447854350128e+00 -8.492199179876671167e+00 -7.616598063811827579e+00 -3.498974073839764554e+00 -4.278044504998451458e+00 -1.924631959444270679e+00 6.803660143196357257e-01 1.139543246938281351e+00 1.663198535317768290e+00 2.114570071612059454e+00 4.464802215685584663e+00 4.464802215685584663e+00 4.464802215685584663e+00 4.464802215685584663e+00
-1.062082448589671912e+01 -1.016934742861582741e+01 -1.001959989822125152e+01 -9.838661496313335419e+00 -9.315455391851811484e+00 -8.533110814245931763e+00 -6.945211490440854618e+00 -2.736114167890274729e+00 -4.250133838974212708e+00 -6.797427996206104606e-01 7.538997911599742974e-01 1.932912657902655429e+00 1.650153082357389334e+00 3.106033077036399970e+00 4.371967607062796191e+00 4.371967607062796191e+00 4.371967607062796191e+00 4.371967607062796191e+00
-1.040845531304177918e+01 -1.024483075064478399e+01 -1.018474528878594398e+01 -9.806779045854122856e+00 -9.248832866409999909e+00 -8.369491376948685613e+00 -4.949629067768151813e+00 -3.248593298957234143e+00 -3.398600410330548716e+00 2.340103952130569709e-01 1.359076393289797346e+00 2.097104919612531759e+00 1.854015680220749918e+00 4.282414505108319780e+00 5.302309536711041993e+00 5.302309536711041993e+00 5.302309536711041993e+00 5.302309536711041993e+00
-1.036086714936997666e+01 -1.009436651529860818e+01 -9.501279489374139686e+00 -9.248212305208156181e+00 -8.432889625940982015e+00 -7.044713454560142196e+00 -3.434577055686191205e+00 -4.229454900097825210e+00 -2.210546806765291805e+00 8.373401823824789814e-01 2.113333458656454944e+00 2.722382021174203803e+00 3.307543202520438097e+00 4.680367434032927321e+00 5.302818429730791649e+00 5.302818429730791649e+00 5.302818429730791649e+00 5.302818429730791649e+00
-1.054739389601400745e+01 -1.024122703173407167e+01 -9.436039977647629584e+00 -8.473888369689504430e+00 -7.461149251943584915e+00 -5.489074757564129214e+00 -2.815066454020620501e+00 -4.118449284099167329e+00 -1.479894502514686738e-01 1.512850489264107923e+00 2.896199080524725300e+00 3.391273390769400820e+00 4.854922250311026310e+00 4.906560980821615736e+00 5.361092699490119351e+00 5.361092699490119351e+00 5.361092699490119351e+00 5.361092699490119351e+00
-1.018258956766415402e+01 -9.595122152072201871e+00 -9.046876423702048697e+00 -8.468249468394951407e+00 -6.972168206033851234e+00 -3.724782734244559634e+00 -3.589458875174813102e+00 -2.759100768883436583e+00 8.126791552296941390e-01 2.827514849254206375e+00 2.973109252388725476e+00 4.500131101272769385e+00 2.897397499315278679e+00 2.230308725484994259e+00 5.699647083135941372e+00 5.699647083135941372e+00 5.699647083135941372e+00 5.699647083135941372e+00
-9.888627837081006788e+00 -9.099645536007054503e+00 -8.323980841973892097e+00 -8.019240542083132084e+00 -5.519100810548335012e+00 -2.688653206209624891e+00 -3.372786636080016276e+00 -4.775230013435444731e-01 1.830051687097550062e+00 3.216028582190988416e+00 4.381240237779615576e+00 3.727788516155110976e+00 1.989701485989169294e+00 2.396178421527533242e+00 5.304915471757558620e+00 5.304915471757558620e+00 5.304915471757558620e+00 5.304915471757558620e+00
-9.520704025324407738e+00 -8.684053531496831013e+00 -7.933035249867909755e+00 -6.416975416067510984e+00 -4.256687191820125449e+00 -3.246258696940909516e+00 -3.290990045502671713e+00 5.380159817514401643e-01 3.438003859760827563e+00 4.011419164292056472e+00 4.637100878813140703e+00 2.076501021481606202e+00 5.021850573688666497e-01 2.307237887456903280e+00 5.066331327333748469e+00 5.066331327333748469e+00 5.066331327333748469e+00 5.066331327333748469e+00
-1.006569055895685771e+01 -8.034812694300590863e+00 -6.833526451162842186e+00 -5.356782395699790200e+00 -2.796813319260071484e+00 -2.221211026203056882e+00 -2.212898729891062732e+00 1.692894072691708995e+00 3.274364779151245575e+00 4.910764443136232060e+00 3.249679723780874330e+00 -1.951207389209129506e+00 4.038889001411175572e-01 2.491567261069913553e+00 5.236763040225569377e+00 5.236763040225569377e+00 5.236763040225569377e+00 5.236763040225569377e+00
-9.493671867775216100e+00 -7.766903145845702738e+00 -5.902211438974702240e+00 -4.429492914161884620e+00 -2.189471518750611967e+00 -2.862127434015336647e+00 -4.865677474410144698e-02 2.801423748441671524e+00 3.511308300647214331e+00 5.506227516169502678e+00 4.330936999996874981e+00 -8.105498962038697464e-01 1.042667861924752026e+00 2.637923948684866904e+00 5.195818588501175839e+00 5.195818588501175839e+00 5.195818588501175839e+00 5.195818588501175839e+00
-9.035723010820273515e+00 -7.069440680427301338e+00 -5.214646214513534161e+00 -3.627306426248113613e+00 -2.097149968562753042e+00 -2.472263007683520808e+00 1.156357032838273291e+00 2.963535678165143850e+00 4.069357636717900739e+00 6.160355149685851295e+00 5.902622067711717158e+00 2.036370912033887759e+00 6.828405388271366894e-01 2.644094282644680050e+00 5.203289817856417088e+00 5.203289817856417088e+00 5.203289817856417088e+00 5.203289817856417088e+00
-8.827939035608347140e+00 -6.616063504101704851e+00 -4.561359151296086267e+00 -2.752207401253091046e+00 -2.201014291662564126e+00 -1.427561073937287706e+00 2.468982675665484461e+00 3.286580516204300029e+00 4.157753155091604924e+00 5.066029961905778478e+00 4.523745746383394106e+00 4.638014581207656306e+00 3.633326058311530105e+00 3.184305249156749618e+00 5.512371327821258937e+00 5.512371327821258937e+00 5.512371327821258937e+00 5.512371327821258937e+00
-8.032954492843652261e+00 -6.312571648165020477e+00 -4.172448118883566259e+00 -2.207546632442768164e+00 -2.475792382592193253e+00 2.875626729490147193e-01 3.575462298523212734e+00 3.857686726105620689e+00 3.927489712806201183e+00 3.225077747587047128e+00 3.211525234834301745e+00 3.134289173735204326e+00 3.865097292023576436e+00 5.061162353410217918e+00 5.303399917690902576e+00 5.303399917690902576e+00 5.303399917690902576e+00 5.303399917690902576e+00
-7.647397320265190146e+00 -6.191738108903932947e+00 -3.785163240234882487e+00 -2.019480801068787024e+00 -2.379794814210793863e+00 9.090654121244884367e-01 3.025200156152752839e+00 3.763944980807283791e+00 3.724349014340785580e+00 1.808723837292446124e+00 1.487181513992692716e+00 1.522501074741813509e+00 2.752975010573139869e+00 4.230295941812363125e+00 5.272016461327007519e+00 5.272016461327007519e+00 5.272016461327007519e+00 5.272016461327007519e+00
-8.059609917047621863e+00 -6.224081346252082980e+00 -3.576025807858718153e+00 -2.647928155922465887e+00 -1.804643830509544689e+00 1.163509233392768794e+00 3.211226008879118243e+00 3.897864896595667705e+00 3.006260648568924498e+00 1.524654855908434525e+00 8.283676965329405117e-01 9.607659763446406709e-01 1.949968835556520119e+00 3.580878985459663433e+00 5.296849011287465103e+00 5.296849011287465103e+00 5.296849011287465103e+00 5.296849011287465103e+00
-8.285857876578964110e+00 -6.422781845837620018e+00 -3.989198839225898574e+00 -2.815866137962475868e+00 -2.008291616775476296e+00 7.488991981302343115e-01 3.183833556113588870e+00 3.989588175036423934e+00 2.956335604004221018e+00 1.390979352243706613e+00 5.645967392699664522e-01 3.668374764551112222e-01 1.222376210065950763e+00 3.222475294346955010e+00 5.256229638536477289e+00 5.256229638536477289e+00 5.256229638536477289e+00 5.256229638536477289e+00
-8.156969767741736987e+00 -6.598728000150178907e+00 -3.921632730202574635e+00 -2.263646679761941449e+00 -2.079794431167658164e+00 8.675706166274345099e-01 3.343608956739562377e+00 4.012526469965437492e+00 2.750775458243688742e+00 1.114321090098448597e+00 -2.322966267318509193e+00 -1.579243359220922738e+00 1.149402061142281495e+00 3.100998206702240800e+00 5.241292133690908628e+00 5.241292133690908628e+00 5.241292133690908628e+00 5.241292133690908628e+00
-8.167033226157840886e+00 -6.962525929964344940e+00 -4.691819581245143311e+00 -2.317146800597831735e+00 -1.840694043544186087e+00 3.968129265466731059e-01 3.512901462815172238e+00 3.892949471087757018e+00 2.311866850891389991e+00 7.546108383576566325e-01 -2.504464351768526331e+00 -1.539111044157106312e+00 1.122699187753590122e+00 3.395778447060865179e+00 5.518907816907319130e+00 5.518907816907319130e+00 5.518907816907319130e+00 5.518907816907319130e+00
-8.144634159322464484e+00 -7.183344767022715516e+00 -5.192678809730761458e+00 -3.027467336978963086e+00 -1.718578321419468535e+00 -1.098640253131450750e+00 2.166345218595547628e+00 3.661282835739896768e+00 2.055099552328418788e+00 -1.602735205288027931e+00 -2.652494160511076338e+00 -1.291227684344188775e+00 1.195482212450401427e+00 3.654978031364051194e+00 5.220942679846412915e+00 5.220942679846412915e+00 5.220942679846412915e+00 5.220942679846412915e+00
-8.007807952606325941e+00 -7.207231193059933538e+00 -5.726315695163570751e+00 -3.925446756970067064e+00 -2.073280671952472787e+00 -2.399271981209628368e+00 5.429098215163944419e-01 2.860828424717265506e+00 2.366220172555249412e+00 -3.722131116524757921e+00 -2.454599622062945574e+00 -6.212483771733525728e-01 1.438106123036853479e+00 3.664400372209648538e+00 5.373535413115535064e+00 5.373535413115535064e+00 5.373535413115535064e+00 5.373535413115535064e+00
-8.381788322540636216e+00 -7.745207795902743442e+00 -6.599099139483618259e+00 -4.816663772649896202e+00 -3.033170856528161430e+00 -2.485557850151245862e+00 -7.790398134301594890e-01 1.419765417964607090e+00 2.176680876333334069e+00 -3.180373457561882944e+00 -4.038576706462542187e-01 1.026676021227216573e+00 1.887646121021496981e+00 4.239015605391118768e+00 5.358597908269968180e+00 5.358597908269968180e+00 5.358597908269968180e+00 5.358597908269968180e+00
-8.798537301985410508e+00 -7.888367221131622919e+00 -7.053663817711274930e+00 -5.672811046414317104e+00 -4.030530310340028954e+00 -2.556992973265344915e+00 -2.589285060137315853e+00 6.171783249311954545e-02 1.440278724834690660e+00 2.296908054147359657e-01 3.708299519513464371e-01 5.620460460039290451e-01 2.185682896146855292e+00 4.701697985197889729e+00 5.316640688571778739e+00 5.316640688571778739e+00 5.316640688571778739e+00 5.316640688571778739e+00
-9.150200734882872666e+00 -8.224965087784951834e+00 -7.411281177672853104e+00 -6.485396679638821382e+00 -5.089614892144473046e+00 -3.522860072472878912e+00 -2.729582717893985322e+00 -2.138641709931715429e+00 4.918840553275912741e-01 1.398602732234223822e+00 4.900539171183625475e-01 1.754922913859121580e-01 1.793211538619315704e+00 4.776561710182694043e+00 5.301703183726210966e+00 5.301703183726210966e+00 5.301703183726210966e+00 5.301703183726210966e+00
-9.400314557702959206e+00 -8.538798762705805956e+00 -7.911026251880677762e+00 -7.271777023638274606e+00 -6.307701250102570434e+00 -5.035943163813257684e+00 -2.634879446310107731e+00 -2.727710239013626303e+00 -3.057523921983774096e-01 9.617455477940953790e-01 1.054348137363409821e+00 5.800604346645082954e-01 1.017628400615265161e+00 4.081158567006946569e+00 5.263272047402359100e+00 5.263272047402359100e+00 5.263272047402359100e+00 5.263272047402359100e+00
-9.932841086624193849e+00 -9.020870004136673614e+00 -8.544952918447183521e+00 -8.080245348422570473e+00 -7.368388541024273763e+00 -6.481276143081254659e+00 -4.188624911371710446e+00 -2.584179212001967318e+00 -2.141275674113594096e+00 3.763031431914985458e-01 1.014040728897950272e+00 9.767053916596057928e-01 8.568114568466561609e-02 3.936525611856019680e+00 5.448883967996401623e+00 5.448883967996401623e+00 5.448883967996401623e+00 5.448883967996401623e+00
-1.030436466616758651e+01 -9.864731331230155220e+00 -9.368529564542757981e+00 -8.879046070157549764e+00 -8.252243024692750950e+00 -7.298044430495291834e+00 -5.463133001574610681e+00 -2.614995025086829017e+00 -2.871041912353222703e+00 -3.515709847021987744e-01 7.212043277435333799e-01 1.062557299153130685e+00 3.047122818856760063e-01 4.414614697238603114e+00 5.433946463150829409e+00 5.433946463150829409e+00 5.433946463150829409e+00 5.433946463150829409e+00
-1.041376866888860420e+01 -1.004005539322359120e+01 -9.583153027631089671e+00 -9.165439385139938722e+00 -8.607510051929006423e+00 -7.609132475560838493e+00 -6.362747306053842422e+00 -3.589023551264214795e+00 -2.864601330802213131e+00 -2.300893185307817390e+00 3.606251524294772359e-01 1.012182935970311837e+00 7.533050929458859901e-01 3.154707577905457860e+00 5.391989243452642633e+00 5.391989243452642633e+00 5.391989243452642633e+00 5.391989243452642633e+00
-1.046708058789990403e+01 -1.016124797527913870e+01 -9.751177512880914833e+00 -9.307381515821187890e+00 -8.854917305804891114e+00 -7.914670511871916503e+00 -6.691264783726982301e+00 -5.012089523659290613e+00 -2.435549507459518814e+00 -3.053461709702933735e+00 9.861645105590852167e-02 8.973052679844665258e-01 5.792084273021480545e-01 2.828068543935769341e+00 5.377051738607070419e+00 5.377051738607070419e+00 5.377051738607070419e+00 5.377051738607070419e+00
-1.047055565421333156e+01 -1.014395163775525077e+01 -9.767716751367432337e+00 -9.440695715494603846e+00 -8.920015961067925048e+00 -8.110267572290538851e+00 -6.920518622337057835e+00 -5.592755502119548972e+00 -2.947295932133249696e+00 -3.246327954546317507e+00 -6.833045316157659865e-01 6.391503225742686256e-01 6.119654956094414677e-01 2.691625402857074523e+00 5.224696311398705717e+00 5.224696311398705717e+00 5.224696311398705717e+00 5.224696311398705717e+00
-1.049276195617951224e+01 -1.017075489853081649e+01 -9.869340415940685673e+00 -9.520978806470210998e+00 -9.034689981189607977e+00 -8.280909460431661984e+00 -7.105591623470738583e+00 -5.674905393683467913e+00 -4.225702488880683561e+00 -3.221858037787990625e+00 -1.982849431975463705e+00 4.143160505978270569e-01 5.130797299369866948e-01 2.915655386669322446e+00 5.398257898781343656e+00 5.398257898781343656e+00 5.398257898781343656e+00 5.398257898781343656e+00
-1.053916896069200249e+01 -1.020944668041262560e+01 -9.894917821740463637e+00 -9.521140589408894073e+00 -9.102523305298792167e+00 -8.391106028240608694e+00 -7.219105562018966360e+00 -5.868037045394228102e+00 -4.749074776367826267e+00 -2.855110726194360460e+00 -2.765214392301759805e+00 8.294477309665074238e-02 5.905848860527883604e-01 2.525498520649877676e+00 5.509295018031695079e+00 5.509295018031695079e+00 5.509295018031695079e+00 5.509295018031695079e+00
-1.057350840248648893e+01 -1.023388960597839059e+01 -9.950150324135490720e+00 -9.601533344696143502e+00 -9.158930353676876024e+00 -8.562195879004731225e+00 -7.323540895603788847e+00 -5.863276819488211444e+00 -4.855556583835452855e+00 -2.541924705298474141e+00 -3.059309038929699298e+00 -2.559014166415845559e-01 -1.028735266365982670e-01 2.653898911318573361e+00 5.494357513186136188e+00 5.494357513186136188e+00 5.494357513186136188e+00 5.494357513186136188e+00
-1.055137543651709642e+01 -1.029290322641301181e+01 -9.945267386969522505e+00 -9.629677577901190944e+00 -9.234348559473556151e+00 -8.607924060366840990e+00 -7.382555482239559375e+00 -5.881685163598300292e+00 -5.068800052970389380e+00 -2.669281033227904221e+00 -2.838758229798107990e+00 -4.753652475288379087e-01 -2.697056454984488871e-01 2.567312727587262255e+00 5.452400293487930760e+00 5.452400293487930760e+00 5.452400293487930760e+00 5.452400293487930760e+00
-1.061346402079773377e+01 -1.028581716079058062e+01 -9.936950109619719029e+00 -9.605566612956357275e+00 -9.297037543592727715e+00 -8.646548389136677670e+00 -7.515954270646764357e+00 -5.915968467227352257e+00 -5.221829600730736765e+00 -3.163715707252490184e+00 -3.080101914810611241e+00 -1.109900735269391259e+00 -1.262898251126135518e-01 2.505498629870709149e+00 5.302117294805563041e+00 5.302117294805563041e+00 5.302117294805563041e+00 5.302117294805563041e+00
-1.061481194077996548e+01 -1.029643715301243390e+01 -9.923568035956771283e+00 -9.646619315289473917e+00 -9.330302459672960680e+00 -8.836067836799804454e+00 -7.495746440861811521e+00 -5.734029306940743531e+00 -5.360976113391050291e+00 -3.587769066770998716e+00 -3.259250297164332455e+00 -1.924169300957716100e+00 -3.330631896951847248e-01 2.359982724904011953e+00 5.464182297769960783e+00 5.464182297769960783e+00 5.464182297769960783e+00 5.464182297769960783e+00
