-1.052608666869025456e+01 -1.023393685781070417e+01 -9.968297422639306404e+00 -9.616017064925134861e+00 -9.289953943581357620e+00 -8.949915367333222349e+00 -8.185901449977929900e+00 -6.511105607790582006e+00 -4.031157983201871353e+00 -3.807547741106575234e+00 -2.486122096705603468e+00 -4.867440121797791952e-01 1.635480425551754102e+00 2.119147308133067398e+00 5.561636428062858961e+00 5.561636428062858961e+00 5.561636428062858961e+00 5.561636428062858961e+00
-1.045215406632656752e+01 -1.015806320229051707e+01 -9.995386983783541623e+00 -9.761986006327642684e+00 -9.364497034325028224e+00 -8.831473830962115912e+00 -7.931735674307978101e+00 -5.938844657744343003e+00 -4.250754542879127129e+00 -4.275641567959319822e+00 -1.655559844331421671e+00 9.965450700077441160e-02 1.654856565898062515e+00 2.085021007005959159e+00 5.504469647818712730e+00 5.504469647818712730e+00 5.504469647818712730e+00 5.504469647818712730e+00
-1.025590023811735207e+01 -9.812289938348760288e+00 -9.967570337969942074e+00 -9.855762000108878595e+00 -9.513261496316467003e+00 -8.921761727649217377e+00 -7.902589264618763210e+00 -5.553708026375371531e+00 -2.951760808399044755e+00 -3.719946776479435169e+00 -9.025753494815831335e-01 2.932635098820922381e-02 2.168554641139217587e+00 2.096917744774776882e+00 5.746752309713219375e+00 5.746752309713219375e+00 5.746752309713219375e+00 5.746752309713219375e+00
-1.041538669470149614e+01 -1.017788843761053030e+01 -9.676727219333480789e+00 -9.389310723079807630e+00 -9.379497776435838929e+00 -8.992501984213497224e+00 -7.728454743262744842e+00 -4.546880298838677170e+00 -2.907436885039988539e+00 -2.306501041168698141e+00 -7.538462891967170343e-01 3.598079781952403522e-01 2.177229573955638209e+00 2.129146885532372302e+00 5.110116861184112125e+00 5.110116861184112125e+00 5.110116861184112125e+00 5.110116861184112125e+00
-1.051399200418744329e+01 -1.019903448763302656e+01 -9.959174064996343390e+00 -9.455178116613881301e+00 -8.938180136131098408e+00 -8.579426426759871660e+00 -7.077675170849167863e+00 -4.152111089034972835e+00 -3.421260059813745258e+00 -3.369059258788041245e+00 -6.302209430832543813e-01 1.333186639272838647e+00 1.726632112753331949e+00 2.365002578392062293e+00 5.057849968010288855e+00 5.057849968010288855e+00 5.057849968010288855e+00 5.057849968010288855e+00
-1.022426710045341558e+01 -1.012073120913487401e+01 -1.017841144328275327e+01 -9.789560259444689549e+00 -9.196804320146144462e+00 -8.226991868295126409e+00 -6.527297085518953601e+00 -4.992234020025639651e+00 -3.948332305847098933e+00 -2.243336770951037895e+00 -4.411130177945487008e-01 1.375692567983072934e+00 1.596572484089636257e+00 2.151386775862631051e+00 4.653285553240229078e+00 4.653285553240229078e+00 4.653285553240229078e+00 4.653285553240229078e+00
-1.051818348292771788e+01 -1.018931143725310839e+01 -1.005009080678080835e+01 -9.679139865288563627e+00 -9.176880118241815154e+00 -8.232776086585070985e+00 -5.252275500943962783e+00 -5.247686546220387882e+00 -3.498852324064431141e+00 -1.215064111069889874e+00 7.824074769232129967e-01 1.869892635393763047e+00 1.734035617831489517e+00 2.984267107789665197e+00 4.461087709810788837e+00 4.461087709810788837e+00 4.461087709810788837e+00 4.461087709810788837e+00
-1.039517209651229557e+01 -1.024955029737955492e+01 -1.009585246571209538e+01 -9.624637085031620742e+00 -9.075827228568163818e+00 -7.906307226676830169e+00 -4.120173643880204573e+00 -4.759704045414283158e+00 -3.229151364446759320e+00 -1.059670759014091024e+00 1.305921967665815808e+00 2.004173005423671938e+00 1.906054080625968261e+00 4.275381844403516318e+00 5.562847444791214180e+00 5.562847444791214180e+00 5.562847444791214180e+00 5.562847444791214180e+00
-1.050058484619528976e+01 -9.986697030734211111e+00 -9.637099777680948165e+00 -9.530022627018036374e+00 -8.430947386553221179e+00 -6.899915821644716729e+00 -3.689887468457999198e+00 -4.916211626209288532e+00 -1.935944209434043106e+00 -2.503910158768438143e-01 1.872210416046493631e+00 2.585199089748778434e+00 3.222793894055082209e+00 4.672093795963215612e+00 5.583942177013694774e+00 5.583942177013694774e+00 5.583942177013694774e+00 5.583942177013694774e+00
-1.056675730921404011e+01 -1.010399924250964965e+01 -9.335232492073647137e+00 -8.424018569191671801e+00 -7.589738856792862975e+00 -5.524039335997684930e+00 -2.608749460314880420e+00 -3.915279628328971917e+00 -1.079241839426791527e+00 5.914922862597878916e-01 2.690143127077046170e+00 3.320402854708633722e+00 4.888594702949244919e+00 4.916228128915592244e+00 5.768535736537079295e+00 5.768535736537079295e+00 5.768535736537079295e+00 5.768535736537079295e+00
-1.029390311950689174e+01 -9.683270414276243798e+00 -8.932134085901454412e+00 -8.454626484453495294e+00 -6.783938153173351360e+00 -4.351437620517261351e+00 -3.793930602916987471e+00 -2.530090169316141946e+00 -1.487564642580798124e-01 1.971758663125792399e+00 2.823103060844901258e+00 4.500226212556505345e+00 3.074493561820394127e+00 2.194841032688276350e+00 5.807081651283455770e+00 5.807081651283455770e+00 5.807081651283455770e+00 5.807081651283455770e+00
-9.940558537886625246e+00 -9.159298947138230673e+00 -8.624057897375227100e+00 -7.750880503499141483e+00 -6.071434664375631840e+00 -3.109357196691360681e+00 -3.873002765367930866e+00 -2.206674287587454764e+00 4.522167154803587996e-01 3.096586281310956146e+00 4.428284514455894438e+00 3.739589921314188548e+00 2.023486272740117720e+00 2.450543284420370949e+00 5.896165728364544556e+00 5.896165728364544556e+00 5.896165728364544556e+00 5.896165728364544556e+00
-9.545729264795227209e+00 -8.816153821034937721e+00 -7.932205288393237019e+00 -6.787288869048006212e+00 -4.971362967767124275e+00 -2.396370697921368365e+00 -3.961101136390816180e+00 -7.877192975321510859e-01 1.505396680437916190e+00 3.862148474775485951e+00 4.490085945618299768e+00 2.069221714422077696e+00 1.525833246044850267e+00 2.380645296459008353e+00 5.610081829607819870e+00 5.610081829607819870e+00 5.610081829607819870e+00 5.610081829607819870e+00
-9.901765875606963974e+00 -8.198983917959630219e+00 -7.250462014305835368e+00 -5.785158925500308413e+00 -3.914251007817938000e+00 -2.046271707544312424e+00 -3.105927482765708181e+00 4.041484444963805434e-02 3.166984116704103513e+00 4.882133429141955361e+00 3.241385963041161222e+00 -1.967870598404351856e+00 3.885286261828366783e-01 2.465904489847608794e+00 5.456750147160824405e+00 5.456750147160824405e+00 5.456750147160824405e+00 5.456750147160824405e+00
-9.729043898120433909e+00 -7.771452756350075042e+00 -6.360712631549525042e+00 -4.861792387503613533e+00 -2.699881731882348923e+00 -1.974321208553628804e+00 -2.310223096736882198e+00 8.728292013686018702e-01 3.314661763975200071e+00 5.436487511698204322e+00 4.338207504897992450e+00 -1.090257423479179977e+00 9.929828570956411582e-01 2.404319223787836801e+00 5.560431075544109980e+00 5.560431075544109980e+00 5.560431075544109980e+00 5.560431075544109980e+00
-9.050725747283204115e+00 -7.344220119544005776e+00 -5.720442529324180292e+00 -3.911599386129799072e+00 -3.257960111827473249e+00 -2.214326606108488971e+00 -1.755393960818420362e+00 2.493884422469704543e+00 3.971615470853860241e+00 6.011842746956672201e+00 5.858554346901513554e+00 1.964473753009454704e+00 7.075783290364709988e-01 2.655865000308829327e+00 5.537401350560326563e+00 5.537401350560326563e+00 5.537401350560326563e+00 5.537401350560326563e+00
-8.834597977558864557e+00 -6.869020691510995036e+00 -5.116507617868906621e+00 -3.273328390332188587e+00 -3.509586267722318631e+00 -2.860057458830524535e+00 -6.193158111867402837e-01 3.261206587404732460e+00 4.126906316765831306e+00 4.982896328022957455e+00 4.519858113196690397e+00 4.486181444457557177e+00 3.472997668565639184e+00 3.209600712397070232e+00 5.572951005943670211e+00 5.572951005943670211e+00 5.572951005943670211e+00 5.572951005943670211e+00
-8.258665303224470122e+00 -6.614846187902984731e+00 -4.995052286289927146e+00 -2.807272367790051515e+00 -2.589933059886529776e+00 -3.184875624764665236e+00 4.462023105509136528e-02 3.816044979737282183e+00 3.870237035222121591e+00 3.138590759438585120e+00 3.205790032526806055e+00 3.092032329449148964e+00 3.850942792599775011e+00 5.027723899227653170e+00 5.694007513842728407e+00 5.694007513842728407e+00 5.694007513842728407e+00 5.694007513842728407e+00
-7.764766545396317277e+00 -6.618494607943151919e+00 -4.767151173912798967e+00 -2.784837010027998438e+00 -1.838673382088818808e+00 -1.810851159234496910e+00 7.596967825574546529e-01 3.676689611004795299e+00 3.612821175540875895e+00 1.794121447555146132e+00 1.628916162607006335e+00 1.676481261320339922e+00 2.660725082499608263e+00 4.247750565540965084e+00 5.309275454151014983e+00 5.309275454151014983e+00 5.309275454151014983e+00 5.309275454151014983e+00
-7.856278940234987296e+00 -6.445564130646477707e+00 -4.856510462060948718e+00 -2.929413747979976446e+00 -1.382670344243243532e+00 -3.617964593069462054e-01 2.175953415277667613e+00 3.883429808312626186e+00 3.008189824742886209e+00 1.600305059356369686e+00 1.192487983117600070e+00 1.226849876066184120e+00 1.914739678496529374e+00 3.619847826529350332e+00 5.402994038640187568e+00 5.402994038640187568e+00 5.402994038640187568e+00 5.402994038640187568e+00
-8.152495787677057848e+00 -6.411649948878411998e+00 -4.833927619440371082e+00 -2.912951309150018986e+00 -1.476318362629539305e+00 -7.399701187347834663e-02 3.087929742739486283e+00 3.896706979361188150e+00 2.860847826794913562e+00 1.518658292853838354e+00 9.378254636308466230e-01 7.488604398973092158e-01 1.275551275800542506e+00 3.201993775986918589e+00 5.391806281997125083e+00 5.391806281997125083e+00 5.391806281997125083e+00 5.391806281997125083e+00
-8.179788578308633262e+00 -6.933553466827172329e+00 -4.815267619647664255e+00 -2.755501703937748292e+00 -1.771190562146532921e+00 -4.089736381335025150e-01 1.779961994789605262e+00 3.970979361104672201e+00 2.661403059467580601e+00 1.359138093628535771e+00 -8.467656867437829415e-01 -1.593695834472526718e+00 1.164493934984271784e+00 3.040224708693438860e+00 5.368776557013335449e+00 5.368776557013335449e+00 5.368776557013335449e+00 5.368776557013335449e+00
-8.234393598938137160e+00 -7.036490113510959432e+00 -5.340674566962375636e+00 -3.002651432655536912e+00 -2.534420887037299508e+00 -1.281368472179840845e+00 4.037877650758548986e-01 3.782441874107974389e+00 2.209524512286660247e+00 1.120439962995354088e+00 -2.339092131450932754e+00 -1.495539641273257114e+00 1.145527341901325658e+00 3.385651722077936299e+00 5.423822920940465586e+00 5.423822920940465586e+00 5.423822920940465586e+00 5.423822920940465586e+00
-8.154635000749451024e+00 -7.365125763718416430e+00 -5.639037269960622822e+00 -3.906133670402716529e+00 -2.097363059423218878e+00 -1.493481146992171826e+00 -1.290174894462869926e+00 3.443952293595518910e+00 2.085856983273516985e+00 8.607480763936582457e-01 -2.485291953139536769e+00 -1.230184954278515930e+00 1.202250149683391056e+00 3.628963931039534074e+00 5.456300055175880459e+00 5.456300055175880459e+00 5.456300055175880459e+00 5.456300055175880459e+00
-8.202300276029264481e+00 -7.282921013930106824e+00 -6.077202399192699112e+00 -4.663405484369545384e+00 -2.974634301332673036e+00 -1.692619256772441849e+00 -1.684043092784728746e+00 9.064782881361880262e-01 2.366349281290419881e+00 -3.455577053870652726e+00 -2.307772339643054949e+00 -7.082243146296842706e-01 1.462524205975671121e+00 3.742158163206380728e+00 5.263107334999744147e+00 5.263107334999744147e+00 5.263107334999744147e+00 5.263107334999744147e+00
-8.306077675958452033e+00 -7.724504133850975229e+00 -6.334818647608574160e+00 -5.233290285467551151e+00 -3.981540764580158598e+00 -2.128712509550182652e+00 -2.480072380561972878e+00 -1.892927718508670698e-01 2.239622602095110437e+00 -2.816628106070424131e+00 2.252580433901722745e-01 1.071391441879128825e+00 1.800420167971017449e+00 4.191178339409924902e+00 5.239479545613205502e+00 5.239479545613205502e+00 5.239479545613205502e+00 5.239479545613205502e+00
-8.772106055224007548e+00 -7.871177627885106887e+00 -6.829486355632837125e+00 -5.787618269986120723e+00 -4.652592470931681490e+00 -3.208215594943554017e+00 -1.941442232721639183e+00 -2.031380601959509313e+00 1.328390273946062017e+00 1.302659875847601789e+00 2.497107469802901103e-01 8.784418787327477052e-01 2.112612346469033398e+00 4.759328687668081592e+00 5.223181488450128640e+00 5.223181488450128640e+00 5.223181488450128640e+00 5.223181488450128640e+00
-9.137701074926749101e+00 -8.219685766584126085e+00 -7.341402189503139830e+00 -6.379532825599982360e+00 -5.411889976376752287e+00 -4.294421887762131185e+00 -2.224568162936848559e+00 -2.812983289481178595e+00 -1.740347670888561793e-02 1.540436837737118925e+00 1.060692543848717362e+00 3.533728370880692138e-01 1.674845141929726999e+00 4.881608593198132340e+00 5.200151763466338117e+00 5.200151763466338117e+00 5.200151763466338117e+00 5.200151763466338117e+00
-9.422268876952108130e+00 -8.524920437138467477e+00 -7.839600948229741739e+00 -7.182455402854357907e+00 -6.376317170589295813e+00 -5.212480593392672112e+00 -2.707952539227683530e+00 -2.520956321074767192e+00 -1.966220477418366253e+00 1.457118943371764619e+00 1.270365420657295408e+00 9.417360064981089574e-01 9.939506136280150672e-01 4.070917182691943026e+00 5.187817272208153696e+00 5.187817272208153696e+00 5.187817272208153696e+00 5.187817272208153696e+00
-9.767455913676670320e+00 -8.961583048250961525e+00 -8.413928944448873182e+00 -7.932402732743234708e+00 -7.293718777230240313e+00 -6.388838032190806260e+00 -3.942167658914518924e+00 -3.012954929111952840e+00 -2.496435738407766447e+00 6.420990273388400560e-01 1.325419982116541995e+00 1.125259778491731311e+00 3.064573364095054542e-01 3.900228488696785067e+00 5.090461162674535522e+00 5.090461162674535522e+00 5.090461162674535522e+00 5.090461162674535522e+00
-1.016968914790412803e+01 -9.737499849174007238e+00 -9.237185541388281962e+00 -8.651621083616753083e+00 -8.078006124040499003e+00 -7.083048441589575361e+00 -5.040016821047462514e+00 -2.507983210658417672e+00 -3.342510004108911303e+00 1.419443386978332666e-01 1.348756761795243397e+00 1.197652004962365790e+00 6.586239176038249932e-01 4.614473468491838481e+00 5.093698796062921197e+00 5.093698796062921197e+00 5.093698796062921197e+00 5.093698796062921197e+00
-1.036340818809970798e+01 -9.988251041466805091e+00 -9.469984193082639834e+00 -9.034112166567624058e+00 -8.447355665762962929e+00 -7.454470048948045324e+00 -6.113662831732637137e+00 -2.639291864691571732e+00 -3.335052234234078039e+00 -1.331390346730402241e+00 1.247303087337600092e+00 1.238780784274953639e+00 9.012292304471967164e-01 2.932313008239447072e+00 5.077586419886914726e+00 5.077586419886914726e+00 5.077586419886914726e+00 5.077586419886914726e+00
-1.046179480534419604e+01 -1.011066517524434083e+01 -9.693959318860979835e+00 -9.236693795480478641e+00 -8.698069462835730903e+00 -7.792546649712791762e+00 -6.569973079301766994e+00 -3.612161293965935993e+00 -2.783176707033206299e+00 -2.871361980019572435e+00 9.611817048945454633e-01 1.263648999336431711e+00 9.465957501530956053e-01 2.173973478159433981e+00 5.054556694903139302e+00 5.054556694903139302e+00 5.054556694903139302e+00 5.054556694903139302e+00
-1.048206588839600784e+01 -1.011293529910298794e+01 -9.786010636279828034e+00 -9.359275884235550791e+00 -8.784906477672990377e+00 -7.997595437727139434e+00 -6.815137090712186207e+00 -4.965881170801883293e+00 -2.230641551529517042e+00 -3.661556638632497584e+00 3.794129317239087196e-01 1.213992874930481580e+00 9.677990249229080355e-01 2.338029634965324455e+00 5.031526969919348780e+00 5.031526969919348780e+00 5.031526969919348780e+00 5.031526969919348780e+00
-1.047586615778506847e+01 -1.016462671896701941e+01 -9.885429364814410036e+00 -9.461085186251477097e+00 -8.923587487977986399e+00 -8.186173070987710076e+00 -7.094971872909217048e+00 -5.314895289177433924e+00 -2.769896311328953864e+00 -3.784781867225870844e+00 -6.903811486464782321e-02 1.123494503708217129e+00 9.139608940291055195e-01 2.685129697058449505e+00 4.944866094111321608e+00 4.944866094111321608e+00 4.944866094111321608e+00 4.944866094111321608e+00
-1.051419800343614064e+01 -1.016096105726420085e+01 -9.870274860518538418e+00 -9.518039544561418097e+00 -9.028246990234476854e+00 -8.265165441473534713e+00 -7.179674051146030855e+00 -5.841255619179108294e+00 -3.189504551125470933e+00 -4.655411397220982295e+00 -1.189606247274267670e+00 9.975857557360849892e-01 9.593776992947268267e-01 2.257790993508102417e+00 4.941599205877968082e+00 4.941599205877968082e+00 4.941599205877968082e+00 4.941599205877968082e+00
-1.052852621646683673e+01 -1.021810292788737407e+01 -9.874724491669818249e+00 -9.556112820302260502e+00 -9.082757399706164136e+00 -8.457241695412442084e+00 -7.386764450155627770e+00 -5.964143478722995440e+00 -3.206375720361962944e+00 -3.121512073257033837e+00 -3.052559557314919569e+00 7.065670420456245937e-01 9.685546255318508990e-01 2.352745935428162127e+00 4.921296117598123132e+00 4.921296117598123132e+00 4.921296117598123132e+00 4.921296117598123132e+00
-1.056056406582631269e+01 -1.023385380540600487e+01 -9.923913874268837532e+00 -9.579080367026946874e+00 -9.168999928314395476e+00 -8.485732674861651503e+00 -7.436307834481748813e+00 -6.040751831599829202e+00 -3.840806803109179768e+00 -3.582571457356441336e+00 -3.345547667268423897e+00 2.983663101577984089e-01 9.041988123565076751e-01 2.387411223526794135e+00 4.908961626339945816e+00 4.908961626339945816e+00 4.908961626339945816e+00 4.908961626339945816e+00
-1.059553171090565193e+01 -1.027347726726481802e+01 -1.000456725047674311e+01 -9.612342168227911543e+00 -9.230175723296717649e+00 -8.532803612124514103e+00 -7.548256109834579952e+00 -6.025376953221097232e+00 -4.193504270898099406e+00 -3.558391210250357428e+00 -3.553891989635130866e+00 -7.752739062911941093e-02 6.731085056405411438e-01 2.447121014324792565e+00 4.885931901356141971e+00 4.885931901356141971e+00 4.885931901356141971e+00 4.885931901356141971e+00
-1.061679084589566990e+01 -1.030986080065917676e+01 -9.989908533802543289e+00 -9.647353621809255486e+00 -9.318313920523859650e+00 -8.725161571392733961e+00 -7.578772415342609925e+00 -6.077160880031858170e+00 -4.873010960945699743e+00 -3.348237275406973801e+00 -3.509792333712490553e+00 -3.220488414054821225e-01 6.437883464892546481e-01 2.561238688319463552e+00 4.787643493860638699e+00 4.787643493860638699e+00 4.787643493860638699e+00 4.787643493860638699e+00
