-1.055858991140705250e+01 -1.023066425254638290e+01 -9.970674181303271766e+00 -9.612560148264122972e+00 -9.299008735156903072e+00 -8.942515112135149380e+00 -8.217297197664279906e+00 -6.562936969983503843e+00 -3.952028544922933762e+00 -3.847090523702043185e+00 -2.490986429667207958e+00 -3.386488768449015807e-01 1.492179671596278068e+00 2.099302574401686883e+00 5.486670182990589950e+00 5.486670182990589950e+00 5.486670182990589950e+00 5.486670182990589950e+00
-1.043643598545425988e+01 -1.012829887371044180e+01 -9.994694554445828771e+00 -9.760640253419676782e+00 -9.385094901955177704e+00 -8.841437087600233724e+00 -7.962259748357919165e+00 -6.001111568752047098e+00 -4.119051633155903502e+00 -4.244440502445991470e+00 -1.753765963997476307e+00 1.183716477219814572e-01 1.746423283911305635e+00 2.068443106466914649e+00 5.353585816096712691e+00 5.353585816096712691e+00 5.353585816096712691e+00 5.353585816096712691e+00
-1.034090041497460888e+01 -9.887276792558656879e+00 -9.926105910642974095e+00 -9.878023043731637642e+00 -9.503310773259153521e+00 -8.922821765099783420e+00 -7.926370858775353412e+00 -5.709882743201945665e+00 -2.881371650130353679e+00 -3.715659354901682310e+00 -9.542380562053680571e-01 1.905723837940112575e-01 2.159379892306958926e+00 2.098695770639194436e+00 5.704944455098957867e+00 5.704944455098957867e+00 5.704944455098957867e+00 5.704944455098957867e+00
-1.041846698145066874e+01 -1.016812607181907602e+01 -9.696748496692265462e+00 -9.407025467319465761e+00 -9.376392709825667637e+00 -9.028195142210561741e+00 -7.799797444559805726e+00 -4.675103793711466338e+00 -2.802094830166868000e+00 -2.476265062992246690e+00 -6.565737309400198063e-01 5.310686835921137883e-01 2.180509798941287603e+00 2.116221703907873675e+00 5.006191364638034713e+00 5.006191364638034713e+00 5.006191364638034713e+00 5.006191364638034713e+00
-1.052089117568665699e+01 -1.020735244519783969e+01 -9.961533887288204880e+00 -9.475225743790154809e+00 -8.926571274211426044e+00 -8.586293079427965935e+00 -7.153941552741265753e+00 -4.073717346862236965e+00 -3.472713129386843178e+00 -3.472199547636982686e+00 -6.457113074099047889e-01 1.231294660542964436e+00 1.685378005781534183e+00 2.337303602893949783e+00 4.992330677013153917e+00 4.992330677013153917e+00 4.992330677013153917e+00 4.992330677013153917e+00
-1.025783864357862107e+01 -1.015562011577736357e+01 -1.016236205717575203e+01 -9.783268869378092703e+00 -9.215957568559399959e+00 -8.269801102533211434e+00 -6.688650979602154933e+00 -4.855812720814117078e+00 -3.977638481541527327e+00 -2.274653252023876249e+00 -2.108879646191322288e-01 1.360151138878777033e+00 1.603879735743929835e+00 2.133700579383203788e+00 4.618622807484971560e+00 4.618622807484971560e+00 4.618622807484971560e+00 4.618622807484971560e+00
-1.049205893294612579e+01 -1.020035204816079677e+01 -1.003250895785536123e+01 -9.700184062035377863e+00 -9.201304948175256015e+00 -8.260735159123111515e+00 -5.276310861581770872e+00 -5.080888854359421281e+00 -3.572033771864768337e+00 -1.392161401770723783e+00 8.277926524797127872e-01 1.890638344249445213e+00 1.740254330220893708e+00 3.007268940009055314e+00 4.447148573875217892e+00 4.447148573875217892e+00 4.447148573875217892e+00 4.447148573875217892e+00
-1.037869795289915231e+01 -1.021248535878440400e+01 -1.008142902920079287e+01 -9.635169230023107545e+00 -9.100065529575044110e+00 -7.952835747303231173e+00 -4.045695163475554246e+00 -4.637640840747615734e+00 -3.096693936323669405e+00 -8.523896913618916882e-01 1.211389434596375381e+00 1.964146481232687425e+00 1.905719286986375716e+00 4.278995283762879964e+00 5.396030501832319359e+00 5.396030501832319359e+00 5.396030501832319359e+00 5.396030501832319359e+00
-1.044002655108923072e+01 -9.999820587861925958e+00 -9.620236881533985596e+00 -9.514263390762209838e+00 -8.426740447468821671e+00 -6.876876223908491070e+00 -3.664542554389152329e+00 -4.819594032283772478e+00 -2.150208922484059482e+00 -4.121963269888742065e-01 1.950983672601240837e+00 2.602032990903171417e+00 3.230812592224658442e+00 4.675613050324367137e+00 5.590576378439518379e+00 5.590576378439518379e+00 5.590576378439518379e+00 5.590576378439518379e+00
-1.059645637633897053e+01 -1.011722512734130319e+01 -9.248650983568371231e+00 -8.438100684570908783e+00 -7.545885855423660971e+00 -5.536714155735564802e+00 -2.569621790391967586e+00 -3.994302499424411845e+00 -8.970743793060593774e-01 6.587889195669150988e-01 2.708671644452156801e+00 3.348028233836188861e+00 4.876921715215056352e+00 4.933168066273309726e+00 5.611695698310258607e+00 5.611695698310258607e+00 5.611695698310258607e+00 5.611695698310258607e+00
-1.028252854199137012e+01 -9.695964505845740433e+00 -8.962066741393424962e+00 -8.476827100798294268e+00 -6.772394142870567180e+00 -4.264626375780075307e+00 -3.744084176978335066e+00 -2.311360738556599514e+00 -8.230760062490011242e-02 2.070881418518769834e+00 2.817564878108949511e+00 4.523148053887434905e+00 3.058103558526048982e+00 2.208831816731928743e+00 5.643748004690351650e+00 5.643748004690351650e+00 5.643748004690351650e+00 5.643748004690351650e+00
-9.930471526823904327e+00 -9.173025298759096557e+00 -8.530040287779410590e+00 -7.815693905102246930e+00 -5.905064329484532415e+00 -3.055061907754579309e+00 -3.701550392618249141e+00 -2.338399157776079651e+00 5.046805220631165323e-01 3.135860850787391296e+00 4.378654344487754813e+00 3.709962977541342966e+00 2.034957636357886734e+00 2.481516652966539560e+00 5.726314317612535731e+00 5.726314317612535731e+00 5.726314317612535731e+00 5.726314317612535731e+00
-9.549373215224193245e+00 -8.807628793054806948e+00 -7.924103095997836022e+00 -6.723692121767204100e+00 -4.974662966334213898e+00 -2.356467993296651908e+00 -4.033081863967039382e+00 -6.323623195921291851e-01 1.646568293461357246e+00 3.880515201738444553e+00 4.512366902904400234e+00 2.056679179950970937e+00 9.725457579108885975e-01 2.371469824719860675e+00 5.571975349998686156e+00 5.571975349998686156e+00 5.571975349998686156e+00 5.571975349998686156e+00
-9.903955527479201493e+00 -8.163658000012357974e+00 -7.214913021867026544e+00 -5.757306942479967660e+00 -3.712406791968335895e+00 -2.032975042401331756e+00 -2.970224864926454877e+00 1.891556965606686902e-01 3.213901899067368895e+00 4.847164772980010916e+00 3.237454924639734166e+00 -1.942806989893545389e+00 4.137426565631844855e-01 2.448547359106095112e+00 5.554915175960349671e+00 5.554915175960349671e+00 5.554915175960349671e+00 5.554915175960349671e+00
-9.724743358862703246e+00 -7.750673744079923821e+00 -6.314457569950048921e+00 -4.831414763936577650e+00 -2.724829325651597411e+00 -2.060138197639918012e+00 -2.119240003103846970e+00 1.188444372924334802e+00 3.341237315666722996e+00 5.437419827075017587e+00 4.329910479024268177e+00 -1.029479798993834905e+00 9.899648233635819361e-01 2.436633863457751126e+00 5.516245541564822830e+00 5.516245541564822830e+00 5.516245541564822830e+00 5.516245541564822830e+00
-9.021460768815572351e+00 -7.290131615992164527e+00 -5.690851214529940805e+00 -3.839219438197857937e+00 -3.293721583129731734e+00 -2.269750089194542131e+00 -1.411906948938660200e+00 2.655448299592888528e+00 3.962821194206641806e+00 5.986341674921283662e+00 5.841992326120440282e+00 1.946871989108356349e+00 7.315744966770425517e-01 2.636580228415840388e+00 5.491361963929129786e+00 5.491361963929129786e+00 5.491361963929129786e+00 5.491361963929129786e+00
-8.873264286543903978e+00 -6.841394904060530635e+00 -5.111314052396849661e+00 -3.083374870745275054e+00 -3.364577204360952756e+00 -2.776212604898894654e+00 -5.004485237662175123e-01 3.296583808508535274e+00 4.123504736820047256e+00 5.002616509000405109e+00 4.511750888140223736e+00 4.539567025320043747e+00 3.531771240788528665e+00 3.132327410718834138e+00 5.491810010235981032e+00 5.491810010235981032e+00 5.491810010235981032e+00 5.491810010235981032e+00
-8.261848166966576201e+00 -6.595022316492887171e+00 -4.940582054220784336e+00 -2.938633379246166744e+00 -2.515172445079111974e+00 -3.118044526221144253e+00 9.662194968802088890e-02 3.804787802872703573e+00 3.880848784096833093e+00 3.167133665468110149e+00 3.201438830554392379e+00 3.110948473719939766e+00 3.877752714487058938e+00 5.044511791556879565e+00 5.572515232335458535e+00 5.572515232335458535e+00 5.572515232335458535e+00 5.572515232335458535e+00
-7.741971511764956126e+00 -6.590241121398040747e+00 -4.754082353989771192e+00 -2.895374017197255068e+00 -1.714393227531675556e+00 -2.103064924119804502e+00 9.802968197220021107e-01 3.719041056228403086e+00 3.657254266356532391e+00 1.789636418853203681e+00 1.633208203159684846e+00 1.678317740839928351e+00 2.710111964021209463e+00 4.254668728336164385e+00 5.421528414634215309e+00 5.421528414634215309e+00 5.421528414634215309e+00 5.421528414634215309e+00
-7.826920500401581826e+00 -6.398472155240170878e+00 -4.834545474349020822e+00 -2.807790058080692042e+00 -1.237085396558080364e+00 -4.975593318059173820e-01 2.482713743190349653e+00 3.889049241955804703e+00 3.012088515280982204e+00 1.591198784993706816e+00 1.177076723158992921e+00 1.215060090662150705e+00 1.931566713045236749e+00 3.608249140913287967e+00 5.455186331033046621e+00 5.455186331033046621e+00 5.455186331033046621e+00 5.455186331033046621e+00
-8.305008205858516845e+00 -6.467767758678685475e+00 -4.684595951478399023e+00 -2.641440502855659567e+00 -1.407438994070509430e+00 -3.492408111889310218e-01 3.171740192345147591e+00 3.930231187655058189e+00 2.905046317346625440e+00 1.503925900779708780e+00 9.091250231714858021e-01 6.905821681475881046e-01 1.280539924577151378e+00 3.222315421422329074e+00 5.428494549956184301e+00 5.428494549956184301e+00 5.428494549956184301e+00 5.428494549956184301e+00
-8.179151285994233689e+00 -6.933815525100065713e+00 -4.766983126942168525e+00 -2.608565433819799217e+00 -1.891307370371447361e+00 -1.160365852657830432e+00 1.635056191060960895e+00 3.959415420796789764e+00 2.674143761859583357e+00 1.354717005520944983e+00 -1.663687936769161047e+00 -1.573052102444015166e+00 1.182388679622121241e+00 3.065970425139244782e+00 5.403610972320490369e+00 5.403610972320490369e+00 5.403610972320490369e+00 5.403610972320490369e+00
-8.236848061302145751e+00 -7.002358241845184850e+00 -5.253162292631269992e+00 -2.973242463202083741e+00 -2.301497020382544445e+00 -1.499598990453108183e+00 2.203880179460773747e-01 3.804874403726017817e+00 2.258562384092611453e+00 1.104701071796682976e+00 -2.357753193268206537e+00 -1.473857472432751781e+00 1.154946587876298558e+00 3.395923486744884645e+00 5.400531682477989648e+00 5.400531682477989648e+00 5.400531682477989648e+00 5.400531682477989648e+00
-8.169351385962103862e+00 -7.371511699659165195e+00 -5.531014992081349391e+00 -3.763113165350883804e+00 -2.090256859682503077e+00 -1.460818629125465451e+00 -1.242036658890124379e+00 3.491862854146921435e+00 2.103218703899384145e+00 6.814625342911500017e-01 -2.474479229784783296e+00 -1.073621842479045796e+00 1.200459032420351457e+00 3.642621260645713122e+00 5.403343500941609534e+00 5.403343500941609534e+00 5.403343500941609534e+00 5.403343500941609534e+00
-8.194270099633680360e+00 -7.292852548719695349e+00 -6.044763623713272693e+00 -4.644376925277164503e+00 -2.944490184564318547e+00 -1.462764192637368899e+00 -1.718462208547371528e+00 1.351184400558474774e+00 2.434274119184389740e+00 -3.315762124995112803e+00 -2.232557626679663620e+00 -5.467799684070655530e-01 1.457653748485636003e+00 3.726589008552547710e+00 5.419822857142555073e+00 5.419822857142555073e+00 5.419822857142555073e+00 5.419822857142555073e+00
-8.320370629845546873e+00 -7.753939281744206546e+00 -6.379922281939058415e+00 -5.185648542382471859e+00 -3.944855054302045083e+00 -1.999720894986135811e+00 -2.279871131418551133e+00 1.857335468283363433e-01 2.255214223599610435e+00 -2.841391529341229294e+00 2.375298993593209507e-01 1.034370139442339687e+00 1.806576101640787302e+00 4.194095775518053237e+00 5.392057696475371920e+00 5.392057696475371920e+00 5.392057696475371920e+00 5.392057696475371920e+00
-8.758004750208876033e+00 -7.868191818389217218e+00 -6.827989695756119914e+00 -5.783750497075219599e+00 -4.651888658649798280e+00 -3.048037419618989663e+00 -2.511694527262295029e+00 -1.921668310999035123e+00 1.394680309929412498e+00 1.126540876322968732e+00 2.397161729407786823e-01 8.922079651335850237e-01 2.132521948604286344e+00 4.774457752334158478e+00 5.340743558347539555e+00 5.340743558347539555e+00 5.340743558347539555e+00 5.340743558347539555e+00
-9.117286409362879596e+00 -8.204960427377795185e+00 -7.308329743145538515e+00 -6.377096847753689346e+00 -5.393254264477720383e+00 -4.263124116808926445e+00 -2.127938778264400366e+00 -2.631787485000849358e+00 2.749781862270632704e-01 1.571494848053120785e+00 1.023825613227370646e+00 4.410043103374090001e-01 1.724201844226558311e+00 4.902945429008900291e+00 5.315859980711845623e+00 5.315859980711845623e+00 5.315859980711845623e+00 5.315859980711845623e+00
-9.415537792814333784e+00 -8.524791756290014177e+00 -7.842314613861302242e+00 -7.185235656940202276e+00 -6.378459059040677559e+00 -5.184862694098322677e+00 -2.658093384074647680e+00 -2.877890156948672118e+00 -1.498436674306945049e+00 1.419959196733738382e+00 1.304238445208396158e+00 8.959085453608452987e-01 9.924670663927642744e-01 4.065830726598311351e+00 5.283643023762182089e+00 5.283643023762182089e+00 5.283643023762182089e+00 5.283643023762182089e+00
-9.791301228481120944e+00 -8.949528081350720754e+00 -8.431546320968818620e+00 -7.954787281496198403e+00 -7.301627206086166666e+00 -6.378492289632676560e+00 -4.016986270967336736e+00 -2.318538737359657098e+00 -2.337500062584694671e+00 7.031446980100121147e-01 1.334635971020952772e+00 1.141032952035162085e+00 1.160629563843471324e-01 3.904576327252157419e+00 5.226618306861697150e+00 5.226618306861697150e+00 5.226618306861697150e+00 5.226618306861697150e+00
-1.019551171276784984e+01 -9.754013598651136263e+00 -9.244131582177530504e+00 -8.693838721087971066e+00 -8.114150007192611369e+00 -7.102525563077094262e+00 -5.048775607688704703e+00 -2.235677904922510173e+00 -3.180337428057725901e+00 3.195020728286628309e-01 1.260753192786311594e+00 1.209863822101510555e+00 5.770198173827240096e-01 4.497169507283071965e+00 5.328295637746487401e+00 5.328295637746487401e+00 5.328295637746487401e+00 5.328295637746487401e+00
-1.037333180111290609e+01 -9.974587105018652977e+00 -9.482553151635933375e+00 -9.054441449417325316e+00 -8.469345809584654106e+00 -7.484669792401655641e+00 -6.130146670809778264e+00 -2.795902987252858019e+00 -3.262224692220919486e+00 -1.379116185277456719e+00 1.229544007715395182e+00 1.232684147368211303e+00 8.704084774330846930e-01 2.927489464815077991e+00 5.277876144374587852e+00 5.277876144374587852e+00 5.277876144374587852e+00 5.277876144374587852e+00
-1.045041899365562088e+01 -1.010213011903713110e+01 -9.687890006839282364e+00 -9.257343741856500330e+00 -8.698639284373930636e+00 -7.828812037823663417e+00 -6.575189660328886632e+00 -3.758458509800702174e+00 -2.979112107021454570e+00 -2.826330756265643451e+00 8.973869993011014401e-01 1.248576097755849101e+00 9.284580385400795777e-01 2.244642473086315704e+00 5.252992566738898361e+00 5.252992566738898361e+00 5.252992566738898361e+00 5.252992566738898361e+00
-1.045938714640716505e+01 -1.013615907755618828e+01 -9.764672549177578986e+00 -9.369130649032733515e+00 -8.793169557380936752e+00 -7.981539882871251379e+00 -6.829136453339072155e+00 -4.986179003095287499e+00 -2.725268429046902696e+00 -3.477543694700705679e+00 4.151635901304902010e-01 1.159733205191478600e+00 9.436700807074100972e-01 2.359296101017291480e+00 5.228108989103201765e+00 5.228108989103201765e+00 5.228108989103201765e+00 5.228108989103201765e+00
-1.047160979966824712e+01 -1.016908780943842316e+01 -9.868443805768801980e+00 -9.451573678020348979e+00 -8.932139495998871581e+00 -8.220544990934648411e+00 -7.089071594946602772e+00 -5.317199766990838405e+00 -2.590001518641442679e+00 -3.592610295849033797e+00 -2.719717335860419305e-03 1.055832407199387202e+00 8.246486060037488963e-01 2.703694925063407695e+00 5.163750892888747224e+00 5.163750892888747224e+00 5.163750892888747224e+00 5.163750892888747224e+00
-1.051161303427389626e+01 -1.016810064260855029e+01 -9.858692770633272318e+00 -9.495534772856247585e+00 -9.037946751034619197e+00 -8.278098147394329587e+00 -7.183915535885248005e+00 -5.812427976560963216e+00 -3.343725538373497841e+00 -3.796133452649530504e+00 -1.510670714299205075e+00 1.004324861253721224e+00 9.775212597559965744e-01 2.217537002690547876e+00 5.234088255959701286e+00 5.234088255959701286e+00 5.234088255959701286e+00 5.234088255959701286e+00
-1.049730396498014784e+01 -1.018571618577957949e+01 -9.874712883925440110e+00 -9.536872930294919115e+00 -9.085479500015178900e+00 -8.463553311528755785e+00 -7.359525851067842517e+00 -5.945985505693263562e+00 -3.298021752627417147e+00 -3.074908633103128786e+00 -2.813673421984811185e+00 7.274612622082148317e-01 9.542809647529191253e-01 2.394148916087219803e+00 5.222342109715613745e+00 5.222342109715613745e+00 5.222342109715613745e+00 5.222342109715613745e+00
-1.053672096624612564e+01 -1.023035397370998822e+01 -9.901043604790876529e+00 -9.565936586197043567e+00 -9.161265708231152161e+00 -8.473996031784768235e+00 -7.444705567900165022e+00 -6.051104910209873289e+00 -3.889247710224747578e+00 -3.370306745636652224e+00 -3.522815537097846672e+00 3.013486096483899979e-01 8.199932773351041870e-01 2.388843470812548109e+00 5.190125152765955541e+00 5.190125152765955541e+00 5.190125152765955541e+00 5.190125152765955541e+00
-1.056234927320464223e+01 -1.026606974446863774e+01 -9.975815836588777685e+00 -9.599060532661884082e+00 -9.241821777570921270e+00 -8.541229028249684774e+00 -7.543850987293582833e+00 -6.021272266931061878e+00 -4.488808853708997404e+00 -3.315530469819611525e+00 -3.613614458155723685e+00 3.286581528947759429e-02 6.487396599178023582e-01 2.444260183281931287e+00 5.165241575130258056e+00 5.165241575130258056e+00 5.165241575130258056e+00 5.165241575130258056e+00
-1.059621470028123724e+01 -1.029346073654491533e+01 -9.988368102414820981e+00 -9.640427762401458267e+00 -9.322839013788243534e+00 -8.726549294523866962e+00 -7.583688671043370633e+00 -6.045926799517923556e+00 -5.028021694730052005e+00 -3.237477644298371260e+00 -4.057303222459105463e+00 -2.707583140497218377e-01 4.383044746963002947e-01 2.574227680713530031e+00 5.044859917148896145e+00 5.044859917148896145e+00 5.044859917148896145e+00 5.044859917148896145e+00
