-1.049153391525087109e+01 -1.030666009553196361e+01 -9.944516495719314619e+00 -9.616559259489612543e+00 -9.326320368262416949e+00 -8.954332033172542893e+00 -8.374116578774147612e+00 -7.077600083929858066e+00 -3.603818583043858936e+00 -3.679813438929879332e+00 -1.942108673217257886e+00 -4.529831342471101197e-01 1.234450631689400613e+00 2.049343224104746675e+00 5.331666515502895720e+00 5.331666515502895720e+00 5.331666515502895720e+00 5.331666515502895720e+00
-1.044093769371687586e+01 -1.024501970768695891e+01 -1.000431028976872838e+01 -9.757166990516378036e+00 -9.401151971756597447e+00 -8.883656113878668492e+00 -8.099413897167730525e+00 -6.651318223630713788e+00 -3.381633463386149341e+00 -4.272416977629615253e+00 -1.681292114677793936e+00 -5.302901597525350175e-01 1.126167056107692188e+00 1.921655252635769306e+00 5.202717716196231024e+00 5.202717716196231024e+00 5.202717716196231024e+00 5.202717716196231024e+00
-1.016806635474675424e+01 -9.903211760487209858e+00 -9.884092834875218614e+00 -9.820072695941224339e+00 -9.575020708718911422e+00 -9.024117008571490572e+00 -8.090992955558611754e+00 -6.380111780143275624e+00 -3.018828752801538506e+00 -4.376787221170984843e+00 -7.084379631226196405e-01 -4.807984632297820915e-01 1.673409827843981290e+00 2.004838607989358756e+00 4.927201359509672862e+00 4.927201359509672862e+00 4.927201359509672862e+00 4.927201359509672862e+00
-1.043991174076630024e+01 -1.022346607508549532e+01 -9.706464148844982986e+00 -9.352619655145335997e+00 -9.303150674744397719e+00 -9.127762534458746302e+00 -8.090773646173554212e+00 -5.831664969863711079e+00 -2.323910924417394330e+00 -3.878580198175560323e+00 -2.067709560774598221e-01 -1.337221719274750420e-03 1.503462816974571403e+00 2.133842967043641625e+00 4.949101644981362291e+00 4.949101644981362291e+00 4.949101644981362291e+00 4.949101644981362291e+00
-1.051410766995077850e+01 -1.022685752778731683e+01 -9.948999730857803314e+00 -9.539434666012686748e+00 -8.965818094715986675e+00 -8.605112111400249120e+00 -7.925467728645898546e+00 -4.820359154105770649e+00 -2.594475187552083284e+00 -3.058858346840793274e+00 -1.949211977589290073e-02 1.346143086193504201e+00 1.478014683158709763e+00 2.328712820344422951e+00 4.805118609901218640e+00 4.805118609901218640e+00 4.805118609901218640e+00 4.805118609901218640e+00
-1.030636281594356340e+01 -1.018667725314633188e+01 -1.015746684160578894e+01 -9.834445634190544183e+00 -9.286121174268194167e+00 -8.451737300415931742e+00 -7.739046039454567705e+00 -3.452728973662646972e+00 -4.026552058880502827e+00 -1.476425131999230977e+00 1.747406375825155123e-01 1.407885723313300863e+00 1.615193959930369516e+00 2.097484723466784384e+00 4.486477217539665219e+00 4.486477217539665219e+00 4.486477217539665219e+00 4.486477217539665219e+00
-1.051861872980351897e+01 -1.023381756721603253e+01 -1.007579789710450946e+01 -9.771387073558663872e+00 -9.263924548798259551e+00 -8.442893617915158799e+00 -6.693319702589493936e+00 -2.798767872053218753e+00 -4.148673755020422682e+00 -5.712748608553629426e-01 8.615011869105742015e-01 1.861209686680097564e+00 1.677982090795205439e+00 3.100479566770087736e+00 4.379779521515134277e+00 4.379779521515134277e+00 4.379779521515134277e+00 4.379779521515134277e+00
-1.034442271752631726e+01 -1.013805719662717308e+01 -1.008300591596363738e+01 -9.682065080079899744e+00 -9.161944048351967851e+00 -8.223441760417918189e+00 -4.971846321985035289e+00 -3.462859649122859818e+00 -3.282613629806979905e+00 -1.940492075998649923e-01 1.785058947039007249e+00 1.981804573010273796e+00 1.858460640722541912e+00 4.268866328937702015e+00 5.129438589643646296e+00 5.129438589643646296e+00 5.129438589643646296e+00 5.129438589643646296e+00
-1.034753819508759776e+01 -1.000428208295285870e+01 -9.532781040071496292e+00 -9.272684487093016514e+00 -8.404375980148724778e+00 -7.033750200882361803e+00 -3.623409446502911191e+00 -4.352465039913400169e+00 -2.328452713746107516e+00 2.583843100780904845e-01 2.037819704484454597e+00 2.692996059522315466e+00 3.255708210245390255e+00 4.702874868227228333e+00 4.867338780024473621e+00 4.867338780024473621e+00 4.867338780024473621e+00 4.867338780024473621e+00
-1.055470740517262840e+01 -1.011505906121914933e+01 -9.324630480470965210e+00 -8.427208643901540341e+00 -7.431929269383692471e+00 -5.681703834327850089e+00 -2.384817109070633379e+00 -4.167516811792847164e+00 -5.108643201775547871e-01 1.814661726634670513e+00 2.750641506965563643e+00 3.377845659093244191e+00 4.871468777902969727e+00 4.969090293018944671e+00 5.257014975014515201e+00 5.257014975014515201e+00 5.257014975014515201e+00 5.257014975014515201e+00
-1.021270200190405397e+01 -9.602571659295650264e+00 -9.021177896878173286e+00 -8.374855026460030771e+00 -6.802341845158634825e+00 -4.149892664602818471e+00 -3.598204854796106744e+00 -2.738301698474591372e+00 2.428515656091313757e-01 2.729394672313836701e+00 2.967501365684935166e+00 4.548357121860089336e+00 3.058661262415811599e+00 2.305925128275704949e+00 5.304613986000044967e+00 5.304613986000044967e+00 5.304613986000044967e+00 5.304613986000044967e+00
-9.899137089985138971e+00 -9.102642791927346266e+00 -8.351315017331097934e+00 -8.037970147452291769e+00 -5.531078839925104518e+00 -2.766028698938311603e+00 -3.357522122078448135e+00 -1.340136991066333216e+00 1.365890798938337758e+00 3.175837221020983758e+00 4.334115245710899345e+00 3.733424246084917186e+00 2.074623812849200277e+00 2.459182871310587881e+00 5.249898416486987074e+00 5.249898416486987074e+00 5.249898416486987074e+00 5.249898416486987074e+00
-9.510419747492882436e+00 -8.684439690782841836e+00 -7.885175299260450466e+00 -6.540642253100414472e+00 -4.557651750350234288e+00 -3.186813142290589873e+00 -3.333995860982879034e+00 6.349074126791712236e-03 3.255069487090155977e+00 3.983836921489665173e+00 4.627046914159238078e+00 2.147596012712253533e+00 4.805379598973367195e-01 2.388569058333125383e+00 5.202882840605178139e+00 5.202882840605178139e+00 5.202882840605178139e+00 5.202882840605178139e+00
-1.000636186070531508e+01 -8.067126068464657962e+00 -6.930811133424876758e+00 -5.342460989893648815e+00 -3.175232708385234748e+00 -2.359837103231249955e+00 -2.812998911579076555e+00 3.600629839283078226e-01 3.244861020666327089e+00 4.928858579846465027e+00 3.332448037480917780e+00 -1.983490506761212746e+00 3.652443973748389361e-01 2.514389831891511662e+00 4.842038625329557533e+00 4.842038625329557533e+00 4.842038625329557533e+00 4.842038625329557533e+00
-9.551286057328136181e+00 -7.631148157013527999e+00 -6.050619508385815415e+00 -4.814784472132671134e+00 -2.329313185229423322e+00 -3.166499108049943612e+00 -8.000030114785259272e-01 2.557301223898569731e+00 3.442456744979439431e+00 5.419381456231029404e+00 4.371688918276822378e+00 -9.524042818173986680e-01 9.869686321457015188e-01 2.472299610329593555e+00 5.341806163833127563e+00 5.341806163833127563e+00 5.341806163833127563e+00 5.341806163833127563e+00
-9.052203735309703347e+00 -7.062081570108889039e+00 -5.375050632833636932e+00 -4.018333853927301469e+00 -1.815104875946309981e+00 -2.517400052526549636e+00 5.127851991866897441e-01 2.935907461101756155e+00 4.009044402667038653e+00 6.113266415679941446e+00 5.900042481972260333e+00 1.929763185150539018e+00 6.705805228627315095e-01 2.686092594895284513e+00 5.247599828758482410e+00 5.247599828758482410e+00 5.247599828758482410e+00 5.247599828758482410e+00
-8.789921011455650302e+00 -6.550977485379210208e+00 -4.776179532662888860e+00 -3.294161986336523462e+00 -2.255204108064856161e+00 -2.122945051148656948e+00 2.003737401354391601e+00 3.318719449732386639e+00 4.183529804416119546e+00 5.119041462515834695e+00 4.550718876397343848e+00 4.611433067424445476e+00 3.463111360307458142e+00 3.171928643004383375e+00 5.175509061013023882e+00 5.175509061013023882e+00 5.175509061013023882e+00 5.175509061013023882e+00
-8.097579013007562665e+00 -6.383028480739790567e+00 -4.505524471184265245e+00 -2.488301516314078032e+00 -2.508632483209109587e+00 -1.495647914195307848e+00 3.400613095345067727e+00 3.859656775324907141e+00 3.981709868555229903e+00 3.230552439595804515e+00 3.208251596928505034e+00 3.148323349088124612e+00 3.873986722318609299e+00 5.082177717821862117e+00 5.101574798744379358e+00 5.101574798744379358e+00 5.101574798744379358e+00 5.101574798744379358e+00
-7.595222134995593066e+00 -6.249112573230202194e+00 -4.236241127832467868e+00 -2.164855539846528565e+00 -2.600750936866949914e+00 -3.752260566605412628e-01 2.822558044222668094e+00 3.777535103106745673e+00 3.724465763500321991e+00 1.780671745953282370e+00 1.549599177189349586e+00 1.587334832882699498e+00 2.729033388569500396e+00 4.279251471678879426e+00 4.816738470634619240e+00 4.816738470634619240e+00 4.816738470634619240e+00 4.816738470634619240e+00
-7.836551387855425155e+00 -6.094410500590242030e+00 -4.039030229444429132e+00 -1.718177886699168821e+00 -2.469635827342110623e+00 1.895611707169387872e-01 3.096794063379710860e+00 3.987980314847047403e+00 3.063189472309564731e+00 1.578204590063210011e+00 1.008967103086809036e+00 1.084982373511733433e+00 1.978882582513286525e+00 3.590249820098867950e+00 4.920891844195902642e+00 4.920891844195902642e+00 4.920891844195902642e+00 4.920891844195902642e+00
-8.237941166158456952e+00 -6.419551538550486214e+00 -4.181573361258760002e+00 -2.623499299479867375e+00 -1.757839598699465711e+00 -7.727209393074543353e-01 3.093681829340438227e+00 4.030820606582026677e+00 2.982293630011128460e+00 1.454455438136276868e+00 7.675242574393528194e-01 4.663625076007582027e-01 1.255500710241741480e+00 3.267456059144451697e+00 5.386860850440972293e+00 5.386860850440972293e+00 5.386860850440972293e+00 5.386860850440972293e+00
-8.132818952279608382e+00 -6.753024876482854211e+00 -4.186912062605272489e+00 -2.239723552995979361e+00 -2.047448325132307900e+00 -1.064163126754533950e+00 3.204350716420678591e+00 4.055569647520862020e+00 2.725371948570239677e+00 1.198148617545905070e+00 -1.766693687365094467e+00 -1.593741889343505136e+00 1.161475021293242982e+00 3.099868331518619513e+00 5.243206108788848852e+00 5.243206108788848852e+00 5.243206108788848852e+00 5.243206108788848852e+00
-8.191234403428564903e+00 -6.940254171121242877e+00 -4.790616168230139138e+00 -2.410343480862134680e+00 -1.726684312006467881e+00 -1.611860167573392566e+00 3.323041082881193820e+00 3.861325320406123751e+00 2.311946110269100352e+00 9.198296254611189049e-01 -2.425204702812942870e+00 -1.585096948706474329e+00 1.160995765611549935e+00 3.422720396352837202e+00 5.013910212623427398e+00 5.013910212623427398e+00 5.013910212623427398e+00 5.013910212623427398e+00
-8.158532971945918533e+00 -7.264256467502027803e+00 -5.335522766838682429e+00 -3.389222786234235230e+00 -1.814243409870343715e+00 -1.716329369398490901e+00 1.377886066134880849e+00 3.629571865617341242e+00 2.124136797577584446e+00 -2.466880661513635442e-01 -2.567382809685866185e+00 -1.207158329505629624e+00 1.204721534711616471e+00 3.690728057720731314e+00 4.896282481682712628e+00 4.896282481682712628e+00 4.896282481682712628e+00 4.896282481682712628e+00
-8.063447455020767762e+00 -7.166346600170998116e+00 -5.762542374234210563e+00 -4.187141958189863900e+00 -2.097618015881098863e+00 -1.708525443477400430e+00 -7.806032920988965618e-01 2.703577133407748523e+00 2.305970071266766563e+00 -3.665785765315961342e+00 -2.285709647300076863e+00 -4.791369753779714524e-01 1.468590939197172318e+00 3.727237517592430383e+00 4.895961798484913530e+00 4.895961798484913530e+00 4.895961798484913530e+00 4.895961798484913530e+00
-8.294112148882563318e+00 -7.820998613210300654e+00 -6.450307788646247431e+00 -4.925352427686274126e+00 -3.547897328984497278e+00 -1.822843540125195227e+00 -1.951275183258033508e+00 1.660196432109036113e+00 2.121753387102407018e+00 -3.026548327977362618e+00 8.099696840028527967e-02 1.038810158233830716e+00 1.858744166550905685e+00 4.186439250383774180e+00 5.482799527570941578e+00 5.482799527570941578e+00 5.482799527570941578e+00 5.482799527570941578e+00
-8.756881754170542820e+00 -7.828757898914584956e+00 -6.926246466194861284e+00 -5.677821576731531650e+00 -4.313964427814922509e+00 -2.400139163633878248e+00 -2.170458771208726656e+00 -4.791451193225768623e-01 1.566619041610079144e+00 -4.708465148939278838e-02 1.254060108343738322e-01 7.784093163812731975e-01 2.167853931229519748e+00 4.743775568818164423e+00 5.412988816958566929e+00 5.412988816958566929e+00 5.412988816958566929e+00 5.412988816958566929e+00
-9.094125060187650433e+00 -8.190766681391414394e+00 -7.432396020871490094e+00 -6.351650851013033616e+00 -5.270259380587074993e+00 -3.931554930786193225e+00 -1.902056390857349788e+00 -2.283131016459915674e+00 1.016592386310768426e+00 1.221152902647479221e+00 7.657481451738168410e-01 -3.636117871571206139e-01 1.705858067912216613e+00 4.850124435049385951e+00 5.269334075306427501e+00 5.269334075306427501e+00 5.269334075306427501e+00 5.269334075306427501e+00
-9.378028514620440959e+00 -8.494830872063621641e+00 -7.944978141607393241e+00 -7.192063874561334558e+00 -6.298249837794932304e+00 -5.058513526007447858e+00 -2.694662328095057457e+00 -2.496242840000943541e+00 1.209654861109244611e-02 1.390459371763120622e+00 9.477267235125046430e-01 6.741678724848253479e-01 9.481036078456670513e-01 4.072772626720651878e+00 5.011302728761378056e+00 5.011302728761378056e+00 5.011302728761378056e+00 5.011302728761378056e+00
-9.856433734121397450e+00 -8.973799037659851763e+00 -8.489674533282409286e+00 -7.975580543360711872e+00 -7.308065377899665371e+00 -6.353900924968551855e+00 -4.046259563217438071e+00 -2.078569094088539515e+00 -2.192744470462926198e+00 9.361741804760121966e-01 9.661035879781620928e-01 9.381402305163837330e-01 4.570521356824939208e-01 3.907209372935009917e+00 4.859787761438963294e+00 4.859787761438963294e+00 4.859787761438963294e+00 4.859787761438963294e+00
-1.020188335038901428e+01 -9.757583203740590960e+00 -9.285542745812042753e+00 -8.743379438630510592e+00 -8.194275442987368763e+00 -7.145002623549054910e+00 -5.020423444796263901e+00 -3.365617281840458386e+00 -2.631824473300023115e+00 3.286044869401530955e-01 1.101199104084521707e+00 9.644617378267855701e-01 1.654326066566807196e-01 4.422085657743128451e+00 5.477272930825069608e+00 5.477272930825069608e+00 5.477272930825069608e+00 5.477272930825069608e+00
-1.035949158605044218e+01 -1.001570004223465737e+01 -9.521626285509038112e+00 -9.107083348621705099e+00 -8.510176291035866925e+00 -7.548597692299916062e+00 -6.265878675922071928e+00 -3.067600261814742435e+00 -2.725886389005669042e+00 -1.473284460282212383e+00 9.215993429406748039e-01 9.201002606670559691e-01 8.232696783094463067e-01 3.085349942496986131e+00 5.582771525128293888e+00 5.582771525128293888e+00 5.582771525128293888e+00 5.582771525128293888e+00
-1.046874166401365258e+01 -1.010368626131352698e+01 -9.726245471200060777e+00 -9.258923456843453081e+00 -8.739468987913593168e+00 -7.837422617137676184e+00 -6.643658150422452557e+00 -4.922339279025699454e+00 -2.442514890907415026e+00 -2.548628636573198492e+00 8.021158375888794989e-01 8.764689145399374715e-01 6.915808678063115611e-01 2.763109840174848841e+00 5.439116783476151795e+00 5.439116783476151795e+00 5.439116783476151795e+00 5.439116783476151795e+00
-1.043856885588127881e+01 -1.014871140301492503e+01 -9.762009703779906289e+00 -9.385593044274322949e+00 -8.828567534662070670e+00 -8.014020212171960367e+00 -6.871846407794986789e+00 -5.519419710265056622e+00 -3.244214827188092620e+00 -2.786612967120538631e+00 1.274287301782140447e-01 1.016818185282809539e+00 7.477583069740950661e-01 2.608400684776930767e+00 5.295462041824029242e+00 5.295462041824029242e+00 5.295462041824029242e+00 5.295462041824029242e+00
-1.045646521306472465e+01 -1.014138186547531717e+01 -9.849390720150163148e+00 -9.452138218084352062e+00 -8.960031741458520216e+00 -8.239548413224364154e+00 -7.064688065865867728e+00 -5.660533755906799414e+00 -4.027197561344467935e+00 -2.223076476431566029e+00 -1.296393583222434698e+00 7.033584441498345052e-01 2.479953137204817248e-01 2.798258247076183203e+00 4.758555364906515095e+00 4.758555364906515095e+00 4.758555364906515095e+00 4.758555364906515095e+00
-1.053686218925318485e+01 -1.018817961828077401e+01 -9.846640569218084948e+00 -9.480487485464951902e+00 -9.057375573748412734e+00 -8.317967889776715751e+00 -7.226418083066342035e+00 -5.864794535083846405e+00 -4.241800579067137811e+00 -3.150216007119860606e+00 -2.684919872000159025e+00 2.766030665973965297e-01 6.258711385246479297e-01 2.327757397512148607e+00 5.471746334079170104e+00 5.471746334079170104e+00 5.471746334079170104e+00 5.471746334079170104e+00
-1.050820809374803488e+01 -1.018926447312700923e+01 -9.925607128932119494e+00 -9.560664876124077338e+00 -9.105012236754685517e+00 -8.515876927917409134e+00 -7.342576490612505502e+00 -5.865428915879709493e+00 -4.666998394539135120e+00 -3.531766959788409821e+00 -2.712404653890522876e+00 3.565562624445998141e-01 1.614843173588823011e-01 2.509155698532926415e+00 5.899185663116105260e+00 5.899185663116105260e+00 5.899185663116105260e+00 5.899185663116105260e+00
-1.050871533459112683e+01 -1.023258288993611309e+01 -9.905895094791262068e+00 -9.582280963407377783e+00 -9.187933877035593611e+00 -8.525895719886865010e+00 -7.390910147363376481e+00 -5.937131399355004113e+00 -5.089361380243219379e+00 -2.604583785220066616e+00 -3.042368852129913925e+00 -3.270176012788539310e-01 8.215163448255009548e-01 2.483556155578422686e+00 5.608899491645899182e+00 5.608899491645899182e+00 5.608899491645899182e+00 5.608899491645899182e+00
-1.058698814459023652e+01 -1.028376792120537431e+01 -9.958360577639998823e+00 -9.588939366296663991e+00 -9.255019030040838146e+00 -8.606345970989243810e+00 -7.499879776118512531e+00 -5.903298335109187889e+00 -5.231241400173958667e+00 -3.384385276654545027e+00 -2.749015911731200745e+00 -4.991352633879214684e-01 4.700726159659557313e-01 2.435483004360291304e+00 5.465244749993754425e+00 5.465244749993754425e+00 5.465244749993754425e+00 5.465244749993754425e+00
-1.063663034611095526e+01 -1.032451173539740452e+01 -9.987073904272200764e+00 -9.620423786731388205e+00 -9.341254666447230903e+00 -8.782561476494693764e+00 -7.496061807164779545e+00 -5.808636687502582774e+00 -5.392677765200107665e+00 -3.960574666912574315e+00 -1.872788751043584554e+00 -7.462088836289371141e-01 -1.481953128823908228e-02 2.318111299029882222e+00 4.673196328187913196e+00 4.673196328187913196e+00 4.673196328187913196e+00 4.673196328187913196e+00
