-1.057114158905995538e+01 -1.025472270703539479e+01 -9.981100122051456580e+00 -9.622085950221608286e+00 -9.318757877223317720e+00 -8.942437457962311598e+00 -8.264694050942328118e+00 -6.685826586724097353e+00 -3.852866349520351896e+00 -3.978433884209977123e+00 -2.259830968754853675e+00 -2.310429920363083478e-01 1.363195560034688558e+00 2.079719922906791751e+00 5.508289327749555042e+00 5.508289327749555042e+00 5.508289327749555042e+00 5.508289327749555042e+00
-1.044316637213318977e+01 -1.014414838100342742e+01 -1.000334899317380177e+01 -9.782629993041119576e+00 -9.409797765388812962e+00 -8.854197567287805271e+00 -8.004639074889626116e+00 -6.112739104369993903e+00 -4.128057510687107801e+00 -4.261497713982954849e+00 -1.757988682403391900e+00 1.558995937755417449e-01 1.819501692570075324e+00 2.034180068273887976e+00 5.369089266489724288e+00 5.369089266489724288e+00 5.369089266489724288e+00 5.369089266489724288e+00
-1.034265805490148793e+01 -9.978063280712927252e+00 -9.899863207378185592e+00 -9.920570827606097097e+00 -9.531104461733860944e+00 -8.952138536849066242e+00 -7.973950507247693942e+00 -5.896936416022871441e+00 -2.831652385663873783e+00 -3.865391495322248350e+00 -9.914671686392564354e-01 2.687371638177007416e-01 2.162877828237214750e+00 2.102169430510856696e+00 5.617684640815235220e+00 5.617684640815235220e+00 5.617684640815235220e+00 5.617684640815235220e+00
-1.042532456555770537e+01 -1.017214240538235792e+01 -9.699384610241992277e+00 -9.412211694289101871e+00 -9.371420374465692760e+00 -9.032407248572820180e+00 -7.854163788695233350e+00 -4.856909885059980780e+00 -2.666404406408113381e+00 -2.863630519472158298e+00 -5.654576780989544194e-01 5.624747433633253690e-01 2.197869746797739499e+00 2.127184623503751482e+00 4.973174146221982284e+00 4.973174146221982284e+00 4.973174146221982284e+00 4.973174146221982284e+00
-1.054086908852411852e+01 -1.024423843720571270e+01 -9.950537504568377045e+00 -9.500051616921211917e+00 -8.930824702192222020e+00 -8.595875780120085352e+00 -7.280458123832143968e+00 -4.126845400025646704e+00 -3.247386447231955131e+00 -3.365617438748338408e+00 -5.981987277934935898e-01 1.155739838847508638e+00 1.670059147738906180e+00 2.320263080155644975e+00 4.957387972142502264e+00 4.957387972142502264e+00 4.957387972142502264e+00 4.957387972142502264e+00
-1.030313249170366774e+01 -1.017812838801570585e+01 -1.014065617434952848e+01 -9.786319511925668735e+00 -9.239525314571025660e+00 -8.308773757521056069e+00 -6.861846121497350737e+00 -4.775370027446973253e+00 -4.087434595117755087e+00 -2.168916331263132768e+00 2.292773663757532998e-02 1.365765498499751818e+00 1.612199166033324138e+00 2.134158682349721836e+00 4.600136564148654017e+00 4.600136564148654017e+00 4.600136564148654017e+00 4.600136564148654017e+00
-1.048273230794200650e+01 -1.021909107871475797e+01 -1.004031744224387523e+01 -9.726691508912388429e+00 -9.230744347785385884e+00 -8.291085159652169523e+00 -5.276756968764260591e+00 -4.976651349627328358e+00 -3.599493293925160486e+00 -1.524015464020924915e+00 8.237013737630158872e-01 1.906238818757359788e+00 1.745607346267126214e+00 3.026346671177658987e+00 4.444011664631408287e+00 4.444011664631408287e+00 4.444011664631408287e+00 4.444011664631408287e+00
-1.039024706460881653e+01 -1.018638592331271120e+01 -1.007378495567389542e+01 -9.640801507489358713e+00 -9.124645663952268393e+00 -8.024241793763478015e+00 -3.939948766982608763e+00 -4.553741583719057573e+00 -3.028010385125219806e+00 -5.745135468104429766e-01 1.126229177333297971e+00 1.947211241042512420e+00 1.904038995233579890e+00 4.282506717562890586e+00 5.288252963799228823e+00 5.288252963799228823e+00 5.288252963799228823e+00 5.288252963799228823e+00
-1.041367254500610429e+01 -9.980142308137574858e+00 -9.608984248041466003e+00 -9.498933319973847489e+00 -8.441119240556247405e+00 -6.862481443320078256e+00 -3.564485301404195283e+00 -4.665568344493246755e+00 -2.373513020114504268e+00 -5.241603552733373750e-01 2.055165193677748636e+00 2.620593868016392491e+00 3.234769539922892179e+00 4.682775562994314633e+00 5.564441479642907140e+00 5.564441479642907140e+00 5.564441479642907140e+00 5.564441479642907140e+00
-1.060500783111030287e+01 -1.014695151895417524e+01 -9.235173324173960197e+00 -8.445936267549429388e+00 -7.513996950864775926e+00 -5.544147681999535671e+00 -2.442572588325639504e+00 -4.227422153311611197e+00 -1.149468698131323574e+00 7.753870114788818935e-01 2.733752349240825996e+00 3.370019222748340315e+00 4.885475835039311931e+00 4.950425525777288449e+00 5.587844422302794101e+00 5.587844422302794101e+00 5.587844422302794101e+00 5.587844422302794101e+00
-1.025443128888634270e+01 -9.740819568986264443e+00 -8.984857524660808892e+00 -8.484811863054705583e+00 -6.778632878466678946e+00 -4.122866977520901699e+00 -3.646161033611977409e+00 -2.150227069935247037e+00 4.561266468905421367e-02 2.187774493035973933e+00 2.830606826606514304e+00 4.538052653547822501e+00 3.045491063191172465e+00 2.229229815618857913e+00 5.581231733296495356e+00 5.581231733296495356e+00 5.581231733296495356e+00 5.581231733296495356e+00
-9.922412663781209119e+00 -9.181890612425036124e+00 -8.466679602197750398e+00 -7.875153429776783121e+00 -5.808801681465830313e+00 -3.042756804955144556e+00 -3.521913277051591518e+00 -2.071713145066071515e+00 6.159329217085836028e-01 3.182316173100445234e+00 4.363161733054657709e+00 3.703531013252772119e+00 2.045477524132788716e+00 2.465342639641654010e+00 5.606280508560310238e+00 5.606280508560310238e+00 5.606280508560310238e+00 5.606280508560310238e+00
-9.545430454779308960e+00 -8.795177313695056398e+00 -7.944626690079811482e+00 -6.659622766035630193e+00 -4.927436047723024792e+00 -2.599892915846198527e+00 -4.083832565763217737e+00 -5.617341297379057075e-01 1.738428946494032790e+00 3.899299128947791626e+00 4.532771730258900789e+00 2.052540486626143856e+00 5.301315452946518958e-01 2.359910026031343477e+00 5.542330907516997307e+00 5.542330907516997307e+00 5.542330907516997307e+00 5.542330907516997307e+00
-9.920584445228287862e+00 -8.167481651041310187e+00 -7.171557305911733238e+00 -5.714266071386713719e+00 -3.604985860592964997e+00 -1.939734036137221951e+00 -2.791984279469030383e+00 1.085454966166411878e-01 3.250900485261995154e+00 4.834883631188482411e+00 3.250268557674047543e+00 -1.939677692124719410e+00 4.118819756489214834e-01 2.447812950534012266e+00 5.577923039128161342e+00 5.577923039128161342e+00 5.577923039128161342e+00 5.577923039128161342e+00
-9.714032459857991242e+00 -7.735662502750651370e+00 -6.256212380208989288e+00 -4.776712159008901892e+00 -2.656703190383057578e+00 -2.204832082031470630e+00 -1.671034959338221659e+00 1.410322607844956000e+00 3.362910871803399537e+00 5.475765258779250466e+00 4.317992933453871807e+00 -9.798306157174232478e-01 9.893234424725587672e-01 2.500304807236756410e+00 5.615996007690887915e+00 5.615996007690887915e+00 5.615996007690887915e+00 5.615996007690887915e+00
-9.015566176458840175e+00 -7.248695418357465670e+00 -5.628268927003485800e+00 -3.758964550079689548e+00 -3.162977289213527499e+00 -2.430623055547750599e+00 -8.584894188127525361e-01 2.793824332598924265e+00 3.957844605412150329e+00 5.987440786506157409e+00 5.836220182226761644e+00 1.910741713106872020e+00 7.258722483325412700e-01 2.603839213187868040e+00 5.578593914295229439e+00 5.578593914295229439e+00 5.578593914295229439e+00 5.578593914295229439e+00
-8.921552214079042642e+00 -6.801893332380764434e+00 -5.077160173464504211e+00 -2.867878093587326926e+00 -3.216959759929864049e+00 -2.773785234577398562e+00 -1.626108517220835603e-01 3.329061717810378518e+00 4.129793829152360374e+00 5.029197382146485040e+00 4.510698034293653791e+00 4.586691006579011187e+00 3.616788308458849688e+00 3.144013805629457536e+00 5.532166552705905183e+00 5.532166552705905183e+00 5.532166552705905183e+00 5.532166552705905183e+00
-8.272720126221916104e+00 -6.580558464774396654e+00 -4.869493951350598593e+00 -2.832521193895850331e+00 -2.381187883451286957e+00 -2.951544495720299199e+00 2.401249921118445707e-01 3.810343364866259463e+00 3.899587205166693771e+00 3.210968116249977911e+00 3.229505651309477088e+00 3.130678722200874731e+00 3.892759360897265264e+00 5.067196748580871990e+00 5.538397277196787982e+00 5.538397277196787982e+00 5.538397277196787982e+00 5.538397277196787982e+00
-7.715855444579199585e+00 -6.544886740492538379e+00 -4.696586231788655752e+00 -2.784146636539592379e+00 -1.599822881636643102e+00 -2.103497946422355547e+00 1.206766463614955542e+00 3.747912592961064160e+00 3.693605421518760146e+00 1.788695676098254861e+00 1.636462328950211376e+00 1.677931701199999903e+00 2.764071027390567536e+00 4.258109349101081520e+00 5.593264054371841709e+00 5.593264054371841709e+00 5.593264054371841709e+00 5.593264054371841709e+00
-7.832406731394678800e+00 -6.349863867977534326e+00 -4.770883573450246828e+00 -2.652986038223231979e+00 -1.168370325356034023e+00 -2.719428076955703322e-01 2.735926918449854028e+00 3.901927889936271932e+00 3.018231916672951876e+00 1.588580097212365816e+00 1.159233867350220049e+00 1.201893791249189158e+00 1.940438296808622454e+00 3.608100162540979206e+00 5.654687416312017767e+00 5.654687416312017767e+00 5.654687416312017767e+00 5.654687416312017767e+00
-8.381313784279774026e+00 -6.510646364683529086e+00 -4.547404421198603330e+00 -2.423371409532136589e+00 -1.349341536173302103e+00 -3.481956345536743602e-01 3.229035408843214938e+00 3.955221593665002366e+00 2.937351563422351042e+00 1.498157942844465129e+00 8.685299487429738452e-01 6.477352684692863072e-01 1.288274842872910941e+00 3.236916233272883137e+00 5.603214617431231837e+00 5.603214617431231837e+00 5.603214617431231837e+00 5.603214617431231837e+00
-8.213168005587183629e+00 -6.932440453696612437e+00 -4.705455458521164758e+00 -2.403525234779521291e+00 -1.876695992963149040e+00 -1.747021608567158379e+00 1.580179595866484821e+00 3.952955157332533886e+00 2.692305353841769389e+00 1.356262058373041590e+00 -1.922667239236722114e+00 -1.550033024045120555e+00 1.197022890077461543e+00 3.071001949497826455e+00 5.573183523691089825e+00 5.573183523691089825e+00 5.573183523691089825e+00 5.573183523691089825e+00
-8.243969192319035244e+00 -6.956112863795134160e+00 -5.186792418838701124e+00 -2.883380976355286229e+00 -2.059740196976944215e+00 -1.615739899615419972e+00 1.591443043156546555e-01 3.825826780373693836e+00 2.304985659385746732e+00 1.111823810441490368e+00 -2.368702990092983018e+00 -1.472145132610435780e+00 1.165453165134929137e+00 3.400738301669940178e+00 5.496706575128481376e+00 5.496706575128481376e+00 5.496706575128481376e+00 5.496706575128481376e+00
-8.180032692937144745e+00 -7.393027099246091360e+00 -5.445197876882527765e+00 -3.614082798677614505e+00 -1.919469966381864179e+00 -1.547029577748677998e+00 -9.992006063571226004e-01 3.528449139880986962e+00 2.138330416277566925e+00 4.740811472748223676e-01 -2.480200382887689958e+00 -1.028452783331211817e+00 1.199676131299499904e+00 3.685159907067662388e+00 5.453476421963033616e+00 5.453476421963033616e+00 5.453476421963033616e+00 5.453476421963033616e+00
-8.168628355218213954e+00 -7.294046628069358107e+00 -6.031127852460000938e+00 -4.579947399985043965e+00 -2.745572875984112482e+00 -1.608904036517726288e+00 -1.651700116730518086e+00 1.648345106065774557e+00 2.502245751844946575e+00 -3.321327867641295839e+00 -2.186681225772165504e+00 -4.291450240153737439e-01 1.466888343897367442e+00 3.719481994128709612e+00 5.702295579411396531e+00 5.702295579411396531e+00 5.702295579411396531e+00 5.702295579411396531e+00
-8.337638368920998744e+00 -7.784866419630162682e+00 -6.414466647937176802e+00 -5.117603192968497083e+00 -3.829221720078416880e+00 -2.004618980244262882e+00 -2.114151164946900696e+00 4.913460517317349563e-01 2.272287759727823708e+00 -2.886584992586436638e+00 2.825271347938740352e-01 9.920827238680558491e-01 1.830319000681539965e+00 4.190314784263859949e+00 5.668791939813356606e+00 5.668791939813356606e+00 5.668791939813356606e+00 5.668791939813356606e+00
-8.744801075078411756e+00 -7.873809259780141900e+00 -6.819016146090518760e+00 -5.773286672574391432e+00 -4.607575248503781751e+00 -2.719658709163155663e+00 -2.949649826275973830e+00 -1.701452846601199997e+00 1.398004376123872294e+00 8.885926131120802651e-01 2.756560753758812710e-01 9.046743109755813750e-01 2.145285059695493324e+00 4.783845017500287788e+00 5.590433227171574870e+00 5.590433227171574870e+00 5.590433227171574870e+00 5.590433227171574870e+00
-9.123668351864115067e+00 -8.189843565677966453e+00 -7.293283250667023765e+00 -6.378271869152119855e+00 -5.364965971165062797e+00 -4.167071222734623603e+00 -2.230689051279110213e+00 -2.535863289711784319e+00 4.306156287108069414e-01 1.591091841650519756e+00 9.999084728775131659e-01 4.989285064053277097e-01 1.752299331403604832e+00 4.912457066613321821e+00 5.560402133431431970e+00 5.560402133431431970e+00 5.560402133431431970e+00 5.560402133431431970e+00
-9.422413436820320953e+00 -8.524856134857936141e+00 -7.860362111453529366e+00 -7.196729581037368817e+00 -6.367046116204233996e+00 -5.153567639232792708e+00 -2.535190130996472391e+00 -3.112942728358484956e+00 -1.103694406049258836e+00 1.371540019442052394e+00 1.321940092882368356e+00 8.631569792424740317e-01 9.988290719817636276e-01 4.066216539199876578e+00 5.490659039169534239e+00 5.490659039169534239e+00 5.490659039169534239e+00 5.490659039169534239e+00
-9.819050718358672825e+00 -8.954979220314669419e+00 -8.442283367918774317e+00 -7.970150166159140070e+00 -7.327280216243674538e+00 -6.371110524217053594e+00 -3.964332603889996420e+00 -2.165036913532556451e+00 -2.191438591578613426e+00 7.443012853658124151e-01 1.332278802319182720e+00 1.145903360978862917e+00 7.459035371161508443e-02 3.933636413495297024e+00 5.572926509370851988e+00 5.572926509370851988e+00 5.572926509370851988e+00 5.572926509370851988e+00
-1.022745252260759585e+01 -9.770799468133368748e+00 -9.260648885524913609e+00 -8.738717421121835471e+00 -8.151635145289359841e+00 -7.123678679364640942e+00 -5.031799592165143942e+00 -2.157190671970719009e+00 -2.998474232940725681e+00 4.204666466095584032e-01 1.194657370950860553e+00 1.215803436012133254e+00 5.522136153790471180e-01 4.392311374944695146e+00 5.685064752994304804e+00 5.685064752994304804e+00 5.685064752994304804e+00 5.685064752994304804e+00
-1.039182868985198560e+01 -9.976249337292152575e+00 -9.507138298799812759e+00 -9.071705090425739471e+00 -8.486409627005921053e+00 -7.518702864599942970e+00 -6.169921562757915368e+00 -2.800946875389336288e+00 -3.166029704615755058e+00 -1.272794805191628242e+00 1.143430090382006936e+00 1.236869512433514506e+00 8.376988398983752360e-01 2.983030432773310814e+00 5.607682930652062581e+00 5.607682930652062581e+00 5.607682930652062581e+00 5.607682930652062581e+00
-1.045362179926873125e+01 -1.010101375407467650e+01 -9.684622623077277837e+00 -9.264837026426313571e+00 -8.703251661025309005e+00 -7.839812153108856485e+00 -6.590137058814302229e+00 -3.855057369689462554e+00 -3.156326946585785720e+00 -2.750682053362901502e+00 8.228357852658362281e-01 1.252031632943733097e+00 8.952346008872950067e-01 2.308600443803659363e+00 5.577651836911917904e+00 5.577651836911917904e+00 5.577651836911917904e+00 5.577651836911917904e+00
-1.045681514288802916e+01 -1.014963602495172346e+01 -9.755142115636736833e+00 -9.379304532173836861e+00 -8.808703581077931943e+00 -7.988728697574755344e+00 -6.856407288041362236e+00 -5.099258120947799178e+00 -3.005330346698824595e+00 -3.247328829773513448e+00 3.598712779494935843e-01 1.137775283216986288e+00 8.776528050300294037e-01 2.416514065785282828e+00 5.547620743171773228e+00 5.547620743171773228e+00 5.547620743171773228e+00 5.547620743171773228e+00
-1.047309014616211087e+01 -1.017630208398145619e+01 -9.884268707089809425e+00 -9.462738057697858807e+00 -8.945474333249073595e+00 -8.252100466477745755e+00 -7.106342513971407371e+00 -5.406865194009997211e+00 -2.498796989392162882e+00 -3.379833220808459160e+00 4.764386072092761937e-02 9.592026516124292357e-01 6.162055577460757716e-01 2.732060692462658036e+00 5.579912852662728184e+00 5.579912852662728184e+00 5.579912852662728184e+00 5.579912852662728184e+00
-1.051989207586886543e+01 -1.017680019489739607e+01 -9.856130725154539363e+00 -9.494145116987258604e+00 -9.047430668172292911e+00 -8.290333272619331950e+00 -7.209204443262876794e+00 -5.828429016276746921e+00 -3.303171062857134910e+00 -3.268244514957021174e+00 -1.512480008664807807e+00 8.583702980186349585e-01 1.011049467237078447e+00 2.223089945911036480e+00 5.668093375602200723e+00 5.668093375602200723e+00 5.668093375602200723e+00 5.668093375602200723e+00
-1.048913825277622180e+01 -1.017526485732261321e+01 -9.887523751334640565e+00 -9.548143667910354182e+00 -9.074666351756782490e+00 -8.474112202666063354e+00 -7.357283240983933048e+00 -5.947851352910851652e+00 -3.537820433916007534e+00 -2.946855684279177545e+00 -2.533085646400630164e+00 6.324434681356279064e-01 9.613502375550422308e-01 2.436467482668521090e+00 5.652407449820763041e+00 5.652407449820763041e+00 5.652407449820763041e+00 5.652407449820763041e+00
-1.053360446629984004e+01 -1.023743031125983549e+01 -9.895152183256419320e+00 -9.571934583225431226e+00 -9.171861327182339707e+00 -8.480671386499789577e+00 -7.459000915126218878e+00 -6.067347294997273544e+00 -4.207442522893535042e+00 -2.918496206572116947e+00 -3.707238369622543495e+00 2.584023117361672339e-01 7.277446407598018308e-01 2.406164070054868542e+00 5.594901540392405614e+00 5.594901540392405614e+00 5.594901540392405614e+00 5.594901540392405614e+00
-1.056102609072770626e+01 -1.026920150468667359e+01 -9.967134444641146729e+00 -9.604238115075661497e+00 -9.249160848976863747e+00 -8.550499687177415709e+00 -7.554792636885752977e+00 -6.023698851257415221e+00 -4.822189859649088639e+00 -2.954330894858461676e+00 -3.797593308265194700e+00 1.312652822138345443e-01 5.960387885988476242e-01 2.476455579845937560e+00 5.564870446652265379e+00 5.564870446652265379e+00 5.564870446652265379e+00 5.564870446652265379e+00
-1.060093675540201730e+01 -1.030398570943327918e+01 -1.001180292837554120e+01 -9.657445472947589593e+00 -9.322424912998124924e+00 -8.742543369777848739e+00 -7.574434976426452693e+00 -6.008279928517604063e+00 -5.168081662941943932e+00 -3.130870484567924716e+00 -4.524869603991461986e+00 -2.001397476388734886e-01 2.949530916409620618e-01 2.595085124519708408e+00 5.525725334852157999e+00 5.525725334852157999e+00 5.525725334852157999e+00 5.525725334852157999e+00
