-1.026476507024139373e+01 -1.028143698085146163e+01 -1.007518451915319524e+01 -9.723263699894381773e+00 -9.427489900492716401e+00 -9.121788366450388708e+00 -8.616426719955246227e+00 -7.535739243982698454e+00 -5.832121232349794404e+00 -4.458428502239096147e+00 -3.298033228664328131e+00 -2.367244782283382865e+00 -6.725029606511500058e-01 2.361934357224991565e+00 4.907107126397411534e+00 4.907107126397411534e+00 4.907107126397411534e+00 4.907107126397411534e+00
-1.033563957154183299e+01 -1.019579334692444839e+01 -9.969898959846524633e+00 -9.855414297984673055e+00 -9.551818442894884242e+00 -9.060846535986661010e+00 -8.426640356428997336e+00 -7.342236663893487503e+00 -5.717659143129239396e+00 -4.533616113630996480e+00 -3.249836342062223604e+00 -2.293140985738207682e+00 -3.084411600444710855e-01 2.540318465857901664e+00 4.860846726347972435e+00 4.860846726347972435e+00 4.860846726347972435e+00 4.860846726347972435e+00
-1.035374791370360548e+01 -1.006408062385338553e+01 -9.831996284064057789e+00 -9.617296517757083052e+00 -9.565145032829214244e+00 -9.265236489965325006e+00 -8.207988710070642568e+00 -7.237798501827727549e+00 -5.591763709387781667e+00 -4.050851256412280499e+00 -3.463454934290338905e+00 -2.265335982564068651e+00 -1.046209263676834145e-01 2.509831503395342445e+00 4.905480964191998972e+00 4.905480964191998972e+00 4.905480964191998972e+00 4.905480964191998972e+00
-1.037653548114645119e+01 -1.021446818472049856e+01 -1.003024833342283806e+01 -9.490203759141810025e+00 -9.354239453612827049e+00 -9.178495166402282024e+00 -8.380852696294144977e+00 -6.984444030882723808e+00 -5.545429408801098248e+00 -3.597456131915717670e+00 -2.558566257526520005e+00 -1.954371320806620016e+00 3.991268348192509308e-01 2.394125662396103138e+00 5.251874526456743908e+00 5.251874526456743908e+00 5.251874526456743908e+00 5.251874526456743908e+00
-1.040483868872136597e+01 -1.032742657075210779e+01 -1.009347869565017675e+01 -9.707160028017712605e+00 -9.232425806571047389e+00 -8.872724253231904612e+00 -8.360304224082998559e+00 -6.986890864384798228e+00 -5.492771787255877669e+00 -2.669696620523021480e+00 -2.234503397225230170e+00 -9.790158355569993365e-01 7.418676867205383774e-01 2.543968466029935982e+00 5.068647872747073180e+00 5.068647872747073180e+00 5.068647872747073180e+00 5.068647872747073180e+00
-1.048834787551549752e+01 -1.000770334771850756e+01 -1.004692886121265971e+01 -9.968209134801753635e+00 -9.530284591761205348e+00 -8.860405066652955242e+00 -8.009584588646134762e+00 -6.667365843651067436e+00 -4.471863269102978933e+00 -2.103977077888185665e+00 -7.444002976151666839e-01 -3.414815716197386330e-01 6.039621105969867898e-01 2.347953595231504043e+00 4.829010706608259262e+00 4.829010706608259262e+00 4.829010706608259262e+00 4.829010706608259262e+00
-1.030862218022059551e+01 -1.025199857762308753e+01 -1.004361319732057112e+01 -9.767056833590611831e+00 -9.480858227010207528e+00 -8.703325209267406493e+00 -7.774778181618120954e+00 -6.453845223826416344e+00 -2.249623236076836896e+00 -1.774061063330933941e+00 2.705468193612551864e-01 1.328410171684596186e+00 1.527872822022631638e+00 3.460113323556148757e+00 4.653467476655395174e+00 4.653467476655395174e+00 4.653467476655395174e+00 4.653467476655395174e+00
-1.044516430310821065e+01 -1.006008653994753033e+01 -9.943274600523590578e+00 -9.837615549381727220e+00 -9.326853050344787732e+00 -7.964523319449598127e+00 -6.819241083948440085e+00 -2.339238477505076297e+00 -1.759590969416680473e+00 1.564006777179354213e-01 1.419274137997471374e+00 2.169416814910452018e+00 1.587232872759544833e+00 4.449090024520018005e+00 5.412011523423984727e+00 5.412011523423984727e+00 5.412011523423984727e+00 5.412011523423984727e+00
-1.053007397613552953e+01 -1.033374468963948445e+01 -9.722156796337607432e+00 -9.229692840896587924e+00 -7.931483849344449055e+00 -7.602734564993646416e+00 -3.505132929346189030e+00 -2.162273020934170731e+00 -2.800622659510720869e-02 1.694892552259358087e+00 2.168653762737601909e+00 2.965186068009419973e+00 3.463180526184862273e+00 4.868919749665599817e+00 6.269382839625619042e+00 6.269382839625619042e+00 6.269382839625619042e+00 6.269382839625619042e+00
-1.026826804901706680e+01 -9.867071440636170365e+00 -9.474645686585098758e+00 -8.370111949195836232e+00 -7.713530889562028037e+00 -4.611958318132849399e+00 -2.121847102748927405e+00 -5.721849185604566124e-01 2.021698576117065826e+00 2.469888294024161546e+00 3.169534818274932331e+00 3.539861810275491294e+00 5.042803991683852516e+00 5.017434054274421129e+00 5.765132494423010456e+00 5.765132494423010456e+00 5.765132494423010456e+00 5.765132494423010456e+00
-1.028050656531420870e+01 -9.370477071640221922e+00 -8.553402697059842907e+00 -8.478879036516794088e+00 -7.318547674890887755e+00 -2.236997508247278166e+00 -5.776481370894122058e-01 1.478963929189575310e+00 2.757350974709395608e+00 3.238538402521779602e+00 3.226659149254218040e+00 4.742950460999064255e+00 3.116788182091745796e+00 2.411496658865067921e+00 5.285946830201341484e+00 5.285946830201341484e+00 5.285946830201341484e+00 5.285946830201341484e+00
-9.409820065121337507e+00 -8.737177283144696105e+00 -8.009311449729596077e+00 -7.744417191008830414e+00 -3.167485806447952079e+00 -1.743481899728136941e+00 4.998032303659608044e-01 2.269812500623969331e+00 3.122217504318057557e+00 3.319384051434941973e+00 4.654018472230513126e+00 2.824575100218837065e+00 7.688143575609929226e-01 2.524211137576041430e+00 5.417962207144597642e+00 5.417962207144597642e+00 5.417962207144597642e+00 5.417962207144597642e+00
-9.781962945645309659e+00 -8.341994899981907352e+00 -7.217785711635536394e+00 -5.681278808915889655e+00 -2.486729495244085264e+00 -2.759651261166207736e-01 2.303013003633981981e+00 3.242798020892902144e+00 3.441768755398317836e+00 4.261245083577572146e+00 4.825304853502591307e+00 -1.747506365665899841e-01 4.618383607629940046e-01 2.539797594124816538e+00 5.588430954830833741e+00 5.588430954830833741e+00 5.588430954830833741e+00 5.588430954830833741e+00
-9.886124882029736938e+00 -7.680998281645141645e+00 -5.668889207542138209e+00 -2.519328917375995402e+00 -1.548259924997608561e+00 9.813092085684367305e-01 2.957127354041518608e+00 3.319656551734886385e+00 3.494610024635002699e+00 5.124445737089160069e+00 2.502136276652668911e+00 -1.894019214271408735e+00 3.406847268940955131e-01 2.773023150328344677e+00 5.435965294628623212e+00 5.435965294628623212e+00 5.435965294628623212e+00 5.435965294628623212e+00
-9.430884300433914902e+00 -7.424373595404892612e+00 -3.639513335719468223e+00 -2.447218552287516058e+00 5.947136194877938875e-03 2.616047892180495715e+00 3.259019648086984411e+00 3.397292826702260626e+00 3.719557029892307298e+00 5.810285021349889334e+00 4.374796155993545099e+00 -8.825323950717383070e-01 7.559682023809243256e-01 2.817108818447364271e+00 5.474083705703498559e+00 5.474083705703498559e+00 5.474083705703498559e+00 5.474083705703498559e+00
-9.245496981438847683e+00 -6.152038824560698060e+00 -2.957138754733720898e+00 -1.551647139580256241e+00 9.712362823738378559e-01 3.145167159800304368e+00 3.214236117509243762e+00 3.262978533141634330e+00 4.317212023388053765e+00 6.318869590755419097e+00 6.146801090220805008e+00 1.572633001128706409e+00 7.061298800065730630e-01 2.828473134973339853e+00 5.718629717443280747e+00 5.718629717443280747e+00 5.718629717443280747e+00 5.718629717443280747e+00
-8.334645499508910760e+00 -5.008721393285974877e+00 -2.034059011992091826e+00 -5.265772763536934464e-01 1.796501523275973344e+00 3.255281024333903872e+00 3.375832035858103986e+00 3.431589590452650995e+00 4.303542462319785322e+00 4.999880448464306681e+00 4.689309143030946814e+00 4.845576786851742312e+00 4.153826876598382789e+00 3.143914068768338232e+00 5.696030796543908536e+00 5.696030796543908536e+00 5.696030796543908536e+00 5.696030796543908536e+00
-7.262088025798981938e+00 -4.649025587790145408e+00 -1.423585534548204468e+00 -3.173128488823684368e-01 2.343860892372204852e+00 2.809133480303495300e+00 3.571665382959103852e+00 3.965411510706982501e+00 4.236604110817945745e+00 3.292834508050676234e+00 3.267225435308231063e+00 3.226743252669084683e+00 4.061891152577141284e+00 5.233261227673554394e+00 5.805696667234235164e+00 5.805696667234235164e+00 5.805696667234235164e+00 5.805696667234235164e+00
-7.674005768219315016e+00 -4.816223875319698422e+00 -1.308975789468121320e+00 5.519085962130099166e-01 2.707484789407787140e+00 3.343176023238999761e+00 3.362788897224462392e+00 4.170126842615330176e+00 3.906718183868822081e+00 1.754169831328655116e+00 1.116842619057013986e+00 1.457042779164389401e+00 2.852809836793377851e+00 4.514050582446897941e+00 5.709136747308003024e+00 5.709136747308003024e+00 5.709136747308003024e+00 5.709136747308003024e+00
-7.961656908081653050e+00 -4.967018466577775904e+00 -1.388897622457099246e+00 4.834800666423006432e-01 2.777078016715678999e+00 3.313568978907511564e+00 3.325547675131264036e+00 4.242544535559467533e+00 3.194438673747491464e+00 1.434970827487080491e+00 -9.757927697742448947e-01 9.020614473939059241e-01 2.024725230694537359e+00 3.689816142101004282e+00 5.635586235998871985e+00 5.635586235998871985e+00 5.635586235998871985e+00 5.635586235998871985e+00
-7.821867251053610914e+00 -5.436688904569489722e+00 -2.059091919567485718e+00 3.948873112917851147e-01 2.759603247251429803e+00 3.254460238604251821e+00 3.292306599327407213e+00 4.246901040655729709e+00 3.052627403016795249e+00 1.368329783528497101e+00 -1.058593409156233012e+00 -3.284210616926706849e-03 1.294490573589852644e+00 3.446599344925666664e+00 5.593586297919915573e+00 5.593586297919915573e+00 5.593586297919915573e+00 5.593586297919915573e+00
-7.858698054664753130e+00 -6.221056793168717292e+00 -1.917905654822666062e+00 3.823066535622154927e-01 2.484478583940605390e+00 3.406930379663791086e+00 3.367094059917313587e+00 4.354215984093209535e+00 2.774196663193484902e+00 7.952779329233663486e-01 -2.849187269724042793e+00 -1.812816951171823510e+00 1.230252976906051732e+00 3.291098645333818240e+00 5.526546110983398208e+00 5.526546110983398208e+00 5.526546110983398208e+00 5.526546110983398208e+00
-7.999140209394707490e+00 -6.140761361856908351e+00 -1.878725414708284802e+00 1.851848083426238523e-02 2.470963755881613544e+00 3.375795794499829583e+00 3.417771366695301793e+00 4.228604626597690874e+00 2.367205024128487434e+00 -1.106816026776794804e+00 -2.864224019732464654e+00 -1.707509295940950800e+00 1.280140165375344141e+00 3.572995729664292242e+00 5.651111141617534805e+00 5.651111141617534805e+00 5.651111141617534805e+00 5.651111141617534805e+00
-7.915519906413718942e+00 -6.727972049164678836e+00 -2.448121609154568112e+00 -9.219492662467774213e-01 2.152007425396844642e+00 3.301067051712803568e+00 3.377996655335143927e+00 3.967758473361240767e+00 2.086150626150609977e+00 -4.122136232609562967e+00 -3.214737402961567625e+00 -1.287144015727545110e+00 1.251457853988857449e+00 3.807892464187926151e+00 5.605410200881877358e+00 5.605410200881877358e+00 5.605410200881877358e+00 5.605410200881877358e+00
-8.119933403584477460e+00 -7.516159704901518523e+00 -3.124744122790150236e+00 -1.582527170117582926e+00 1.364888770927297212e+00 3.236569173377734643e+00 3.373772564507640404e+00 3.257692151942107373e+00 1.598840869204953830e+00 -4.402126393973212259e+00 -2.818390427116124197e+00 -8.938809851693456654e-01 1.594273072876033703e+00 3.776174404312639510e+00 5.526113089120237909e+00 5.526113089120237909e+00 5.526113089120237909e+00 5.526113089120237909e+00
-8.129006300483560210e+00 -7.619993527938985878e+00 -5.336156787523584022e+00 -1.597619874571348797e+00 2.593438146779297182e-01 2.607819373198577484e+00 3.179233151746208463e+00 2.934384069652815619e+00 1.109511256923918276e+00 -4.325241895585189233e+00 -2.193532826854256435e+00 1.150922677267627092e+00 1.966793461428777645e+00 4.215997822574379938e+00 5.464162222717495077e+00 5.464162222717495077e+00 5.464162222717495077e+00 5.464162222717495077e+00
-8.767604384884466029e+00 -7.674456196806346497e+00 -6.862229373434010071e+00 -2.702029063091671013e+00 -1.270289382092037123e+00 6.742329243200555489e-01 1.958528170815732494e+00 1.751846717069783788e+00 1.072610730087124820e+00 -1.720715961480859590e+00 -2.273702051731142149e+00 4.465993132191813375e-01 2.375755796367945649e+00 4.332091232580765450e+00 5.340076916412391128e+00 5.340076916412391128e+00 5.340076916412391128e+00 5.340076916412391128e+00
-9.031316008180478860e+00 -8.516034545038431602e+00 -7.482388068067661990e+00 -5.068700245502965274e+00 -2.040710388329343594e+00 -1.756041899220001756e+00 -2.350462548038059762e-01 4.240645655205630415e-01 3.934490060163242653e-01 -1.260385234034586910e+00 -2.505123114580285471e+00 -9.521616320417587431e-01 1.866368260377440080e+00 4.458520775843219042e+00 5.407224049083142248e+00 5.407224049083142248e+00 5.407224049083142248e+00 5.407224049083142248e+00
-9.264468184283185082e+00 -8.600161337409900852e+00 -8.037465483601007321e+00 -7.415139086088418097e+00 -5.848582168058619857e+00 -3.360812754874277886e+00 -2.424096864997629996e+00 -1.616887166729351399e+00 -7.498941479524230402e-01 -7.580981356643199387e-01 -3.376227841290920573e+00 -9.222628092485698481e-01 1.370929454987162455e+00 4.114801319083752240e+00 5.404114882232008199e+00 5.404114882232008199e+00 5.404114882232008199e+00 5.404114882232008199e+00
-1.039471654751639207e+01 -8.980422666014082012e+00 -8.811646211312806898e+00 -8.452700840666269144e+00 -7.689458563637446176e+00 -6.663298537020049928e+00 -5.540002074310759639e+00 -3.670602061438633434e+00 -3.395595702905842117e+00 -3.084851555275077040e+00 -1.993953064002103481e+00 -1.509521777770990836e+00 7.431694488575650848e-01 4.188316662242564270e+00 5.271333611745761871e+00 5.271333611745761871e+00 5.271333611745761871e+00 5.271333611745761871e+00
-1.044283614745627986e+01 -1.004119342186908170e+01 -9.653326596214856892e+00 -9.211102167088910164e+00 -8.871422513378270480e+00 -7.275063775252530007e+00 -5.743426695194727927e+00 -5.722078781502620615e+00 -5.019705983509711089e+00 -4.249004418984041465e+00 -2.881060460800163092e+00 -2.114014789545352713e+00 5.090504413630837499e-01 4.556790669553120843e+00 5.152966999338133292e+00 5.152966999338133292e+00 5.152966999338133292e+00 5.152966999338133292e+00
-1.059059619174045608e+01 -1.025180606974160469e+01 -9.848089782139080484e+00 -9.588123909315491744e+00 -9.238567592573410536e+00 -7.894820805258798480e+00 -5.997272561361036480e+00 -5.910000633246557555e+00 -5.105305314058256272e+00 -4.642828181352665950e+00 -2.810559981232404247e+00 -2.417592413382047667e+00 3.256896595560628827e-01 4.395132549822956314e+00 5.171417089567155401e+00 5.171417089567155401e+00 5.171417089567155401e+00 5.171417089567155401e+00
-1.058718684711491065e+01 -1.027622621898944821e+01 -1.000920355908142945e+01 -9.668050452262692218e+00 -9.357531494171164255e+00 -8.317596800444697180e+00 -6.099601718147198426e+00 -5.835109660559924194e+00 -5.153778740143476256e+00 -4.356507090852968389e+00 -2.808714867286945527e+00 -2.487618236259263593e+00 5.194849183877487953e-01 3.545449990899514070e+00 4.980997187572959284e+00 4.980997187572959284e+00 4.980997187572959284e+00 4.980997187572959284e+00
-1.052263028354849794e+01 -1.042400411999430077e+01 -9.925245069243125329e+00 -9.678689163472469659e+00 -9.387407359525809625e+00 -8.599432311888591585e+00 -6.251820903137641494e+00 -6.153621258634396796e+00 -5.328995273113495301e+00 -4.219953061343346690e+00 -3.290794079842144004e+00 -2.276712529899658666e+00 4.509491066000592685e-01 3.383743231099654025e+00 5.268934222086715913e+00 5.268934222086715913e+00 5.268934222086715913e+00 5.268934222086715913e+00
-1.051952610270586419e+01 -1.041575102565289157e+01 -9.972898784201785105e+00 -9.757442181786847968e+00 -9.403959263128601975e+00 -8.717855394634813848e+00 -6.802182018795811302e+00 -6.069573422934203322e+00 -5.575943042251485515e+00 -4.447069792694945178e+00 -3.311039786163842535e+00 -2.558011718067970008e+00 3.658540551660360851e-01 3.495925456844921619e+00 5.371299798205024345e+00 5.371299798205024345e+00 5.371299798205024345e+00 5.371299798205024345e+00
-1.061722371801703169e+01 -1.028717252695770412e+01 -9.984142883775621868e+00 -9.718039231718055504e+00 -9.406480474747453968e+00 -8.942217357766761410e+00 -7.023335181152207340e+00 -5.926585157641586221e+00 -5.918372587132910034e+00 -4.929615729793471957e+00 -3.120678373495087143e+00 -2.897210568987907742e+00 2.017407797801896163e-01 3.146190652445448155e+00 5.207607286813972003e+00 5.207607286813972003e+00 5.207607286813972003e+00 5.207607286813972003e+00
-1.060958078928369375e+01 -1.031023455925929255e+01 -1.003973675554419565e+01 -9.759507523090803716e+00 -9.427668094018256895e+00 -9.020206363657962356e+00 -7.468904925590281962e+00 -5.841742161887760076e+00 -5.676054638323332568e+00 -5.374387485508927753e+00 -2.976814860009599606e+00 -2.627617886904021649e+00 2.693586326634704875e-01 3.134283716957547483e+00 5.193899548082345774e+00 5.193899548082345774e+00 5.193899548082345774e+00 5.193899548082345774e+00
-1.072671307543540919e+01 -1.045656999040080670e+01 -1.003573384290722714e+01 -9.758132403314153436e+00 -9.475556811523809131e+00 -8.970222268966651313e+00 -7.742407343812688580e+00 -6.159413717189456072e+00 -5.876467460946400934e+00 -5.405690564268000209e+00 -3.590197334976742205e+00 -2.732528932830037061e+00 3.848318496754506435e-01 2.988966951097370206e+00 5.030207036691292544e+00 5.030207036691292544e+00 5.030207036691292544e+00 5.030207036691292544e+00
-1.074024276029518532e+01 -1.040975566587380463e+01 -1.003851965612327035e+01 -9.851736699813478992e+00 -9.521294872240371632e+00 -9.011556904758595721e+00 -7.911155692511791848e+00 -6.117524104630069459e+00 -5.905168449050179902e+00 -5.483847829054951717e+00 -3.494399810116848748e+00 -2.430788173946458741e+00 1.610240790693510671e-01 3.046572673396227060e+00 5.057998707663853288e+00 5.057998707663853288e+00 5.057998707663853288e+00 5.057998707663853288e+00
-1.071716825937124895e+01 -1.039838228624140726e+01 -1.003417301579705878e+01 -9.837719733499604047e+00 -9.524485218621283167e+00 -9.156836021572612339e+00 -8.048181012035120929e+00 -5.808646408242671200e+00 -5.967249816127030648e+00 -5.158128895420936999e+00 -3.249006130700702322e+00 -2.173324418257442936e+00 4.602788030252173701e-02 2.993878171256958876e+00 5.096280371029747513e+00 5.096280371029747513e+00 5.096280371029747513e+00 5.096280371029747513e+00
