-1.037824821158837274e+01 -1.036399390958555422e+01 -9.998579862497614101e+00 -9.678624637798701968e+00 -9.384606651554785017e+00 -8.982137424394345260e+00 -8.374600888671233534e+00 -7.241452480708154837e+00 -4.809549851556650601e+00 -2.693954037938583568e+00 -1.898350902522488060e+00 -9.420955383204969724e-01 5.884544317374449385e-01 1.902262657992889849e+00 4.949157271372321532e+00 4.949157271372321532e+00 4.949157271372321532e+00 4.949157271372321532e+00
-1.040294793928731210e+01 -1.012550010349221274e+01 -1.000059402133224751e+01 -9.837765739469677584e+00 -9.492788808271036771e+00 -8.965760711966366259e+00 -8.204603491522195924e+00 -6.916008975125080838e+00 -4.399374345196500613e+00 -2.719112800024844567e+00 -2.515006721262787792e+00 -2.991407974339378439e-01 7.894937917771790437e-01 1.988263543531906263e+00 4.846970656439843594e+00 4.846970656439843594e+00 4.846970656439843594e+00 4.846970656439843594e+00
-1.039958412726030090e+01 -1.009382025574475961e+01 -9.726948788875194651e+00 -9.794367756155548221e+00 -9.692645021597272148e+00 -9.163780202903605954e+00 -8.145476865541919409e+00 -6.883598979625745073e+00 -3.476262582791371791e+00 -2.560364267933453952e+00 -2.111802069886843380e+00 -1.931961978044794553e-02 1.107161857317788545e-01 2.026339482282357274e+00 5.040188965637360852e+00 5.040188965637360852e+00 5.040188965637360852e+00 5.040188965637360852e+00
-1.030394579410272371e+01 -1.026443211420042623e+01 -9.858612057264123152e+00 -9.278824155235859905e+00 -9.185590501968647459e+00 -9.199836955325633170e+00 -8.226707549050400914e+00 -6.659625762332084697e+00 -2.857164911659509698e+00 -2.606012249905751865e+00 -6.989846548384262004e-01 -5.393624886850442723e-02 9.674825204677059975e-01 2.262739734732580832e+00 4.836288370330677822e+00 4.836288370330677822e+00 4.836288370330677822e+00 4.836288370330677822e+00
-1.054552614145453937e+01 -1.033390037385365190e+01 -9.939955981278892239e+00 -9.584399758414486215e+00 -9.065421482212521198e+00 -8.664541972237492118e+00 -8.159823787445494858e+00 -5.757140431518721790e+00 -2.819881011628992962e+00 -3.233403407176514754e+00 -2.413433840428420296e-01 3.893242080665137439e-01 1.879238464080970727e+00 2.387274940665961687e+00 4.737309141118461575e+00 4.737309141118461575e+00 4.737309141118461575e+00 4.737309141118461575e+00
-1.040463642445428327e+01 -1.005707782423318974e+01 -1.018215088520948619e+01 -9.936229746868443513e+00 -9.418978985414204530e+00 -8.666806226710056293e+00 -7.755637397075490824e+00 -4.322459735389065472e+00 -3.420993468960676243e+00 -2.167516654055989811e+00 -2.514415406593045743e-01 1.971123055754878672e-01 1.252971084897589682e+00 2.172145749422954797e+00 4.430868050643502087e+00 4.430868050643502087e+00 4.430868050643502087e+00 4.430868050643502087e+00
-1.040785178542178180e+01 -1.024862765828207323e+01 -1.004880258754152678e+01 -9.872637230676325260e+00 -9.372680060100307742e+00 -8.622120016014427790e+00 -7.516811564786442190e+00 -3.055620408063403737e+00 -3.690254080506034651e+00 -4.863503102102407771e-01 5.386490024549113187e-01 1.898357089956588251e+00 1.620346729599681179e+00 3.332455879518203101e+00 4.276219552204908680e+00 4.276219552204908680e+00 4.276219552204908680e+00 4.276219552204908680e+00
-1.052662638619415070e+01 -1.010660300871371220e+01 -1.002268059735966332e+01 -9.811029737257804584e+00 -9.302673000022501526e+00 -8.294777119564539447e+00 -5.261012001654165715e+00 -2.831761544459932445e+00 -2.880088649996733086e+00 -1.667200380790350572e-02 1.549334951819452133e+00 2.039976659973327333e+00 1.826058151486884551e+00 4.406819893794320819e+00 5.290003827338003006e+00 5.290003827338003006e+00 5.290003827338003006e+00 5.290003827338003006e+00
-1.038523384800412153e+01 -1.025976795851141432e+01 -9.552047287941732634e+00 -9.130744189585747961e+00 -8.241344773628789255e+00 -6.961693280655522287e+00 -3.436795567779646454e+00 -3.613231849740647483e+00 -9.694501031678210978e-01 9.737555358814681261e-01 2.085938929260688024e+00 2.744823400433564320e+00 3.455076315778978557e+00 4.808190994870360058e+00 5.364682116570607562e+00 5.364682116570607562e+00 5.364682116570607562e+00 5.364682116570607562e+00
-1.036733860413589170e+01 -1.002397366676230384e+01 -9.523458001685135343e+00 -8.438417548749459485e+00 -7.435301380000415961e+00 -5.261580422601484841e+00 -2.650677148472484035e+00 -3.362952698131523199e+00 -5.726005397238744660e-02 2.160650578147359724e+00 3.024652073541173714e+00 3.494429135024417654e+00 4.984393117598088452e+00 4.933027417716385976e+00 5.171847316096770619e+00 5.171847316096770619e+00 5.171847316096770619e+00 5.171847316096770619e+00
-1.023752755985021246e+01 -9.469147163403313527e+00 -8.850721551911552964e+00 -8.516149694666564685e+00 -6.802374405082484365e+00 -3.384225572272442584e+00 -3.965916068708436271e+00 -1.200600467502207502e+00 1.380174763175304520e+00 3.097788775876497702e+00 3.074794473251036386e+00 4.613510258414128096e+00 2.981509384711830357e+00 2.206959096788986940e+00 5.391382465401298063e+00 5.391382465401298063e+00 5.391382465401298063e+00 5.391382465401298063e+00
-9.905291705113217660e+00 -9.043971310416569764e+00 -8.209226909273633410e+00 -7.615129501069870521e+00 -5.048123783974986623e+00 -2.524419966735781617e+00 -3.187208616211179457e+00 1.089046925478656669e-01 2.986524866853190296e+00 3.142033192837824895e+00 4.468946283550435439e+00 3.786170376560161976e+00 1.816167761721682705e+00 2.505741871120704012e+00 5.187519238771656660e+00 5.187519238771656660e+00 5.187519238771656660e+00 5.187519238771656660e+00
-9.555562452858552547e+00 -8.496036776937216928e+00 -7.665613156417435903e+00 -6.120591434502703265e+00 -3.368740100669811000e+00 -3.643915130942271041e+00 -1.176320896535451022e+00 2.336279126067982936e+00 3.271729981775524543e+00 4.051953055128046266e+00 4.721407004809082153e+00 4.693449845051491098e-01 4.323779369925148108e-01 2.371194327283517644e+00 5.018904624682389404e+00 5.018904624682389404e+00 5.018904624682389404e+00 5.018904624682389404e+00
-1.009188013680509854e+01 -7.894749275807606992e+00 -6.516519683819628206e+00 -4.766347123143741982e+00 -2.255961350817001776e+00 -2.841866656120972667e+00 3.633632514488879250e-01 3.077188292414283488e+00 3.375401842852016721e+00 5.012578679461110021e+00 3.394827509392055465e+00 -1.967170401643745681e+00 3.773974508525760330e-01 2.617929985529557690e+00 5.668181548758103538e+00 5.668181548758103538e+00 5.668181548758103538e+00 5.668181548758103538e+00
-9.404769197078660881e+00 -7.554629459612271170e+00 -5.591977527887999955e+00 -3.434794204679135987e+00 -3.242345996684097731e+00 -1.454245984522904322e+00 2.235159547035284078e+00 3.141022617661136440e+00 3.596896319059603275e+00 5.629757469747869614e+00 4.522209581316680271e+00 -9.216614465201624640e-01 9.673338456382403194e-01 2.589722549795904882e+00 5.437632440115040211e+00 5.437632440115040211e+00 5.437632440115040211e+00 5.437632440115040211e+00
-9.084482499390290400e+00 -6.891878112948697677e+00 -4.620459346170308734e+00 -2.239889438793759346e+00 -2.944230914265239640e+00 1.205485657783753328e-01 3.065982596260079074e+00 3.063113840479479322e+00 4.157938800927576395e+00 6.173829220971596143e+00 6.110341564072563791e+00 1.944649446119248948e+00 6.247776617825711032e-01 2.765437412265820516e+00 5.423378886748380978e+00 5.423378886748380978e+00 5.423378886748380978e+00 5.423378886748380978e+00
-8.667192616507712444e+00 -6.280127223784568891e+00 -3.972060481367742923e+00 -1.988004162938599162e+00 -2.115215312434875372e+00 1.619625395847048122e+00 3.185769651462232233e+00 3.292197883432836036e+00 4.211727884703876157e+00 5.121501724523323418e+00 4.678130098543943127e+00 4.776206026196232912e+00 3.726940617975417869e+00 3.332830073829179618e+00 5.473344237728282380e+00 5.473344237728282380e+00 5.473344237728282380e+00 5.473344237728282380e+00
-7.786589895643897918e+00 -5.848833359626437911e+00 -3.406882535094990061e+00 -1.774193172745877956e+00 -7.828263429123195616e-01 2.613080212749851583e+00 3.541261861923551635e+00 3.908362067454736355e+00 4.090806194951626118e+00 3.301708617390268330e+00 3.376317751262023492e+00 3.230942750408795305e+00 4.010708093432464594e+00 5.251825607059474876e+00 5.236450405330653979e+00 5.236450405330653979e+00 5.236450405330653979e+00 5.236450405330653979e+00
-7.487863322184846737e+00 -5.917348740523014961e+00 -2.971197794850989560e+00 -1.997231951164025299e+00 7.187598064014527610e-02 3.125504098301505884e+00 3.168351635708241076e+00 3.917314090035418417e+00 3.801889067801973887e+00 1.833888485075686914e+00 1.451643626681563770e+00 1.514840079418423802e+00 2.829065230775640760e+00 4.378583911096791681e+00 5.647122613304265570e+00 5.647122613304265570e+00 5.647122613304265570e+00 5.647122613304265570e+00
-8.101663278850910643e+00 -5.876284178596882235e+00 -3.040647454152204610e+00 -2.261039120993784568e+00 3.022331747043252581e-01 3.051481720330386338e+00 3.105134908057930243e+00 4.056562523175358592e+00 3.155245571430622675e+00 1.551492689535151293e+00 -8.185332395500834191e-02 8.882305059081552212e-01 2.011230178100412491e+00 3.675588446237839868e+00 5.716167001826994110e+00 5.716167001826994110e+00 5.716167001826994110e+00 5.716167001826994110e+00
-8.097804263822082405e+00 -5.988176041896649870e+00 -3.066344307114349022e+00 -1.440520840941790226e+00 7.349278088027907385e-01 3.124976879476542457e+00 3.179331919711388288e+00 4.115239956335246418e+00 3.017627118295350908e+00 1.495021273379314897e+00 1.209050969231840467e-01 1.988247081291710239e-01 1.269270668816389502e+00 3.326322440736563024e+00 5.674494539289901773e+00 5.674494539289901773e+00 5.674494539289901773e+00 5.674494539289901773e+00
-8.127287052696988923e+00 -6.312146619218811594e+00 -3.217682793284303955e+00 -1.660924337771286563e+00 1.243025418416509598e-01 3.186432915169383762e+00 3.235438954695905256e+00 4.170744554830719153e+00 2.786856614175400981e+00 1.179729233212827300e+00 -2.620883469276863664e+00 -1.675185901263272381e+00 1.210525462360210636e+00 3.171321313768785011e+00 5.607509331397212193e+00 5.607509331397212193e+00 5.607509331397212193e+00 5.607509331397212193e+00
-8.095528596536341936e+00 -6.897727341184204164e+00 -4.205385997981321289e+00 -2.311735863196092478e+00 -7.737024492014880073e-01 3.175184070544936787e+00 3.189420450468684720e+00 4.011210063300394424e+00 2.372321221449715800e+00 5.243965408253851157e-01 -2.647274825729660996e+00 -1.629212492293057979e+00 1.231386407981663877e+00 3.467444616314166339e+00 5.609790206212096564e+00 5.609790206212096564e+00 5.609790206212096564e+00 5.609790206212096564e+00
-8.094450027008075921e+00 -7.008869767401794348e+00 -4.909943472869255920e+00 -2.309919995831878126e+00 -1.744149649515499334e+00 1.599131428035655667e+00 3.210463243425635937e+00 3.761598987705371044e+00 2.170460590403071599e+00 -3.720401997897153201e+00 -2.817859765593088817e+00 -1.232262367562029448e+00 1.320819308664057390e+00 3.719078618749953602e+00 5.592619084909225435e+00 5.592619084909225435e+00 5.592619084909225435e+00 5.592619084909225435e+00
-7.900670618917296828e+00 -7.059878725449256542e+00 -5.396876717961796466e+00 -3.170036160689083893e+00 -2.069766188325918854e+00 2.807582948045834748e-01 3.189766256349170881e+00 2.991826712442636982e+00 2.030492207847158337e+00 -4.069758652589149150e+00 -2.617360128398916075e+00 -7.443885825657508004e-01 1.546254008545542735e+00 3.692829726854769401e+00 5.992759544340335864e+00 5.992759544340335864e+00 5.992759544340335864e+00 5.992759544340335864e+00
-8.386769690226143936e+00 -7.633333468602581995e+00 -6.258500040422959820e+00 -4.322009483708225019e+00 -2.299892529652765027e+00 -1.455989946079538466e+00 8.801834862605881771e-01 2.796087144241015121e+00 1.430031635785301791e+00 -3.608645713998919646e+00 -1.548617187959644870e+00 1.128021768094028543e+00 1.893278127635300789e+00 4.179949748387902453e+00 5.996985911389058899e+00 5.996985911389058899e+00 5.996985911389058899e+00 5.996985911389058899e+00
-8.863001208758367611e+00 -7.817829579540664042e+00 -6.803893696307880212e+00 -5.394202006569484453e+00 -3.595004543024538091e+00 -2.235644987038511999e+00 -7.034626129720875642e-01 5.324857893907176676e-01 1.766147123318930312e+00 -5.555655450348963020e-01 -3.738125492714516884e-01 1.512907183935026656e-01 2.212542751402458485e+00 4.553884389710542102e+00 5.918765015289005227e+00 5.918765015289005227e+00 5.918765015289005227e+00 5.918765015289005227e+00
-9.122793765432961166e+00 -8.327835030145463335e+00 -7.522455407521224657e+00 -6.171047567418820989e+00 -4.699465240381838882e+00 -3.228734122201131207e+00 -2.021139634048475298e+00 -3.799487038998960453e-01 -1.065292370965794655e-01 1.507089337450222111e+00 -2.790314655337397531e-02 4.091559899670813572e-01 1.835627971628970068e+00 4.645505860671477194e+00 6.001509807826916898e+00 6.001509807826916898e+00 6.001509807826916898e+00 6.001509807826916898e+00
-9.389758240143866175e+00 -8.521693273451685258e+00 -7.968247850286855005e+00 -7.353393448820654932e+00 -6.147769645611719014e+00 -4.610453175114414215e+00 -2.528719088168850160e+00 -1.964428312006643473e+00 -3.823386852214289977e-01 2.832918466781721989e-01 4.692888874281704870e-01 4.124325767838397938e-02 1.400954317680332739e+00 4.094204716255320342e+00 5.512702050995182290e+00 5.512702050995182290e+00 5.512702050995182290e+00 5.512702050995182290e+00
-1.005388637704157162e+01 -9.022816135578462848e+00 -8.654625447085608769e+00 -8.241082377843254037e+00 -7.430905375255147050e+00 -6.571729630998577321e+00 -4.401765110638365286e+00 -2.209180499589236568e+00 -1.832234607597528431e+00 -4.709936231634217485e-01 9.825631949029278722e-01 6.506821409698464453e-01 -2.618694566432596682e-01 4.017515224018676889e+00 6.272821612402777802e+00 6.272821612402777802e+00 6.272821612402777802e+00 6.272821612402777802e+00
-1.037153595286983609e+01 -9.915702651181781846e+00 -9.472361306867989938e+00 -8.991043684106655220e+00 -8.452531097971288432e+00 -7.319603270184767752e+00 -5.650984120151084866e+00 -3.564966416005274752e+00 -2.342362858476445986e+00 -1.748531548740652752e+00 -1.384597582817919947e-01 1.201896976308317821e+00 4.941984997865531137e-01 4.408609192948806488e+00 6.290303747491174491e+00 6.290303747491174491e+00 6.290303747491174491e+00 6.290303747491174491e+00
-1.038587179953288242e+01 -1.008024052472141285e+01 -9.617925551237373583e+00 -9.249862368353582553e+00 -8.750925436883058239e+00 -7.768328352037972451e+00 -6.398217730574783602e+00 -4.717411863224700852e+00 -2.569615821293805169e+00 -2.553971599703484863e+00 -1.159462622811851196e+00 8.074396805271528699e-01 7.490397798968968512e-01 3.982244622717899141e+00 6.141176951151019026e+00 6.141176951151019026e+00 6.141176951151019026e+00 6.141176951151019026e+00
-1.043623881419680544e+01 -1.020528400869503471e+01 -9.809756128698547073e+00 -9.428855229851389907e+00 -9.019311325037861593e+00 -8.066165525361915556e+00 -6.689511774836295999e+00 -5.455706037057729496e+00 -3.592955830943815876e+00 -2.839779598632175883e+00 -2.302452106226619222e+00 -5.733108646644172884e-02 4.970826656616288974e-01 3.065042105753124968e+00 5.814408888578759260e+00 5.814408888578759260e+00 5.814408888578759260e+00 5.814408888578759260e+00
-1.051881833991973458e+01 -1.019893147915399112e+01 -9.842440670750619347e+00 -9.526754460579319073e+00 -9.036441329405148437e+00 -8.243004951147561599e+00 -6.876785696435661066e+00 -5.669772848415016497e+00 -4.030422383475960046e+00 -2.607638788476899450e+00 -2.413054674998849958e+00 -6.661726192734638285e-01 3.717409477382553340e-01 2.720753146445364923e+00 5.468775207468024924e+00 5.468775207468024924e+00 5.468775207468024924e+00 5.468775207468024924e+00
-1.048154017806557370e+01 -1.019262375441722668e+01 -9.929540009393702960e+00 -9.574924592664252998e+00 -9.137027615842542971e+00 -8.411528142386755391e+00 -7.075347467361050136e+00 -5.819884096265514728e+00 -5.087248568274178595e+00 -3.597871890429367170e+00 -2.228761878041289446e+00 -7.870560829584332119e-01 -3.061383691593549394e-01 2.657127478704295775e+00 5.629429202419530931e+00 5.629429202419530931e+00 5.629429202419530931e+00 5.629429202419530931e+00
-1.057274173274067586e+01 -1.024851300578032465e+01 -9.932865439815083519e+00 -9.578142892296838795e+00 -9.227937410708182853e+00 -8.523975294233318678e+00 -7.216260366572571527e+00 -5.782103009181811082e+00 -5.508633575153440987e+00 -3.883562936386812936e+00 -2.668345318164576430e+00 -8.622147990031613363e-01 2.702992796191291958e-01 2.244331459393360984e+00 5.784281671218504783e+00 5.784281671218504783e+00 5.784281671218504783e+00 5.784281671218504783e+00
-1.054487661077851790e+01 -1.028158938208457940e+01 -1.000605751131895005e+01 -9.673538786604119366e+00 -9.274075589331179259e+00 -8.725031350225094684e+00 -7.401371771988987547e+00 -5.745058349273879372e+00 -5.192266423282001497e+00 -3.553287538251379551e+00 -2.865403187682006525e+00 -1.569297726072900856e+00 -1.469072562843499741e-01 2.297514627871169779e+00 5.516686137020714753e+00 5.516686137020714753e+00 5.516686137020714753e+00 5.516686137020714753e+00
-1.059128910659336498e+01 -1.031029213727884297e+01 -1.002222836481238133e+01 -9.651015864408199363e+00 -9.321998813750237645e+00 -8.705431007846843983e+00 -7.446855737368585082e+00 -5.845076812793789323e+00 -5.171626659084904709e+00 -3.906693198722227756e+00 -3.602550941818910335e+00 -1.779763227628032851e+00 -4.303303770689815844e-01 2.157369000400273684e+00 5.124739151751953159e+00 5.124739151751953159e+00 5.124739151751953159e+00 5.124739151751953159e+00
-1.063458529307087375e+01 -1.030163143942309034e+01 -1.000766359680784312e+01 -9.657841224512871747e+00 -9.367704866212108072e+00 -8.777700129311169164e+00 -7.612280740135284773e+00 -5.872881206753456595e+00 -5.249087649623076501e+00 -3.774676789975412561e+00 -3.937497630069936250e+00 -2.512163946493755962e+00 -5.322894808776952313e-01 2.241959158401213514e+00 5.399372216236558941e+00 5.399372216236558941e+00 5.399372216236558941e+00 5.399372216236558941e+00
-1.068352282592805125e+01 -1.033819108821362676e+01 -1.003835973668472548e+01 -9.709314456974770025e+00 -9.398908607254039538e+00 -8.962469264450831474e+00 -7.595731155282696712e+00 -5.750525564934458878e+00 -5.352645328024070892e+00 -3.631164441614411764e+00 -4.078903330541197469e+00 -1.746180159945254662e+00 -5.335055054993974588e-01 2.242514059079397271e+00 5.186409620577724588e+00 5.186409620577724588e+00 5.186409620577724588e+00 5.186409620577724588e+00
