-1.044420840405687834e+01 -1.023817346133171213e+01 -9.990971554217409789e+00 -9.726137721142508852e+00 -9.404034576596878026e+00 -9.008409205119985330e+00 -8.309104755724213476e+00 -7.313201034579213555e+00 -4.858191550517249269e+00 -3.084537244807915357e+00 -1.936183692573803850e+00 -1.775067818650416518e+00 4.728483690866655542e-01 1.826967606334805039e+00 4.366695878189531754e+00 4.366695878189531754e+00 4.366695878189531754e+00 4.366695878189531754e+00
-1.045479941511830546e+01 -1.020941543447057498e+01 -1.006358111264780852e+01 -9.934413273934504574e+00 -9.455067291661112705e+00 -8.994659583637549360e+00 -8.291030881530380370e+00 -7.025619920355990367e+00 -4.843430244522119565e+00 -2.064267237733407256e+00 -2.151940540504542643e+00 -3.229389865252336733e-01 5.171211161813554780e-01 2.074695379391440220e+00 4.509057179245891334e+00 4.509057179245891334e+00 4.509057179245891334e+00 4.509057179245891334e+00
-1.040240954595622469e+01 -1.012586833907435491e+01 -9.718662478050450915e+00 -9.691603732421075534e+00 -9.579030759828519592e+00 -9.091268080330401347e+00 -8.213556876268365059e+00 -6.952374864017015099e+00 -4.330545684193854328e+00 -2.107403481433737458e+00 -3.043876740738673092e+00 -2.641391490294958677e-01 -2.116442087719521692e-01 2.155491056000002459e+00 4.639652379362677159e+00 4.639652379362677159e+00 4.639652379362677159e+00 4.639652379362677159e+00
-1.032245568221876297e+01 -1.022002113761315556e+01 -9.967750689842061362e+00 -9.342090040681728880e+00 -9.220757811181618635e+00 -9.093511605590061109e+00 -8.288687754338868174e+00 -6.740220604259777204e+00 -3.151262066145796403e+00 -2.875578889373290536e+00 -1.376294145515013723e+00 1.988366380049488846e-01 3.377373013411825164e-01 2.318713108480344065e+00 4.553505898612722369e+00 4.553505898612722369e+00 4.553505898612722369e+00 4.553505898612722369e+00
-1.070586946621078006e+01 -1.026765213649203723e+01 -9.964580270278155183e+00 -9.607526519534639320e+00 -9.104933565220797220e+00 -8.700281319920074807e+00 -8.207381605314594708e+00 -6.260899883096427310e+00 -2.485700166630993024e+00 -2.845902059907474246e+00 -5.490166224929067251e-01 -6.910214434356018454e-02 1.417157145289984488e+00 2.369403948883099353e+00 4.194632575015868170e+00 4.194632575015868170e+00 4.194632575015868170e+00 4.194632575015868170e+00
-1.053313683881642149e+01 -9.918561894803321621e+00 -1.015858749334312350e+01 -9.824113427575632329e+00 -9.315211706080992471e+00 -8.714352751957113341e+00 -7.903634459090905118e+00 -5.086838351002729297e+00 -2.760225577936926911e+00 -2.584474795539869252e+00 5.260348839140839561e-02 1.159637310025009693e+00 1.169647365964052499e+00 2.148476344077612232e+00 4.395671618111446577e+00 4.395671618111446577e+00 4.395671618111446577e+00 4.395671618111446577e+00
-1.043427694816788787e+01 -1.029601664246011161e+01 -9.940058091555727060e+00 -9.665152607489158498e+00 -9.321500899160051645e+00 -8.690886463090762959e+00 -7.718596665394576561e+00 -3.583287534656593554e+00 -3.234297561959780687e+00 -1.007409809079500729e+00 -2.777790431271765503e-01 1.344605090717888363e+00 1.581942842103625901e+00 3.335968388019571407e+00 4.193055833242350872e+00 4.193055833242350872e+00 4.193055833242350872e+00 4.193055833242350872e+00
-1.055139299415003862e+01 -1.017024698193866428e+01 -9.919672656600241112e+00 -9.749942207211786283e+00 -9.207496097845979222e+00 -8.264626460560197785e+00 -5.919290279143005762e+00 -2.226833697695826952e+00 -2.627609096719736748e+00 9.861839701675315789e-03 1.495158950196489034e+00 2.096435910484653498e+00 1.800331711906038468e+00 4.349412534900818805e+00 4.895769575292218789e+00 4.895769575292218789e+00 4.895769575292218789e+00 4.895769575292218789e+00
-1.051888127402268935e+01 -1.030827544922104977e+01 -9.733698960976374437e+00 -9.098443013112706979e+00 -8.202353073105326686e+00 -7.089472625217098312e+00 -3.768105424239432288e+00 -3.313226464001024940e+00 -7.265422711708716674e-01 1.120496405417472641e+00 2.121663465985546893e+00 2.767535160047501552e+00 3.421763579419503376e+00 4.812580504525159952e+00 4.899004844256708679e+00 4.899004844256708679e+00 4.899004844256708679e+00 4.899004844256708679e+00
-1.025578849931841674e+01 -1.001888268803934778e+01 -9.610843695878548587e+00 -8.500995411439481231e+00 -7.403373970176000185e+00 -5.103520911722708497e+00 -2.335468605083019344e+00 -2.768314937708983958e+00 3.081769530937338852e-01 2.102332964478874189e+00 3.066880605930879078e+00 3.490356837053314010e+00 4.955107800474084279e+00 4.945161789185859469e+00 5.065972097420907261e+00 5.065972097420907261e+00 5.065972097420907261e+00 5.065972097420907261e+00
-1.024659560248232637e+01 -9.477955705699532274e+00 -8.751093493802626355e+00 -8.485911252625474077e+00 -6.836142406643838321e+00 -3.274497616884096018e+00 -3.473362580835519076e+00 -8.504233232662489206e-01 2.003987710874115091e+00 3.038260831769987735e+00 3.054519593735389726e+00 4.602152413781599449e+00 2.777875644491179408e+00 2.258274503780835385e+00 4.825433454889562768e+00 4.825433454889562768e+00 4.825433454889562768e+00 4.825433454889562768e+00
-9.760369164111967422e+00 -9.010471725872012172e+00 -8.123838345021173524e+00 -7.496784998678306167e+00 -4.638670311729630846e+00 -2.144441329018630604e+00 -2.345301974186036809e+00 5.545812380339772973e-01 2.969500932973906604e+00 3.223752558973817184e+00 4.500346295261019591e+00 3.795975856164853557e+00 1.272314203574952174e+00 2.450177799348492336e+00 4.767924607209459431e+00 4.767924607209459431e+00 4.767924607209459431e+00 4.767924607209459431e+00
-9.601620988650864774e+00 -8.633741933187796036e+00 -7.516023355212055002e+00 -5.997679711598387087e+00 -3.083986495408568729e+00 -3.263735310236596909e+00 -1.786572337783151054e-01 3.144261515360247117e+00 3.377519499503400358e+00 4.160253724621561844e+00 4.836579971576570713e+00 5.731440590214572500e-02 5.910381803607311912e-01 2.333705629961813077e+00 4.598494385437572163e+00 4.598494385437572163e+00 4.598494385437572163e+00 4.598494385437572163e+00
-1.009958535917387579e+01 -8.007888061167168559e+00 -6.457460176844620925e+00 -4.157406333475702986e+00 -2.426245846255293159e+00 -1.985140711291168092e+00 1.463279034928067990e+00 3.078272652941410392e+00 3.348180724687351617e+00 5.095553321678603531e+00 3.363453502155307806e+00 -1.931053435332454438e+00 4.189111440153375221e-01 2.565376785857131026e+00 4.448058404825671275e+00 4.448058404825671275e+00 4.448058404825671275e+00 4.448058404825671275e+00
-9.465074970571805579e+00 -7.477614982725310888e+00 -5.203898404037818892e+00 -2.622909732339051114e+00 -2.571323238773020492e+00 -3.759011431485494992e-01 3.133853236896638528e+00 3.216056404212090492e+00 3.605423597673023117e+00 5.659729826053126800e+00 4.564107429997953602e+00 -9.871580207355026282e-01 8.177769388895133051e-01 2.603688020286831772e+00 4.439414226226722882e+00 4.439414226226722882e+00 4.439414226226722882e+00 4.439414226226722882e+00
-9.183005973840336011e+00 -6.881467277243336511e+00 -4.264542890210083037e+00 -2.192706740405268029e+00 -1.422571707869481283e+00 1.334887405353139878e+00 3.071871375822283312e+00 3.098806815292090455e+00 4.223548344193398307e+00 6.418102321457198833e+00 6.142471409964901596e+00 2.014396780558905142e+00 7.773826427838357311e-01 2.777012906046667950e+00 4.908470147072748979e+00 4.908470147072748979e+00 4.908470147072748979e+00 4.908470147072748979e+00
-8.796516766863307524e+00 -5.923161240859688981e+00 -3.528884854179383801e+00 -2.396309380840929926e+00 -1.419382465601428001e+00 2.960514449290689409e+00 3.296669178475392314e+00 3.398982553881507496e+00 4.266889950595085246e+00 5.045618109766037307e+00 4.606460300987283318e+00 4.758999638752788641e+00 3.910002661667529189e+00 3.295470867498982326e+00 4.869549891897611893e+00 4.869549891897611893e+00 4.869549891897611893e+00 4.869549891897611893e+00
-7.795898947183576233e+00 -5.724007500066278453e+00 -3.111916425196256775e+00 -1.577152477225349347e+00 -9.501600024051320981e-01 2.680099514132301852e+00 3.517545770948717898e+00 3.848805878620273013e+00 4.075539773076763517e+00 3.228243244571449289e+00 3.240859114128038510e+00 3.110149471323288228e+00 3.952997280150181147e+00 5.158917882439816083e+00 4.531115423963842481e+00 4.531115423963842481e+00 4.531115423963842481e+00 4.531115423963842481e+00
-7.532902016405138568e+00 -5.795746967831820307e+00 -2.924298498912122568e+00 -1.198096996644378187e+00 5.928913039401163543e-01 3.105635212112644705e+00 3.187229436652389669e+00 3.889325247920787376e+00 3.790585207069067764e+00 1.788579109447447690e+00 1.313558584288882614e+00 1.423352643907045856e+00 2.789528686895870635e+00 4.436219714058959873e+00 4.446920675249540267e+00 4.446920675249540267e+00 4.446920675249540267e+00 4.446920675249540267e+00
-8.255235419088048587e+00 -5.851557704393473891e+00 -2.466877399116624847e+00 -7.893207151310062120e-01 1.707300925692508020e+00 3.093248450841195485e+00 3.162814617731199984e+00 4.070746511913570842e+00 3.103655163250418347e+00 1.499137419872681010e+00 -8.768713989996190783e-01 8.456816910162413548e-01 1.938614426881647645e+00 3.654475699622769191e+00 4.477824645374147927e+00 4.477824645374147927e+00 4.477824645374147927e+00 4.477824645374147927e+00
-8.110816682446237991e+00 -5.962910124993459959e+00 -3.597706732197415214e+00 -1.442281207694107614e+00 1.235603208050890967e+00 3.100113438365297291e+00 3.188325905903460988e+00 4.082300117841434428e+00 2.991120124761935006e+00 1.373489421808173017e+00 -7.525107572623187524e-01 3.272171405721657766e-02 1.288251632711963302e+00 3.315385952989180485e+00 4.864456217657819437e+00 4.864456217657819437e+00 4.864456217657819437e+00 4.864456217657819437e+00
-8.100309737839969770e+00 -6.423510505723600161e+00 -3.315096226082067332e+00 -2.813931948194455579e+00 4.932100218081917134e-03 3.206302714615455240e+00 3.252805480001261351e+00 4.184516421807842335e+00 2.723170552111651155e+00 1.125363021293681154e+00 -2.762907051914682555e+00 -1.648938967134519817e+00 1.210496380187445764e+00 3.168950229737558910e+00 4.712472661779463223e+00 4.712472661779463223e+00 4.712472661779463223e+00 4.712472661779463223e+00
-8.068261279115318985e+00 -6.781544907339765338e+00 -3.945284109369837644e+00 -1.867322648672121055e+00 -2.260225680753225608e-01 3.160010635502332299e+00 3.259115449841771373e+00 4.034143100085403333e+00 2.332751501876068279e+00 2.066489871444538995e-01 -2.801641323416218299e+00 -1.643989987459764546e+00 1.201925009152481794e+00 3.434494561709942939e+00 4.491242368941054330e+00 4.491242368941054330e+00 4.491242368941054330e+00 4.491242368941054330e+00
-8.042632293734456539e+00 -7.095535921163214965e+00 -4.543375067605292195e+00 -2.511900901165303956e+00 -3.516100897826092142e-01 2.344965912952305054e+00 3.198745498126716491e+00 3.778628369336718862e+00 2.092225140371342551e+00 -3.876383392379174619e+00 -3.004606007874517815e+00 -1.246687130591258796e+00 1.283566400489226433e+00 3.701284525295200467e+00 4.428292127129769717e+00 4.428292127129769717e+00 4.428292127129769717e+00 4.428292127129769717e+00
-7.882729249557741014e+00 -7.272430027775405037e+00 -5.338418038151658607e+00 -3.195115327228242208e+00 -6.977579512334813883e-01 -1.703160904056081337e-01 3.190699129205899709e+00 3.072498129617814655e+00 2.026618972632513227e+00 -4.231019087601862516e+00 -2.804205179955383542e+00 -7.078505354738117150e-01 1.493678474099348286e+00 3.733712991904359235e+00 4.325338605660517644e+00 4.325338605660517644e+00 4.325338605660517644e+00 4.325338605660517644e+00
-8.431067900417957617e+00 -7.695725488053485108e+00 -6.374687529817245846e+00 -3.989971969318050871e+00 -2.032392284113258007e+00 -5.663664472142878603e-01 4.221566562847155479e-01 2.759120383319425329e+00 1.357567473716817741e+00 -3.765443948454874512e+00 -1.437973301170903717e+00 1.097388063368959887e+00 1.883904044407973100e+00 4.106349279383051609e+00 4.755567920384364378e+00 4.755567920384364378e+00 4.755567920384364378e+00 4.755567920384364378e+00
-8.857470143214158043e+00 -7.926891803606768150e+00 -6.885856828127732143e+00 -5.213778361981177056e+00 -3.329968264803468081e+00 -1.968823788085208859e+00 -1.003652544260456470e+00 6.698836267069142592e-01 1.946959443735582607e+00 -1.158734092296393126e+00 -4.123942363903403963e-01 -4.132301696686012105e-01 2.131970514591635002e+00 4.349408474001421610e+00 4.655884315104311000e+00 4.655884315104311000e+00 4.655884315104311000e+00 4.655884315104311000e+00
-9.182850841384553320e+00 -8.423579730672239307e+00 -7.655563353873518828e+00 -6.131287472285483098e+00 -4.441297917862235600e+00 -2.993467366055966750e+00 -1.577350326157311411e+00 -1.910988539721784285e+00 1.710189961374060541e+00 1.461488217727788141e+00 -4.854746111156211241e-01 -4.201485888918402023e-02 1.812994295406274770e+00 4.402606455846347799e+00 4.530872707281582201e+00 4.530872707281582201e+00 4.530872707281582201e+00 4.530872707281582201e+00
-9.320761253322181972e+00 -8.481707619414233790e+00 -7.955070983214859837e+00 -7.354624643164017428e+00 -6.086426932046197891e+00 -4.386299807434545173e+00 -2.427949880602397137e+00 -2.469469362257255440e+00 -6.524584790611496210e-01 1.146398233798165078e+00 -1.316416582456968465e-01 -1.995020212569898754e-01 1.513006235723864945e+00 4.071944868385427796e+00 4.391650375879732948e+00 4.391650375879732948e+00 4.391650375879732948e+00 4.391650375879732948e+00
-1.019696182394564943e+01 -9.030190436635258777e+00 -8.725413954072063660e+00 -8.278642720258986287e+00 -7.478940842221250662e+00 -6.660551563058914937e+00 -4.130890759222540787e+00 -3.025153071873671884e+00 -2.094838525204522295e+00 -6.181605547583693960e-01 1.087878542831736572e+00 1.692813702976087020e-01 -3.483754362899806889e-01 4.037007857418070778e+00 4.780769212038640248e+00 4.780769212038640248e+00 4.780769212038640248e+00 4.780769212038640248e+00
-1.043188358689296180e+01 -9.951410185399721442e+00 -9.529418465497750290e+00 -9.065123802998224178e+00 -8.658716003924350701e+00 -7.453772789329914161e+00 -5.765527607764424189e+00 -2.957306508769868447e+00 -2.848896179531497541e+00 -2.898000181435268274e+00 -2.889288512241124929e-01 1.042967546697591619e+00 -6.582974961497685129e-01 4.373811361577288004e+00 4.861548699675159568e+00 4.861548699675159568e+00 4.861548699675159568e+00 4.861548699675159568e+00
-1.048569411750633407e+01 -1.010267495736950316e+01 -9.688126266575443069e+00 -9.333608867400364772e+00 -8.913176847242251455e+00 -7.871767649756538532e+00 -6.357188962193937698e+00 -4.857001733972461821e+00 -3.624539338108021092e+00 -3.055449786848199789e+00 -1.993584681265635705e+00 3.491098810532402563e-01 -7.983613349197213882e-01 3.847151788074674172e+00 4.621226192879895223e+00 4.621226192879895223e+00 4.621226192879895223e+00 4.621226192879895223e+00
-1.051687218969012427e+01 -1.018856546684582476e+01 -9.866466573631370807e+00 -9.440795069598937772e+00 -9.129728925563465936e+00 -8.191961481667592082e+00 -6.735028855255729141e+00 -5.554851041618358742e+00 -3.803782690586660742e+00 -3.086661268183421125e+00 -2.834582152710088288e+00 -2.708321413517537080e-01 1.016299796171383496e-01 3.088210715907387716e+00 4.507168906979812206e+00 4.507168906979812206e+00 4.507168906979812206e+00 4.507168906979812206e+00
-1.050491791050808388e+01 -1.026143525922201150e+01 -9.871484266919132722e+00 -9.518612072912112865e+00 -9.154617947713406423e+00 -8.371932937111239426e+00 -7.006846988896237249e+00 -5.728445797669994732e+00 -4.715633403351841224e+00 -2.440765812555159009e+00 -2.631867544590563490e+00 -4.937540642784081779e-01 3.837886780157994115e-01 2.659349805634039221e+00 4.457735197125183291e+00 4.457735197125183291e+00 4.457735197125183291e+00 4.457735197125183291e+00
-1.052301966448628434e+01 -1.022766758625898298e+01 -9.998020648726752668e+00 -9.553231057280530791e+00 -9.199557253734855777e+00 -8.602570499706452267e+00 -7.239070814366273865e+00 -5.820724413184992230e+00 -5.447218095848288755e+00 -3.282733709599497285e+00 -1.625604756363734138e+00 -1.799643422157194417e+00 3.135183346736047372e-01 2.468912638128049508e+00 4.265164795029313893e+00 4.265164795029313893e+00 4.265164795029313893e+00 4.265164795029313893e+00
-1.060894513267263584e+01 -1.026381422553249223e+01 -9.950972273553713165e+00 -9.599387655942082986e+00 -9.276628696042022781e+00 -8.668676743802022244e+00 -7.400840966987246361e+00 -5.914631853654679361e+00 -5.685401251233356490e+00 -4.061443297266051466e+00 -1.858026549132665739e+00 -2.151789999277913701e+00 -6.774647626621855059e-03 2.081875863968101648e+00 4.804960353000006457e+00 4.804960353000006457e+00 4.804960353000006457e+00 4.804960353000006457e+00
-1.061534429137287461e+01 -1.025429306839282972e+01 -9.999848766316837612e+00 -9.703167612732285008e+00 -9.278011843001868542e+00 -8.799159314658716369e+00 -7.536133715092476315e+00 -5.795644442014852515e+00 -5.371404864950343416e+00 -4.084923546826805918e+00 -2.544557910190966332e+00 -1.612324002752521412e+00 -1.875118102824625821e-01 2.234670150838896419e+00 4.678761425931972973e+00 4.678761425931972973e+00 4.678761425931972973e+00 4.678761425931972973e+00
-1.066744104318175168e+01 -1.033301789337758159e+01 -9.999378560273992633e+00 -9.676888367639797650e+00 -9.337758496406801001e+00 -8.805967106433172376e+00 -7.546049655380285159e+00 -5.978131613066277161e+00 -5.330846176859616037e+00 -4.016820865562195308e+00 -5.044359196701129200e+00 -2.282311169278462337e+00 -1.034084485194394776e-01 2.148530534991188290e+00 4.479076743923145365e+00 4.479076743923145365e+00 4.479076743923145365e+00 4.479076743923145365e+00
-1.070015476840099566e+01 -1.033569979290531649e+01 -9.997453350365510971e+00 -9.707534968673590114e+00 -9.412687438632243442e+00 -8.852965445991136662e+00 -7.660826050981566659e+00 -5.993478155767544280e+00 -5.310387386002042298e+00 -3.622761857288607779e+00 -3.839271317383544879e+00 -2.731876189476225125e+00 -8.907897778978823844e-01 2.321528011003425984e+00 4.429643034068533325e+00 4.429643034068533325e+00 4.429643034068533325e+00 4.429643034068533325e+00
-1.070192206166566606e+01 -1.036404816564476583e+01 -1.001621113143502839e+01 -9.757185549950483150e+00 -9.469053915829963586e+00 -9.014166165079652515e+00 -7.729739018870517953e+00 -5.813958601608329779e+00 -5.369652899065676444e+00 -3.815829600539868416e+00 -3.888497536462272475e+00 -1.673616468645613864e+00 -7.402183260593209191e-01 2.328375293479548080e+00 4.454295041951089829e+00 4.454295041951089829e+00 4.454295041951089829e+00 4.454295041951089829e+00
