-1.051936884870861277e+01 -1.023549512769556458e+01 -9.952133318037176934e+00 -9.603667241374759911e+00 -9.288709661028956788e+00 -8.929444759671202547e+00 -8.166178914648138942e+00 -6.450200284014751873e+00 -4.042805246613714765e+00 -3.805863366231904799e+00 -2.595766084746125024e+00 -4.890671545275656618e-01 1.733410125519144529e+00 2.137879128554812436e+00 5.666933797831401165e+00 5.666933797831401165e+00 5.666933797831401165e+00 5.666933797831401165e+00
-1.046685693601642875e+01 -1.013472561453806442e+01 -9.982034163955423978e+00 -9.750538589192808914e+00 -9.360708712044408131e+00 -8.809024639784936994e+00 -7.923591598492029320e+00 -5.948120016329195181e+00 -4.210435946543228170e+00 -4.279761289655781731e+00 -1.744085830623496758e+00 4.740735976420137193e-02 1.616902682551460302e+00 2.094272565907736805e+00 5.590372820900951112e+00 5.590372820900951112e+00 5.590372820900951112e+00 5.590372820900951112e+00
-1.023684592195408527e+01 -9.807038297059818888e+00 -9.977749183631766883e+00 -9.847733592005807779e+00 -9.508574898792604202e+00 -8.924374651693101512e+00 -7.884920351928507820e+00 -5.505975592546274555e+00 -2.906731819135411676e+00 -3.641333437736436807e+00 -9.251411961400872741e-01 -4.503948143949609850e-02 2.157680226268774426e+00 2.102875061636983567e+00 5.773190834451609632e+00 5.773190834451609632e+00 5.773190834451609632e+00 5.773190834451609632e+00
-1.041102988498950133e+01 -1.016143660160732054e+01 -9.681728676219375274e+00 -9.363841282182288950e+00 -9.376091872227615198e+00 -8.979561468293514537e+00 -7.690779805531001045e+00 -4.506669240255216202e+00 -2.928953113099268535e+00 -2.306788686328637539e+00 -7.481496177393693880e-01 3.719894967309115286e-01 2.167834394178625779e+00 2.145976274992839272e+00 5.202006222109733180e+00 5.202006222109733180e+00 5.202006222109733180e+00 5.202006222109733180e+00
-1.051172470434019601e+01 -1.018170026156375307e+01 -9.957638167468601864e+00 -9.453349365039880325e+00 -8.931949980901407571e+00 -8.589730605375649475e+00 -7.021040440921906267e+00 -4.171231785033387318e+00 -3.467041056781799302e+00 -3.234919077010956379e+00 -6.868859156538177357e-01 1.539436670577269073e+00 1.738586682397585070e+00 2.365907917578979447e+00 5.052543373225701906e+00 5.052543373225701906e+00 5.052543373225701906e+00 5.052543373225701906e+00
-1.024560076789552276e+01 -1.011503968228548089e+01 -1.016725360475319917e+01 -9.798519752033435282e+00 -9.205320328569433386e+00 -8.226688977576820605e+00 -6.481417042176557786e+00 -5.010151628094874354e+00 -3.953715334020306393e+00 -2.140864065473667033e+00 -4.406359245700415261e-01 1.386058525959681154e+00 1.597536143833753197e+00 2.148944957100268116e+00 4.673791849120076947e+00 4.673791849120076947e+00 4.673791849120076947e+00 4.673791849120076947e+00
-1.052489836273563029e+01 -1.018085365626701666e+01 -1.004576797578704728e+01 -9.679923515795795907e+00 -9.171601568809162330e+00 -8.213490576883160088e+00 -5.232630244019940591e+00 -5.280093603105178168e+00 -3.555103536704282696e+00 -1.282540669391974753e+00 5.072344609696888273e-01 1.871614868819422295e+00 1.730493899467973495e+00 2.994121141506989048e+00 4.412772659133679554e+00 4.412772659133679554e+00 4.412772659133679554e+00 4.412772659133679554e+00
-1.038671477797183407e+01 -1.025032616546257458e+01 -1.009520990013002439e+01 -9.601404815682361260e+00 -9.067098789342836085e+00 -7.889635726186153164e+00 -4.150524471426487061e+00 -4.751876212846623204e+00 -3.270269530028812266e+00 -9.877287714291247411e-01 1.410697146213164554e+00 2.023659605685051321e+00 1.907722087491386276e+00 4.275475935879657463e+00 5.663299391427255358e+00 5.663299391427255358e+00 5.663299391427255358e+00 5.663299391427255358e+00
-1.050750591757759089e+01 -9.996859446677595074e+00 -9.632573151586267812e+00 -9.537960497923545944e+00 -8.459888422623315307e+00 -6.900645200913066546e+00 -3.706535885516740070e+00 -4.906305930632951728e+00 -2.057655038980504614e+00 -2.921957588253450977e-01 1.850600324750760306e+00 2.581597444995547441e+00 3.222036705520978206e+00 4.671202326377866143e+00 5.573901783028238910e+00 5.573901783028238910e+00 5.573901783028238910e+00 5.573901783028238910e+00
-1.055435836038455655e+01 -1.006501512021637446e+01 -9.366080741591918724e+00 -8.421442037310207240e+00 -7.602561816162031860e+00 -5.532539873854890544e+00 -2.649915308000700964e+00 -3.874171282215469692e+00 -1.051139618319290259e+00 6.275543979542808071e-01 2.690308718095898666e+00 3.326533570600219036e+00 4.880108206302534057e+00 4.919307337088283383e+00 5.778985267071821141e+00 5.778985267071821141e+00 5.778985267071821141e+00 5.778985267071821141e+00
-1.028941298935517956e+01 -9.680797084836708422e+00 -8.911419663006803660e+00 -8.451045367532469044e+00 -6.781717936747608810e+00 -4.378412892264503142e+00 -3.704804284337722464e+00 -2.588628771160964792e+00 -9.438210241445949000e-02 1.944396676197611251e+00 2.826266962951979878e+00 4.492135027819892379e+00 3.093448291355443747e+00 2.183741432385682302e+00 5.789385903924438637e+00 5.789385903924438637e+00 5.789385903924438637e+00 5.789385903924438637e+00
-9.958067883176683566e+00 -9.162905105691953267e+00 -8.629439447066545199e+00 -7.732678756902201300e+00 -6.085758808059076763e+00 -3.210742591696198467e+00 -3.884197501899071536e+00 -2.345708688851079415e+00 3.516905320360370624e-01 3.086552262010269665e+00 4.372641175507965272e+00 3.722170750387487459e+00 1.997534696906711815e+00 2.439837037101381778e+00 5.824553372895158176e+00 5.824553372895158176e+00 5.824553372895158176e+00 5.824553372895158176e+00
-9.524572881540981584e+00 -8.825890859369668107e+00 -7.933130491091344716e+00 -6.807802365753055085e+00 -4.975752433861988067e+00 -2.369945128462799033e+00 -3.916044159920880396e+00 -8.713769197613414619e-01 1.481056203395315407e+00 3.867068988739822188e+00 4.475350142920484942e+00 2.057780489702575544e+00 1.687217704192824019e+00 2.377853659057221236e+00 5.562234550855138515e+00 5.562234550855138515e+00 5.562234550855138515e+00 5.562234550855138515e+00
-9.902613579667002952e+00 -8.203220954230346251e+00 -7.260813089393965747e+00 -5.778192558810700596e+00 -3.952365744317975160e+00 -2.016673863239073050e+00 -3.109902980578312714e+00 7.003146329735535081e-02 3.173988911574076255e+00 4.866040828254589279e+00 3.228762469145329383e+00 -1.973769843958068648e+00 3.685177123932703580e-01 2.460595592695436373e+00 5.464010340003891741e+00 5.464010340003891741e+00 5.464010340003891741e+00 5.464010340003891741e+00
-9.734183434996049655e+00 -7.780462479154998334e+00 -6.366592192611310708e+00 -4.855848513902950359e+00 -2.689564572036713397e+00 -2.021643278607606398e+00 -2.384090074378775181e+00 7.945804334396451285e-01 3.334615764309934782e+00 5.371190643828726685e+00 4.330866704978151738e+00 -1.087253805179692501e+00 9.927103536317334331e-01 2.474250010862228066e+00 5.565014702373836109e+00 5.565014702373836109e+00 5.565014702373836109e+00 5.565014702373836109e+00
-9.061605386268787754e+00 -7.351780839363690312e+00 -5.725701023287544267e+00 -3.954866639944424556e+00 -3.166802164298657019e+00 -2.227762222432854156e+00 -1.897431637416089556e+00 2.521489668417767227e+00 3.936547796082336070e+00 5.978567710576800920e+00 5.858551747408553112e+00 1.962894716775069215e+00 6.614207774026492626e-01 2.678048849249750063e+00 5.545535621099499934e+00 5.545535621099499934e+00 5.545535621099499934e+00 5.545535621099499934e+00
-8.843608671932722487e+00 -6.868875216456539867e+00 -5.113376535559318370e+00 -3.393202005224047024e+00 -3.535168791249158282e+00 -2.850139801628425396e+00 -9.622032130423210372e-01 3.259727127801173907e+00 4.114057997775355524e+00 4.956113110075037298e+00 4.537343138699832856e+00 4.514296858054052564e+00 3.446815115357212633e+00 3.218700598560870318e+00 5.568726424667399755e+00 5.568726424667399755e+00 5.568726424667399755e+00 5.568726424667399755e+00
-8.276966430883216930e+00 -6.630226145959231765e+00 -5.001543308357676132e+00 -2.826337882640112653e+00 -2.640886627642517581e+00 -3.175693204134501180e+00 8.798730250872496828e-02 3.824663793651619237e+00 3.854299253336189501e+00 3.158384251475583326e+00 3.216006505204124899e+00 3.099652217538525711e+00 3.848305259721776395e+00 5.045622961515944027e+00 5.634824871021598014e+00 5.634824871021598014e+00 5.634824871021598014e+00 5.634824871021598014e+00
-7.767151894591332706e+00 -6.621867722425943015e+00 -4.743791909402958140e+00 -2.826634786436808877e+00 -1.820533063593514633e+00 -1.783659718890285628e+00 7.849134021109227533e-01 3.667613136261406392e+00 3.626184503034281637e+00 1.793182269362480152e+00 1.626786149131620896e+00 1.680690209832037540e+00 2.680965494125771009e+00 4.243104352261438450e+00 5.354118896979549902e+00 5.354118896979549902e+00 5.354118896979549902e+00 5.354118896979549902e+00
-7.842240528227719665e+00 -6.476189092305144612e+00 -4.838840340254456862e+00 -2.956648467775655043e+00 -1.439691344049061072e+00 -6.664941131506407768e-01 2.121407020257222165e+00 3.870406492537757259e+00 3.013711427409889509e+00 1.593793153747510516e+00 1.203734415530844259e+00 1.228400971032658440e+00 1.923133468868736928e+00 3.604117621647997538e+00 5.357806248767837509e+00 5.357806248767837509e+00 5.357806248767837509e+00 5.357806248767837509e+00
-8.146790677736120756e+00 -6.386934379154869390e+00 -4.828335023367280598e+00 -2.970430543200042184e+00 -1.515996284931421467e+00 -5.885216655402238095e-03 3.028409464482616276e+00 3.885597114870200208e+00 2.875993459204372105e+00 1.506592968585361625e+00 9.468652570559810133e-01 7.681035697831986031e-01 1.272973034508135148e+00 3.188226845950772326e+00 5.376175714900520930e+00 5.376175714900520930e+00 5.376175714900520930e+00 5.376175714900520930e+00
-8.191762061031621300e+00 -6.950086935554107725e+00 -4.808500761511515620e+00 -2.789383506364254472e+00 -1.710111590621283151e+00 -4.325828813826241293e-01 1.822352658490395738e+00 3.978691889767025369e+00 2.663598747882659712e+00 1.361496549584403137e+00 -3.620594596559192913e-01 -1.584571983238149517e+00 1.161922941908633433e+00 3.028722964543971941e+00 5.356696633626177650e+00 5.356696633626177650e+00 5.356696633626177650e+00 5.356696633626177650e+00
-8.253566435861504402e+00 -7.064444531911176384e+00 -5.368632957732877742e+00 -3.101139837872697314e+00 -2.500510002829354761e+00 -1.237825477120753526e+00 3.840250082045584268e-01 3.791312260337624362e+00 2.224937873017307055e+00 1.152794864441443412e+00 -2.333675273176561760e+00 -1.475497710592924783e+00 1.143880889143897406e+00 3.391038502839496260e+00 5.404587247464554878e+00 5.404587247464554878e+00 5.404587247464554878e+00 5.404587247464554878e+00
-8.145560641464079765e+00 -7.360952940234225750e+00 -5.647071112191098585e+00 -3.996518900829367560e+00 -2.089635069659329325e+00 -1.547819719916479375e+00 -1.072002779876489287e+00 3.432031575894153530e+00 2.101622728206693491e+00 9.436485982432687436e-01 -2.472810524604501126e+00 -1.228704121193805676e+00 1.190094182101167686e+00 3.628555851902759866e+00 5.416397347637851745e+00 5.416397347637851745e+00 5.416397347637851745e+00 5.416397347637851745e+00
-8.193109151064655649e+00 -7.296371741731304539e+00 -6.056683458351152183e+00 -4.629911692347470797e+00 -3.013676074841781904e+00 -1.712991104576087720e+00 -1.653663981030867092e+00 7.087970731301285188e-01 2.367020620357720873e+00 -3.494856114997726415e+00 -2.276040435003167772e+00 -7.200971352106060319e-01 1.460839038742278273e+00 3.707633691302443690e+00 5.183192060682669577e+00 5.183192060682669577e+00 5.183192060682669577e+00 5.183192060682669577e+00
-8.321272097336532170e+00 -7.702547924936551382e+00 -6.351758374203775759e+00 -5.211504640721941861e+00 -3.978240659027461490e+00 -2.175592654716519636e+00 -2.412532838254895395e+00 -3.543781922233173454e-01 2.198198906668512809e+00 -2.827129798549494311e+00 2.183652939141166316e-01 1.020741587137954376e+00 1.813811335724803575e+00 4.275293717613022793e+00 5.188527092481217018e+00 5.188527092481217018e+00 5.188527092481217018e+00 5.188527092481217018e+00
-8.762291568044695111e+00 -7.859314664279075657e+00 -6.837597380637140176e+00 -5.777620887050503029e+00 -4.688182827767115590e+00 -3.228459870693642042e+00 -1.796946250879902340e+00 -2.156048678768294646e+00 1.286168172226093809e+00 1.325999366965382453e+00 2.248817974615646420e-01 8.750424155539047177e-01 2.096227211037054339e+00 4.772726456399796646e+00 5.187336727427200422e+00 5.187336727427200422e+00 5.187336727427200422e+00 5.187336727427200422e+00
-9.132011436635714574e+00 -8.207984285411384917e+00 -7.344481526513130021e+00 -6.369630265113759293e+00 -5.418628388761490555e+00 -4.294031892356698243e+00 -2.095608480214770530e+00 -2.892561518315258873e+00 -1.370987966095754962e-01 1.531796985726618043e+00 1.072866283787931918e+00 3.320964125788504751e-01 1.655031713959169704e+00 4.888123537733758184e+00 5.167857646152856255e+00 5.167857646152856255e+00 5.167857646152856255e+00 5.167857646152856255e+00
-9.416013006107206706e+00 -8.535770811199101971e+00 -7.834002965276357422e+00 -7.168196885249315642e+00 -6.377793951999294997e+00 -5.232336949963661610e+00 -2.707852741665685681e+00 -2.473452888374936265e+00 -1.980706435542077593e+00 1.516464449316428098e+00 1.265205920432109332e+00 9.653332245061134742e-01 9.966192386679577631e-01 4.059465298003891220e+00 5.166667281098833442e+00 5.166667281098833442e+00 5.166667281098833442e+00 5.166667281098833442e+00
-9.763092260578957848e+00 -8.949276035378058936e+00 -8.405478408198034046e+00 -7.909508639775300942e+00 -7.284137396676680254e+00 -6.376347107632490463e+00 -3.955827719023094602e+00 -3.146924382656678176e+00 -2.535271909126833645e+00 6.212844700344584137e-01 1.327795803997107171e+00 1.128241176545015323e+00 3.002254444005243994e-01 3.875292537004480398e+00 5.019197497476358016e+00 5.019197497476358016e+00 5.019197497476358016e+00 5.019197497476358016e+00
-1.015187508898211988e+01 -9.719876492345255414e+00 -9.207718637435393205e+00 -8.671688985649311121e+00 -8.075438964509370265e+00 -7.058672787882951383e+00 -5.015974961841880742e+00 -2.676642709936699838e+00 -3.359052326517552256e+00 1.079656371166940049e-01 1.382008113801361127e+00 1.199067077166805717e+00 6.622451588427114011e-01 4.570783929818526659e+00 5.019167186282238013e+00 5.019167186282238013e+00 5.019167186282238013e+00 5.019167186282238013e+00
-1.035398252052570989e+01 -9.978206180348678345e+00 -9.450443337868371430e+00 -9.017453292538782250e+00 -8.434289527941750464e+00 -7.439706542730849748e+00 -6.100623949191592565e+00 -2.489261184132213423e+00 -3.335383951688015713e+00 -1.429976873395684578e+00 1.245492293460312316e+00 1.239025069052123618e+00 9.061217860461436846e-01 2.931002914010179872e+00 5.017976821228213424e+00 5.017976821228213424e+00 5.017976821228213424e+00 5.017976821228213424e+00
-1.045746732978783378e+01 -1.009770167898295945e+01 -9.688116131146776056e+00 -9.212012070357300075e+00 -8.688314132445499993e+00 -7.759887971889904534e+00 -6.552997258477299525e+00 -3.651949957267506264e+00 -2.710270794508618408e+00 -2.880219296422060093e+00 9.857157300622236829e-01 1.261193703142765798e+00 9.548814102397888970e-01 2.144118013371744347e+00 4.998497739953882579e+00 4.998497739953882579e+00 4.998497739953882579e+00 4.998497739953882579e+00
-1.047270570909269694e+01 -1.010209645519081079e+01 -9.786506049935274731e+00 -9.357679137626147892e+00 -8.777061520859836818e+00 -7.990346014865354896e+00 -6.799231198429788847e+00 -4.966354916102146078e+00 -2.031328170136078803e+00 -3.723140023353562533e+00 4.265320124885927933e-01 1.221460802614410923e+00 9.824104041585759450e-01 2.316112510089241461e+00 4.979018658679539300e+00 4.979018658679539300e+00 4.979018658679539300e+00 4.979018658679539300e+00
-1.046154073687682384e+01 -1.015481463360636027e+01 -9.868231451589910108e+00 -9.444723397785844909e+00 -8.898764769485845605e+00 -8.174364996942298234e+00 -7.060535434491786333e+00 -5.305924987108471491e+00 -2.859246263813956190e+00 -3.886470147613827031e+00 -5.338666780355950936e-02 1.146443452477054370e+00 9.366871610927609559e-01 2.695546845285347271e+00 4.871847645582794151e+00 4.871847645582794151e+00 4.871847645582794151e+00 4.871847645582794151e+00
-1.050436257206969870e+01 -1.015820527034709109e+01 -9.848682294818937422e+00 -9.500225836771834409e+00 -9.023663132748870552e+00 -8.266656362400254920e+00 -7.170958130074712500e+00 -5.815956284387687525e+00 -3.198000735276954387e+00 -4.831984788542876608e+00 -1.129766687984054219e+00 9.891815147612152970e-01 9.639318973438573135e-01 2.249633386962538673e+00 4.849807280083254568e+00 4.849807280083254568e+00 4.849807280083254568e+00 4.849807280083254568e+00
-1.052573914414969636e+01 -1.021731011829253788e+01 -9.873869917093784920e+00 -9.543449463647570852e+00 -9.074029293798412610e+00 -8.436923992283180240e+00 -7.379369668512810065e+00 -5.967729124239459892e+00 -3.172416640741495986e+00 -3.135034018438743075e+00 -3.023653708631631964e+00 7.084781490816395300e-01 9.753051724633805541e-01 2.357044446239578317e+00 4.830328198808932605e+00 4.830328198808932605e+00 4.830328198808932605e+00 4.830328198808932605e+00
-1.055546382331441535e+01 -1.022768534743661561e+01 -9.907156332235969032e+00 -9.561935535035978262e+00 -9.155633176539540230e+00 -8.483391385311412236e+00 -7.435230402868307387e+00 -6.049636312484107492e+00 -3.826423085684273140e+00 -3.641719919928263050e+00 -3.290887671535190684e+00 2.960722007276484491e-01 9.262760987035745242e-01 2.370659014490674732e+00 4.829137833754913345e+00 4.829137833754913345e+00 4.829137833754913345e+00 4.829137833754913345e+00
-1.059763719487088629e+01 -1.026157143797978222e+01 -9.983058188903381591e+00 -9.598316162424264775e+00 -9.220018203379371613e+00 -8.523283960853088814e+00 -7.530274490180619118e+00 -6.030312363517538188e+00 -4.066919266921991571e+00 -3.684759000372106463e+00 -3.498450287325554520e+00 -1.030085182773542163e-01 7.024666110705748423e-01 2.445026781914267922e+00 4.809658752480559407e+00 4.809658752480559407e+00 4.809658752480559407e+00 4.809658752480559407e+00
-1.062160209068909822e+01 -1.030470037904705549e+01 -9.988629052649976359e+00 -9.640387310591284731e+00 -9.299644581635970297e+00 -8.720622568256782614e+00 -7.566404724329218290e+00 -6.062035793421189922e+00 -4.826277024992581488e+00 -3.411695217756749443e+00 -3.288463654758134069e+00 -4.307448515357491514e-01 7.780123302521217976e-01 2.569672550183494053e+00 4.699926455158612626e+00 4.699926455158612626e+00 4.699926455158612626e+00 4.699926455158612626e+00
