-1.049632435281378839e+01 -1.032969611560241852e+01 -9.958514273869223388e+00 -9.621625330333603898e+00 -9.321290195160850445e+00 -8.925263037607777505e+00 -8.346079794222074355e+00 -7.051653406650792100e+00 -3.498809208834467999e+00 -3.603243090039226271e+00 -2.294483510208150889e+00 -5.423675345226633970e-01 4.199113315939799751e-01 2.084809952676048184e+00 5.223404773571386883e+00 5.223404773571386883e+00 5.223404773571386883e+00 5.223404773571386883e+00
-1.043888688780893226e+01 -1.023526266539767882e+01 -1.001410108665624676e+01 -9.773130504041036559e+00 -9.414682611736823858e+00 -8.879991441717278278e+00 -8.129938227962780317e+00 -6.711997118109447769e+00 -3.278090039686843316e+00 -4.212088397920067173e+00 -1.845079844765724619e+00 2.130235500099666723e-01 9.804608419906393202e-01 1.973649243071245785e+00 5.081119228782129404e+00 5.081119228782129404e+00 5.081119228782129404e+00 5.081119228782129404e+00
-1.028247173734303033e+01 -9.892444734860392330e+00 -9.844014850669537964e+00 -9.859966182684294367e+00 -9.609987582260243855e+00 -9.013505766626938254e+00 -8.085011695455099456e+00 -6.431244279322289259e+00 -2.911571161225226856e+00 -4.173538018006876626e+00 -6.575382317796975018e-01 1.517729770355510099e-01 1.840149609032812439e+00 2.005956210684148200e+00 5.365022981714250072e+00 5.365022981714250072e+00 5.365022981714250072e+00 5.365022981714250072e+00
-1.043655318484787387e+01 -1.024173070325126922e+01 -9.727489200682688519e+00 -9.367938193033566563e+00 -9.258787967166831834e+00 -9.266209110818625305e+00 -8.105851873808619601e+00 -5.865766344234017993e+00 -2.339829759878133686e+00 -3.846566401151257697e+00 -3.092792583171758980e-01 6.431248567662678495e-01 1.451311992515119886e+00 2.127057940354208920e+00 4.869237642287886025e+00 4.869237642287886025e+00 4.869237642287886025e+00 4.869237642287886025e+00
-1.054961161313620899e+01 -1.023006025160611543e+01 -9.983227963792609572e+00 -9.559346869727146867e+00 -9.014575049575654475e+00 -8.629862885402939554e+00 -7.980619421236257338e+00 -4.902318296767444572e+00 -2.426314441229687535e+00 -3.010169546641677130e+00 -2.285341709248957520e-01 7.516126670995072478e-01 1.494517288343965244e+00 2.293010531185160517e+00 4.830186960621287717e+00 4.830186960621287717e+00 4.830186960621287717e+00 4.830186960621287717e+00
-1.032877879512307651e+01 -1.011789006756686504e+01 -1.014264994377547779e+01 -9.833258673172174724e+00 -9.281055487733230080e+00 -8.472359915444309664e+00 -7.720246494055510666e+00 -3.699969653973880668e+00 -4.204026492081432309e+00 -1.352569315287333040e+00 1.812475153806165362e-01 1.035025632348378632e+00 1.645486832543068267e+00 2.107857426031588322e+00 4.449472100470790892e+00 4.449472100470790892e+00 4.449472100470790892e+00 4.449472100470790892e+00
-1.055098552823057823e+01 -1.025826189667129462e+01 -1.004995597019710551e+01 -9.801504880976658285e+00 -9.278676759563307286e+00 -8.474329146111740485e+00 -6.703362931970890948e+00 -2.662288947978269871e+00 -4.182614420010056122e+00 -3.091217489532440688e-01 9.564283634417128921e-01 1.869402839159687968e+00 1.705776407720362542e+00 3.059908502462757696e+00 4.419288628637438876e+00 4.419288628637438876e+00 4.419288628637438876e+00 4.419288628637438876e+00
-1.038014520390520445e+01 -1.015334488626338860e+01 -1.010765440092625767e+01 -9.695468158414287885e+00 -9.177536143984429629e+00 -8.245797711904513605e+00 -4.963750200269915425e+00 -3.367559450081390793e+00 -3.240885034293188749e+00 -9.583196346478765892e-02 1.342386569183929179e+00 2.017381784701544500e+00 1.864895537516380486e+00 4.289695661553349026e+00 5.288888150986767123e+00 5.288888150986767123e+00 5.288888150986767123e+00 5.288888150986767123e+00
-1.035409958034308531e+01 -1.008971387104218564e+01 -9.483197378607984618e+00 -9.197769699676278776e+00 -8.414930276858273217e+00 -7.002952428373468763e+00 -3.563809178248955600e+00 -4.339132474205624312e+00 -2.452198035600528847e+00 2.982391393223132181e-01 2.067332093754122191e+00 2.708885075263927078e+00 3.252080389750360290e+00 4.739789179209914494e+00 5.279830273152042786e+00 5.279830273152042786e+00 5.279830273152042786e+00 5.279830273152042786e+00
-1.053256769364703516e+01 -1.014968580665865616e+01 -9.336996141742725186e+00 -8.440964249279600651e+00 -7.504384738284509027e+00 -5.518725687473807540e+00 -2.372829621485818219e+00 -4.277053837157778204e+00 -3.277503095289348023e-01 1.772613217523281381e+00 2.821625988331086354e+00 3.397610308100764698e+00 4.941578565884928054e+00 5.003228360778005701e+00 5.437776330918103085e+00 5.437776330918103085e+00 5.437776330918103085e+00 5.437776330918103085e+00
-1.018476743145851238e+01 -9.578870654661955086e+00 -9.050875348246902874e+00 -8.398612898475116495e+00 -6.874936978062086368e+00 -3.966668732998747782e+00 -3.737332269745541335e+00 -2.812311829968506149e+00 2.522427910089899417e-01 2.767130793634132946e+00 2.978718772230825262e+00 4.591408669342046167e+00 3.040299698342777912e+00 2.357078852792515722e+00 5.737017499868654724e+00 5.737017499868654724e+00 5.737017499868654724e+00 5.737017499868654724e+00
-9.902682157373540406e+00 -9.094052228760844514e+00 -8.343038330340188935e+00 -8.058797324388994099e+00 -5.527848345421367604e+00 -2.957158111922893795e+00 -3.372754813754200054e+00 -1.250428654374210247e+00 1.510420964604558991e+00 3.198676358054413971e+00 4.355219628342577032e+00 3.755398498438911936e+00 2.110970456755714153e+00 2.379988804316585327e+00 5.388425110169796639e+00 5.388425110169796639e+00 5.388425110169796639e+00 5.388425110169796639e+00
-9.474261727010206968e+00 -8.653045815686160935e+00 -7.913592930619082644e+00 -6.490452591941973992e+00 -4.204153404143989192e+00 -3.315025590266672761e+00 -3.146973743855764116e+00 4.547099705600449737e-01 3.319087913499571663e+00 4.004399969671698756e+00 4.649819027555199824e+00 2.255554921433194249e+00 4.640655298040752830e-01 2.362636734750934497e+00 5.187180258723640414e+00 5.187180258723640414e+00 5.187180258723640414e+00 5.187180258723640414e+00
-1.003053622375321119e+01 -8.043753394764829423e+00 -6.895868315715153685e+00 -5.363713675580155993e+00 -2.938258174914307741e+00 -2.578803819730900226e+00 -2.683127085241599374e+00 8.521321290968805195e-01 3.294085647225124980e+00 4.995143534569740140e+00 3.353264759316638255e+00 -2.015137299618134481e+00 3.382766590368630477e-01 2.543341449467648729e+00 5.170934590097668426e+00 5.170934590097668426e+00 5.170934590097668426e+00 5.170934590097668426e+00
-9.506780749541793085e+00 -7.688210101987411171e+00 -6.012576369530865605e+00 -4.696373307277595721e+00 -2.249766010065891386e+00 -3.129393259684837503e+00 -7.824358492841236856e-01 2.654579502857109308e+00 3.481820564156874909e+00 5.462059147280599269e+00 4.387562620769403843e+00 -9.896696481109078514e-01 9.542884815758847505e-01 2.471542053985335663e+00 5.225450484502446535e+00 5.225450484502446535e+00 5.225450484502446535e+00 5.225450484502446535e+00
-9.088662927272300962e+00 -7.047074519656897351e+00 -5.302407192589021712e+00 -3.887480614529972289e+00 -1.844585321273727319e+00 -2.445963537984599423e+00 6.158840540870070823e-01 2.946044769215760528e+00 4.045121550826434209e+00 6.157740853933976410e+00 5.946145467442657484e+00 2.056477635108659108e+00 6.406076072934666632e-01 2.778930460593927787e+00 5.319879769656809643e+00 5.319879769656809643e+00 5.319879769656809643e+00 5.319879769656809643e+00
-8.818204965108900950e+00 -6.551939653296348531e+00 -4.773372042349591560e+00 -3.273569616314342845e+00 -1.944227975062609914e+00 -1.746820427863229108e+00 2.234655063746802117e+00 3.297064022596305488e+00 4.193807706785021239e+00 5.097696908247054459e+00 4.528059913498283073e+00 4.637162613928912158e+00 3.582823287483825059e+00 3.217693826897065623e+00 5.619120938607361282e+00 5.619120938607361282e+00 5.619120938607361282e+00 5.619120938607361282e+00
-8.127757461946684359e+00 -6.394189493638283039e+00 -4.399903544215951534e+00 -2.471904466750149076e+00 -2.668106081198904800e+00 -7.565587462665193108e-01 3.489957908135045361e+00 3.859926696192121920e+00 3.973415139238821947e+00 3.268801208011332893e+00 3.265995174693308467e+00 3.155600731487254507e+00 3.885500981130558085e+00 5.126096165076921451e+00 5.311723530559815387e+00 5.311723530559815387e+00 5.311723530559815387e+00 5.311723530559815387e+00
-7.590349468277800327e+00 -6.240114506907578296e+00 -4.233832671862134411e+00 -1.967706771196507942e+00 -2.787624531404856221e+00 6.994670815978230038e-01 2.961551028523925044e+00 3.766350513081216711e+00 3.747628701690158159e+00 1.859297548250955279e+00 1.565593899340015582e+00 1.590851335869082339e+00 2.763993245712115243e+00 4.301186263770323315e+00 5.062038907043291402e+00 5.062038907043291402e+00 5.062038907043291402e+00 5.062038907043291402e+00
-8.010216104450600838e+00 -6.171009523636748817e+00 -3.846086102222675329e+00 -1.786781487825419790e+00 -2.136377163494551645e+00 8.968556081905556532e-01 3.144375731718602296e+00 3.955293750603016800e+00 3.014202970098547762e+00 1.532529721855577343e+00 9.055433189875479183e-01 1.022985019450866728e+00 1.934285655829644623e+00 3.563114567895498297e+00 5.318309556829351692e+00 5.318309556829351692e+00 5.318309556829351692e+00 5.318309556829351692e+00
-8.197361022217128479e+00 -6.402616264109536104e+00 -4.015308864171752035e+00 -2.786482859073668550e+00 -2.076627202481431400e+00 2.140323062012385591e-01 3.075910486510592179e+00 3.991691974990716485e+00 2.949617158624672886e+00 1.403716210198490133e+00 5.915539588124655301e-01 3.082489772983560972e-01 1.213642322422479269e+00 3.226491521784829342e+00 5.273763838187249142e+00 5.273763838187249142e+00 5.273763838187249142e+00 5.273763838187249142e+00
-8.193337011666947944e+00 -6.755474882175712459e+00 -4.020730004243254996e+00 -2.540743444767066261e+00 -1.780018610148132341e+00 -1.334684520577563704e-01 3.270656369790598372e+00 4.020488963633507495e+00 2.711363991513772831e+00 1.120884361251836214e+00 -2.456876256751282295e+00 -1.651940614912393412e+00 1.130009950644467631e+00 3.077809463356646180e+00 5.224595294373865606e+00 5.224595294373865606e+00 5.224595294373865606e+00 5.224595294373865606e+00
-8.205123979421042435e+00 -6.979250674071193039e+00 -4.924586468931286376e+00 -2.363550534790122448e+00 -1.906664590386093261e+00 -8.701752549779562251e-01 3.383453226597236352e+00 3.922276004575261155e+00 2.253780206349791815e+00 8.578795332016260211e-01 -2.498546493646663258e+00 -1.564802575620930281e+00 1.145075620151810858e+00 3.385204129760484015e+00 5.418090955385449270e+00 5.418090955385449270e+00 5.418090955385449270e+00 5.418090955385449270e+00
-8.183201979903142131e+00 -7.314609595811956133e+00 -5.423789988958678698e+00 -3.154046333457761531e+00 -2.118455642150764096e+00 -1.197673048232431370e+00 2.220201117507016431e+00 3.645694493790533564e+00 1.990182807835755519e+00 -1.449253953829223285e+00 -2.618447086842891292e+00 -1.351717465477599189e+00 1.180476220782280983e+00 3.607410795685495941e+00 4.953143223988911714e+00 4.953143223988911714e+00 4.953143223988911714e+00 4.953143223988911714e+00
-8.073735052090018627e+00 -7.194960803493608559e+00 -5.681900744341257692e+00 -4.347331739448067722e+00 -1.828871404123314726e+00 -1.859937020753259285e+00 7.001515445657708892e-01 2.759027495102691852e+00 2.271169047351290882e+00 -3.701387067892047522e+00 -2.319385587831503059e+00 -4.940451087892892001e-01 1.468926033120861563e+00 3.701226550479020272e+00 5.431814639535047284e+00 5.431814639535047284e+00 5.431814639535047284e+00 5.431814639535047284e+00
-8.363842607055978817e+00 -7.884716965541672451e+00 -6.597675893660721158e+00 -4.984311000394004765e+00 -3.239820388608615875e+00 -2.158010894015454095e+00 -1.714359692703467664e+00 1.428920454622175651e+00 2.087875346441388835e+00 -3.142361989985686943e+00 -1.227335950206965565e-01 1.048188134627908941e+00 1.866229386500001475e+00 4.205999889494719035e+00 5.430076950235745770e+00 5.430076950235745770e+00 5.430076950235745770e+00 5.430076950235745770e+00
-8.774411039968821768e+00 -7.896374080682994290e+00 -6.961022842448285175e+00 -5.637528297749767603e+00 -4.195767987680540934e+00 -2.204288012765214244e+00 -2.625441419101109286e+00 6.252287660676501824e-02 1.479272121364912707e+00 -1.805294841495805880e-01 1.792049579145466726e-02 7.635821644204107139e-01 2.177079570351829307e+00 4.672564709088129042e+00 5.322077191872044644e+00 5.322077191872044644e+00 5.322077191872044644e+00 5.322077191872044644e+00
-9.111291288666020449e+00 -8.238214051407595662e+00 -7.420362476296259224e+00 -6.550964901366658211e+00 -5.156027833826521523e+00 -3.742189759798154824e+00 -2.401278690680196171e+00 -2.027762737869993614e+00 9.242404374734877193e-01 1.202183299153322560e+00 8.056459449632071834e-01 -2.681450156365700055e-01 1.771856823839109474e+00 4.745613891244613747e+00 5.272908648058669101e+00 5.272908648058669101e+00 5.272908648058669101e+00 5.272908648058669101e+00
-9.420234267091849745e+00 -8.517890262841085303e+00 -8.018131803821942682e+00 -7.270155648471639864e+00 -6.312321404624062993e+00 -5.089174168946193788e+00 -2.334728462799745774e+00 -2.436924069848879881e+00 -1.758037646255813935e-01 9.319397855659609098e-01 9.073098595840636271e-01 5.166279999122360689e-01 1.042022609637573316e+00 4.049527259804797552e+00 5.285127701865415695e+00 5.285127701865415695e+00 5.285127701865415695e+00 5.285127701865415695e+00
-9.926252795997694278e+00 -8.971273537903476480e+00 -8.538513001553059922e+00 -8.043092286256909418e+00 -7.342545559835423674e+00 -6.389925106415464739e+00 -4.040726667739892974e+00 -2.798431808392238818e+00 -2.131347908033955463e+00 8.914744333231026108e-01 7.625561294230327469e-01 9.455868784996888099e-01 2.120209166792378641e-01 3.950607265054892459e+00 5.494869120763347325e+00 5.494869120763347325e+00 5.494869120763347325e+00 5.494869120763347325e+00
-1.027633485936996216e+01 -9.820230808537052880e+00 -9.315584012445800255e+00 -8.827020096139229111e+00 -8.227508587010925467e+00 -7.161737927271895288e+00 -5.344466023691116341e+00 -3.085478909091851296e+00 -2.682633142032784690e+00 4.038894227832948158e-01 8.500366760132004318e-01 9.459150363495760772e-01 8.693680584794989674e-02 4.398147895141923946e+00 5.527558847733920366e+00 5.527558847733920366e+00 5.527558847733920366e+00 5.527558847733920366e+00
-1.037662216495942680e+01 -1.002217828725768101e+01 -9.544920707780526925e+00 -9.144912082144614374e+00 -8.545532943789973856e+00 -7.593598822181363950e+00 -6.365909771611625523e+00 -3.494995459949132410e+00 -2.775518699229861941e+00 -1.654831273294970595e+00 7.701119032983868573e-01 9.126613823041780371e-01 8.024863121703090796e-01 2.614489508367656700e+00 5.419559089370221905e+00 5.419559089370221905e+00 5.419559089370221905e+00 5.419559089370221905e+00
-1.046727447054039395e+01 -1.009461648990835236e+01 -9.744785683237997986e+00 -9.268936059528815719e+00 -8.796536529311445918e+00 -7.862745161452023623e+00 -6.649993307120093178e+00 -4.979502149510121711e+00 -2.155890495446494803e+00 -2.919769417647528620e+00 7.822944201493168270e-01 7.736391050669970681e-01 5.584749350062081508e-01 2.776080655954003884e+00 5.370390545556827711e+00 5.370390545556827711e+00 5.370390545556827711e+00 5.370390545556827711e+00
-1.046823057527745426e+01 -1.013853409489842505e+01 -9.800953928687203387e+00 -9.414887864569147169e+00 -8.857265978335593815e+00 -8.064682450561381444e+00 -6.941320098655586968e+00 -5.582316540673304850e+00 -3.208287909393985338e+00 -3.225312354634920275e+00 -1.761124612881764806e-01 6.938152261691561407e-01 8.009999063292195798e-01 2.674637683533100052e+00 5.272553154239973061e+00 5.272553154239973061e+00 5.272553154239973061e+00 5.272553154239973061e+00
-1.049232109359283172e+01 -1.018063564885085093e+01 -9.857549824047426412e+00 -9.471064233856932191e+00 -8.986069401110713173e+00 -8.303232153311322250e+00 -7.111633351372599776e+00 -5.761594113437132236e+00 -4.259222800600102055e+00 -3.308705443828681592e+00 -1.534735532115442780e+00 5.830924239863803926e-01 3.944691772765369919e-02 2.763297143109267662e+00 5.224139155526543732e+00 5.224139155526543732e+00 5.224139155526543732e+00 5.224139155526543732e+00
-1.053019173563005673e+01 -1.023680710199583110e+01 -9.855168660713152562e+00 -9.499333138873101490e+00 -9.071239544642713426e+00 -8.360660306200657033e+00 -7.212453597250244819e+00 -5.937586620098185719e+00 -4.649555787659536144e+00 -2.967065700862386635e+00 -2.567720845937089713e+00 2.971811240070662552e-01 5.287173541679305311e-01 2.457365724577078581e+00 5.625040745232097628e+00 5.625040745232097628e+00 5.625040745232097628e+00 5.625040745232097628e+00
-1.055002759834708925e+01 -1.020319654353148486e+01 -9.936452316307674337e+00 -9.561769582148503588e+00 -9.142973813125781390e+00 -8.542934488261824555e+00 -7.339814273133730360e+00 -5.918155862801350864e+00 -4.785237427833295420e+00 -3.171344354198613935e+00 -2.876359003421961269e+00 4.288200258977752366e-01 1.592074870359115046e-01 2.560291108669896065e+00 5.575872201418706986e+00 5.575872201418706986e+00 5.575872201418706986e+00 5.575872201418706986e+00
-1.053306650395101052e+01 -1.028117613381086670e+01 -9.915223751201377667e+00 -9.620809355720377098e+00 -9.215802929782068276e+00 -8.596357939417723415e+00 -7.367181666857240074e+00 -6.009870779014232944e+00 -5.048684940036468838e+00 -2.376349226887409571e+00 -3.076692076515996188e+00 -9.537542025546297264e-02 2.106129152827455886e-02 2.506615608877694079e+00 5.467872443055022735e+00 5.467872443055022735e+00 5.467872443055022735e+00 5.467872443055022735e+00
-1.062564750163469718e+01 -1.031581925282903534e+01 -9.992356279383191264e+00 -9.638500589739534163e+00 -9.290127841159446120e+00 -8.653027220757815385e+00 -7.524505365440131044e+00 -5.989787373520649716e+00 -5.264652906865345372e+00 -3.504615829192046395e+00 -2.835175368182557332e+00 -5.827267364694486140e-01 -2.927670000780970283e-01 2.514479537783590235e+00 5.366697329859639432e+00 5.366697329859639432e+00 5.366697329859639432e+00 5.366697329859639432e+00
-1.064971835604435313e+01 -1.035079133420108199e+01 -9.995271584690826217e+00 -9.637960545915339239e+00 -9.374084432443940074e+00 -8.806600259139527154e+00 -7.566950285399522969e+00 -5.816933613210818699e+00 -5.419632218904658849e+00 -3.917366314826863594e+00 -2.153001511527504963e+00 -1.040655842816457843e+00 -5.601014795175929262e-01 2.314641279273779606e+00 4.994687481111744987e+00 4.994687481111744987e+00 4.994687481111744987e+00 4.994687481111744987e+00
