-1.043463837489472112e+01 -1.035017647748031955e+01 -1.004993706274409426e+01 -9.696369077205078568e+00 -9.354524833354657787e+00 -8.975722839801571595e+00 -8.271512259033208636e+00 -7.300760607910729227e+00 -4.807318290445692810e+00 -3.105977500277754100e+00 -2.054657487180769238e+00 -2.565222350258847150e+00 4.132064307299330719e-01 1.934284690702768428e+00 4.739285162229032622e+00 4.739285162229032622e+00 4.739285162229032622e+00 4.739285162229032622e+00
-1.038999757202523000e+01 -1.011446754950384097e+01 -1.004057368889598578e+01 -9.906017297966362989e+00 -9.520947126506090541e+00 -8.925453123717403514e+00 -8.221434059679655348e+00 -7.004042605755988582e+00 -4.776522398719805551e+00 -1.931179888030051917e+00 -1.902820955007040515e+00 -6.207880903612997825e-01 -6.194793525062500805e-01 2.154763961813606077e+00 4.698031296665543088e+00 4.698031296665543088e+00 4.698031296665543088e+00 4.698031296665543088e+00
-1.040477729811856022e+01 -1.008162209811816190e+01 -9.631521174364682025e+00 -9.644958123406340178e+00 -9.660338297930286089e+00 -9.148667024932120029e+00 -8.147889899737551289e+00 -6.980520922074028967e+00 -4.227498968623354614e+00 -2.462643069378218641e+00 -3.061705943243227424e+00 2.209554563261086901e-01 -1.936537212050613299e-01 2.195118361654917472e+00 4.602541752100435701e+00 4.602541752100435701e+00 4.602541752100435701e+00 4.602541752100435701e+00
-1.021296797528701461e+01 -1.017058228776670958e+01 -9.995532426249216229e+00 -9.278740360184800195e+00 -9.194090692224204275e+00 -9.177612860652708093e+00 -8.297223320337421271e+00 -6.762463219548522808e+00 -3.074140210921119554e+00 -2.691170678596277011e+00 -2.037383180082892764e+00 2.887802886180378392e-01 2.494867761065830136e-01 2.357312485136966007e+00 4.290682987810911619e+00 4.290682987810911619e+00 4.290682987810911619e+00 4.290682987810911619e+00
-1.062836271886000006e+01 -1.030206532287898824e+01 -1.002390548558331851e+01 -9.636245455657766357e+00 -9.107827439222329957e+00 -8.695276724052277473e+00 -8.130632101558754599e+00 -6.324602839322543524e+00 -2.491919919266133210e+00 -2.722520624324058947e+00 -1.086680830753897986e+00 1.239638352041188968e-01 1.477711168286188981e+00 2.422545359566568468e+00 4.462871327391163767e+00 4.462871327391163767e+00 4.462871327391163767e+00 4.462871327391163767e+00
-1.050926468365757316e+01 -9.887934586251610369e+00 -1.023474590695884956e+01 -9.957773414849134141e+00 -9.377321607711245122e+00 -8.660762107661037490e+00 -7.907479821028923439e+00 -5.108918925699351021e+00 -2.955711374661687874e+00 -2.648557989267608104e+00 -3.201544750122853333e-01 1.581499054856585929e+00 1.207942267878618914e+00 2.183240999388240233e+00 4.409975565291321509e+00 4.409975565291321509e+00 4.409975565291321509e+00 4.409975565291321509e+00
-1.044129109681008138e+01 -1.040629929789564656e+01 -1.003909619520787544e+01 -9.630640317507229042e+00 -9.407120479590080464e+00 -8.672188270985239811e+00 -7.629043951259413703e+00 -3.503214224785192510e+00 -3.211688188022999046e+00 -1.466300764080043395e+00 -4.264828123384202807e-01 1.402667134851110387e+00 1.606230499763564135e+00 3.389692598759084241e+00 4.189256496700572541e+00 4.189256496700572541e+00 4.189256496700572541e+00 4.189256496700572541e+00
-1.065809878751137063e+01 -1.016867193111077761e+01 -1.002127847809952677e+01 -1.000196601836893429e+01 -9.317233973490246512e+00 -8.229478849783818717e+00 -6.031088653719983483e+00 -2.343736532407548978e+00 -2.669938499890951000e+00 3.183936830214195157e-01 1.478508528346931472e+00 2.142449414483420966e+00 1.856853130600782720e+00 4.359976988760027261e+00 4.886904898734779401e+00 4.886904898734779401e+00 4.886904898734779401e+00 4.886904898734779401e+00
-1.062539566388478818e+01 -1.035291516602136142e+01 -9.704110221087223209e+00 -9.126231245833523076e+00 -8.222307444609981530e+00 -7.079918239754022125e+00 -3.608818006031084824e+00 -3.388749482422753090e+00 -7.591513150654400910e-01 7.661937284567245099e-01 2.160875352375682734e+00 2.761506734840118771e+00 3.451408722763324999e+00 4.776840726542949334e+00 5.014245359042107886e+00 5.014245359042107886e+00 5.014245359042107886e+00 5.014245359042107886e+00
-1.026833150670291595e+01 -1.002010683820682146e+01 -9.614135208016485024e+00 -8.501828137189678003e+00 -7.389829612651091395e+00 -5.087784950714981491e+00 -2.699692505767469441e+00 -2.630404952520959405e+00 4.156536659463628269e-01 2.112297093249529301e+00 3.108247634740151533e+00 3.487187325580731301e+00 4.962991537397554609e+00 4.926730973475585529e+00 4.928687024855917365e+00 4.928687024855917365e+00 4.928687024855917365e+00 4.928687024855917365e+00
-1.021989685818797255e+01 -9.493112395225736577e+00 -8.780834051682738561e+00 -8.444555501476003201e+00 -6.897914502628267108e+00 -3.055897670744061490e+00 -3.397557629524972977e+00 -2.063819721049916511e-01 2.046229282417312501e+00 3.166772707027539102e+00 3.158474412433239564e+00 4.678753700962394291e+00 2.844190701397490528e+00 2.375979796244045872e+00 5.192354274448490514e+00 5.192354274448490514e+00 5.192354274448490514e+00 5.192354274448490514e+00
-9.907684268604214139e+00 -9.020601367462202091e+00 -8.170370185051085699e+00 -7.538675214784509748e+00 -4.580095788467129836e+00 -2.716579002224415618e+00 -2.148595863890679691e+00 8.952528885478576726e-01 2.971983062230825645e+00 3.205788669195337004e+00 4.530392683867880521e+00 3.746347147754190754e+00 1.082430608844533904e+00 2.509074185350992359e+00 5.038594685382263627e+00 5.038594685382263627e+00 5.038594685382263627e+00 5.038594685382263627e+00
-9.607634738119209317e+00 -8.648475846327308147e+00 -7.539766399911246531e+00 -5.937705825142766791e+00 -2.849341853071582165e+00 -3.459350542241083737e+00 1.987165594152260628e-01 3.040360985355461843e+00 3.338761010363654691e+00 4.151188183603642834e+00 4.770251571786540801e+00 -1.840329737607813432e-01 4.091665006397197102e-01 2.420406201884090169e+00 4.807316258887825100e+00 4.807316258887825100e+00 4.807316258887825100e+00 4.807316258887825100e+00
-1.012716314591500044e+01 -8.001934211055584001e+00 -6.387196367756027726e+00 -3.945853177128397338e+00 -2.991338978897728484e+00 -1.800636349647626977e+00 1.398417083714598164e+00 3.145931854419662610e+00 3.365846781232799678e+00 5.031593443777793162e+00 3.351844520083331336e+00 -1.955383067801716335e+00 3.995384936819525445e-01 2.741773097570841866e+00 4.446016809105830525e+00 4.446016809105830525e+00 4.446016809105830525e+00 4.446016809105830525e+00
-9.488787802164434737e+00 -7.483249505070215690e+00 -5.126597622875693538e+00 -2.360203410982433248e+00 -2.391839071742397849e+00 3.122447031732900058e-01 3.177148536369538423e+00 3.267846340826009666e+00 3.547462356956606833e+00 5.646124648926526213e+00 4.524551705895748732e+00 -6.593075895257598518e-01 8.908601270889088264e-01 2.716529343266856689e+00 4.846207191219912502e+00 4.846207191219912502e+00 4.846207191219912502e+00 4.846207191219912502e+00
-9.219649937093082670e+00 -6.878913324910715943e+00 -4.036846492301658706e+00 -2.627280025714907374e+00 -1.271404704959113285e+00 1.936077318080188903e+00 3.070457955226386648e+00 3.126176580015782136e+00 4.174529188610192953e+00 6.169202029483829897e+00 6.138114678458814311e+00 2.039693100868735343e+00 6.644075654579711943e-01 2.822482262284481624e+00 4.823851808748073289e+00 4.823851808748073289e+00 4.823851808748073289e+00 4.823851808748073289e+00
-8.614807445980767753e+00 -5.942203540815182983e+00 -3.079311531841195659e+00 -2.133936011155149082e+00 -6.306880132652491477e-01 3.024130248565574774e+00 3.171179030542779831e+00 3.271244240654733737e+00 4.200092386881745021e+00 5.050903751583930124e+00 4.506217427461006508e+00 4.759909993532446926e+00 3.559329401437262064e+00 3.324961028867281509e+00 4.965460540484505358e+00 4.965460540484505358e+00 4.965460540484505358e+00 4.965460540484505358e+00
-7.806355434001380544e+00 -5.608878788659250603e+00 -2.758964739861634818e+00 -1.817483130087313326e+00 1.466553647924113135e-01 2.756162900336903476e+00 3.689913973557592097e+00 3.929011033962344079e+00 4.125486024107870797e+00 3.195325136006879063e+00 3.267545822522786469e+00 3.161505400722795844e+00 4.000683181595508842e+00 5.157438064288686341e+00 4.888326793122828917e+00 4.888326793122828917e+00 4.888326793122828917e+00 4.888326793122828917e+00
-7.495072174074659088e+00 -5.772772761881521220e+00 -2.698062531889091176e+00 -9.674935626467989769e-01 9.970915253507872666e-01 3.144886623678645243e+00 3.215681927639956861e+00 3.908534154323483278e+00 3.839723361325540374e+00 1.817143347505306261e+00 1.365924080864657997e+00 1.481175549378427991e+00 2.775918450839377716e+00 4.425904582078366900e+00 4.654465325942347853e+00 4.654465325942347853e+00 4.654465325942347853e+00 4.654465325942347853e+00
-8.184800898103741673e+00 -5.700665755928348233e+00 -2.426087633201983174e+00 -8.235302695020079167e-01 1.624694753449253293e+00 3.110073201010882471e+00 3.160495752435593886e+00 4.058730149682642008e+00 3.175951707364568222e+00 1.576113554110976311e+00 -1.009424609678794438e+00 8.505670436899941400e-01 1.992394520117499068e+00 3.643754605403100477e+00 4.784876678059849731e+00 4.784876678059849731e+00 4.784876678059849731e+00 4.784876678059849731e+00
-8.049532514728426236e+00 -5.938897245152843674e+00 -3.341953066679112627e+00 -1.362572181029422680e+00 9.943777224268710579e-01 3.179983822723386311e+00 3.242591753784246134e+00 4.107064861997204552e+00 3.080450634365315299e+00 1.461113435867931853e+00 -1.030778694062445044e+00 -7.824864969447639304e-03 1.307584446616069762e+00 3.346523117267539149e+00 4.814021315357684294e+00 4.814021315357684294e+00 4.814021315357684294e+00 4.814021315357684294e+00
-8.135304230266273251e+00 -6.468051612988675814e+00 -3.442559704585382185e+00 -1.655315410216056993e+00 3.529711419556909036e-01 3.290875481974964156e+00 3.325026377327029437e+00 4.219172462268436341e+00 2.778257583024179134e+00 1.164744308887759816e+00 -2.899037589488758115e+00 -1.855240198719618094e+00 1.243645230631844623e+00 3.249510941593302338e+00 4.786502135699942428e+00 4.786502135699942428e+00 4.786502135699942428e+00 4.786502135699942428e+00
-7.992906922983283202e+00 -6.667641737158604975e+00 -3.624921868514732637e+00 -2.102854441349593095e+00 -4.761693774328955575e-01 3.214139935250309055e+00 3.312115001959177629e+00 4.089316695103037524e+00 2.368469877671156354e+00 -2.619224785657887078e-01 -2.952335723702926185e+00 -1.617246632052647515e+00 1.211222178285005668e+00 3.463427555029529703e+00 5.023060886765319033e+00 5.023060886765319033e+00 5.023060886765319033e+00 5.023060886765319033e+00
-8.057689425843205910e+00 -7.095340674549123428e+00 -4.435426560091036308e+00 -2.018014480451462145e+00 -7.690885701112618600e-01 2.401030767554361844e+00 3.261776886344430082e+00 3.856262906054652717e+00 2.138931175958758146e+00 -4.062749761282383076e+00 -2.970769081517089738e+00 -1.236982968506501024e+00 1.284576011902762271e+00 3.747031597320148233e+00 4.702712338710587581e+00 4.702712338710587581e+00 4.702712338710587581e+00 4.702712338710587581e+00
-7.809439899839283328e+00 -7.177654953539750693e+00 -5.180285205263473358e+00 -2.772336057443099300e+00 -5.769640269742033478e-01 9.872251750084571897e-01 3.244785873642523022e+00 3.056515798254008320e+00 2.191546302913830679e+00 -4.363051811585497042e+00 -2.703987166678393450e+00 -5.577709026395774039e-01 1.562056615957397421e+00 3.739610892160474265e+00 4.838245838508427710e+00 4.838245838508427710e+00 4.838245838508427710e+00 4.838245838508427710e+00
-8.384086412661989840e+00 -7.676348340454651975e+00 -6.352254454626246272e+00 -3.776420891563115223e+00 -1.551997244640880735e+00 -1.460963150388157050e+00 1.589954656057563698e+00 2.840350691703235064e+00 1.400313268823736079e+00 -3.844637724964655057e+00 -1.849582999114859128e+00 1.155519570687525421e+00 1.912735162321357540e+00 4.131955390677598317e+00 4.830436623638485472e+00 4.830436623638485472e+00 4.830436623638485472e+00 4.830436623638485472e+00
-8.839349768800829565e+00 -7.890249756567116357e+00 -6.824292063129322905e+00 -5.141744887440482970e+00 -2.854518741330204890e+00 -1.087839741296932283e+00 -1.858600950336179336e+00 1.672667169475394733e+00 2.070578888366030323e+00 -1.436212360177617553e+00 -5.957878072671800584e-01 2.108998770852416049e-01 2.172625459039477569e+00 4.355773617820071664e+00 4.781835439495447204e+00 4.781835439495447204e+00 4.781835439495447204e+00 4.781835439495447204e+00
-9.206657742711819026e+00 -8.420582941019750578e+00 -7.571258564742073816e+00 -6.050016527479004758e+00 -4.248068735399828988e+00 -2.573766682891446944e+00 -2.956951129073879692e+00 -1.665966406234981045e+00 1.375068155543188286e+00 1.593429000380775173e+00 -1.439996573232576127e+00 -3.946196614762852994e-01 1.833226891020560689e+00 4.505880758999655455e+00 4.753469932734977199e+00 4.753469932734977199e+00 4.753469932734977199e+00 4.753469932734977199e+00
-9.355845074704797426e+00 -8.587270575357766944e+00 -8.110847421412243463e+00 -7.371683167722018482e+00 -6.088589048654394986e+00 -4.228813227293688470e+00 -2.396726871369928791e+00 -2.543266634808865057e+00 -3.915952931456310182e-01 1.035109702919897900e+00 -4.782371358396808048e-01 1.201181176440639237e-01 1.583367662485574145e+00 4.127724394530712715e+00 4.812421568200788258e+00 4.812421568200788258e+00 4.812421568200788258e+00 4.812421568200788258e+00
-1.015133707356030257e+01 -9.082384157067927788e+00 -8.710895116139033334e+00 -8.287392257150875352e+00 -7.475797135383770886e+00 -6.702506964652209298e+00 -3.964207576487242424e+00 -2.936193998895129109e+00 -2.172797904579863992e+00 -9.568781823477968684e-01 6.857468963346319279e-01 1.699370736697778383e-01 -3.623103901917133496e-01 4.069617021239070986e+00 4.833579142303937815e+00 4.833579142303937815e+00 4.833579142303937815e+00 4.833579142303937815e+00
-1.041693521543431622e+01 -1.000208261595867221e+01 -9.508379873096780344e+00 -9.089798394460279596e+00 -8.657542127956558531e+00 -7.472875108017404955e+00 -5.826799490507167611e+00 -2.958658711864453394e+00 -2.862479581844472598e+00 -3.105780248551640366e+00 -1.078716805413058172e-01 4.536303949202792896e-01 -8.488090220652613205e-01 4.183870212907115693e+00 4.825769927433993800e+00 4.825769927433993800e+00 4.825769927433993800e+00 4.825769927433993800e+00
-1.047123132107902066e+01 -1.015466010784658124e+01 -9.699082016309359844e+00 -9.381800701458537617e+00 -8.965124672665668371e+00 -7.890194623504910076e+00 -6.384972756372421010e+00 -5.323465127823624243e+00 -3.446061602859968431e+00 -3.383275268576346306e+00 -2.604527689519821720e+00 3.244071166936746131e-01 -8.924132992339284254e-01 3.847586985636294532e+00 4.777168743290958197e+00 4.777168743290958197e+00 4.777168743290958197e+00 4.777168743290958197e+00
-1.047353395935872733e+01 -1.023263964643016877e+01 -9.909098450796633983e+00 -9.530712336909871851e+00 -9.151981301226381760e+00 -8.203459991409696173e+00 -6.661785188419647064e+00 -5.666782159922901130e+00 -3.753985917325806998e+00 -3.057911179349918740e+00 -2.674256356433451831e+00 8.582454180474778649e-02 -5.398476598866654985e-01 3.110647278195674659e+00 4.749649563633215443e+00 4.749649563633215443e+00 4.749649563633215443e+00 4.749649563633215443e+00
-1.046624182973284434e+01 -1.021525345365848025e+01 -9.908984884301021978e+00 -9.583563101545880869e+00 -9.170853944828097681e+00 -8.343285385134597831e+00 -6.942624867172312975e+00 -5.657685070391523574e+00 -4.827518341897238940e+00 -2.284348427647557411e+00 -2.542115430540579091e+00 -7.032552346656764097e-01 -4.575850378264484375e-01 2.713888521127725717e+00 4.734593502212811167e+00 4.734593502212811167e+00 4.734593502212811167e+00 4.734593502212811167e+00
-1.050559086348406979e+01 -1.028704684962398197e+01 -9.999717203331634607e+00 -9.660687299951698392e+00 -9.249949665643567798e+00 -8.600066191690062922e+00 -7.212219306242137584e+00 -5.765714497553514839e+00 -5.491476984484099155e+00 -2.840085398054537080e+00 -2.181215695153855272e+00 -2.272325255830188517e+00 -3.384533670992775911e-01 2.478078206037018560e+00 4.687364357767269674e+00 4.687364357767269674e+00 4.687364357767269674e+00 4.687364357767269674e+00
-1.057333376518939794e+01 -1.026426431632457614e+01 -9.942605052643791907e+00 -9.646853938047827981e+00 -9.315174285571233170e+00 -8.658648994552381239e+00 -7.317954745850150822e+00 -5.915886425315968644e+00 -5.750285357281333276e+00 -3.863228794552998391e+00 -1.749042117706735233e+00 -3.178824615126717656e+00 -3.214808444722140890e-01 2.102648621998771006e+00 4.821103231229503017e+00 4.821103231229503017e+00 4.821103231229503017e+00 4.821103231229503017e+00
-1.055793673569798408e+01 -1.023741675907035464e+01 -1.001365105894532448e+01 -9.691642816333295940e+00 -9.292993461675083111e+00 -8.757482251456911726e+00 -7.544284442659176193e+00 -5.725395578563588828e+00 -5.389768217505101155e+00 -4.043751262271578995e+00 -2.052466084913339373e+00 -1.968409447571294768e+00 -5.152152632425504031e-01 2.273055642340601867e+00 4.793584051571762039e+00 4.793584051571762039e+00 4.793584051571762039e+00 4.793584051571762039e+00
-1.057317631034688432e+01 -1.033161689670309435e+01 -9.987034748802489759e+00 -9.675655578239950927e+00 -9.336234388762351344e+00 -8.781106194904273465e+00 -7.538356512574337920e+00 -5.875213127923954559e+00 -5.325677972284200479e+00 -3.586226357642264606e+00 -5.036258104701127891e+00 -2.397024968240978549e+00 -7.555506197246887323e-01 2.162242057912123538e+00 4.744982867428725548e+00 4.744982867428725548e+00 4.744982867428725548e+00 4.744982867428725548e+00
-1.066241136577203541e+01 -1.025174532545766226e+01 -9.989613110999151502e+00 -9.704509273590181451e+00 -9.359120553781201224e+00 -8.817719181002168227e+00 -7.614317576347790606e+00 -5.924443859533728762e+00 -5.336549029323158777e+00 -3.485919590834377857e+00 -3.941538254016482057e+00 -2.316883392005677944e+00 -4.345453723241480826e-01 2.354125246309154207e+00 4.729926806008321272e+00 4.729926806008321272e+00 4.729926806008321272e+00 4.729926806008321272e+00
-1.066497663010874497e+01 -1.030433802148998979e+01 -1.001251525107276663e+01 -9.716141156300944104e+00 -9.416061829173278497e+00 -8.977710244626667446e+00 -7.635701908199528098e+00 -5.746898312841014267e+00 -5.314284342389243854e+00 -4.114532209955675590e+00 -3.530399083943270622e+00 -2.089296399898295409e+00 -6.267455139690981669e-01 2.397237611050952566e+00 4.459864196133692005e+00 4.459864196133692005e+00 4.459864196133692005e+00 4.459864196133692005e+00
