-1.046449305835560928e+01 -1.050701195744010974e+01 -1.001172284365908638e+01 -9.656351660790869929e+00 -9.345975552339716330e+00 -8.993398224020058507e+00 -8.390461951154840392e+00 -7.094485471003354249e+00 -3.514827472408930564e+00 -3.549048038243868497e+00 -2.093227492651594801e+00 2.575697792661119645e-01 3.115661883748539474e-01 2.064541926493677515e+00 5.168708118751675684e+00 5.168708118751675684e+00 5.168708118751675684e+00 5.168708118751675684e+00
-1.047532976031413554e+01 -1.021433072633610450e+01 -1.005570593704917215e+01 -9.806096943275814937e+00 -9.429681719626490377e+00 -8.927594431362281924e+00 -8.158065285723196780e+00 -6.705249550090803368e+00 -2.945579484031152440e+00 -3.994052111994559340e+00 -1.832122870305294970e+00 5.178406383265707347e-03 1.133551344754716972e+00 1.992662877954632483e+00 5.150392607438004866e+00 5.150392607438004866e+00 5.150392607438004866e+00 5.150392607438004866e+00
-1.029114975862903592e+01 -1.000464543058081546e+01 -9.845928771756708997e+00 -9.945234614749621116e+00 -9.658872411698155247e+00 -9.081117746187258533e+00 -8.137969912902477176e+00 -6.502470343514305640e+00 -2.807711059078837668e+00 -4.063555498094567398e+00 -8.453477590203410941e-01 -1.225983754398743408e-01 1.842384073818997159e+00 2.042848277520016964e+00 5.315563754932568052e+00 5.315563754932568052e+00 5.315563754932568052e+00 5.315563754932568052e+00
-1.041276821920937934e+01 -1.032883627638443969e+01 -9.737978621588995409e+00 -9.377068367442099373e+00 -9.282672887976705312e+00 -9.302426558994721262e+00 -8.133442066975089091e+00 -5.931949937410322171e+00 -2.470096370360534088e+00 -3.832399464275145995e+00 -7.686241807219456046e-01 4.685648448539582178e-01 1.397484224885975568e+00 2.088814845373821782e+00 4.845480556863407173e+00 4.845480556863407173e+00 4.845480556863407173e+00 4.845480556863407173e+00
-1.056725790905905171e+01 -1.029501854617661039e+01 -9.945215207915348188e+00 -9.604783691712377447e+00 -9.068128025410958415e+00 -8.650913608105083696e+00 -8.032053936876524247e+00 -5.019312357834258442e+00 -2.526574083993660125e+00 -3.191296990868965455e+00 -5.448954677431427918e-02 7.207058323399285760e-01 1.518482396031699544e+00 2.306051888604682354e+00 4.761359462160966061e+00 4.761359462160966061e+00 4.761359462160966061e+00 4.761359462160966061e+00
-1.034945718963910011e+01 -1.014567237622038220e+01 -1.016196772983959917e+01 -9.865644406448151216e+00 -9.336066610228035856e+00 -8.514411561286175711e+00 -7.747899447014070518e+00 -3.680920121453494342e+00 -4.354214017079132582e+00 -1.608023168844074036e+00 4.996527157593313451e-01 1.123694216810341651e+00 1.658363246813168601e+00 2.125559004670809049e+00 4.471820411751854074e+00 4.471820411751854074e+00 4.471820411751854074e+00 4.471820411751854074e+00
-1.059303696624104774e+01 -1.018926105206456612e+01 -1.002796537087006001e+01 -9.857280456753827025e+00 -9.302242985190162017e+00 -8.502005355869163949e+00 -6.855361552069352271e+00 -2.696237975611362803e+00 -4.244586607249765109e+00 -7.540319189037838488e-01 8.249348007275514316e-01 1.919466225948101457e+00 1.683897709120448116e+00 3.097986619077864656e+00 4.383536177274359957e+00 4.383536177274359957e+00 4.383536177274359957e+00 4.383536177274359957e+00
-1.041863138234622710e+01 -1.024072308066678971e+01 -1.016263660163189719e+01 -9.788862288490156160e+00 -9.239970520347458915e+00 -8.329723169396771709e+00 -4.957801074139231545e+00 -3.306274826675824841e+00 -3.298056167970424113e+00 1.485540932674669912e-02 1.326356818399067272e+00 2.058894408065751858e+00 1.866339325132064575e+00 4.279596662879964875e+00 5.229471189437743028e+00 5.229471189437743028e+00 5.229471189437743028e+00 5.229471189437743028e+00
-1.035264276492858393e+01 -1.012489232715938314e+01 -9.483431605082317972e+00 -9.230447143521361753e+00 -8.423709485195661983e+00 -7.036191219975966860e+00 -3.325557981523153739e+00 -4.268946545270246418e+00 -2.248562113977855326e+00 7.813766551917589176e-01 2.079332730452086331e+00 2.719834516434942451e+00 3.277560881870144271e+00 4.720877728427010034e+00 5.281348765903183917e+00 5.281348765903183917e+00 5.281348765903183917e+00 5.281348765903183917e+00
-1.056391481234788188e+01 -1.021749756607772319e+01 -9.407298588841582543e+00 -8.471880782643895103e+00 -7.493927089978990708e+00 -5.481638520894120958e+00 -2.968434682451873474e+00 -4.186941590924956103e+00 -1.821246480632828235e-01 1.525432690304761918e+00 2.871076587143546632e+00 3.388675839861917893e+00 4.887448673500329299e+00 4.927829434572237766e+00 5.396678815189339673e+00 5.396678815189339673e+00 5.396678815189339673e+00 5.396678815189339673e+00
-1.020214511935480850e+01 -9.594698059454682237e+00 -9.055392158904066235e+00 -8.485302998226579518e+00 -6.968162495084587960e+00 -3.801108712766926523e+00 -3.705252413919326138e+00 -2.909303505780575172e+00 6.701315329693231515e-01 2.806984595414196537e+00 2.948987883072918592e+00 4.528124019133699996e+00 2.937324300845955527e+00 2.259024385530960632e+00 5.744466646189660963e+00 5.744466646189660963e+00 5.744466646189660963e+00 5.744466646189660963e+00
-9.876961468672142530e+00 -9.107991008828083324e+00 -8.340139271746103589e+00 -8.048761670595709461e+00 -5.516872452621571554e+00 -2.512939595387240210e+00 -3.396065939393523081e+00 -5.087618243978329069e-01 1.723690264515864046e+00 3.224760581535099480e+00 4.373099629089495899e+00 3.718231530355941672e+00 2.031345809199648578e+00 2.426959535518670386e+00 5.235717679487164489e+00 5.235717679487164489e+00 5.235717679487164489e+00 5.235717679487164489e+00
-9.501445327481356173e+00 -8.687278581726905813e+00 -7.961654300703013831e+00 -6.427019614603056041e+00 -4.121369672635577075e+00 -3.389746993811062481e+00 -3.217887870499158698e+00 2.228769118681787342e-01 3.408854580161109649e+00 3.988748196282498437e+00 4.675561770430750386e+00 2.145070907502562907e+00 4.941905379648741103e-01 2.322360191054454681e+00 4.978894938014914118e+00 4.978894938014914118e+00 4.978894938014914118e+00 4.978894938014914118e+00
-1.007022668257184783e+01 -8.048421241299203999e+00 -6.864202203897948884e+00 -5.358038283215661224e+00 -2.738825301281998303e+00 -2.327166156945478903e+00 -2.110381822611605784e+00 1.254128498083464827e+00 3.256577952982750102e+00 4.899665847428057219e+00 3.235587798162488760e+00 -1.970387010099531988e+00 4.024818673013209058e-01 2.507150195969605200e+00 5.195256200408341130e+00 5.195256200408341130e+00 5.195256200408341130e+00 5.195256200408341130e+00
-9.525400810079553082e+00 -7.755683208813615614e+00 -5.934383477051675904e+00 -4.456857682223994921e+00 -2.148673954759267701e+00 -2.902272951047559779e+00 -9.754851375900960853e-02 2.749216031998843235e+00 3.488709915888252411e+00 5.523030181251420423e+00 4.336471656342430592e+00 -7.331080108186261990e-01 1.007580643493740213e+00 2.587880899970231852e+00 5.244837287079174182e+00 5.244837287079174182e+00 5.244837287079174182e+00 5.244837287079174182e+00
-9.083576649549296889e+00 -7.075825167882998201e+00 -5.201716433900728020e+00 -3.658562328729186852e+00 -1.923611488584368256e+00 -2.419995234022104924e+00 7.973782559239099843e-01 2.953469774321215269e+00 4.088020683848996306e+00 6.133417565975600283e+00 5.883849288668448807e+00 2.034630399678125201e+00 6.952853759313091242e-01 2.686449827044947725e+00 5.284213831526146876e+00 5.284213831526146876e+00 5.284213831526146876e+00 5.284213831526146876e+00
-8.842444981597738618e+00 -6.601597912672712454e+00 -4.644553774154120518e+00 -2.976665670046672041e+00 -2.320893623522645832e+00 -1.249985051931623126e+00 2.424189174486552467e+00 3.274351884721711237e+00 4.153760877283969144e+00 5.038497398021023699e+00 4.510568028518242123e+00 4.619270133015342061e+00 3.568297684458618946e+00 3.193925006471841410e+00 5.617543271664093396e+00 5.617543271664093396e+00 5.617543271664093396e+00 5.617543271664093396e+00
-8.093690494532749469e+00 -6.336359884989248847e+00 -4.192186239192870367e+00 -2.175239330556098416e+00 -2.655313422159219172e+00 1.177664693652878680e-01 3.557518718199024210e+00 3.839231306522244314e+00 3.930649964894200821e+00 3.215391968622130392e+00 3.174483224038822993e+00 3.106808848280275370e+00 3.884860996426804824e+00 5.077835762849311152e+00 5.271236796689183990e+00 5.271236796689183990e+00 5.271236796689183990e+00 5.271236796689183990e+00
-7.639431216736070951e+00 -6.221077340511802944e+00 -4.015577932900204594e+00 -1.879782263039109669e+00 -2.528874368330702893e+00 6.142909775373029957e-01 3.000265504559516128e+00 3.736085161780315023e+00 3.702006470792138071e+00 1.802026727766830261e+00 1.503741940821573531e+00 1.539587207175183270e+00 2.760142321013359545e+00 4.242989274503239372e+00 5.158862296720551299e+00 5.158862296720551299e+00 5.158862296720551299e+00 5.158862296720551299e+00
-8.041833714673977340e+00 -6.219673778166603384e+00 -3.652122235250494953e+00 -2.120217809033864587e+00 -1.948170839361831108e+00 8.814320171877050303e-01 3.195763950554451061e+00 3.916825460492968425e+00 3.005996736966233929e+00 1.518889398513356470e+00 8.408100906782903783e-01 9.752955174568792573e-01 1.935697416819576855e+00 3.582551061208781640e+00 5.345722276755678237e+00 5.345722276755678237e+00 5.345722276755678237e+00 5.345722276755678237e+00
-8.276832514556138776e+00 -6.421935098501807104e+00 -4.028260618702204532e+00 -2.869864670913405469e+00 -1.997891479054654917e+00 5.784710601942240071e-01 3.139982798959870980e+00 4.008545702556178369e+00 2.957963888934602270e+00 1.378303123993692481e+00 5.437680495183547791e-01 3.857165807594581386e-01 1.222766122588058391e+00 3.210974488419781725e+00 5.293083235827584332e+00 5.293083235827584332e+00 5.293083235827584332e+00 5.293083235827584332e+00
-8.187648551928740304e+00 -6.616981267997881666e+00 -3.943698903892686403e+00 -2.504879642574401544e+00 -2.180096877805316691e+00 6.715892203345251721e-01 3.318072039394977857e+00 3.998076937470098180e+00 2.745637668879079563e+00 1.100465209870815197e+00 -2.397813086315778719e+00 -1.626151961457562578e+00 1.151084176864648922e+00 3.089056280305013225e+00 5.269715324512291410e+00 5.269715324512291410e+00 5.269715324512291410e+00 5.269715324512291410e+00
-8.191341426405317705e+00 -6.961973706446070054e+00 -4.711871594659581497e+00 -2.295664839242126831e+00 -1.962669536795269121e+00 4.151831739503115126e-01 3.467389698249345731e+00 3.898207603052470382e+00 2.285081308387058918e+00 7.108399680047265967e-01 -2.520508606803014473e+00 -1.552847059626441872e+00 1.127651487052337087e+00 3.385447343453791724e+00 5.503208720169336488e+00 5.503208720169336488e+00 5.503208720169336488e+00 5.503208720169336488e+00
-8.163961621631713683e+00 -7.238744221089199016e+00 -5.143132729238898193e+00 -2.847860299922120308e+00 -1.948376375867005628e+00 -5.504034909545094667e-01 2.177002905410603262e+00 3.627152289766545579e+00 2.009000016093415386e+00 -1.450225195504175169e+00 -2.645996054030418598e+00 -1.327969825847359342e+00 1.187216111643589977e+00 3.682257512838264191e+00 5.080119199313259060e+00 5.080119199313259060e+00 5.080119199313259060e+00 5.080119199313259060e+00
-8.041059013181087067e+00 -7.206496187435954326e+00 -5.709450413291870419e+00 -4.027899859136196525e+00 -2.145350025075093647e+00 -2.017700671872979079e+00 5.992366997712720300e-01 2.806983801456572891e+00 2.332975776062216511e+00 -3.722169639610195535e+00 -2.386912683269283519e+00 -5.684332137334388024e-01 1.441561556827442692e+00 3.668835463693410404e+00 5.421082108271553679e+00 5.421082108271553679e+00 5.421082108271553679e+00 5.421082108271553679e+00
-8.377271559924261979e+00 -7.802608430468144896e+00 -6.620873248636678809e+00 -4.817364295372542848e+00 -3.030414512808370375e+00 -2.256147800325181141e+00 -8.329816116410418969e-01 1.308686404676211223e+00 2.161236878528702388e+00 -3.181979869043067843e+00 -3.169728878322117804e-01 1.010954392702672955e+00 1.860569991506585641e+00 4.255797713861736220e+00 5.397714196956261645e+00 5.397714196956261645e+00 5.397714196956261645e+00 5.397714196956261645e+00
-8.785536617622408784e+00 -7.880731281124358389e+00 -7.063679286469136898e+00 -5.658315876939001399e+00 -4.024575185922356191e+00 -2.432463491966169400e+00 -2.543022729428769502e+00 1.988221054661437337e-01 1.428436144216533199e+00 9.113629591250227424e-02 2.994906197725951680e-01 6.696132805046106640e-01 2.195364625621544885e+00 4.700281557138432653e+00 5.341329184575998035e+00 5.341329184575998035e+00 5.341329184575998035e+00 5.341329184575998035e+00
-9.134067019768393081e+00 -8.201725436926123436e+00 -7.385424964035486539e+00 -6.561948551797453177e+00 -5.113098096041787777e+00 -3.535237271737804221e+00 -2.633549764798932102e+00 -2.139572259349454608e+00 3.439227551669725713e-01 1.287899323469619439e+00 5.551022910077667571e-01 -1.152279911875669083e-01 1.761263579137844149e+00 4.831836138366004008e+00 5.317961273260703337e+00 5.317961273260703337e+00 5.317961273260703337e+00 5.317961273260703337e+00
-9.416087534895527966e+00 -8.530309489307668969e+00 -7.953926717736337082e+00 -7.283308157992108178e+00 -6.312383124890059705e+00 -5.008658817219857617e+00 -2.653367807002197765e+00 -2.823686611970201099e+00 -3.221064585329641017e-01 9.487841240769465667e-01 1.009116467161956354e+00 7.095186577071204148e-01 1.026768525094001072e+00 4.060811039014625479e+00 5.047196514640890364e+00 5.047196514640890364e+00 5.047196514640890364e+00 5.047196514640890364e+00
-9.915342114715491206e+00 -9.015064631597466516e+00 -8.532228102555485805e+00 -8.074179095722271882e+00 -7.364832057466591309e+00 -6.452028733169499652e+00 -4.148398916202707731e+00 -2.539795384893746011e+00 -2.082092339482172427e+00 3.711588464544777199e-01 9.345282853614396146e-01 9.773691836050566462e-01 1.438928410256101742e-01 3.916873360112583580e+00 5.492695968335254086e+00 5.492695968335254086e+00 5.492695968335254086e+00 5.492695968335254086e+00
-1.030505348320393821e+01 -9.871081465937063371e+00 -9.362217487212161515e+00 -8.867655517865230763e+00 -8.265096229203368949e+00 -7.241036775873491038e+00 -5.435212394338248210e+00 -2.607045030892724213e+00 -2.839650678840418330e+00 -2.505842092037668944e-01 7.941894241559568357e-01 1.003426732698502244e+00 2.937313071737384096e-01 4.386915515305952695e+00 5.469328057019959388e+00 5.469328057019959388e+00 5.469328057019959388e+00 5.469328057019959388e+00
-1.040657867219898591e+01 -1.003663529353617889e+01 -9.581088261769293624e+00 -9.162651998399724107e+00 -8.583549751760543245e+00 -7.620048498467614451e+00 -6.344914176945559703e+00 -3.598201558157750224e+00 -2.816193920309161935e+00 -1.711258613192907063e+00 4.975626768369603714e-01 9.575130310945116907e-01 7.758555953431582886e-01 3.129414186265631059e+00 5.412943044639699330e+00 5.412943044639699330e+00 5.412943044639699330e+00 5.412943044639699330e+00
-1.050061711127132114e+01 -1.014911209648258250e+01 -9.747529457024461053e+00 -9.302463521043710770e+00 -8.845100943987400655e+00 -7.917866592013194094e+00 -6.677900278609043561e+00 -4.971966746840546847e+00 -2.394929647770159598e+00 -2.925149865367813184e+00 1.417935619445854223e-01 8.586773633019331164e-01 5.860928787696367825e-01 2.784107003124099755e+00 5.389575133324402856e+00 5.389575133324402856e+00 5.389575133324402856e+00 5.389575133324402856e+00
-1.047935136266061917e+01 -1.016870809332928971e+01 -9.785611218764929120e+00 -9.438389669284006800e+00 -8.926075267757189735e+00 -8.102381032980684239e+00 -6.930292005286808887e+00 -5.575717625230078411e+00 -2.921049683437573208e+00 -3.245890804839138610e+00 -4.943815062082119738e-01 6.361221086247088596e-01 7.186336303844126361e-01 2.677780992501371138e+00 4.981437039393245669e+00 4.981437039393245669e+00 4.981437039393245669e+00 4.981437039393245669e+00
-1.049750637097996453e+01 -1.018705371283006933e+01 -9.875720199095866292e+00 -9.520207785288025804e+00 -9.026679668551565783e+00 -8.296842165842511108e+00 -7.119584084882830233e+00 -5.696008004936507163e+00 -4.240250630677778965e+00 -3.250588313246637107e+00 -1.615432056251440374e+00 3.454489374289446690e-01 4.517128580174881725e-01 2.867511050905243053e+00 5.211580880930357651e+00 5.211580880930357651e+00 5.211580880930357651e+00 5.211580880930357651e+00
-1.053780974737075127e+01 -1.022523116032373025e+01 -9.892987392330256924e+00 -9.517005234765219868e+00 -9.107036908787652152e+00 -8.392217868984145568e+00 -7.231986903056574434e+00 -5.861966884453655879e+00 -4.747620488809923600e+00 -2.827790554394488787e+00 -2.644032285404493088e+00 4.036855499171911055e-02 5.532455507691009799e-01 2.506561644171234171e+00 5.540941917083662460e+00 5.540941917083662460e+00 5.540941917083662460e+00 5.540941917083662460e+00
-1.056264374092514124e+01 -1.022986718792716054e+01 -9.946650601643025169e+00 -9.594554299768326189e+00 -9.156273452605525165e+00 -8.560025619582287248e+00 -7.332963950836370870e+00 -5.879115717166957467e+00 -4.850692376456246180e+00 -2.487572805360345196e+00 -2.941066276735779361e+00 -2.770154625213655519e-01 -2.717574378246090036e-02 2.580571834001093912e+00 5.517574005768373979e+00 5.517574005768373979e+00 5.517574005768373979e+00 5.517574005768373979e+00
-1.056066929763851192e+01 -1.028514835322443233e+01 -9.943323776113698997e+00 -9.618610456759052241e+00 -9.234218659459589418e+00 -8.594734096576974736e+00 -7.397685409030809289e+00 -5.911368676052415339e+00 -5.067811759588687792e+00 -2.634227454635284182e+00 -2.946791853692216634e+00 -3.290931785528831144e-01 -1.869877513596110985e-01 2.534995702927558270e+00 5.461188993388102375e+00 5.461188993388102375e+00 5.461188993388102375e+00 5.461188993388102375e+00
-1.061544539733071346e+01 -1.029977735877428024e+01 -9.955294616952190978e+00 -9.623939038526428291e+00 -9.300258972515452527e+00 -8.647229457461808266e+00 -7.530449644723230307e+00 -5.907334651519713375e+00 -5.213130995284290137e+00 -3.321662106842653728e+00 -3.017731372742373352e+00 -7.258356585742662404e-01 -7.027498537511427112e-02 2.479911831452829230e+00 5.032303096824252364e+00 5.032303096824252364e+00 5.032303096824252364e+00 5.032303096824252364e+00
-1.062080702952669142e+01 -1.032674346805899113e+01 -9.967179752784113944e+00 -9.659941093122689892e+00 -9.350269327253489138e+00 -8.839963105438492619e+00 -7.534936662038756339e+00 -5.772155265066775343e+00 -5.370550703908850920e+00 -3.694363733327463706e+00 -2.979436339848891002e+00 -1.540314707058840327e+00 -3.070637298655214398e-01 2.340757495840722680e+00 5.256807104495775818e+00 5.256807104495775818e+00 5.256807104495775818e+00 5.256807104495775818e+00
