-1.052044580914655114e+01 -1.023591582308494452e+01 -9.942808345923092261e+00 -9.595714117483518990e+00 -9.289385987316531867e+00 -8.915999497828579479e+00 -8.159279010943835786e+00 -6.421802018093855757e+00 -4.037358978645559482e+00 -3.811066607143533069e+00 -2.662316872750118080e+00 -4.671889472407567689e-01 1.769649255592289583e+00 2.145999762650070863e+00 5.718331809752598360e+00 5.718331809752598360e+00 5.718331809752598360e+00 5.718331809752598360e+00
-1.047320867369326791e+01 -1.011604581025258298e+01 -9.973913661734055580e+00 -9.743458663454942936e+00 -9.361672526446486842e+00 -8.797120779693191395e+00 -7.923501793210307120e+00 -5.963470031781317182e+00 -4.165548617213754135e+00 -4.277330098092992472e+00 -1.812633812631978536e+00 1.900033639273294647e-02 1.608519408231294356e+00 2.097218402592668340e+00 5.618204408336837652e+00 5.618204408336837652e+00 5.618204408336837652e+00 5.618204408336837652e+00
-1.023877050290512258e+01 -9.815670960805153555e+00 -9.977340652448910774e+00 -9.846414711141827425e+00 -9.504199255226424725e+00 -8.926108983433092448e+00 -7.878056111967532971e+00 -5.501877873464419366e+00 -2.868653272135008425e+00 -3.593491696814133718e+00 -9.467991294774988909e-01 -6.432031859806469631e-02 2.149713831101439876e+00 2.106728855818715385e+00 5.782484143569545765e+00 5.782484143569545765e+00 5.782484143569545765e+00 5.782484143569545765e+00
-1.040889984422288883e+01 -1.015003141395245478e+01 -9.687875751078721009e+00 -9.351343363167153200e+00 -9.373560390663939756e+00 -8.977406083569634987e+00 -7.679385838810064868e+00 -4.502692011442292142e+00 -2.925309098454774492e+00 -2.333638476854015931e+00 -7.294459271389082122e-01 4.062108044146800490e-01 2.162712750238735104e+00 2.154042808699555334e+00 5.240808689207865356e+00 5.240808689207865356e+00 5.240808689207865356e+00 5.240808689207865356e+00
-1.051144847995315246e+01 -1.017260683353951478e+01 -9.957087458169247896e+00 -9.455402455508894022e+00 -8.926387638033357774e+00 -8.596992157964386649e+00 -6.999044320120021645e+00 -4.170385186005290734e+00 -3.502595137324118202e+00 -3.170642727620967882e+00 -7.233190993046294537e-01 1.647175092702375832e+00 1.739276635945711469e+00 2.362098424941426078e+00 5.039063527769686246e+00 5.039063527769686246e+00 5.039063527769686246e+00 5.039063527769686246e+00
-1.026367649656617509e+01 -1.011710730864823660e+01 -1.015803685524722511e+01 -9.802906800576215218e+00 -9.213439729802633593e+00 -8.233234408526108439e+00 -6.479244628098480341e+00 -4.999464560203175978e+00 -3.961550407104783567e+00 -2.084301603498690536e+00 -4.041714459934860892e-01 1.389835876172113682e+00 1.599262622083041263e+00 2.144700606396082954e+00 4.680648623743588033e+00 4.680648623743588033e+00 4.680648623743588033e+00 4.680648623743588033e+00
-1.052482200419470004e+01 -1.017751394081799710e+01 -1.004041141521679492e+01 -9.683700651303205120e+00 -9.172272626710539001e+00 -8.206312839603707943e+00 -5.224620075108612482e+00 -5.273326771372186528e+00 -3.600354206085389031e+00 -1.350856178638214056e+00 3.492626075564527754e-01 1.875908248837853787e+00 1.729346094682484569e+00 3.003648135371858707e+00 4.381593193080394855e+00 4.381593193080394855e+00 4.381593193080394855e+00 4.381593193080394855e+00
-1.037905159285120682e+01 -1.024496719596171879e+01 -1.009255782075757679e+01 -9.589120505428610386e+00 -9.065670601680150043e+00 -7.886944450561610864e+00 -4.157031206747811680e+00 -4.727998152572693513e+00 -3.274125690672986977e+00 -9.119908396756565283e-01 1.458707141002090424e+00 2.029061683469009836e+00 1.908670281181558348e+00 4.276100216950385224e+00 5.697356468372482219e+00 5.697356468372482219e+00 5.697356468372482219e+00 5.697356468372482219e+00
-1.050214225689030556e+01 -1.000501916950655179e+01 -9.627207292249224224e+00 -9.540246769055221066e+00 -8.476591953837825599e+00 -6.897462320258385127e+00 -3.712542163541165507e+00 -4.885179748527423982e+00 -2.164351705901955469e+00 -3.427051534834791857e-01 1.850012924574780726e+00 2.582081785467869928e+00 3.222842473541449593e+00 4.671220470311980399e+00 5.568920064003881620e+00 5.568920064003881620e+00 5.568920064003881620e+00 5.568920064003881620e+00
-1.055158598734935538e+01 -1.004370300017109763e+01 -9.370984025680623830e+00 -8.422109022026635472e+00 -7.603364405854087238e+00 -5.539631953956595467e+00 -2.668466182767164518e+00 -3.861924154290937938e+00 -1.005651970492960290e+00 6.597668502049536254e-01 2.693319696866156132e+00 3.334553131140928883e+00 4.873181981670564156e+00 4.923816852148109824e+00 5.760608693671309233e+00 5.760608693671309233e+00 5.760608693671309233e+00 5.760608693671309233e+00
-1.028493147765456861e+01 -9.681307872991052221e+00 -8.903694712275893153e+00 -8.452385365662607342e+00 -6.778571748130297614e+00 -4.380956288282717992e+00 -3.643495483399804336e+00 -2.589380164577073096e+00 -5.131552102307336549e-02 1.943555917031027480e+00 2.827295018357720124e+00 4.490882320615641632e+00 3.102245557130219211e+00 2.179280223982413833e+00 5.753101739615825494e+00 5.753101739615825494e+00 5.753101739615825494e+00 5.753101739615825494e+00
-9.966988388612289640e+00 -9.167225798936037506e+00 -8.617894181087706329e+00 -7.731942672053095933e+00 -6.068209384500542924e+00 -3.263041711866177863e+00 -3.863971828099948880e+00 -2.449828952067466759e+00 2.996191344324488082e-01 3.086703568490440031e+00 4.331456145429928739e+00 3.707063585238590697e+00 1.983766394260888966e+00 2.438280532338671591e+00 5.754895023638210816e+00 5.754895023638210816e+00 5.754895023638210816e+00 5.754895023638210816e+00
-9.512451672370129785e+00 -8.830393435116485890e+00 -7.932412411048073153e+00 -6.810116689203384865e+00 -4.978904684722306406e+00 -2.347819361775202118e+00 -3.900321231229469277e+00 -8.971582537082807285e-01 1.488636027787724636e+00 3.872907497069745908e+00 4.470009954589611922e+00 2.048944785168272276e+00 1.697103202374842690e+00 2.374736816771426007e+00 5.527538022522094252e+00 5.527538022522094252e+00 5.527538022522094252e+00 5.527538022522094252e+00
-9.903466290254378634e+00 -8.200211960315346715e+00 -7.261437464206458969e+00 -5.769635998608025673e+00 -3.943516209441630949e+00 -1.996825680704889194e+00 -3.090963582176850188e+00 1.111749970805762655e-01 3.185564582867430161e+00 4.850890193182436860e+00 3.220570638201891267e+00 -1.973370824238600774e+00 3.604733688935851665e-01 2.454682705287609679e+00 5.483792388806801199e+00 5.483792388806801199e+00 5.483792388806801199e+00 5.483792388806801199e+00
-9.736591358095203930e+00 -7.782603039481213791e+00 -6.362851276711320558e+00 -4.847508563182016950e+00 -2.687294612293070983e+00 -2.063522047496410217e+00 -2.398398631964433925e+00 7.972278424981719125e-01 3.350764322633728476e+00 5.332159029809110606e+00 4.325158406674662004e+00 -1.075900864638017040e+00 9.920725891097794680e-01 2.521286497912135438e+00 5.560821437417783564e+00 5.560821437417783564e+00 5.560821437417783564e+00 5.560821437417783564e+00
-9.063534387329511333e+00 -7.347817649268782780e+00 -5.724206055912182123e+00 -3.969453000415323451e+00 -3.117727055557436344e+00 -2.244532996712424122e+00 -1.928677712936443189e+00 2.563441425248820238e+00 3.914125233460572950e+00 5.954595377429031444e+00 5.855947584447179111e+00 1.959181303564265342e+00 6.374970727658746394e-01 2.688328694459690027e+00 5.543181422666672020e+00 5.543181422666672020e+00 5.543181422666672020e+00 5.543181422666672020e+00
-8.855091222826114716e+00 -6.864446736253080772e+00 -5.110681754456528836e+00 -3.435276335366933331e+00 -3.527731166837047905e+00 -2.831013587403623966e+00 -1.149256508989587200e+00 3.264398729641064811e+00 4.105814472389589298e+00 4.943142064888455423e+00 4.546560161492845253e+00 4.539555268918911146e+00 3.440341430495754693e+00 3.212017582852571884e+00 5.553440948004714883e+00 5.553440948004714883e+00 5.553440948004714883e+00 5.553440948004714883e+00
-8.288447271780796655e+00 -6.636338940999964464e+00 -4.996878313701746954e+00 -2.858419636207538694e+00 -2.659710671683515937e+00 -3.159681721985278191e+00 1.221792440232226107e-01 3.828066097064359408e+00 3.846404144742084696e+00 3.174745660502422240e+00 3.221452628500565130e+00 3.107196687348990682e+00 3.850935727720121271e+00 5.059000496254940415e+00 5.580223641092063147e+00 5.580223641092063147e+00 5.580223641092063147e+00 5.580223641092063147e+00
-7.765001027394841771e+00 -6.619451757515671275e+00 -4.727722678994863870e+00 -2.869083553408692921e+00 -1.790119133923066874e+00 -1.813264160594307395e+00 8.347090939688611710e-01 3.668822478521939878e+00 3.641184842372785724e+00 1.791913972222289431e+00 1.626182604561810408e+00 1.683504168577848237e+00 2.700870536769149233e+00 4.241403764161539414e+00 5.398664713609745647e+00 5.398664713609745647e+00 5.398664713609745647e+00 5.398664713609745647e+00
-7.829204011906680805e+00 -6.487163901736497706e+00 -4.824786626244401688e+00 -2.953877005526032384e+00 -1.451026309296311378e+00 -8.706468711352673973e-01 2.136884377631233622e+00 3.863475556931049049e+00 3.017637040380363622e+00 1.588455024410919680e+00 1.208060505556723729e+00 1.227478947449051727e+00 1.930813991378286687e+00 3.592856848122376157e+00 5.338895220791877172e+00 5.338895220791877172e+00 5.338895220791877172e+00 5.338895220791877172e+00
-8.167333848914360317e+00 -6.380923550289357316e+00 -4.801513060757972795e+00 -2.962252099783799331e+00 -1.528979137538989175e+00 -8.270736559841982555e-03 3.005867511037955353e+00 3.884199286050358246e+00 2.892026315736744735e+00 1.497038683841198203e+00 9.477790638960192915e-01 7.704914335826331673e-01 1.272210020254729512e+00 3.183160089354649447e+00 5.372562673893267693e+00 5.372562673893267693e+00 5.372562673893267693e+00 5.372562673893267693e+00
-8.198846004730292236e+00 -6.960048197376011103e+00 -4.796853083490391967e+00 -2.786622602515908653e+00 -1.692339706141476885e+00 -5.648243467573486054e-01 1.825016144696368414e+00 3.981502216344626977e+00 2.666918271307593180e+00 1.362216880741016212e+00 -1.996092198357605207e-01 -1.575853657464471480e+00 1.163192377363483576e+00 3.025867673495775900e+00 5.354922659142150820e+00 5.354922659142150820e+00 5.354922659142150820e+00 5.354922659142150820e+00
-8.265455839244156167e+00 -7.075853603118112289e+00 -5.371656063371719192e+00 -3.155611471517451250e+00 -2.443561150401698079e+00 -1.245993047242528906e+00 3.433473938185298002e-01 3.800159603872535818e+00 2.241891840739487662e+00 1.169734550977877152e+00 -2.333357610783225233e+00 -1.460065354224074463e+00 1.144373184714079228e+00 3.395884705744095289e+00 5.389385791620618704e+00 5.389385791620618704e+00 5.389385791620618704e+00 5.389385791620618704e+00
-8.142428600711987485e+00 -7.359452750362970974e+00 -5.634916488148355995e+00 -4.028275388291499226e+00 -2.083881587270311364e+00 -1.575290182292009789e+00 -9.335349312489437112e-01 3.432407947645698343e+00 2.113810445550663886e+00 9.652154690226409928e-01 -2.463622525242018746e+00 -1.203212846631634303e+00 1.182519140267641822e+00 3.630457156215952441e+00 5.384133978878221427e+00 5.384133978878221427e+00 5.384133978878221427e+00 5.384133978878221427e+00
-8.186332591223724364e+00 -7.306002848164672159e+00 -6.039274571985171036e+00 -4.606825214991137507e+00 -3.032364206312220034e+00 -1.689094131751335492e+00 -1.640845232169822143e+00 6.600707332214235112e-01 2.378097326895725061e+00 -3.496452634279242577e+00 -2.245181837324988106e+00 -7.018510017241761378e-01 1.459062580796665731e+00 3.684472426714479276e+00 5.159869621000579443e+00 5.159869621000579443e+00 5.159869621000579443e+00 5.159869621000579443e+00
-8.332634785774208908e+00 -7.693999722828261056e+00 -6.369009924127114530e+00 -5.190946694246920678e+00 -3.970495698366424797e+00 -2.183450630956257577e+00 -2.340548916576682625e+00 -3.944967372257698335e-01 2.175794801363261310e+00 -2.837322209122348227e+00 2.161580787379209223e-01 9.845340410531826514e-01 1.822813397382324618e+00 4.326221398780443650e+00 5.181932187166077952e+00 5.181932187166077952e+00 5.181932187166077952e+00 5.181932187166077952e+00
-8.754186956377585815e+00 -7.851727687480387630e+00 -6.842228806230524540e+00 -5.771014664403134375e+00 -4.709426442795508372e+00 -3.215435580021263728e+00 -1.799859736631248985e+00 -2.213609021988348857e+00 1.271251916848639585e+00 1.312327218853608590e+00 2.084138518298346843e-01 8.751659797953017517e-01 2.089524781541977738e+00 4.783142542086352478e+00 5.184303910368750934e+00 5.184303910368750934e+00 5.184303910368750934e+00 5.184303910368750934e+00
-9.125389634786770898e+00 -8.198649414832457794e+00 -7.341132030005788067e+00 -6.363305932303322976e+00 -5.419742967179628224e+00 -4.288879673963648997e+00 -2.003048052990138661e+00 -2.911834829197369245e+00 -1.629702986600546355e-01 1.531493618998546413e+00 1.074377152939534730e+00 3.331012179553583530e-01 1.650899710394909015e+00 4.895385435796826279e+00 5.166663895617631397e+00 5.166663895617631397e+00 5.166663895617631397e+00 5.166663895617631397e+00
-9.411201741807186494e+00 -8.542260814359297072e+00 -7.831070608675000599e+00 -7.160078671756922475e+00 -6.379016603316225442e+00 -5.239910808302857603e+00 -2.699957853033009947e+00 -2.501040431535222375e+00 -1.915889127070223630e+00 1.546232364125821990e+00 1.267433124155028068e+00 9.722900971322032682e-01 9.979872848406695640e-01 4.051794866947775020e+00 5.169035618820302602e+00 5.169035618820302602e+00 5.169035618820302602e+00 5.169035618820302602e+00
-9.764221189618172758e+00 -8.939997475712852193e+00 -8.403176531329236809e+00 -7.899289755941435232e+00 -7.279631321450475312e+00 -6.367226793352651626e+00 -3.975780965553683544e+00 -3.118183510365295508e+00 -2.533598005357506011e+00 6.183886267572992201e-01 1.330669523953282418e+00 1.132508656933810531e+00 2.665671923340394711e-01 3.861014197762083988e+00 4.997835421015434321e+00 4.997835421015434321e+00 4.997835421015434321e+00 4.997835421015434321e+00
-1.014524448525035538e+01 -9.711897496022981358e+00 -9.191130015759114258e+00 -8.690363927042891845e+00 -8.079578421857455339e+00 -7.047108086178443642e+00 -5.002926227076439858e+00 -2.735047575745169546e+00 -3.343493458011836061e+00 1.154803458171408115e-01 1.388129792732200052e+00 1.201835120325621009e+00 6.515944021227273453e-01 4.526136726996018211e+00 5.011313438392674513e+00 5.011313438392674513e+00 5.011313438392674513e+00 5.011313438392674513e+00
-1.034988654488338256e+01 -9.970032073664519601e+00 -9.440693946798186076e+00 -9.010652569712146231e+00 -8.429905439278144286e+00 -7.435594112971814162e+00 -6.095390937236230045e+00 -2.423853095056228923e+00 -3.324138654129739301e+00 -1.496628564023676722e+00 1.241615104621878851e+00 1.238213596975937358e+00 9.042140582175799413e-01 2.929458872077361331e+00 5.013685161595342166e+00 5.013685161595342166e+00 5.013685161595342166e+00 5.013685161595342166e+00
-1.045308321690295372e+01 -1.008858235810785331e+01 -9.683656469486273011e+00 -9.200448026856767214e+00 -8.682550477595935234e+00 -7.745991611899309959e+00 -6.543631514429736562e+00 -3.698812717736768896e+00 -2.697317095563447342e+00 -2.878457351102220674e+00 9.904112628552894648e-01 1.257351926606760539e+00 9.570025944669022788e-01 2.137309862273354177e+00 4.996045146844235063e+00 4.996045146844235063e+00 4.996045146844235063e+00 4.996045146844235063e+00
-1.046352579919817671e+01 -1.009924259974329175e+01 -9.783450170155330028e+00 -9.358269695557204670e+00 -8.773653030726052293e+00 -7.983473345385217357e+00 -6.791887562901719022e+00 -4.969828822642696764e+00 -1.989467222052747619e+00 -3.731173734425491162e+00 4.604214215541517219e-01 1.217415039694353718e+00 9.873855404661127100e-01 2.306304108400329067e+00 4.978405132093115526e+00 4.978405132093115526e+00 4.978405132093115526e+00 4.978405132093115526e+00
-1.045227662805637614e+01 -1.014962841089261403e+01 -9.855243544376614651e+00 -9.433411659127287408e+00 -8.885215025365271302e+00 -8.172681454220997566e+00 -7.038946384904346765e+00 -5.300904938094914698e+00 -2.884587053596920025e+00 -3.917284726058811728e+00 -3.357433709809708178e-02 1.149580206572683672e+00 9.362881332126837819e-01 2.704714527193693652e+00 4.862432759130701498e+00 4.862432759130701498e+00 4.862432759130701498e+00 4.862432759130701498e+00
-1.049805510381005291e+01 -1.015767373303665266e+01 -9.833906712702919606e+00 -9.486001147972988434e+00 -9.022437066383242055e+00 -8.269583197315267142e+00 -7.166395096462370162e+00 -5.796246625387126983e+00 -3.227333172335391076e+00 -4.802899432046213946e+00 -1.144315940085273375e+00 9.851979724719219789e-01 9.695155471029637262e-01 2.238413195906727271e+00 4.840694689619270186e+00 4.840694689619270186e+00 4.840694689619270186e+00 4.840694689619270186e+00
-1.051916054695435854e+01 -1.021174508734726771e+01 -9.873355348274049703e+00 -9.532828038367890500e+00 -9.069220188873748256e+00 -8.425725195795330080e+00 -7.370652448241895804e+00 -5.967027115787523428e+00 -3.166442712325215680e+00 -3.135823787809298047e+00 -2.968770949584070618e+00 7.129081907573697752e-01 9.771124967856090748e-01 2.366129735401422796e+00 4.823054674868165748e+00 4.823054674868165748e+00 4.823054674868165748e+00 4.823054674868165748e+00
-1.054865690501610587e+01 -1.022343429910275248e+01 -9.893507907526853273e+00 -9.549583184568126271e+00 -9.146397748032976338e+00 -8.480142281954901051e+00 -7.435903587723135644e+00 -6.056593913367681381e+00 -3.825404997776061577e+00 -3.643853114201103249e+00 -3.285948053639874633e+00 2.951643821323657324e-01 9.262901721513083775e-01 2.360832756499621876e+00 4.825426398070836953e+00 4.825426398070836953e+00 4.825426398070836953e+00 4.825426398070836953e+00
-1.059368610218272622e+01 -1.025326390111221642e+01 -9.965634672634113400e+00 -9.587813444781701833e+00 -9.215753785672051279e+00 -8.518896164052762288e+00 -7.518793284846085889e+00 -6.032628587564112799e+00 -4.037373270406610537e+00 -3.722415843806039071e+00 -3.474570225278759139e+00 -1.009496910790870228e-01 7.162520842864503745e-01 2.443320683304074592e+00 4.807786383319713863e+00 4.807786383319713863e+00 4.807786383319713863e+00 4.807786383319713863e+00
-1.062125544325431648e+01 -1.029902697314754079e+01 -9.987619296168935179e+00 -9.635119174524989560e+00 -9.289154064387638243e+00 -8.718117237152963384e+00 -7.559756664188445718e+00 -6.048052528802600136e+00 -4.822595493015393586e+00 -3.432364898278120080e+00 -3.241703872759988947e+00 -4.879025176008612852e-01 8.262563977995207587e-01 2.576773994678123181e+00 4.687715955596980066e+00 4.687715955596980066e+00 4.687715955596980066e+00 4.687715955596980066e+00
