-1.051805256372890796e+01 -1.023498094444187956e+01 -9.963530506176612178e+00 -9.613387726130721234e+00 -9.287883040010811442e+00 -8.945877857478853556e+00 -8.174612130286735834e+00 -6.484909275695847519e+00 -4.049461796352571419e+00 -3.799503849562136271e+00 -2.514426232741243883e+00 -5.158071856558876789e-01 1.689117855429744797e+00 2.127953909105051888e+00 5.604114005483271654e+00 5.604114005483271654e+00 5.604114005483271654e+00 5.604114005483271654e+00
-1.045909370107806780e+01 -1.015755648644254627e+01 -9.991959222225986537e+00 -9.759191831761313551e+00 -9.359530716664089312e+00 -8.823573802119295095e+00 -7.923701360503022428e+00 -5.929358886332157574e+00 -4.265298237945919446e+00 -4.282732746010301739e+00 -1.660304963724240856e+00 8.212705499599612380e-02 1.627148906720552235e+00 2.090672098848376681e+00 5.556356436257090081e+00 5.556356436257090081e+00 5.556356436257090081e+00 5.556356436257090081e+00
-1.023449365634726149e+01 -9.796487263593299133e+00 -9.978248499521924941e+00 -9.849345557506227422e+00 -9.513922907595713241e+00 -8.922254912899779455e+00 -7.893309978547477179e+00 -5.510983915868540528e+00 -2.953272265469236935e+00 -3.699806676641474112e+00 -8.986703887276954461e-01 -2.147401380124559778e-02 2.167416931473295172e+00 2.098164868748199297e+00 5.761832345529688482e+00 5.761832345529688482e+00 5.761832345529688482e+00 5.761832345529688482e+00
-1.041363326814869517e+01 -1.017537627540771794e+01 -9.674215584724619177e+00 -9.379116516534121928e+00 -9.379185905249885380e+00 -8.982195827400477839e+00 -7.704705764856591088e+00 -4.511530297693234104e+00 -2.933406908775872068e+00 -2.273972275686508837e+00 -7.710096840288216402e-01 3.301634540063055900e-01 2.174094181216270627e+00 2.136117178240186210e+00 5.154580984545350297e+00 5.154580984545350297e+00 5.154580984545350297e+00 5.154580984545350297e+00
-1.051206231192436036e+01 -1.019281445137115405e+01 -9.958311256612255136e+00 -9.450840032244418154e+00 -8.938748399962356928e+00 -8.580855374433856042e+00 -7.047924588568654336e+00 -4.172266517178838008e+00 -3.423586069452297931e+00 -3.313479059598720244e+00 -6.423564689694923890e-01 1.407756376868805503e+00 1.737743405838763966e+00 2.370563964135989021e+00 5.069018739894165293e+00 5.069018739894165293e+00 5.069018739894165293e+00 5.069018739894165293e+00
-1.022350821063139037e+01 -1.011251258339766856e+01 -1.017851852081605912e+01 -9.793157803814478868e+00 -9.195396615951079156e+00 -8.218689006416580511e+00 -6.484072214938652934e+00 -5.023213599962505604e+00 -3.944139133583722590e+00 -2.209995963443082800e+00 -4.852036206080537761e-01 1.381441764588930088e+00 1.595426003751290622e+00 2.154132496849827660e+00 4.665411346802452286e+00 4.665411346802452286e+00 4.665411346802452286e+00 4.665411346802452286e+00
-1.052499168984121347e+01 -1.018493553070470625e+01 -1.005231488315069299e+01 -9.675307016842294772e+00 -9.170781386929702350e+00 -8.222263366891382930e+00 -5.242420450467119686e+00 -5.288364175223279062e+00 -3.499797163016263646e+00 -1.199043935868793653e+00 7.003111706969773476e-01 1.866367404352450521e+00 1.731896771983571170e+00 2.982477037894370131e+00 4.450880895421026828e+00 4.450880895421026828e+00 4.450880895421026828e+00 4.450880895421026828e+00
-1.039608089311926875e+01 -1.025687601707473107e+01 -1.009845133047412880e+01 -9.616418972659166897e+00 -9.068844352041674384e+00 -7.892925063060595825e+00 -4.142571794922647044e+00 -4.781060508736981518e+00 -3.265556444797043323e+00 -1.080297354683363853e+00 1.352018263693366418e+00 2.017057066171323854e+00 1.906563184092287422e+00 4.274712925682101705e+00 5.621674075160867368e+00 5.621674075160867368e+00 5.621674075160867368e+00 5.621674075160867368e+00
-1.051406150286205232e+01 -9.986886452108869605e+00 -9.639131424109322666e+00 -9.535166166540387067e+00 -8.439472995583361836e+00 -6.904535388379900773e+00 -3.699194879042441819e+00 -4.932126819873039025e+00 -1.927248001632064556e+00 -2.304620542431811692e-01 1.851318258299179842e+00 2.581005473307152798e+00 3.221051877940402708e+00 4.671180150458393854e+00 5.579990550724676979e+00 5.579990550724676979e+00 5.579990550724676979e+00 5.579990550724676979e+00
-1.055774681631646850e+01 -1.009106326693837907e+01 -9.360087838816834704e+00 -8.420626833767904884e+00 -7.601580873205074695e+00 -5.523871775952807539e+00 -2.627242016619468323e+00 -3.889139994123230970e+00 -1.106735632329249208e+00 5.881836229812360539e-01 2.686628632932250405e+00 3.316731885494906606e+00 4.888573591963832676e+00 4.913795707570717042e+00 5.801445523450225572e+00 5.801445523450225572e+00 5.801445523450225572e+00 5.801445523450225572e+00
-1.029489039254481320e+01 -9.680172788203622147e+00 -8.920861269455693687e+00 -8.449407592040078185e+00 -6.785563278390990050e+00 -4.375304297131128450e+00 -3.779737263261845115e+00 -2.587710401430165508e+00 -1.470190352261536715e-01 1.945424270734547045e+00 2.825010450789408711e+00 4.493666114402866008e+00 3.082696077630718623e+00 2.189194020434121146e+00 5.833733215857186849e+00 5.833733215857186849e+00 5.833733215857186849e+00 5.833733215857186849e+00
-9.947165043199829526e+00 -9.157624258393628480e+00 -8.643550327707346881e+00 -7.733578416162217195e+00 -6.107208103519508491e+00 -3.146821444821779057e+00 -3.908917769875777104e+00 -2.218450589364383774e+00 4.153333513293115953e-01 3.086367331867839070e+00 4.422978434492232047e+00 3.740635063347249822e+00 2.014362622362717126e+00 2.441739431811360550e+00 5.909691355320316752e+00 5.909691355320316752e+00 5.909691355320316752e+00 5.909691355320316752e+00
-9.539387692749802028e+00 -8.820387711234667805e+00 -7.934008144477564528e+00 -6.804973748202649553e+00 -4.971899682810487775e+00 -2.396987732192084053e+00 -3.935261072765939616e+00 -8.398664004928600990e-01 1.471791973582371238e+00 3.859933034114359618e+00 4.481877039769329940e+00 2.068579684133391439e+00 1.675135428637023027e+00 2.381663132962082319e+00 5.604641418817748466e+00 5.604641418817748466e+00 5.604641418817748466e+00 5.604641418817748466e+00
-9.901571377837989019e+00 -8.206898613459790326e+00 -7.260049964623140006e+00 -5.788650576836192663e+00 -3.963181842500173246e+00 -2.040932753003075195e+00 -3.133051134180100394e+00 1.974492200675202411e-02 3.159840868882199505e+00 4.884558271120555517e+00 3.238774706965086736e+00 -1.974257534726307606e+00 3.783496877817743576e-01 2.467822455082780309e+00 5.439832280355892280e+00 5.439832280355892280e+00 5.439832280355892280e+00 5.439832280355892280e+00
-9.731240417874861492e+00 -7.777846238756289665e+00 -6.371164423155741829e+00 -4.866041787006311736e+00 -2.692338967278943063e+00 -1.970458116632402223e+00 -2.366601837329636915e+00 7.913447112570012321e-01 3.314878637469741651e+00 5.418895949852701399e+00 4.337843514015750301e+00 -1.101129621397295644e+00 9.934898436030105140e-01 2.416760971134563896e+00 5.570139803986789317e+00 5.570139803986789317e+00 5.570139803986789317e+00 5.570139803986789317e+00
-9.059247718305682540e+00 -7.356624738368576999e+00 -5.727528205635209702e+00 -3.937038866035548423e+00 -3.226782852760149201e+00 -2.207264609424490320e+00 -1.859241989557879782e+00 2.470215298957592065e+00 3.963953150397824476e+00 6.007867228868519760e+00 5.861734613250232151e+00 1.967433332921607381e+00 6.906608608475960365e-01 2.665484593993157070e+00 5.548412974739622250e+00 5.548412974739622250e+00 5.548412974739622250e+00 5.548412974739622250e+00
-8.829574443063020084e+00 -6.874287803371880834e+00 -5.116670156907172640e+00 -3.341777823938297587e+00 -3.544259221086182965e+00 -2.873516285680960181e+00 -7.335825179956622089e-01 3.254017392219084481e+00 4.124133417691291825e+00 4.971966609747526356e+00 4.526077888619483680e+00 4.483425466997001507e+00 3.454727396854551547e+00 3.226868728871014280e+00 5.587408673921792968e+00 5.587408673921792968e+00 5.587408673921792968e+00 5.587408673921792968e+00
-8.262934292008397463e+00 -6.622754952020558861e+00 -5.007244968492702064e+00 -2.787126850502147590e+00 -2.617879462703519344e+00 -3.195262793427996240e+00 4.619715176878338991e-02 3.820505422813826435e+00 3.863948830506762189e+00 3.138386973776114086e+00 3.209350132286253210e+00 3.090431198881291586e+00 3.845090243279354336e+00 5.029272641279393774e+00 5.701559707602141813e+00 5.701559707602141813e+00 5.701559707602141813e+00 5.701559707602141813e+00
-7.769780732275933133e+00 -6.624820568427385759e+00 -4.763432079901739336e+00 -2.774752960137839786e+00 -1.857705644301839820e+00 -1.747476512363148160e+00 7.240520009512204647e-01 3.666135051276310008e+00 3.607850754953887851e+00 1.794732410311602022e+00 1.627523814716944628e+00 1.677250926920490937e+00 2.656637108672753378e+00 4.245182848827981914e+00 5.299674009987088930e+00 5.299674009987088930e+00 5.299674009987088930e+00 5.299674009987088930e+00
-7.858174048175655457e+00 -6.462775436333492607e+00 -4.856017101822303061e+00 -2.960035810525194488e+00 -1.425837497635754847e+00 -4.169740756138751170e-01 2.102490250133430827e+00 3.878877636057066702e+00 3.008913456001532261e+00 1.600317534047788648e+00 1.198446972165880142e+00 1.229527888745954867e+00 1.913746163579286952e+00 3.617880789290424115e+00 5.380919727405123254e+00 5.380919727405123254e+00 5.380919727405123254e+00 5.380919727405123254e+00
-8.121682357407163266e+00 -6.394280947768271162e+00 -4.861117422111989939e+00 -2.980426418486560980e+00 -1.500128353966616812e+00 -2.969581216642549603e-03 3.055960740914979823e+00 3.887305572316673619e+00 2.856397745664805310e+00 1.518270427717117066e+00 9.457483820292676979e-01 7.651850695838897654e-01 1.273905607484520086e+00 3.194419548457145375e+00 5.380591653909386096e+00 5.380591653909386096e+00 5.380591653909386096e+00 5.380591653909386096e+00
-8.183103907622133022e+00 -6.937912059994006952e+00 -4.822736812426223096e+00 -2.792757944401121240e+00 -1.731832782763268685e+00 -2.709544237024053004e-01 1.819097286460873431e+00 3.975257046172178566e+00 2.659541552585518609e+00 1.360616144837431429e+00 -5.606097527694466898e-01 -1.595227714739311686e+00 1.160371409686038691e+00 3.032212764713989817e+00 5.358864824662211035e+00 5.358864824662211035e+00 5.358864824662211035e+00 5.358864824662211035e+00
-8.239034942838264541e+00 -7.050500111547141735e+00 -5.364938050840960315e+00 -3.034563396751331688e+00 -2.570114155796490607e+00 -1.227842891416361493e+00 4.337420924541489642e-01 3.780498840461622212e+00 2.204216356912419794e+00 1.132090803119135458e+00 -2.334063527212862255e+00 -1.494359479488186038e+00 1.143279194558119771e+00 3.385115365956097300e+00 5.423166804607142844e+00 5.423166804607142844e+00 5.423166804607142844e+00 5.423166804607142844e+00
-8.149388691272191565e+00 -7.362786505632425538e+00 -5.661926763798896367e+00 -3.957705416153429745e+00 -2.096667103690351031e+00 -1.514244710346386524e+00 -1.241241261532378237e+00 3.431571565975599647e+00 2.086726629230729380e+00 9.172890895129249822e-01 -2.484040301603090750e+00 -1.259860123436459700e+00 1.199352566564366063e+00 3.626232035519969532e+00 5.455830353899623120e+00 5.455830353899623120e+00 5.455830353899623120e+00 5.455830353899623120e+00
-8.201391613092457789e+00 -7.284600389423854239e+00 -6.077960986131795806e+00 -4.658128498005211782e+00 -2.990835025266802116e+00 -1.742198515806340886e+00 -1.669331340749921511e+00 7.683514885741012934e-01 2.353482423477937679e+00 -3.492904813653650020e+00 -2.313756498832053587e+00 -7.423979650273537789e-01 1.463010265120249231e+00 3.735941903576622813e+00 5.211697264738555546e+00 5.211697264738555546e+00 5.211697264738555546e+00 5.211697264738555546e+00
-8.307384367023816552e+00 -7.712995727513349387e+00 -6.330673146519694150e+00 -5.236631019746967652e+00 -3.987706722057616560e+00 -2.165988461534618104e+00 -2.500513186972710855e+00 -3.053444149980976685e-01 2.225581702041597776e+00 -2.814672407849339031e+00 2.210630013516892145e-01 1.064995254574897299e+00 1.802808815921166596e+00 4.213048773963952165e+00 5.196587532310831037e+00 5.196587532310831037e+00 5.196587532310831037e+00 5.196587532310831037e+00
-8.772197204526715808e+00 -7.868587635921915791e+00 -6.831936749356339433e+00 -5.785695159175064717e+00 -4.662218409399080166e+00 -3.244378448182104524e+00 -1.793385323850478663e+00 -2.085697148166006265e+00 1.304399151020760428e+00 1.342709770213106113e+00 2.450092865670123743e-01 8.748913925921969481e-01 2.104419069308814283e+00 4.759995685005117494e+00 5.191043503831972217e+00 5.191043503831972217e+00 5.191043503831972217e+00 5.191043503831972217e+00
-9.140104750006646128e+00 -8.219393571674515897e+00 -7.348575355577660950e+00 -6.377360005215404470e+00 -5.417266126250432912e+00 -4.300329048170424606e+00 -2.208737891267097631e+00 -2.869005249459345652e+00 -1.054780718812121376e-01 1.532167767283149962e+00 1.071019665935972975e+00 3.308683171186742045e-01 1.660081940537710743e+00 4.879247884545565128e+00 5.169316674584797155e+00 5.169316674584797155e+00 5.169316674584797155e+00 5.169316674584797155e+00
-9.421893440251675855e+00 -8.527838585114418279e+00 -7.837586956678015859e+00 -7.178119146184462451e+00 -6.376299600389713440e+00 -5.223080011993532779e+00 -2.717502049994511282e+00 -2.439734780067919662e+00 -2.059927590341009918e+00 1.480081442327168872e+00 1.262483782548541988e+00 9.568303801853370594e-01 9.949471822346430683e-01 4.068840269294700107e+00 5.163772646105926789e+00 5.163772646105926789e+00 5.163772646105926789e+00 5.163772646105926789e+00
-9.761712458419916416e+00 -8.960616497191089991e+00 -8.408291813259898717e+00 -7.921998386683360316e+00 -7.289644821953153553e+00 -6.387494158418960843e+00 -3.931440417707931179e+00 -3.182052115457257191e+00 -2.537317791511568110e+00 6.248238340398750701e-01 1.324283479606226610e+00 1.123025367180932488e+00 3.413633080373393303e-01 3.892743840522963961e+00 5.045306702039709101e+00 5.045306702039709101e+00 5.045306702039709101e+00 5.045306702039709101e+00
-1.015997916020983105e+01 -9.729628598961369335e+00 -9.227993619484180954e+00 -8.648864057279375572e+00 -8.070379627750600804e+00 -7.072807423299572349e+00 -5.031923415444085279e+00 -2.605258985059681454e+00 -3.378068721357871951e+00 9.878099314948125820e-02 1.374526061774780761e+00 1.195683913306031521e+00 6.752627503893585681e-01 4.625352733268258021e+00 5.028766211480593995e+00 5.028766211480593995e+00 5.028766211480593995e+00 5.028766211480593995e+00
-1.035898871297744073e+01 -9.988196755184871378e+00 -9.462359260287488638e+00 -9.025765287104672296e+00 -8.439647858530600288e+00 -7.444732845769671314e+00 -6.107019852692590511e+00 -2.569204404113972551e+00 -3.349128204259242292e+00 -1.348513695961471637e+00 1.250231079818397761e+00 1.240016868256351046e+00 9.084534533921658772e-01 2.932890076372513199e+00 5.023222183001723629e+00 5.023222183001723629e+00 5.023222183001723629e+00 5.023222183001723629e+00
-1.046282568998046436e+01 -1.010884751560808859e+01 -9.693566828731835727e+00 -9.226145901302395202e+00 -8.695358599483856921e+00 -7.776872411878410496e+00 -6.564444278979875591e+00 -3.594673250027296429e+00 -2.726103093219383044e+00 -2.882372785146307681e+00 9.799767455373656899e-01 1.265889207797883387e+00 9.522888517399835662e-01 2.152439086936442703e+00 5.001495353754565443e+00 5.001495353754565443e+00 5.001495353754565443e+00 5.001495353754565443e+00
-1.048392559896377563e+01 -1.010558450073777870e+01 -9.790241014110760531e+00 -9.356957344599299731e+00 -8.781227453245575632e+00 -7.998745944229968430e+00 -6.808206752964097497e+00 -4.962109030330362991e+00 -2.082491551126816720e+00 -3.713321043154538259e+00 3.851116236306874052e-01 1.226405623961147384e+00 9.763296820049198743e-01 2.328100556597911819e+00 4.979768524507390381e+00 4.979768524507390381e+00 4.979768524507390381e+00 4.979768524507390381e+00
-1.047286353654626012e+01 -1.016115335025649458e+01 -9.884105560406160507e+00 -9.458548856146304473e+00 -8.915325567855436617e+00 -8.176422660268331200e+00 -7.086922050654214544e+00 -5.312060602569485646e+00 -2.828274187412555651e+00 -3.848807885069956747e+00 -7.760173866579136992e-02 1.142609641915729890e+00 9.371748618350774773e-01 2.684341900730701891e+00 4.883354729024240726e+00 4.883354729024240726e+00 4.883354729024240726e+00 4.883354729024240726e+00
-1.051207169994260049e+01 -1.015885492705985094e+01 -9.866741339627402851e+00 -9.517611567525982252e+00 -9.025161658306860346e+00 -8.263079119726349120e+00 -7.176535171156464443e+00 -5.840045867610595742e+00 -3.162149978872197842e+00 -4.867533557594353688e+00 -1.111984268749230731e+00 9.940502886703516117e-01 9.571074365271717843e-01 2.263346953808530237e+00 4.860944890650346295e+00 4.860944890650346295e+00 4.860944890650346295e+00 4.860944890650346295e+00
-1.053377965183288545e+01 -1.022411182278120201e+01 -9.874498834540128556e+00 -9.556431205656069849e+00 -9.079907088706335117e+00 -8.450611410212774288e+00 -7.390024048843927496e+00 -5.968587134569604657e+00 -3.179718108805838384e+00 -3.134068744763621517e+00 -3.090732636356428475e+00 7.030636537001914155e-01 9.730962205139901400e-01 2.345940203930657386e+00 4.839218061403201432e+00 4.839218061403201432e+00 4.839218061403201432e+00 4.839218061403201432e+00
-1.056378339012346146e+01 -1.023288107317800488e+01 -9.923837740213777181e+00 -9.577032852274465213e+00 -9.166920922492009183e+00 -8.487362511636037610e+00 -7.434407621379071962e+00 -6.041132578070850911e+00 -3.827667415349865543e+00 -3.639112682483680583e+00 -3.296924982296132622e+00 2.971817567885495781e-01 9.262588978230109626e-01 2.382668885368628864e+00 4.833674032924339059e+00 4.833674032924339059e+00 4.833674032924339059e+00 4.833674032924339059e+00
-1.060246630815641566e+01 -1.027172509415125035e+01 -1.000435359767693377e+01 -9.611152817320732566e+00 -9.225230269466095478e+00 -8.528646823609046024e+00 -7.544307074478382447e+00 -6.027481423016171291e+00 -4.103031040440790811e+00 -3.638733969508411548e+00 -3.527637029827193960e+00 -1.055248626307919158e-01 6.856176993622824511e-01 2.447112013548948362e+00 4.811947203677148899e+00 4.811947203677148899e+00 4.811947203677148899e+00 4.811947203677148899e+00
-1.062202577088716637e+01 -1.031163454181312922e+01 -9.989863199460135235e+00 -9.646826143561201050e+00 -9.312466324939485673e+00 -8.723684639605897573e+00 -7.574530131167940716e+00 -6.079126450177245289e+00 -4.830776675186920777e+00 -3.386432274897296590e+00 -3.345614499422534305e+00 -3.608854819006120374e-01 7.190473588053009069e-01 2.560993006912281267e+00 4.714850399067273656e+00 4.714850399067273656e+00 4.714850399067273656e+00 4.714850399067273656e+00
