-1.043238059163056519e+01 -1.033060795122450770e+01 -9.987258411195135466e+00 -9.676711328669593826e+00 -9.377676226752338806e+00 -9.029403559901234999e+00 -8.330552195132115756e+00 -7.265197047277244913e+00 -4.824214675254725471e+00 -3.286961705781865639e+00 -1.804536800336245417e+00 -1.347051005924340794e+00 5.363201632716279033e-01 1.814825934095365412e+00 4.998017495269728272e+00 4.998017495269728272e+00 4.998017495269728272e+00 4.998017495269728272e+00
-1.039267537850355971e+01 -1.011454925092007784e+01 -1.003798077203249051e+01 -9.901921648139456522e+00 -9.454694676471580905e+00 -9.003905878359807602e+00 -8.266642681289470218e+00 -6.945326761777561586e+00 -4.576185197571692953e+00 -2.444838026281531906e+00 -2.355554539850035489e+00 -3.513551640885478888e-01 4.919373826274781591e-01 2.058664074879941630e+00 4.937290676847717386e+00 4.937290676847717386e+00 4.937290676847717386e+00 4.937290676847717386e+00
-1.040430964437186390e+01 -1.003640921084780580e+01 -9.694925721201643753e+00 -9.790044167102294637e+00 -9.626984741221953357e+00 -9.120746797206615852e+00 -8.257952584109080618e+00 -6.942573360932738247e+00 -4.319128650750009513e+00 -2.034573074919226787e+00 -2.851632139152450840e+00 2.005613533156173078e-01 1.704506279198206992e-02 2.060413008745536789e+00 5.010572166144530826e+00 5.010572166144530826e+00 5.010572166144530826e+00 5.010572166144530826e+00
-1.027355546924902008e+01 -1.019932961387568326e+01 -9.996023448545667378e+00 -9.345658771646096596e+00 -9.207519605391471629e+00 -9.081976762028576289e+00 -8.203423225161319721e+00 -6.784182714849948503e+00 -3.432229252252267493e+00 -2.359262039299848901e+00 -1.721556896059206476e+00 -1.070341100148502894e-01 6.177785299868111535e-01 2.306566417444896988e+00 4.717515835028909699e+00 4.717515835028909699e+00 4.717515835028909699e+00 4.717515835028909699e+00
-1.051036863479497718e+01 -1.028729454014913358e+01 -9.927718022669971276e+00 -9.606256666693248292e+00 -9.084578061700673501e+00 -8.651105339265134475e+00 -8.065492028759280174e+00 -6.043495342170703388e+00 -2.870411338706671422e+00 -3.151599676532497174e+00 -5.043150252170214287e-01 7.384825769133775142e-02 1.478466302324854986e+00 2.400039096530322436e+00 4.658020377746857399e+00 4.658020377746857399e+00 4.658020377746857399e+00 4.658020377746857399e+00
-1.046938157265654290e+01 -9.925501246909503195e+00 -1.023544947743530642e+01 -9.917574427330070108e+00 -9.336164051586557378e+00 -8.683506031938508229e+00 -7.841358851525424001e+00 -5.156603889765984050e+00 -2.485491952600014542e+00 -2.535320703584324598e+00 -2.054462408329746637e-01 6.684883230319805802e-01 1.191052788006665697e+00 2.169303733966423398e+00 4.477322537287161452e+00 4.477322537287161452e+00 4.477322537287161452e+00 4.477322537287161452e+00
-1.052741876987493086e+01 -1.040351888098846267e+01 -1.004614732671132948e+01 -9.827750963542728257e+00 -9.356954189510229725e+00 -8.705253781120855905e+00 -7.654346363656935992e+00 -3.645235426131326228e+00 -3.227161841356265271e+00 -1.085445986637332494e+00 2.415135659527174461e-01 1.591554164674087612e+00 1.582242356010412854e+00 3.419768218189831011e+00 4.234646959710327785e+00 4.234646959710327785e+00 4.234646959710327785e+00 4.234646959710327785e+00
-1.056340132969029533e+01 -1.014967046429522135e+01 -1.000743325883252055e+01 -9.852991319569296635e+00 -9.257348629665012041e+00 -8.350724221041835094e+00 -5.757390002239073823e+00 -2.313869205947401309e+00 -2.830737352655919636e+00 2.123667961318179698e-01 1.634482407482216626e+00 2.036682619853396048e+00 1.751577986481711147e+00 4.334121891116764047e+00 4.965214385258688523e+00 4.965214385258688523e+00 4.965214385258688523e+00 4.965214385258688523e+00
-1.044295096063726014e+01 -1.033235364096860742e+01 -9.642106388258401495e+00 -9.070782193313037922e+00 -8.171121410113778794e+00 -7.055172510396759300e+00 -3.883876307016163487e+00 -3.159460763292837981e+00 -1.007444505890738862e+00 9.109510604844333059e-01 2.083545195086802693e+00 2.736227503133561889e+00 3.430294801607475907e+00 4.772756200624291623e+00 4.934006095313678841e+00 4.934006095313678841e+00 4.934006095313678841e+00 4.934006095313678841e+00
-1.023012581413799360e+01 -1.005177075494962402e+01 -9.563015060335219530e+00 -8.571109137941332889e+00 -7.417452417183979740e+00 -5.129862170572291546e+00 -2.405653242404885983e+00 -3.074905457469937264e+00 -1.121922633037047007e-01 2.058077208178560991e+00 3.120279262767526429e+00 3.466865791704716759e+00 4.958261076206028406e+00 4.966097809594256951e+00 5.124286620293447392e+00 5.124286620293447392e+00 5.124286620293447392e+00 5.124286620293447392e+00
-1.017476403155247056e+01 -9.449305775413543884e+00 -8.813994885772274301e+00 -8.580620901046392746e+00 -6.810869278468627996e+00 -3.403982790071292008e+00 -3.399794508489577538e+00 -8.571736030501928560e-01 1.890525079850497336e+00 3.108585726943851490e+00 3.142760130336137436e+00 4.605733369275045952e+00 3.034480313286172848e+00 2.268630994972648196e+00 5.537259829094528740e+00 5.537259829094528740e+00 5.537259829094528740e+00 5.537259829094528740e+00
-9.942869418529941328e+00 -9.049294065385252495e+00 -8.149974152469066979e+00 -7.598323703812948970e+00 -4.855796876994722844e+00 -2.491213192498958229e+00 -2.714378770748246072e+00 -6.942388407924950100e-02 2.895985299205113161e+00 3.148244039279413098e+00 4.444345487275418449e+00 3.789967662131121351e+00 1.689714491793140150e+00 2.486570881210996120e+00 5.177584685969983447e+00 5.177584685969983447e+00 5.177584685969983447e+00 5.177584685969983447e+00
-9.537481757961993267e+00 -8.570552318581999174e+00 -7.633222419421831439e+00 -5.988936585444070815e+00 -3.255045481381345418e+00 -3.420984990546664939e+00 -4.336409979667513181e-01 3.023424767200823204e+00 3.236969283439663059e+00 4.049818096547502577e+00 4.739990821894483730e+00 -1.748883251842220377e-02 4.671452946269532558e-01 2.400576159449648639e+00 4.799522254260684129e+00 4.799522254260684129e+00 4.799522254260684129e+00 4.799522254260684129e+00
-1.018536805985054094e+01 -7.949656565457990709e+00 -6.461414745993629971e+00 -4.467897962403505119e+00 -2.557848737297930164e+00 -2.411135375329011232e+00 1.217047327514739985e+00 3.107178438310201241e+00 3.320868463782733482e+00 5.017541855743985479e+00 3.331924725708047319e+00 -1.862206381464577953e+00 3.175032210941731159e-01 2.601117715252470930e+00 4.888648314428184705e+00 4.888648314428184705e+00 4.888648314428184705e+00 4.888648314428184705e+00
-9.403800993110852602e+00 -7.466149571504495874e+00 -5.267257637466079778e+00 -3.227477035336587807e+00 -2.879622612859180641e+00 -1.896649605938787730e-01 3.091037217415720573e+00 3.142182396832796432e+00 3.662747101697791052e+00 5.594629056984794957e+00 4.522998374277780620e+00 -9.493688044087513767e-01 9.167280369644731364e-01 2.729272965631378778e+00 4.928087091235043182e+00 4.928087091235043182e+00 4.928087091235043182e+00 4.928087091235043182e+00
-9.069007210886702808e+00 -6.793493684302681856e+00 -4.301577135196292367e+00 -2.123240313203429430e+00 -2.075781655811565596e+00 8.426128665998491307e-01 3.011095424260998854e+00 3.094186541166537019e+00 4.195892520838010675e+00 6.199348395308754256e+00 6.174971457768546834e+00 1.936041252194851792e+00 5.407798735782434196e-01 2.719062552735537430e+00 4.886724871645520274e+00 4.886724871645520274e+00 4.886724871645520274e+00 4.886724871645520274e+00
-8.737869401882434772e+00 -6.070133966568046269e+00 -3.695281105890920514e+00 -2.471877095265775370e+00 -8.458066280522825720e-01 2.923584197451334354e+00 3.215099256195826705e+00 3.289533828311880903e+00 4.236296217573269018e+00 5.074387954090061825e+00 4.673707757960827713e+00 4.693178477241357172e+00 3.681850088081313199e+00 3.341073221095325341e+00 5.193932580371019903e+00 5.193932580371019903e+00 5.193932580371019903e+00 5.193932580371019903e+00
-7.828757632645085174e+00 -5.669974543996417538e+00 -3.227400175382899139e+00 -2.307489655617466440e+00 -1.068084344859115964e-01 2.689530456509925394e+00 3.547004743212756050e+00 3.891079182628963906e+00 4.082571500461913416e+00 3.292154047063521105e+00 3.310698086838553600e+00 3.184794582293931864e+00 3.962011498823191591e+00 5.148555945994647054e+00 4.912130770822046522e+00 4.912130770822046522e+00 4.912130770822046522e+00 4.912130770822046522e+00
-7.428412210353507739e+00 -5.851640178075502519e+00 -2.901824837487514408e+00 -1.740485354013561636e+00 -1.226830420861747539e-01 3.107471689556897232e+00 3.124066221658526210e+00 3.907168436320619609e+00 3.808189941276741486e+00 1.754968578380489808e+00 1.392639163496335541e+00 1.456814571186534124e+00 2.846887121670419241e+00 4.344986983268735337e+00 4.798156956268274875e+00 4.798156956268274875e+00 4.798156956268274875e+00 4.798156956268274875e+00
-8.186301930431774565e+00 -5.828785693418167213e+00 -2.672847576415881665e+00 -1.376741384849583305e+00 1.337406017119580071e+00 3.029228490620582193e+00 3.105129942467512283e+00 4.078739145496928842e+00 3.201831065383036190e+00 1.543258458326050908e+00 -4.761211389648214443e-01 8.518680844816716169e-01 1.997065459981919089e+00 3.630475222885599873e+00 4.873698448708236874e+00 4.873698448708236874e+00 4.873698448708236874e+00 4.873698448708236874e+00
-8.098796780207043966e+00 -5.763775757891402840e+00 -2.943487603891615123e+00 -1.487147837360420555e+00 1.455389350945427873e+00 3.116481636992711746e+00 3.204528417845136534e+00 4.070593042190369104e+00 2.980791693504222462e+00 1.443564477274811297e+00 -1.395613724110598974e-01 1.324160021713828572e-01 1.273190682808719165e+00 3.305156241986060728e+00 4.818948341328582075e+00 4.818948341328582075e+00 4.818948341328582075e+00 4.818948341328582075e+00
-8.243609099789809491e+00 -6.120329032323840401e+00 -3.451591531380422850e+00 -1.862173117626099161e+00 3.579555142675459878e-02 3.186384055915441937e+00 3.241124795581848517e+00 4.208565422187869665e+00 2.742478557187987498e+00 1.160200785939872636e+00 -2.682746938371696199e+00 -1.581705516991946281e+00 1.235898624128978218e+00 3.142705917061551002e+00 4.768110902566412790e+00 4.768110902566412790e+00 4.768110902566412790e+00 4.768110902566412790e+00
-8.137337231449384589e+00 -6.917071240605350724e+00 -3.749218613263733957e+00 -2.452621820566073918e+00 -2.444170563110619754e-01 3.161547119259310090e+00 3.235711348673013799e+00 4.026202604999610024e+00 2.343753560850216910e+00 2.752485374349530334e-01 -2.675187316767976053e+00 -1.635116717612989490e+00 1.219786148557484129e+00 3.468262412675586326e+00 5.056959236888381781e+00 5.056959236888381781e+00 5.056959236888381781e+00 5.056959236888381781e+00
-8.089374219719921655e+00 -7.054070457153313711e+00 -4.642089937291754786e+00 -2.399708062670888875e+00 -6.616645927163469221e-01 2.415683497725196194e+00 3.213580487710613109e+00 3.761361796868359697e+00 2.138802311148890301e+00 -3.842695902324682056e+00 -2.928973761544207743e+00 -1.345699751118687448e+00 1.313751578280696330e+00 3.691759523212326588e+00 4.735145495307448549e+00 4.735145495307448549e+00 4.735145495307448549e+00 4.735145495307448549e+00
-7.838535207663134941e+00 -7.204223157228446084e+00 -5.255125711706197578e+00 -3.271853800630842635e+00 -1.261017356023252045e+00 7.490209412242443410e-01 3.210761434951204585e+00 2.986857934391432323e+00 1.967682910018064613e+00 -4.059852624906770124e+00 -2.538025637004526658e+00 -7.840103935788305112e-01 1.541580185515582402e+00 3.758266205687510908e+00 4.810499797058104932e+00 4.810499797058104932e+00 4.810499797058104932e+00 4.810499797058104932e+00
-8.530117814746651206e+00 -7.716117840039617981e+00 -6.272508512646324697e+00 -4.084188334925512365e+00 -2.533269266397436326e+00 -8.438306442746358327e-01 1.273591281787901153e+00 2.797829137402396693e+00 1.386872408621178776e+00 -3.719585682064109111e+00 -2.113623224689799684e+00 1.078156296261019165e+00 1.819868486303644506e+00 4.151816476640533438e+00 4.772458188168231530e+00 4.772458188168231530e+00 4.772458188168231530e+00 4.772458188168231530e+00
-8.935972984957134102e+00 -7.913825374238799171e+00 -6.832302128153818543e+00 -5.240773810423482892e+00 -3.450279556925372582e+00 -1.736421590020865269e+00 -8.420810660246043078e-01 -6.311827330359298660e-01 1.964455580563296611e+00 -8.486913862126781449e-01 -4.377742952157288037e-01 -1.621890823186102754e-02 2.141052976652726869e+00 4.525002840203056209e+00 4.711140784132743953e+00 4.711140784132743953e+00 4.711140784132743953e+00 4.711140784132743953e+00
-9.129716481582894616e+00 -8.458410714081638915e+00 -7.507075803483380660e+00 -6.114059456532136672e+00 -4.501612393499536680e+00 -3.156727574778295242e+00 -1.616018345474171891e+00 -1.148178985522804840e+00 -6.433969513169809362e-01 1.336314615542484985e+00 -5.062182697319320690e-01 2.920446092280439832e-01 1.843728166974769156e+00 4.582763198974505237e+00 4.675915404611839854e+00 4.675915404611839854e+00 4.675915404611839854e+00 4.675915404611839854e+00
-9.361978894157438447e+00 -8.582174391117526113e+00 -8.058599630159655192e+00 -7.366933027613858265e+00 -6.146860147379758388e+00 -4.455933609737530610e+00 -2.723681303341112248e+00 -2.102602484725215160e+00 -1.443491190911033062e+00 1.373369763051559111e+00 5.167802864062126522e-01 -3.415099507499439468e-01 1.480269885446924505e+00 4.115488305510963229e+00 4.601061646875330702e+00 4.601061646875330702e+00 4.601061646875330702e+00 4.601061646875330702e+00
-1.012882983059263253e+01 -9.059046566761486119e+00 -8.733507922406070989e+00 -8.338361361950742179e+00 -7.463762198740163001e+00 -6.681749340650170232e+00 -4.276278198845316680e+00 -2.191303889048094700e+00 -1.668464762225395193e+00 -8.591098124201008712e-01 1.314668464516661306e+00 3.380311169040790542e-01 -5.579755594257865825e-01 4.013263197937143367e+00 4.747924575780094081e+00 4.747924575780094081e+00 4.747924575780094081e+00 4.747924575780094081e+00
-1.033513289490877440e+01 -9.957450627577852487e+00 -9.416465442877065328e+00 -9.025161147031171893e+00 -8.476455696994094069e+00 -7.487499318966263750e+00 -5.729263440731617862e+00 -3.381755574463124692e+00 -2.782756371533470663e+00 -2.254255345726738025e+00 9.011908516186589724e-02 1.149444489707820205e+00 -1.443605707830694640e-01 4.501628770070625229e+00 4.712264862709849567e+00 4.712264862709849567e+00 4.712264862709849567e+00 4.712264862709849567e+00
-1.037666719066240262e+01 -1.003948158836327842e+01 -9.595229885347698939e+00 -9.250803759067299126e+00 -8.800003839363169433e+00 -7.773044632605068394e+00 -6.359186088294737971e+00 -4.852922015741908623e+00 -3.463517291698420930e+00 -2.718107383460351745e+00 -2.000457114888594568e+00 6.297191565015509696e-01 -6.049997512791567278e-01 3.889466172533203814e+00 4.638206554724956909e+00 4.638206554724956909e+00 4.638206554724956909e+00 4.638206554724956909e+00
-1.042257130114688479e+01 -1.014746880436098309e+01 -9.801130216509777782e+00 -9.358756575504829200e+00 -8.974819927325729196e+00 -8.075487001493275585e+00 -6.702720666832181706e+00 -5.601510829116453039e+00 -3.858755293257279284e+00 -3.019531087240633571e+00 -2.640178601052445728e+00 5.748462908155049789e-02 7.257542372394062413e-01 3.080646539365071490e+00 4.540689384262552863e+00 4.540689384262552863e+00 4.540689384262552863e+00 4.540689384262552863e+00
-1.038801311193348909e+01 -1.014227231970900966e+01 -9.800047413774311877e+00 -9.478678251422314460e+00 -9.054017640818214474e+00 -8.225518009845279366e+00 -6.817951444889793322e+00 -5.774771529508493373e+00 -4.649509136882461036e+00 -2.641779234618067740e+00 -2.536169932095449830e+00 1.112773906886798531e-01 9.736299800692141959e-01 2.833266228521826857e+00 4.493915187503218611e+00 4.493915187503218611e+00 4.493915187503218611e+00 4.493915187503218611e+00
-1.043507823616229757e+01 -1.015702559810532080e+01 -9.941487811728599411e+00 -9.517758530914665727e+00 -9.139299470138073644e+00 -8.483164679850238699e+00 -7.109867890284075287e+00 -5.863806761361561648e+00 -5.436207507467064382e+00 -3.489960687864811728e+00 -1.641170954728591980e+00 -7.444071225980132267e-01 6.491713429678894753e-01 2.682025100642359217e+00 4.527877180526805212e+00 4.527877180526805212e+00 4.527877180526805212e+00 4.527877180526805212e+00
-1.057187182553145632e+01 -1.020927236599124299e+01 -9.897420056277914213e+00 -9.553428900181321737e+00 -9.174009716446507312e+00 -8.565189316783694551e+00 -7.300552584488873009e+00 -5.951097897644096690e+00 -5.772508653706804438e+00 -4.201910410482908809e+00 -2.233145169272754860e+00 -1.843573924364389605e+00 -2.778325413051668247e-01 2.079003235794950388e+00 4.508440146746599986e+00 4.508440146746599986e+00 4.508440146746599986e+00 4.508440146746599986e+00
-1.053074158515485159e+01 -1.021577441338276948e+01 -9.963248206914604665e+00 -9.635742892708597296e+00 -9.205442078278625928e+00 -8.714429674972926421e+00 -7.473362183813843984e+00 -5.774320761286813486e+00 -5.400048845858962387e+00 -4.194375372593993845e+00 -2.360687683958552885e+00 -2.437518247636942803e+00 -3.127445669690048780e-01 2.156053230267933163e+00 4.421555539976471216e+00 4.421555539976471216e+00 4.421555539976471216e+00 4.421555539976471216e+00
-1.054716462398256738e+01 -1.025944791093595576e+01 -9.939414162799124597e+00 -9.640826265131135386e+00 -9.301367559387072603e+00 -8.733072064229148168e+00 -7.488350979219433157e+00 -5.934856587231123193e+00 -5.304756494465927119e+00 -3.843485376376617246e+00 -4.900402932633892483e+00 -1.982796967341423855e+00 -3.830762299702408225e-01 2.057640096387246320e+00 4.303865479293483176e+00 4.303865479293483176e+00 4.303865479293483176e+00 4.303865479293483176e+00
-1.062247622557473825e+01 -1.029705286847726953e+01 -9.941831091407218324e+00 -9.631615179915115732e+00 -9.350035164976562285e+00 -8.791032201784766187e+00 -7.595528982790318295e+00 -5.987409040920034009e+00 -5.381742278114128197e+00 -3.581463423116348022e+00 -3.973283058344417196e+00 -2.902986963063486581e+00 -5.949028851934660134e-01 2.255434201255532844e+00 4.407207018560090006e+00 4.407207018560090006e+00 4.407207018560090006e+00 4.407207018560090006e+00
-1.066918337507956416e+01 -1.035972824020496041e+01 -9.977672346940996917e+00 -9.660267446043372175e+00 -9.405953501902484248e+00 -8.945999879959037671e+00 -7.622174211036804259e+00 -5.778060072649498835e+00 -5.399312040929340029e+00 -3.696140388239806285e+00 -3.998805345708024372e+00 -2.351081907774888791e+00 -8.659298573208200622e-01 2.261553971204883773e+00 4.335373225281591303e+00 4.335373225281591303e+00 4.335373225281591303e+00 4.335373225281591303e+00
