-1.051716556737519781e+01 -1.028963981543423500e+01 -9.994231121409750784e+00 -9.627020733867862390e+00 -9.341861314958199713e+00 -9.026053280800887535e+00 -8.343814383737022666e+00 -6.989951163606924922e+00 -3.476530260072553613e+00 -4.041675118731462568e+00 -2.352688197117844382e+00 -6.998282173645588022e-01 1.699838595490678950e+00 2.079071930370752330e+00 5.504923150291201495e+00 5.504923150291201495e+00 5.504923150291201495e+00 5.504923150291201495e+00
-1.044748059146655450e+01 -1.019110608037417443e+01 -1.001663957910552583e+01 -9.797653070199983105e+00 -9.417454260042031677e+00 -8.894300069527426800e+00 -8.116361663891112244e+00 -6.500089783011570255e+00 -3.367378893621527425e+00 -4.574737424830702004e+00 -2.038061435606204341e+00 -5.924089666975321800e-01 1.559681545660489110e+00 1.934435965790914480e+00 5.849919800424073557e+00 5.849919800424073557e+00 5.849919800424073557e+00 5.849919800424073557e+00
-1.023235877397654825e+01 -9.996945180368477679e+00 -9.854954071076587496e+00 -9.874942553735277073e+00 -9.560501001439750013e+00 -8.999079971880654227e+00 -8.090681281209688436e+00 -6.269839242502303733e+00 -2.501257046363535075e+00 -4.451928044885861802e+00 -6.525405091167399974e-01 -2.754748785394298682e-01 2.006336852160434781e+00 2.045751172129220308e+00 5.708154934205233566e+00 5.708154934205233566e+00 5.708154934205233566e+00 5.708154934205233566e+00
-1.042472402249077312e+01 -1.022750892769105668e+01 -9.720757875137962856e+00 -9.376740642722745989e+00 -9.316218369518903586e+00 -9.096963973194350572e+00 -8.075215826909637684e+00 -5.636387817601843153e+00 -2.761435425246396402e+00 -4.076255149226494900e+00 -1.079618701180784929e-01 -1.291329240699727043e-01 1.648236041135831886e+00 2.160189529400210695e+00 5.117036235382846243e+00 5.117036235382846243e+00 5.117036235382846243e+00 5.117036235382846243e+00
-1.053225872643896821e+01 -1.022590838188182438e+01 -9.923980489715850339e+00 -9.552328810448315721e+00 -8.977894427605665584e+00 -8.678373074970554768e+00 -7.830758738765367433e+00 -4.216589237254858347e+00 -3.259468901571527688e+00 -3.161478574720347101e+00 -2.056336244726691409e-01 1.362445459741411291e+00 1.526150360690731844e+00 2.326854470101645145e+00 4.941852146569364557e+00 4.941852146569364557e+00 4.941852146569364557e+00 4.941852146569364557e+00
-1.032831074893823065e+01 -1.017778006139004887e+01 -1.013408363148027114e+01 -9.842578084555524853e+00 -9.270753071061712092e+00 -8.443194644412802319e+00 -7.480274162429680018e+00 -3.366403654730692363e+00 -4.276264468028696086e+00 -1.619142141033975246e+00 -4.906847109326727130e-02 1.449626125258582476e+00 1.619690088778228620e+00 2.138266921742607352e+00 4.577817507702808264e+00 4.577817507702808264e+00 4.577817507702808264e+00 4.577817507702808264e+00
-1.054601722247613793e+01 -1.023658256208533679e+01 -1.005428205513143070e+01 -9.736769379617038922e+00 -9.257227023815215006e+00 -8.430189572935203657e+00 -6.339604711665757009e+00 -3.348520298387847927e+00 -4.127500302789405495e+00 -8.402485027068713475e-01 5.838304690895310678e-01 1.853003306881051193e+00 1.671165554621529825e+00 2.994943161541305354e+00 4.418477349097917894e+00 4.418477349097917894e+00 4.418477349097917894e+00 4.418477349097917894e+00
-1.043993518968792067e+01 -1.016259140022680896e+01 -1.009184016279156637e+01 -9.661123273437461023e+00 -9.203805346497260231e+00 -8.186540358505233428e+00 -4.595046379455672181e+00 -3.872215718621579761e+00 -3.422014998097667515e+00 -9.455853232609209846e-02 1.351713931900635934e+00 1.973565213172326693e+00 1.892774664755516589e+00 4.292389171936521919e+00 5.677905412775944072e+00 5.677905412775944072e+00 5.677905412775944072e+00 5.677905412775944072e+00
-1.045094822342517205e+01 -9.981483026876595943e+00 -9.558580570341900895e+00 -9.295421916362538894e+00 -8.481228078493684208e+00 -7.026148527838602220e+00 -3.611082645955846715e+00 -4.701778550651950717e+00 -2.563689629165129436e+00 7.449376849194988548e-02 2.189569216441016319e+00 2.669336051224286521e+00 3.237636123709302538e+00 4.746463208103110176e+00 5.645305090698326644e+00 5.645305090698326644e+00 5.645305090698326644e+00 5.645305090698326644e+00
-1.055609270092257113e+01 -1.014699147378109956e+01 -9.318678584896741057e+00 -8.453595926919240000e+00 -7.478427073743435294e+00 -5.719874321259343475e+00 -2.341693906391041580e+00 -4.515824798144471686e+00 -7.084841106484160989e-01 1.111672694610396306e+00 2.793195022090832591e+00 3.390501926528268761e+00 4.917697418154229005e+00 4.952196267213283321e+00 5.907000715925017964e+00 5.907000715925017964e+00 5.907000715925017964e+00 5.907000715925017964e+00
-1.015842852901519144e+01 -9.707694652030482985e+00 -9.065554691968490175e+00 -8.400013776536347621e+00 -6.886528805544674725e+00 -4.019599749436399527e+00 -3.397901192260834868e+00 -2.456737885827514400e+00 2.995911657116116511e-01 2.538401184461699600e+00 2.888979951699291782e+00 4.518510722464918139e+00 3.035800302615722757e+00 2.247791399198307616e+00 5.725075917898204025e+00 5.725075917898204025e+00 5.725075917898204025e+00 5.725075917898204025e+00
-9.886271625646818606e+00 -9.150185342793376364e+00 -8.407180117871174474e+00 -7.973418988939990903e+00 -5.686682550725938867e+00 -2.894267428717613111e+00 -3.545005957452959322e+00 -1.374585033110592658e+00 1.039827032872957746e+00 3.240592840126843122e+00 4.348305320747341440e+00 3.757665535987103400e+00 2.068396987592159064e+00 2.461805666844208762e+00 5.620364543346409114e+00 5.620364543346409114e+00 5.620364543346409114e+00 5.620364543346409114e+00
-9.541749546128563964e+00 -8.736655966978418064e+00 -7.918407698137218453e+00 -6.595978668862819028e+00 -4.784517522032052383e+00 -2.627651069780818194e+00 -3.887892995973545762e+00 -2.605029358899673686e-01 2.386620432265313507e+00 3.951121877509080171e+00 4.581077205395476248e+00 2.018566860668665086e+00 4.716753828755213540e-01 2.348363106475259254e+00 6.043326577536610955e+00 6.043326577536610955e+00 6.043326577536610955e+00 6.043326577536610955e+00
-1.000195912480291760e+01 -8.145491532135084256e+00 -7.013653096296360800e+00 -5.462027669421146925e+00 -3.303986430962346788e+00 -1.985953196475668703e+00 -2.854410973768545023e+00 5.428139665488798116e-01 3.326942757633686742e+00 4.900460856919700348e+00 3.303141899285333416e+00 -1.942512844667749095e+00 3.568404564776798682e-01 2.497083911379457177e+00 5.921112701055159633e+00 5.921112701055159633e+00 5.921112701055159633e+00 5.921112701055159633e+00
-9.602751390493176942e+00 -7.709589233598328484e+00 -6.125188130820674814e+00 -4.803627620281538668e+00 -2.341789181277521337e+00 -2.899694033077395705e+00 -8.359000252436057377e-01 1.963440970175098332e+00 3.433191440788129878e+00 5.417272010151185313e+00 4.317682834234911837e+00 -9.889772021849376760e-01 9.663461820914628353e-01 2.600008783316212657e+00 5.915980998425167670e+00 5.915980998425167670e+00 5.915980998425167670e+00 5.915980998425167670e+00
-9.086541956595009850e+00 -7.116574109783710078e+00 -5.457494273372233806e+00 -3.944019127509679645e+00 -2.249372942563685029e+00 -2.662439771040731706e+00 2.071108057990256879e-01 2.927847518963586637e+00 3.959024715792439864e+00 6.063324233883490955e+00 5.865651144891612212e+00 1.867292517677286989e+00 6.527697579257691896e-01 2.659075685280587020e+00 5.840158972745488342e+00 5.840158972745488342e+00 5.840158972745488342e+00 5.840158972745488342e+00
-8.808124246770500321e+00 -6.654005370027073596e+00 -4.801795305339424225e+00 -3.282974805302100840e+00 -2.666634722010863712e+00 -2.540063452764846019e+00 9.955816144092358710e-01 3.383134978281051364e+00 4.191864560046342447e+00 5.016663486092411972e+00 4.527106459813218464e+00 4.593668980229641541e+00 3.574647654905385608e+00 3.263506033589101740e+00 5.759287094624104597e+00 5.759287094624104597e+00 5.759287094624104597e+00 5.759287094624104597e+00
-8.229427970342374721e+00 -6.448328941686536808e+00 -4.606550800588395056e+00 -2.472470764943979216e+00 -2.401014683194801158e+00 -2.097177474067815961e+00 1.980164441196232028e+00 3.820278569451951434e+00 3.935791503864524810e+00 3.223862060489998349e+00 3.329422133735689737e+00 3.140786897636814068e+00 3.881618731163947622e+00 5.118066225322331242e+00 5.959236694177541871e+00 5.959236694177541871e+00 5.959236694177541871e+00 5.959236694177541871e+00
-7.688268231630534189e+00 -6.332826151046612395e+00 -4.311132329472735947e+00 -2.310750202347005899e+00 -1.943929347540395147e+00 -1.191519537699934572e+00 2.425278535418964765e+00 3.756390544065784098e+00 3.702757147784165426e+00 1.770554051787307959e+00 1.568590108836218189e+00 1.616169019865103973e+00 2.796775409031348580e+00 4.282660640992948409e+00 6.091239955917966853e+00 6.091239955917966853e+00 6.091239955917966853e+00 6.091239955917966853e+00
-7.868710536251424692e+00 -6.170981712726272939e+00 -4.231363520596386429e+00 -1.979469938424399222e+00 -2.259997779157808750e+00 4.028632816800270522e-02 3.201845988593128745e+00 3.937489268744875037e+00 3.041090388351125107e+00 1.592181438285067863e+00 1.111075186863821562e+00 1.122986710176309577e+00 1.961201287895786738e+00 3.614241918586790003e+00 5.950085356732192743e+00 5.950085356732192743e+00 5.950085356732192743e+00 5.950085356732192743e+00
-8.215154520743078947e+00 -6.490836389148721963e+00 -4.236921331977251626e+00 -2.551808359838425577e+00 -1.874914076987916678e+00 -7.548302070934043151e-01 3.419616339493613655e+00 3.989078860014277250e+00 2.960896811333966649e+00 1.508592177697156256e+00 7.897190496430023243e-01 5.606666620922016175e-01 1.255395194007971948e+00 3.241304296225067993e+00 5.791548928471184077e+00 5.791548928471184077e+00 5.791548928471184077e+00 5.791548928471184077e+00
-8.228510175909452329e+00 -6.764557807160876735e+00 -4.296948312146043669e+00 -2.209274766284814451e+00 -2.061095509659333747e+00 -5.100351180762411341e-01 2.671813834295486689e+00 3.981231179208195581e+00 2.747116167087498173e+00 1.296323214534215174e+00 -2.227914197831048160e+00 -1.567832126812510607e+00 1.164996430128501848e+00 3.066674435704935142e+00 5.775724437150818957e+00 5.775724437150818957e+00 5.775724437150818957e+00 5.775724437150818957e+00
-8.214306317625124976e+00 -6.973809373998264505e+00 -4.904058909355231144e+00 -2.521365261250620105e+00 -1.881396307726047157e+00 -1.897434765202402396e+00 1.513996918465620123e+00 3.865284006225120361e+00 2.311693412991213670e+00 9.672898508815376273e-01 -2.444441556633484502e+00 -1.533439068500665137e+00 1.165440039830554886e+00 3.392576632758887989e+00 5.683835924320900901e+00 5.683835924320900901e+00 5.683835924320900901e+00 5.683835924320900901e+00
-8.148857405186117120e+00 -7.276660614347660427e+00 -5.284536469646226919e+00 -3.385745128996860309e+00 -1.766571037593988480e+00 -1.929956318408710292e+00 4.317948447001357382e-01 3.588777166408685826e+00 2.167487877667545249e+00 9.744278742769543755e-02 -2.613839388782492890e+00 -1.153968665746543776e+00 1.245289534097720807e+00 3.658198080893047877e+00 6.143124006564064210e+00 6.143124006564064210e+00 6.143124006564064210e+00 6.143124006564064210e+00
-8.078897532564251804e+00 -7.195090293646901891e+00 -5.842479635728928145e+00 -4.301481364648279460e+00 -2.372402793788618069e+00 -1.779543338646437878e+00 -1.369370434167243245e+00 2.297769548236398229e+00 2.599678403852640152e+00 -3.600247436984963301e+00 -2.219665825050918251e+00 -7.029999466543888076e-01 1.473135699540824017e+00 3.719192624832231342e+00 6.145733887074438684e+00 6.145733887074438684e+00 6.145733887074438684e+00 6.145733887074438684e+00
-8.322318383849545143e+00 -7.817792884232042994e+00 -6.482098447046523049e+00 -4.963735807883352003e+00 -3.576202155393218174e+00 -1.716930650408879044e+00 -2.204841260361834365e+00 1.059368455620818716e+00 2.246143994914453046e+00 -3.014609726824855951e+00 2.950777529024187218e-01 1.025936604421795018e+00 1.839013692818892265e+00 4.211384777721995931e+00 5.958632932618588285e+00 5.958632932618588285e+00 5.958632932618588285e+00 5.958632932618588285e+00
-8.756625704303747426e+00 -7.846592017370128680e+00 -6.915271473071481267e+00 -5.703966310448222110e+00 -4.440417012283418785e+00 -2.380183587379403942e+00 -2.485974215568441004e+00 -1.043459394609174140e+00 1.670774274566019013e+00 2.109464952159958717e-01 3.372870809473123010e-01 8.176067302510344748e-01 2.143999539983739488e+00 4.794980477649269268e+00 5.693516262136947503e+00 5.693516262136947503e+00 5.693516262136947503e+00 5.693516262136947503e+00
-9.136298176894758427e+00 -8.195136659578597715e+00 -7.340652245878680482e+00 -6.394866815891398382e+00 -5.298535534104747313e+00 -3.967365725817744160e+00 -2.128700956467774574e+00 -2.600764739743290033e+00 8.406072382017755196e-01 1.449602495990822693e+00 9.197205933033687497e-01 -2.886900412183084352e-01 1.772440356377016801e+00 4.971467710423103092e+00 5.622205884121985520e+00 5.622205884121985520e+00 5.622205884121985520e+00 5.622205884121985520e+00
-9.448373697845205754e+00 -8.512880210498559919e+00 -7.911002267440331082e+00 -7.216323760445430224e+00 -6.315661246546156349e+00 -5.101436763369382454e+00 -2.538768378494191680e+00 -2.371693294173599753e+00 -1.275572828134511338e-01 1.520729786794635219e+00 1.013770226356465853e+00 8.204737926986683805e-01 9.427186419279329765e-01 4.078198406447120838e+00 6.097665646742406409e+00 6.097665646742406409e+00 6.097665646742406409e+00 6.097665646742406409e+00
-9.837137068501657922e+00 -9.007800921059251564e+00 -8.459247859604644759e+00 -8.073007595100870404e+00 -7.331303202797364804e+00 -6.394093617377437866e+00 -4.006322613939453881e+00 -2.297326801868307733e+00 -2.241674155782740208e+00 9.106605540063164028e-01 1.193368299488293038e+00 1.001578070162528311e+00 4.360133878669287810e-01 3.989347819909689008e+00 6.258071484971515552e+00 6.258071484971515552e+00 6.258071484971515552e+00 6.258071484971515552e+00
-1.025248069135002815e+01 -9.816355840127188870e+00 -9.284434761174662043e+00 -8.759584675259748821e+00 -8.190601734217182184e+00 -7.138272194161059403e+00 -5.053370399572317595e+00 -2.464197061738260697e+00 -2.792554119306299931e+00 4.442007785136675158e-01 1.218393421619542893e+00 1.035695660670127749e+00 6.210125435352842338e-01 4.460961895408185995e+00 6.154099026777952730e+00 6.154099026777952730e+00 6.154099026777952730e+00 6.154099026777952730e+00
-1.041362538981290164e+01 -1.000777116561067537e+01 -9.553712816122153839e+00 -9.107609300358245008e+00 -8.490149901371946584e+00 -7.551902995006074093e+00 -6.241949348675120746e+00 -2.981137178380234953e+00 -2.710220306457254758e+00 -1.407922099805867466e+00 9.232341772426947424e-01 1.115966195500848190e+00 8.231304470482162516e-01 3.036183637821301851e+00 5.778552475054778981e+00 5.778552475054778981e+00 5.778552475054778981e+00 5.778552475054778981e+00
-1.047048189183616174e+01 -1.012312050582872303e+01 -9.709893490170882657e+00 -9.276976573298517437e+00 -8.730351462981813526e+00 -7.845771792943953216e+00 -6.625361643002211309e+00 -4.387648650722478116e+00 -3.187282790426756218e+00 -2.707918673549368105e+00 6.039579359328306474e-01 1.162647483841319662e+00 7.713094545258698531e-01 2.548221747061680809e+00 5.595483595802713594e+00 5.595483595802713594e+00 5.595483595802713594e+00 5.595483595802713594e+00
-1.046576432565703207e+01 -1.014173407523396975e+01 -9.781360746705631826e+00 -9.401326904153492592e+00 -8.817002610628836834e+00 -8.019591777487756090e+00 -6.869541762980321487e+00 -5.445638768176961797e+00 -2.597252075049045317e+00 -2.775516142326292623e+00 2.743403486852586393e-01 1.117932661116124216e+00 7.202088602022735930e-01 2.573284934009267833e+00 5.535236682661105689e+00 5.535236682661105689e+00 5.535236682661105689e+00 5.535236682661105689e+00
-1.046432202899399400e+01 -1.017376727351789789e+01 -9.860961858527131696e+00 -9.468551646112199904e+00 -8.967037928497010313e+00 -8.226966467073042466e+00 -7.085876765383688713e+00 -5.639495169683429232e+00 -3.397686582824741119e+00 -2.551709364994115159e+00 -7.102407768028805579e-01 7.709487535950656500e-01 1.662373929831347241e-01 2.790683430652431074e+00 5.721793088604908206e+00 5.721793088604908206e+00 5.721793088604908206e+00 5.721793088604908206e+00
-1.051252530720118195e+01 -1.016067839644898463e+01 -9.840173698956457216e+00 -9.497995331504075267e+00 -9.040945134716034559e+00 -8.311297831609758546e+00 -7.239007157501691658e+00 -5.870332132338631936e+00 -3.658351221984816881e+00 -2.742557927162177833e+00 -2.507335254679525338e+00 3.360990953041581575e-01 8.038898650554280323e-01 2.377501890725130629e+00 6.298777241302442320e+00 6.298777241302442320e+00 6.298777241302442320e+00 6.298777241302442320e+00
-1.051313548115084551e+01 -1.018573764866726705e+01 -9.895375684162805996e+00 -9.554551133403803576e+00 -9.052062680157568764e+00 -8.496400482616797589e+00 -7.371660536209561521e+00 -5.911559637689631330e+00 -4.338666351036343016e+00 -3.475658496630824157e+00 -2.718575869750416096e+00 2.009639294678386423e-01 2.510123175022171971e-01 2.440952810843767029e+00 6.162646602664361595e+00 6.162646602664361595e+00 6.162646602664361595e+00 6.162646602664361595e+00
-1.052198960540226125e+01 -1.023512226809348036e+01 -9.881995898129886768e+00 -9.571043409517374201e+00 -9.184989851045875398e+00 -8.503168455792971869e+00 -7.410138720575702109e+00 -5.985209283851999018e+00 -5.012897703962485352e+00 -2.928706185149401175e+00 -2.966860196337365529e+00 2.495904770403403194e-01 4.499739603442710900e-02 2.483886076517107355e+00 5.787100050941150542e+00 5.787100050941150542e+00 5.787100050941150542e+00 5.787100050941150542e+00
-1.056803753017885761e+01 -1.028313951479840327e+01 -9.945672709920801324e+00 -9.609156121908963399e+00 -9.236130391011897700e+00 -8.563126578057683957e+00 -7.514054617531125579e+00 -5.918661384493131727e+00 -5.147803590669549401e+00 -2.982188909105446761e+00 -3.282433145911329397e+00 -1.404042325888740089e-02 2.854701835698020274e-01 2.415411429636626472e+00 5.600181532668229600e+00 5.600181532668229600e+00 5.600181532668229600e+00 5.600181532668229600e+00
-1.059308509064545589e+01 -1.030426596378588755e+01 -1.000577189686243251e+01 -9.672345490134883761e+00 -9.322310758347892801e+00 -8.753528776296590763e+00 -7.549168701802768666e+00 -5.843107371903729863e+00 -5.321011901642505926e+00 -3.374417596515291606e+00 -2.981769619462508292e+00 -5.236952338088102232e-01 4.222784550111753354e-01 2.605025281762893830e+00 6.232776172529619352e+00 6.232776172529619352e+00 6.232776172529619352e+00 6.232776172529619352e+00
