-1.044872030161223364e+01 -1.051754830143883979e+01 -1.001983037648038888e+01 -9.667326623648474282e+00 -9.344866522767484085e+00 -8.989472599397192454e+00 -8.381440401423420283e+00 -7.122991829292652177e+00 -3.521040495498640510e+00 -3.452806655012383708e+00 -2.438593089552624438e+00 2.682778063683551872e-01 2.293629876249200783e-01 2.069371852143287782e+00 5.183277031221505737e+00 5.183277031221505737e+00 5.183277031221505737e+00 5.183277031221505737e+00
-1.047656405895753906e+01 -1.017983872202992046e+01 -1.003922877327424423e+01 -9.811994807720347822e+00 -9.433863440897120256e+00 -8.934178013515715833e+00 -8.162813812785316259e+00 -6.698734635716828478e+00 -3.056479705119687473e+00 -3.932549783692918410e+00 -1.876314010125819998e+00 -6.746159161816678296e-02 1.125432428181892597e+00 1.991345246664499635e+00 5.125553711762147024e+00 5.125553711762147024e+00 5.125553711762147024e+00 5.125553711762147024e+00
-1.029979732207995369e+01 -1.000930883847490627e+01 -9.831704748223826229e+00 -9.979686987762017125e+00 -9.673469195271104937e+00 -9.089031969121009524e+00 -8.140154004952666611e+00 -6.532021204024926142e+00 -2.744890219374563678e+00 -4.028004339762656372e+00 -7.962568431721910311e-01 -8.804188151882630375e-02 1.724916434109037056e+00 2.042072803748512744e+00 5.358586931534076392e+00 5.358586931534076392e+00 5.358586931534076392e+00 5.358586931534076392e+00
-1.039056412291990483e+01 -1.032467359402498452e+01 -9.753214054603006389e+00 -9.362862859353636935e+00 -9.285868595792004854e+00 -9.329155242872353426e+00 -8.139901096991703611e+00 -5.979109750946892454e+00 -2.530034126439749009e+00 -3.848271500879469453e+00 -4.388957201412631015e-01 4.685359686796347622e-01 1.382077078755690858e+00 2.063637701446740191e+00 4.860854734930749821e+00 4.860854734930749821e+00 4.860854734930749821e+00 4.860854734930749821e+00
-1.057875889875125530e+01 -1.029518541928785069e+01 -9.938759475644816987e+00 -9.618290286747381401e+00 -9.045565642453137656e+00 -8.647068413114435970e+00 -8.030717820792434125e+00 -4.914037518673636029e+00 -2.902210498906621527e+00 -3.350560043270990107e+00 1.620538702888926763e-01 6.590780110834727479e-01 1.528727009623830790e+00 2.317187108373381932e+00 4.755894274330858096e+00 4.755894274330858096e+00 4.755894274330858096e+00 4.755894274330858096e+00
-1.037300923671317321e+01 -1.012621205499561050e+01 -1.018827932984209994e+01 -9.873957865359678010e+00 -9.324413811256881957e+00 -8.496312583841394428e+00 -7.640913134775205506e+00 -3.532667786360825346e+00 -4.292149970198577691e+00 -1.866000701925715655e+00 6.469005886603200750e-01 1.136608241359033267e+00 1.662303111520619936e+00 2.116605059215531437e+00 4.466101881623782077e+00 4.466101881623782077e+00 4.466101881623782077e+00 4.466101881623782077e+00
-1.061567864892344559e+01 -1.017303513666188941e+01 -1.002114905982288207e+01 -9.842109451950463495e+00 -9.313008649877431822e+00 -8.527350544176158564e+00 -6.928572612964650546e+00 -2.728729687838623796e+00 -4.249106573840055745e+00 -6.935000439323092403e-01 7.670544225613773470e-01 1.930422577911071524e+00 1.656402087313511240e+00 3.104542992229263998e+00 4.374109934879752082e+00 4.374109934879752082e+00 4.374109934879752082e+00 4.374109934879752082e+00
-1.041033977032037861e+01 -1.024407007101923028e+01 -1.018065108746111846e+01 -9.803461127823757337e+00 -9.247191691213233256e+00 -8.362126894068699912e+00 -4.951142402281314858e+00 -3.259275063349565293e+00 -3.379981106189784867e+00 1.934261385674438949e-01 1.353017212754477061e+00 2.090028898955720749e+00 1.856297836685807834e+00 4.281892682473438683e+00 5.288820953882653164e+00 5.288820953882653164e+00 5.288820953882653164e+00 5.288820953882653164e+00
-1.035934411521416187e+01 -1.010001944342097246e+01 -9.497974325616395319e+00 -9.244922460451343582e+00 -8.431189599877033203e+00 -7.043135262970480426e+00 -3.414388338248591559e+00 -4.236768167722347656e+00 -2.217586678471322070e+00 8.269765662360493153e-01 2.107037027507497662e+00 2.721910261037303158e+00 3.301990920918531636e+00 4.687869340402201601e+00 5.298842566059012604e+00 5.298842566059012604e+00 5.298842566059012604e+00 5.298842566059012604e+00
-1.055045332496472454e+01 -1.023683268624215437e+01 -9.430717498239101104e+00 -8.473516594310687822e+00 -7.467219221950141872e+00 -5.487697676699313298e+00 -2.843467977804185587e+00 -4.131133044622461448e+00 -1.543107831795824114e-01 1.515180526493858704e+00 2.891546766935618074e+00 3.390792362823570549e+00 4.860945662012749580e+00 4.910499583368026499e+00 5.367682720915900596e+00 5.367682720915900596e+00 5.367682720915900596e+00 5.367682720915900596e+00
-1.018621096612538501e+01 -9.595043616402289643e+00 -9.048453411702421789e+00 -8.471407529474880960e+00 -6.971426407709913065e+00 -3.738917174711664515e+00 -3.610902123090463434e+00 -2.786916090531054380e+00 7.862814474036996515e-01 2.823712950394944965e+00 2.968642332145057239e+00 4.505314974950718643e+00 2.904791351450588976e+00 2.235626440308321250e+00 5.707947002219963650e+00 5.707947002219963650e+00 5.707947002219963650e+00 5.707947002219963650e+00
-9.886467398486772140e+00 -9.101190993936873141e+00 -8.326973143783559905e+00 -8.024707417733608850e+00 -5.518688151673007525e+00 -2.656113648649923498e+00 -3.377097618175109339e+00 -4.833079685758200350e-01 1.810355127360200544e+00 3.217645619106564325e+00 4.379732717651815932e+00 3.726018703970079393e+00 1.997413397694813408e+00 2.401878627822187973e+00 5.292101065781559477e+00 5.292101065781559477e+00 5.292101065781559477e+00 5.292101065781559477e+00
-9.517137599797916181e+00 -8.684650763020918873e+00 -7.938335074096632304e+00 -6.418835452833352662e+00 -4.231628391971134384e+00 -3.272830603768715818e+00 -3.277452605687206422e+00 4.796568947360212998e-01 3.432605845020138879e+00 4.007220836882878778e+00 4.644223266149734464e+00 2.089199148522523863e+00 5.007045908125716815e-01 2.310038314049042363e+00 5.050139403385816017e+00 5.050139403385816017e+00 5.050139403385816017e+00 5.050139403385816017e+00
-1.006653058184852156e+01 -8.037332795596629609e+00 -6.839207146113787772e+00 -5.357014967461988242e+00 -2.786074797412279924e+00 -2.240832346710912581e+00 -2.193914117431904121e+00 1.611641188504996824e+00 3.271070922453375385e+00 4.908709147634718661e+00 3.247070107925617677e+00 -1.954759170855500328e+00 4.036283385041181671e-01 2.494452989755041372e+00 5.229076588407563619e+00 5.229076588407563619e+00 5.229076588407563619e+00 5.229076588407563619e+00
-9.499547597831574208e+00 -7.764825379728650390e+00 -5.908169223803771075e+00 -4.434560463803015828e+00 -2.181916414307770058e+00 -2.869561789021303877e+00 -5.771080048760295067e-02 2.791755652804110532e+00 3.507123414580739507e+00 5.509339120814301438e+00 4.331961936357163090e+00 -7.962088063177135133e-01 1.036170228881972077e+00 2.628656717441415935e+00 5.204896125274878216e+00 5.204896125274878216e+00 5.204896125274878216e+00 5.204896125274878216e+00
-9.044584795770093777e+00 -7.070622992919096461e+00 -5.212251810696347576e+00 -3.633094556337201020e+00 -2.065013213011200222e+00 -2.462583790338813916e+00 1.089879481557835650e+00 2.961671621897749240e+00 4.072813756556992182e+00 6.155366708258027231e+00 5.899145627148147497e+00 2.036048594930968569e+00 6.851451382908723131e-01 2.651937901978063117e+00 5.218275746313774555e+00 5.218275746313774555e+00 5.218275746313774555e+00 5.218275746313774555e+00
-8.830625321902678238e+00 -6.613384690874113403e+00 -4.576765562936462750e+00 -2.793773747325976053e+00 -2.223214167932949348e+00 -1.394676625417720084e+00 2.460687582854570898e+00 3.284315954818635142e+00 4.157013844386487023e+00 5.060931338964157256e+00 4.521305428260217418e+00 4.634543387097968647e+00 3.621283766857287034e+00 3.186086685696581267e+00 5.531847613718079870e+00 5.531847613718079870e+00 5.531847613718079870e+00 5.531847613718079870e+00
-8.044201900563855645e+00 -6.316976877206544216e+00 -4.176103326348251876e+00 -2.201563798760051149e+00 -2.509037019549049674e+00 2.561189315446208425e-01 3.572139413277992226e+00 3.854269055812403089e+00 3.928074944674349034e+00 3.223284084815766004e+00 3.204665603205508972e+00 3.129200224576884182e+00 3.868757237283433348e+00 5.064250021824864945e+00 5.297443784172065406e+00 5.297443784172065406e+00 5.297443784172065406e+00 5.297443784172065406e+00
-7.645922115907944239e+00 -6.197171299942427325e+00 -3.827832627765497708e+00 -1.993610701433661259e+00 -2.407402139047813527e+00 8.544775538676022686e-01 3.020582628079930831e+00 3.758785755061548883e+00 3.720211506276220881e+00 1.807483631824739367e+00 1.490248259701744571e+00 1.525665173340585490e+00 2.754302290284291299e+00 4.232646558977339879e+00 5.251061986399886194e+00 5.251061986399886194e+00 5.251061986399886194e+00 5.251061986399886194e+00
-8.056318027719168384e+00 -6.223265129939956175e+00 -3.590117738857194762e+00 -2.550204017609762008e+00 -1.831222906222930824e+00 1.111272711873312558e+00 3.208362664744920156e+00 3.901376112132204810e+00 3.006211776049907858e+00 1.523587178613049709e+00 8.306718435968941661e-01 9.634566321061662775e-01 1.947325980234863918e+00 3.581188629116907940e+00 5.305899616003800112e+00 5.305899616003800112e+00 5.305899616003800112e+00 5.305899616003800112e+00
-8.284186513241403205e+00 -6.422625040775431948e+00 -3.996432502091880501e+00 -2.825865866286722206e+00 -2.006365665345694271e+00 7.173384318457878273e-01 3.175713045529566791e+00 3.993098828280822410e+00 2.956637138250587604e+00 1.388631902567778020e+00 5.607395745011494181e-01 3.703336068818421367e-01 1.222448416088563139e+00 3.220345515471552567e+00 5.263054378775571251e+00 5.263054378775571251e+00 5.263054378775571251e+00 5.263054378775571251e+00
-8.162651024072662409e+00 -6.602108234936790332e+00 -3.925719058663705852e+00 -2.308319450653137483e+00 -2.098368958322780031e+00 8.312777654620807644e-01 3.338879897972046429e+00 4.009850630614448797e+00 2.749824015768760788e+00 1.111755186352590297e+00 -2.336826789355040290e+00 -1.587930137412892684e+00 1.149713564053830961e+00 3.098786738850902278e+00 5.246555687546719859e+00 5.246555687546719859e+00 5.246555687546719859e+00 5.246555687546719859e+00
-8.171534744722189103e+00 -6.962423666349849327e+00 -4.695532917062632094e+00 -2.313168659606034794e+00 -1.863282097849942254e+00 4.002148242140134982e-01 3.504473358265944416e+00 3.893923199229369914e+00 2.306906565242439644e+00 7.465051216256326505e-01 -2.507435510108246390e+00 -1.541654750725501621e+00 1.123616280216320984e+00 3.393865279726221651e+00 5.516000576770656139e+00 5.516000576770656139e+00 5.516000576770656139e+00 5.516000576770656139e+00
-8.148213319009361300e+00 -7.193603925183175818e+00 -5.183503609639675602e+00 -2.994206774561029238e+00 -1.761133516687531042e+00 -9.971149268023876688e-01 2.168318864302039461e+00 3.654962364263350416e+00 2.046562601173788742e+00 -1.574492610883610588e+00 -2.651290807459102616e+00 -1.298031784622553531e+00 1.193951453041732558e+00 3.660029787192609074e+00 5.194864257525457774e+00 5.194864257525457774e+00 5.194864257525457774e+00 5.194864257525457774e+00
-8.013965556416467351e+00 -7.207095080907343743e+00 -5.723192494816959019e+00 -3.944419553667498413e+00 -2.086626848456661687e+00 -2.328610627628767027e+00 5.533407248969273162e-01 2.850857198187507713e+00 2.360063802834317048e+00 -3.722138250429468442e+00 -2.442065003767822873e+00 -6.114677913511462615e-01 1.438746018183258979e+00 3.665221685447382249e+00 5.382340356662945524e+00 5.382340356662945524e+00 5.382340356662945524e+00 5.382340356662945524e+00
-8.380951885019085168e+00 -7.755837543044483695e+00 -6.603131381919370213e+00 -4.816793499080016083e+00 -3.032660422505978115e+00 -2.443074507590863309e+00 -7.890290353210634988e-01 1.399195230318607708e+00 2.173820876739883445e+00 -3.180670941169509547e+00 -3.877678960510611561e-01 1.023764608537486076e+00 1.882632022963180107e+00 4.242123403256047531e+00 5.365841665434096797e+00 5.365841665434096797e+00 5.365841665434096797e+00 5.365841665434096797e+00
-8.796129767844114156e+00 -7.886953158167314015e+00 -7.055518534147914522e+00 -5.670126755770739990e+00 -4.029427509521941175e+00 -2.533931958209941548e+00 -2.580717961857954990e+00 8.710751267330922587e-02 1.438085654349846809e+00 2.040325629143223130e-01 3.576189645108369120e-01 5.819659042447959951e-01 2.187475809012538353e+00 4.701435683705398105e+00 5.321212632276263399e+00 5.321212632276263399e+00 5.321212632276263399e+00 5.321212632276263399e+00
-9.147213009861673072e+00 -8.220661448737018873e+00 -7.406492989962228712e+00 -6.499572952260789016e+00 -5.093963633606938934e+00 -3.525152146410827747e+00 -2.711798837691197672e+00 -2.138814033897963096e+00 4.644838145571063004e-01 1.378102100981519307e+00 5.020999122830670514e-01 1.216552020204530737e-01 1.787295249826450494e+00 4.786797715401824860e+00 5.304713941047412895e+00 5.304713941047412895e+00 5.304713941047412895e+00 5.304713941047412895e+00
-9.403235479405285702e+00 -8.537226675039482515e+00 -7.918970782594687563e+00 -7.273912418888983211e+00 -6.308568263952105681e+00 -5.030890507036701820e+00 -2.638303216808643104e+00 -2.745483641412991727e+00 -3.087809230010786221e-01 9.593452841427714262e-01 1.045971902140918175e+00 6.040341796723993628e-01 1.019321016259475465e+00 4.077390506267628112e+00 5.223258059853938207e+00 5.223258059853938207e+00 5.223258059853938207e+00 5.223258059853938207e+00
-9.929600536270731581e+00 -9.019794935147931625e+00 -8.542596471059830776e+00 -8.079121968292884759e+00 -7.367729932958036798e+00 -6.475859956060558531e+00 -4.181175653007080051e+00 -2.575959984759704113e+00 -2.130315797329997096e+00 3.753504956476058085e-01 9.993162023171149322e-01 9.768283160939483789e-01 9.646108926632200598e-02 3.932886305977605801e+00 5.456997301392484623e+00 5.456997301392484623e+00 5.456997301392484623e+00 5.456997301392484623e+00
-1.030449222487802174e+01 -9.865907282101805009e+00 -9.367360661333385963e+00 -8.876936708621935068e+00 -8.254623247750272341e+00 -7.287487457417180181e+00 -5.457962518753062042e+00 -2.613522803939772210e+00 -2.865228720961962239e+00 -3.328697299802668708e-01 7.347200863384265590e-01 1.051607194254125410e+00 3.026787680501319411e-01 4.409485219102926123e+00 5.440498610163631454e+00 5.440498610163631454e+00 5.440498610163631454e+00 5.440498610163631454e+00
-1.041243718802015650e+01 -1.003942204142962424e+01 -9.582770663582607540e+00 -9.164923202410269809e+00 -8.603072959305215761e+00 -7.611153961284315983e+00 -6.359444874737492981e+00 -3.590723182170425076e+00 -2.855636995525722366e+00 -2.191701597879129881e+00 3.859839532456778022e-01 1.002058879511830369e+00 7.574811119083437738e-01 3.150023616490674971e+00 5.395869577005800721e+00 5.395869577005800721e+00 5.395869577005800721e+00 5.395869577005800721e+00
-1.047329105519090753e+01 -1.015900059031681302e+01 -9.750501946981572132e+00 -9.306470776047579108e+00 -8.853099461023873573e+00 -7.915262378564746015e+00 -6.688789875371808691e+00 -5.004659379803968022e+00 -2.428027311220747997e+00 -3.029700257048281387e+00 1.066122123315894343e-01 8.901519523025158698e-01 5.804833257220533005e-01 2.819927517859533772e+00 5.379370885776946665e+00 5.379370885776946665e+00 5.379370885776946665e+00 5.379370885776946665e+00
-1.047218448911097610e+01 -1.014853616656525759e+01 -9.771030541626227972e+00 -9.440268669900049758e+00 -8.921138054899270031e+00 -8.108807102047972393e+00 -6.922328508068492425e+00 -5.589600339732609058e+00 -2.942435515708124338e+00 -3.246247000896839818e+00 -6.483187861699226673e-01 6.385895422132390475e-01 6.317188539011027171e-01 2.689061623161573600e+00 5.179648298064361001e+00 5.179648298064361001e+00 5.179648298064361001e+00 5.179648298064361001e+00
-1.049364055151293051e+01 -1.017377319747512132e+01 -9.870521857265718069e+00 -9.520836024769804951e+00 -9.033206589960339983e+00 -8.283859961433670094e+00 -7.108182820028533300e+00 -5.678813284656252236e+00 -4.228396589213478940e+00 -3.227178459169221192e+00 -1.914809177211755697e+00 4.015628814924784296e-01 5.017154943963387792e-01 2.906739768935233670e+00 5.363688080660789836e+00 5.363688080660789836e+00 5.363688080660789836e+00 5.363688080660789836e+00
-1.053891725452139738e+01 -1.021236973224801403e+01 -9.894560334812648961e+00 -9.520374782993400231e+00 -9.103359157796729662e+00 -8.391311924674596412e+00 -7.221490995544449731e+00 -5.866912941516345015e+00 -4.748805463857102893e+00 -2.850051435120310117e+00 -2.742773261394858775e+00 7.506028826240412899e-02 5.836701943335869114e-01 2.521991691672351266e+00 5.515155554893170553e+00 5.515155554893170553e+00 5.515155554893170553e+00 5.515155554893170553e+00
-1.057149642812327528e+01 -1.023314471374668067e+01 -9.949502227377626795e+00 -9.600240928968769794e+00 -9.158438334959958738e+00 -8.561793979111685715e+00 -7.325285905832044975e+00 -5.866209948687979292e+00 -4.854655804691155652e+00 -2.531859538643264962e+00 -3.037412231116009664e+00 -2.598114251378402795e-01 -8.885541870064689318e-02 2.640319822926447291e+00 5.498656863664328043e+00 5.498656863664328043e+00 5.498656863664328043e+00 5.498656863664328043e+00
-1.055309652190994996e+01 -1.029146713878549768e+01 -9.944907459033260011e+00 -9.627628111023017965e+00 -9.234324503915413374e+00 -8.605481474479827142e+00 -7.385357320534235548e+00 -5.887182110349062469e+00 -5.068617035677481120e+00 -2.662789629784826140e+00 -2.858764456445165081e+00 -4.482778273481055065e-01 -2.543875169542196280e-01 2.561328093391020744e+00 5.454027830506480434e+00 5.454027830506480434e+00 5.454027830506480434e+00 5.454027830506480434e+00
-1.061383094237791447e+01 -1.028840238263941309e+01 -9.940347240607213308e+00 -9.608968913987851579e+00 -9.297634104504343355e+00 -8.646674512900590415e+00 -7.518638599179443105e+00 -5.914369612466678028e+00 -5.220218747870283948e+00 -3.192965040509927910e+00 -3.068551814427603830e+00 -1.038777572918442083e+00 -1.159167066427062576e-01 2.500760333867397822e+00 5.252151702586801640e+00 5.252151702586801640e+00 5.252151702586801640e+00 5.252151702586801640e+00
-1.061592214239972876e+01 -1.030204943357661129e+01 -9.931644279813685472e+00 -9.649086311184513320e+00 -9.334000027743428518e+00 -8.836789182844006163e+00 -7.503003889227912282e+00 -5.741089669556674657e+00 -5.362749185709160926e+00 -3.607508819837010439e+00 -3.207432897661472992e+00 -1.853085116902368767e+00 -3.282484749119137235e-01 2.356422497299698993e+00 5.425779484200666580e+00 5.425779484200666580e+00 5.425779484200666580e+00 5.425779484200666580e+00
