-1.026790334088315504e+01 -1.028606089121534239e+01 -1.007609596302432564e+01 -9.722980734919680401e+00 -9.427810318998266936e+00 -9.121738765522401593e+00 -8.616093157723954121e+00 -7.535198463832772475e+00 -5.831916479952143462e+00 -4.461135932304980400e+00 -3.275098867454218965e+00 -2.372073647579572508e+00 -6.676930131075959896e-01 2.358758599233858888e+00 4.900760351026930195e+00 4.900760351026930195e+00 4.900760351026930195e+00 4.900760351026930195e+00
-1.033993376018307764e+01 -1.019763448249878834e+01 -9.970525121471823127e+00 -9.856294429684227865e+00 -9.552463817604063934e+00 -9.060585150658813092e+00 -8.427526627912932611e+00 -7.343248544682936974e+00 -5.719121028091812775e+00 -4.534567923842198311e+00 -3.228007729595948838e+00 -2.296784533500652259e+00 -2.977680148907846935e-01 2.537818276462676437e+00 4.849425442139655651e+00 4.849425442139655651e+00 4.849425442139655651e+00 4.849425442139655651e+00
-1.035656277928733360e+01 -1.006199751141200771e+01 -9.831199255317716990e+00 -9.617234248856172840e+00 -9.565507027943844776e+00 -9.265369825890402922e+00 -8.206833109643849156e+00 -7.237981138331530673e+00 -5.589246601629765721e+00 -4.042580359836235537e+00 -3.460430475999353384e+00 -2.265861729724903295e+00 -9.594757833628705934e-02 2.507591662894816942e+00 4.895643336989345507e+00 4.895643336989345507e+00 4.895643336989345507e+00 4.895643336989345507e+00
-1.037798243379840102e+01 -1.021565359743100920e+01 -1.003001681907859677e+01 -9.488765398855493416e+00 -9.354112824339919641e+00 -9.177806896599857822e+00 -8.380897097579360633e+00 -6.984441191802744697e+00 -5.544852269281401291e+00 -3.577267124133716170e+00 -2.557284549774149873e+00 -1.946739067817607305e+00 4.113086349884584880e-01 2.392784888246372699e+00 5.249718671175615192e+00 5.249718671175615192e+00 5.249718671175615192e+00 5.249718671175615192e+00
-1.040773682210410556e+01 -1.032890970638192485e+01 -1.009430079797885327e+01 -9.706692579025713030e+00 -9.232841064839456990e+00 -8.872042688016247070e+00 -8.361058471916011925e+00 -6.989590295033911715e+00 -5.490632596594957171e+00 -2.648473753990659763e+00 -2.238696748561627814e+00 -9.874689032991430526e-01 7.481107073483208580e-01 2.540222134864294823e+00 5.065021551139341938e+00 5.065021551139341938e+00 5.065021551139341938e+00 5.065021551139341938e+00
-1.049270570329651164e+01 -1.000464499879639391e+01 -1.004698155985079921e+01 -9.969400920962161905e+00 -9.529914928832761589e+00 -8.859345714485858281e+00 -8.007727525960769199e+00 -6.662531914815936318e+00 -4.456265830335080835e+00 -2.109787856942124229e+00 -7.372616978517658737e-01 -3.452760880991564418e-01 6.003637801129897422e-01 2.345021844423571089e+00 4.820312256846563947e+00 4.820312256846563947e+00 4.820312256846563947e+00 4.820312256846563947e+00
-1.030814454834593619e+01 -1.025310682828473041e+01 -1.004345901670753172e+01 -9.767608111395908566e+00 -9.480516091808649293e+00 -8.702506819149537165e+00 -7.773458745717356955e+00 -6.446796683316092569e+00 -2.251042868735229519e+00 -1.779607872627265497e+00 2.710235889050595093e-01 1.325583974901272999e+00 1.528490346847605430e+00 3.457570817511892436e+00 4.643475080604250849e+00 4.643475080604250849e+00 4.643475080604250849e+00 4.643475080604250849e+00
-1.044385932942662265e+01 -1.005875667483348934e+01 -9.943257879391854459e+00 -9.839313400004749965e+00 -9.327249649990747571e+00 -7.964665483463395645e+00 -6.813869772024072624e+00 -2.341138227642834302e+00 -1.769311113161808002e+00 1.549569675621522424e-01 1.417607789859768985e+00 2.166327202831825893e+00 1.587854543924333672e+00 4.447801737859872873e+00 5.412619989073805371e+00 5.412619989073805371e+00 5.412619989073805371e+00 5.412619989073805371e+00
-1.052927708567039033e+01 -1.033420682026672566e+01 -9.721828835629636956e+00 -9.230413032108081950e+00 -7.932161609428273863e+00 -7.597647492595467789e+00 -3.512736753048446126e+00 -2.170805005887079808e+00 -3.395551986715406034e-02 1.691539323923812344e+00 2.166362149310698815e+00 2.962214667407362612e+00 3.461771284101760493e+00 4.867041340542430206e+00 6.242362772103133395e+00 6.242362772103133395e+00 6.242362772103133395e+00 6.242362772103133395e+00
-1.026814266053550284e+01 -9.866682576190681786e+00 -9.475909656716638096e+00 -8.370122117584784860e+00 -7.710609348909406968e+00 -4.617611871645388888e+00 -2.125823098593961902e+00 -5.858928855299441185e-01 2.023468405966423411e+00 2.469601350061413569e+00 3.167064634826880720e+00 3.538354353226423221e+00 5.040843526993109336e+00 5.014718757666068782e+00 5.748746774839776918e+00 5.748746774839776918e+00 5.748746774839776918e+00 5.748746774839776918e+00
-1.028169238427039112e+01 -9.370578438970147417e+00 -8.554927691625870523e+00 -8.478221430391780444e+00 -7.310478109637695177e+00 -2.241430017595672286e+00 -5.834974306937034116e-01 1.461920308843164484e+00 2.755571141989224149e+00 3.236590556288433618e+00 3.224550693929151279e+00 4.741574046767103034e+00 3.109302887025887419e+00 2.410092879260156362e+00 5.288030114790180036e+00 5.288030114790180036e+00 5.288030114790180036e+00 5.288030114790180036e+00
-9.411967596669207126e+00 -8.737193160146455639e+00 -8.012024572672755696e+00 -7.742753261958895905e+00 -3.166740407082953013e+00 -1.748274274040889198e+00 4.952538940879213647e-01 2.267857652725613349e+00 3.120037316760918777e+00 3.318848362817852671e+00 4.652247121191471990e+00 2.835620340638682624e+00 7.727919326073067197e-01 2.522809225012807133e+00 5.425697680515995103e+00 5.425697680515995103e+00 5.425697680515995103e+00 5.425697680515995103e+00
-9.780923014350111799e+00 -8.342970012083096520e+00 -7.217810732483988190e+00 -5.673551071376322419e+00 -2.493172385568985128e+00 -2.846962221852785691e-01 2.300851568646933742e+00 3.241882070954842820e+00 3.440672061292560979e+00 4.259420757715397521e+00 4.827588032725813605e+00 -1.739612642259731889e-01 4.638781826588801449e-01 2.539359843612036371e+00 5.588156759866173218e+00 5.588156759866173218e+00 5.588156759866173218e+00 5.588156759866173218e+00
-9.887414631410750943e+00 -7.682156556229779554e+00 -5.671069959847791608e+00 -2.527273133348736600e+00 -1.560606225611244735e+00 9.607068705825503319e-01 2.951323183453764543e+00 3.317721943635632442e+00 3.493273320579054708e+00 5.124538037215135233e+00 2.509308525439533533e+00 -1.897676619170158618e+00 3.423971804902755656e-01 2.772743317012387188e+00 5.437855495860816291e+00 5.437855495860816291e+00 5.437855495860816291e+00 5.437855495860816291e+00
-9.428548634316832988e+00 -7.419222819256284573e+00 -3.650321257006778009e+00 -2.449012086975935532e+00 -6.655133411172742264e-03 2.613303884703841895e+00 3.258811319108505522e+00 3.398913737186648021e+00 3.717718073202588513e+00 5.807524639558083734e+00 4.375216516758976049e+00 -8.876881554103022154e-01 7.641248275265334344e-01 2.816732925495761375e+00 5.470762924618644440e+00 5.470762924618644440e+00 5.470762924618644440e+00 5.470762924618644440e+00
-9.245188254123291927e+00 -6.156580557595889402e+00 -2.959417057839838883e+00 -1.554091011925996968e+00 9.549950500018458133e-01 3.144481271883885931e+00 3.213066952640939888e+00 3.262794406181131368e+00 4.316978278862827700e+00 6.324514151187054622e+00 6.145507665609530434e+00 1.567982287472819980e+00 7.133951085681310422e-01 2.827779671265749251e+00 5.705066717807094179e+00 5.705066717807094179e+00 5.705066717807094179e+00 5.705066717807094179e+00
-8.333191009845794639e+00 -5.014338464505085469e+00 -2.044351308817224488e+00 -5.360807615515377211e-01 1.798173596616639447e+00 3.253316878361620201e+00 3.375546882369420576e+00 3.430111703537430223e+00 4.302439154820167033e+00 5.000591142107933429e+00 4.689256095671708202e+00 4.843946438018794431e+00 4.150664556532976945e+00 3.148652989463018415e+00 5.692246438705000244e+00 5.692246438705000244e+00 5.692246438705000244e+00 5.692246438705000244e+00
-7.263144271934810270e+00 -4.656384386512320894e+00 -1.425337636234408123e+00 -3.313787870588862927e-01 2.341195477470603414e+00 2.808247151276677123e+00 3.572738507580214495e+00 3.964637104852960725e+00 4.234340275645017471e+00 3.292038043021281446e+00 3.267186879885757733e+00 3.225370673489580842e+00 4.060963674785506683e+00 5.232068496893425902e+00 5.797386820524140560e+00 5.797386820524140560e+00 5.797386820524140560e+00 5.797386820524140560e+00
-7.667642936761443373e+00 -4.822765147034295374e+00 -1.302113687982163093e+00 5.478130382930616049e-01 2.705772737964718733e+00 3.341747665131054035e+00 3.360514479495015472e+00 4.169520727438805530e+00 3.905164005093498591e+00 1.752989868777263593e+00 1.118439662802234613e+00 1.456009676539053110e+00 2.852205162327944521e+00 4.512818004703457397e+00 5.699618899969740582e+00 5.699618899969740582e+00 5.699618899969740582e+00 5.699618899969740582e+00
-7.962769345145823685e+00 -4.966226746707336659e+00 -1.387133342672085101e+00 4.749993593191529917e-01 2.774076736124484466e+00 3.311611664577825742e+00 3.322773788973981013e+00 4.239515553594785935e+00 3.193128492822437270e+00 1.435076585967861362e+00 -9.739459192260753184e-01 9.031580674371941786e-01 2.024045421458107175e+00 3.689152403847582473e+00 5.625704877870031595e+00 5.625704877870031595e+00 5.625704877870031595e+00 5.625704877870031595e+00
-7.821573973788945366e+00 -5.434128685471264930e+00 -2.067582235673874891e+00 3.838468289966260327e-01 2.757360733228306771e+00 3.252187115927696937e+00 3.290336056717542590e+00 4.244427185034792771e+00 3.050341834173708300e+00 1.368054373304822713e+00 -1.059100774641733578e+00 -5.329124450235041277e-03 1.293658876262478774e+00 3.445541483239784153e+00 5.580628413838434554e+00 5.580628413838434554e+00 5.580628413838434554e+00 5.580628413838434554e+00
-7.859018869081459968e+00 -6.217438775071991941e+00 -1.925399961383956748e+00 3.666293976253630627e-01 2.482611618523236530e+00 3.405062278100173589e+00 3.364718832523891479e+00 4.352330948670709354e+00 2.772974099805065151e+00 8.011317741645749280e-01 -2.849136746123805963e+00 -1.812555176435151072e+00 1.230450588498184228e+00 3.290081473410581658e+00 5.513083077059219406e+00 5.513083077059219406e+00 5.513083077059219406e+00 5.513083077059219406e+00
-7.996292653302710107e+00 -6.143397463295348970e+00 -1.884418139358826627e+00 -7.432115259886629133e-05 2.469502938410203186e+00 3.374620541833668774e+00 3.416602671450684525e+00 4.226358500321977019e+00 2.366455866342322967e+00 -1.104437531968939012e+00 -2.864170735692006531e+00 -1.706968467614829787e+00 1.278451663989441878e+00 3.572351404490789584e+00 5.642001633615713274e+00 5.642001633615713274e+00 5.642001633615713274e+00 5.642001633615713274e+00
-7.917270188068285641e+00 -6.724321256550055637e+00 -2.450204572962718874e+00 -9.525792170910687418e-01 2.149551932858142500e+00 3.299419393066602701e+00 3.377241655561430189e+00 3.965957276367925388e+00 2.087774739396490276e+00 -4.120098374096297533e+00 -3.216571691623780982e+00 -1.286621224395931407e+00 1.251334013176097049e+00 3.806528096843020847e+00 5.596303620327853778e+00 5.596303620327853778e+00 5.596303620327853778e+00 5.596303620327853778e+00
-8.119485697143343117e+00 -7.517006611257192716e+00 -3.120706718118028800e+00 -1.611000463833385465e+00 1.347812570695128720e+00 3.235806566861730182e+00 3.372874470903243438e+00 3.256085749489950665e+00 1.599240546510217520e+00 -4.402781542488367172e+00 -2.816994201504492867e+00 -8.902727535918883994e-01 1.593369119053436034e+00 3.774203391733933266e+00 5.516822579039777352e+00 5.516822579039777352e+00 5.516822579039777352e+00 5.516822579039777352e+00
-8.127897315379184917e+00 -7.618019736891403326e+00 -5.341576210143844428e+00 -1.609416941798843981e+00 2.468642298408940672e-01 2.606613418929991433e+00 3.177863963636300859e+00 2.934050196035124625e+00 1.111738859434088234e+00 -4.323989634815391447e+00 -2.194398874483751705e+00 1.154477755524575988e+00 1.965832071434697070e+00 4.216694974531137063e+00 5.454145712943132551e+00 5.454145712943132551e+00 5.454145712943132551e+00 5.454145712943132551e+00
-8.766553624658257604e+00 -7.674384754032424816e+00 -6.856010529489708460e+00 -2.706275976056407906e+00 -1.287473421193247702e+00 6.712733765922842544e-01 1.958405380788918126e+00 1.749328442873510969e+00 1.074052641603226110e+00 -1.703822599978549901e+00 -2.268635394863613541e+00 4.462713868777772319e-01 2.375073953005951477e+00 4.331558281645644826e+00 5.329712574334199537e+00 5.329712574334199537e+00 5.329712574334199537e+00 5.329712574334199537e+00
-9.030106824730722792e+00 -8.515020936223370640e+00 -7.482636924445770887e+00 -5.073247452767564170e+00 -2.041334766732376238e+00 -1.773890173428562367e+00 -2.237209194613751784e-01 4.270930349333739162e-01 3.997043217038287466e-01 -1.206796757415365295e+00 -2.503226187337112663e+00 -9.390607136499868890e-01 1.863563423402044616e+00 4.458788590966010545e+00 5.399020336776986007e+00 5.399020336776986007e+00 5.399020336776986007e+00 5.399020336776986007e+00
-9.263043248197677215e+00 -8.596671238861482323e+00 -8.037735640364232381e+00 -7.415168728197182979e+00 -5.843489773109705965e+00 -3.343935911835172803e+00 -2.437006725617587577e+00 -1.623392505937884867e+00 -7.258417965693501062e-01 -7.338059205772698990e-01 -3.371054622326614236e+00 -9.198597357009299369e-01 1.363806571605957529e+00 4.113584837796761207e+00 5.399692387188804510e+00 5.399692387188804510e+00 5.399692387188804510e+00 5.399692387188804510e+00
-1.039436063696627599e+01 -8.979526010281686510e+00 -8.810440963998763308e+00 -8.451785612156900385e+00 -7.691443370446480188e+00 -6.663167000727054479e+00 -5.534724784683840326e+00 -3.642562664762047042e+00 -3.364932817813935273e+00 -3.055037206994212884e+00 -1.970869902649304617e+00 -1.513583635364353919e+00 7.414605565981166047e-01 4.188563978647740882e+00 5.267174772541675765e+00 5.267174772541675765e+00 5.267174772541675765e+00 5.267174772541675765e+00
-1.044144924115791895e+01 -1.004078248553308939e+01 -9.653917929790345909e+00 -9.210185888922264752e+00 -8.871563652185404436e+00 -7.276150868092396529e+00 -5.743935787131388082e+00 -5.720850455199244067e+00 -5.016471439885506811e+00 -4.237107496325158706e+00 -2.876363080147268825e+00 -2.120956036085960061e+00 5.080141759087231090e-01 4.558853807242416956e+00 5.149845152502797063e+00 5.149845152502797063e+00 5.149845152502797063e+00 5.149845152502797063e+00
-1.059008611457429438e+01 -1.025140985289711537e+01 -9.848144171680498715e+00 -9.586886406549872675e+00 -9.238116898829584756e+00 -7.893645954777895213e+00 -5.999325368716117879e+00 -5.907983972743062751e+00 -5.104359614342342866e+00 -4.635390424678144328e+00 -2.810131166989580542e+00 -2.416789088187502266e+00 3.256924121497575264e-01 4.397139020153792544e+00 5.163493179286300361e+00 5.163493179286300361e+00 5.163493179286300361e+00 5.163493179286300361e+00
-1.058598235277152888e+01 -1.027613533980910177e+01 -1.000964833534652421e+01 -9.666507907961687351e+00 -9.356661979473733126e+00 -8.314970671293361093e+00 -6.102158020054652354e+00 -5.837054337398965842e+00 -5.149605144102729959e+00 -4.347058772483903155e+00 -2.799295013221200001e+00 -2.502212623714612505e+00 5.135977628861594368e-01 3.545057518602300117e+00 4.976361934960435107e+00 4.976361934960435107e+00 4.976361934960435107e+00 4.976361934960435107e+00
-1.052235743258393263e+01 -1.042581415678988677e+01 -9.925352813004987951e+00 -9.677598473000616153e+00 -9.386928134684669800e+00 -8.598184313315680782e+00 -6.254299138887802201e+00 -6.151523954608533629e+00 -5.326085604513163041e+00 -4.209595874532989335e+00 -3.296622358619158533e+00 -2.292229324500394405e+00 4.431423384842168578e-01 3.382526946252799149e+00 5.262020446727016854e+00 5.262020446727016854e+00 5.262020446727016854e+00 5.262020446727016854e+00
-1.051908649370566984e+01 -1.041627994766276544e+01 -9.972718196437005744e+00 -9.755842396538703554e+00 -9.403156002630431942e+00 -8.715477968306522882e+00 -6.804506908880703975e+00 -6.068992134062627386e+00 -5.574709081330826876e+00 -4.441369318706989588e+00 -3.318413612768522647e+00 -2.554282015472521650e+00 3.623009585108351582e-01 3.495300755566890683e+00 5.362750361739383465e+00 5.362750361739383465e+00 5.362750361739383465e+00 5.362750361739383465e+00
-1.061597967022040478e+01 -1.028695654324581632e+01 -9.982982642279157659e+00 -9.717532020551509220e+00 -9.406004394922078404e+00 -8.941231429063305924e+00 -7.025753219628919410e+00 -5.926415557786344657e+00 -5.918434459586912055e+00 -4.926544508886431473e+00 -3.125566070165325172e+00 -2.896165492353230952e+00 1.945010692858229751e-01 3.146805651959312389e+00 5.199947743203439110e+00 5.199947743203439110e+00 5.199947743203439110e+00 5.199947743203439110e+00
-1.060865198744309801e+01 -1.030943214573537503e+01 -1.003870556845740758e+01 -9.758876442115283822e+00 -9.426787866209240363e+00 -9.019608289076025187e+00 -7.468552848305359149e+00 -5.840544200082375070e+00 -5.676003239413083712e+00 -5.375844468592914538e+00 -2.962276309282373621e+00 -2.626565420403240481e+00 2.559010595391751353e-01 3.133945349968326521e+00 5.184006407038188158e+00 5.184006407038188158e+00 5.184006407038188158e+00 5.184006407038188158e+00
-1.072745085516748986e+01 -1.045774386171063242e+01 -1.003471853563132399e+01 -9.757071316798441529e+00 -9.474372835010075988e+00 -8.970642528176684394e+00 -7.742007175433760935e+00 -6.158038031951108771e+00 -5.875654176592155942e+00 -5.406507288952928647e+00 -3.582433722971088308e+00 -2.730246244430965419e+00 3.776387829162310417e-01 2.987998590096370144e+00 5.021203788502242915e+00 5.021203788502242915e+00 5.021203788502242915e+00 5.021203788502242915e+00
-1.074047333283031236e+01 -1.041028266098948762e+01 -1.003787923739217725e+01 -9.850720532133127705e+00 -9.519457880302848451e+00 -9.010430339121974441e+00 -7.910845433353330236e+00 -6.119056200668798517e+00 -5.903373269618477970e+00 -5.484060459710560664e+00 -3.491803089099039248e+00 -2.434016261521335878e+00 1.635515326994785856e-01 3.045445964319514420e+00 5.050960991183833571e+00 5.050960991183833571e+00 5.050960991183833571e+00 5.050960991183833571e+00
-1.071743578768305483e+01 -1.039792968836181153e+01 -1.003265229479285203e+01 -9.838200245947533062e+00 -9.522978971890889710e+00 -9.156572299127452297e+00 -8.045226359796117777e+00 -5.806810056054601432e+00 -5.967429454210679829e+00 -5.152572886925071316e+00 -3.248494121392575984e+00 -2.171056946558374001e+00 5.319476436133124819e-02 2.992776722469051798e+00 5.091730408368397853e+00 5.091730408368397853e+00 5.091730408368397853e+00 5.091730408368397853e+00
