-1.049252783469176364e+01 -1.030818496665680328e+01 -9.946249303542366249e+00 -9.617101336862281968e+00 -9.325103563827426001e+00 -8.948404426048073290e+00 -8.368615386923471178e+00 -7.073104880835455965e+00 -3.586029772747099997e+00 -3.666083557835398743e+00 -2.010074689251744040e+00 -4.792434932892062349e-01 1.097584941025040006e+00 2.055679912930121755e+00 5.314479493724132197e+00 5.314479493724132197e+00 5.314479493724132197e+00 5.314479493724132197e+00
-1.044009395382971839e+01 -1.024309561464099794e+01 -1.000508659559846336e+01 -9.759481831343425284e+00 -9.403284777558836183e+00 -8.882471907136183731e+00 -8.104227848492236319e+00 -6.661512317892504420e+00 -3.370823798382008185e+00 -4.264340421760577371e+00 -1.709774457047695151e+00 -4.035074940846591351e-01 1.099336436413236973e+00 1.930108641301627959e+00 5.180855819636728476e+00 5.180855819636728476e+00 5.180855819636728476e+00 5.180855819636728476e+00
-1.018733410077809154e+01 -9.899879489489418205e+00 -9.877083807314477326e+00 -9.826148603387796499e+00 -9.580452001611595492e+00 -9.021501385004990325e+00 -8.089268572566755466e+00 -6.388195972339127948e+00 -3.001207652530473613e+00 -4.343564731475864527e+00 -6.963708222292454009e-01 -3.698908368020943360e-01 1.699448519508352851e+00 2.004487606221007301e+00 5.002283569980583877e+00 5.002283569980583877e+00 5.002283569980583877e+00 5.002283569980583877e+00
-1.043931173317855610e+01 -1.022522669214509961e+01 -9.710108225072929145e+00 -9.354827103592009863e+00 -9.295401121249026843e+00 -9.150986620277022254e+00 -8.093025660474742367e+00 -5.837252681799935061e+00 -2.325741592246944656e+00 -3.873664085298762494e+00 -2.119114052905445578e-01 1.095650524845663970e-01 1.495197580703746532e+00 2.132822572242869086e+00 4.936264296702108645e+00 4.936264296702108645e+00 4.936264296702108645e+00 4.936264296702108645e+00
-1.052002249778466236e+01 -1.022647305058394984e+01 -9.955190904031576693e+00 -9.542364185564231605e+00 -8.972876593233230835e+00 -8.608910902470411131e+00 -7.933989806415267410e+00 -4.830705064021811879e+00 -2.571085986632963838e+00 -3.050768820720079155e+00 -5.349090469975528728e-02 1.245530913039778920e+00 1.480621773507140748e+00 2.322708516401988721e+00 4.810224861457550460e+00 4.810224861457550460e+00 4.810224861457550460e+00 4.810224861457550460e+00
-1.031023574414771460e+01 -1.017438162992528206e+01 -1.015514218632513810e+01 -9.833924325957413615e+00 -9.284288417386038716e+00 -8.454302086726540821e+00 -7.733686727528235494e+00 -3.492094632296816048e+00 -4.053220776304222284e+00 -1.456294244045887254e+00 1.737768573506223713e-01 1.344115090239447419e+00 1.620172767433528449e+00 2.098826445920113581e+00 4.479837105706698352e+00 4.479837105706698352e+00 4.479837105706698352e+00 4.479837105706698352e+00
-1.052384558901658451e+01 -1.023864001399736168e+01 -1.007164931797164087e+01 -9.775402861047938430e+00 -9.266251645704654649e+00 -8.448214301973333562e+00 -6.694075766022575813e+00 -2.775872245062817711e+00 -4.153576059701272527e+00 -5.198117038026979220e-01 8.783696669714782246e-01 1.862058851983190877e+00 1.682506423620968583e+00 3.093222139065350262e+00 4.386776794280574876e+00 4.386776794280574876e+00 4.386776794280574876e+00 4.386776794280574876e+00
-1.034974373740091025e+01 -1.013943965931719760e+01 -1.008667206188266441e+01 -9.683234315486600963e+00 -9.163798599544916712e+00 -8.226552057787204220e+00 -4.970456982453614891e+00 -3.446909663218987063e+00 -3.276159117510334617e+00 -1.760960503322646642e-01 1.711268405106340484e+00 1.987722273054743916e+00 1.859353381144527972e+00 4.272552987279464531e+00 5.158108891789930261e+00 5.158108891789930261e+00 5.158108891789930261e+00 5.158108891789930261e+00
-1.034877565501371066e+01 -1.001773320405836465e+01 -9.524681545026616902e+00 -9.259860025373320980e+00 -8.406152337910977934e+00 -7.028212400789742631e+00 -3.618276457841485438e+00 -4.350680617225969549e+00 -2.351650892868080156e+00 2.589693923821683175e-01 2.043080092553404725e+00 2.695547852450601578e+00 3.255146271093353416e+00 4.708798222678876044e+00 4.937002965919019104e+00 4.937002965919019104e+00 4.937002965919019104e+00 4.937002965919019104e+00
-1.055030927004318286e+01 -1.012024314152950133e+01 -9.326103002630777183e+00 -8.429109476435360904e+00 -7.443817143668042036e+00 -5.654917762235012191e+00 -2.372203917175697896e+00 -4.186287986063971900e+00 -4.816675589566958293e-01 1.810939292506656528e+00 2.762222727950319978e+00 3.381333585667952057e+00 4.883588107615475238e+00 4.975616075583006115e+00 5.287520789422551104e+00 5.287520789422551104e+00 5.287520789422551104e+00 5.287520789422551104e+00
-1.020748652270182255e+01 -9.598364756292511402e+00 -9.025992430382096643e+00 -8.377381682331563439e+00 -6.813280051435688378e+00 -4.120382395050899760e+00 -3.620477159829551539e+00 -2.747307232815216604e+00 2.404307865596755356e-01 2.735456482443423987e+00 2.970143403456198428e+00 4.556117348228426067e+00 3.056492322439544829e+00 2.315534104507777968e+00 5.376633271035408335e+00 5.376633271035408335e+00 5.376633271035408335e+00 5.376633271035408335e+00
-9.900260297463628234e+00 -9.100884366044242668e+00 -8.349742179764520600e+00 -8.041211581468408198e+00 -5.530722459367947152e+00 -2.806926467988806628e+00 -3.359432715715642281e+00 -1.335190435778218943e+00 1.388624014351388603e+00 3.179187579034567168e+00 4.337522369694334579e+00 3.737781913632834740e+00 2.081301648969986484e+00 2.444768304305722229e+00 5.276328981899523818e+00 5.276328981899523818e+00 5.276328981899523818e+00 5.276328981899523818e+00
-9.504213941275773792e+00 -8.678626171275535484e+00 -7.888877767731268698e+00 -6.532965562240891089e+00 -4.501222605806285415e+00 -3.205346492684411075e+00 -3.302526791134429374e+00 8.940567162680743141e-02 3.264959371415501188e+00 3.987830495701900624e+00 4.629982738694987887e+00 2.166391070348915093e+00 4.774471768868552290e-01 2.384573202423617033e+00 5.204411013789594698e+00 5.204411013789594698e+00 5.204411013789594698e+00 5.204411013789594698e+00
-1.000980046383376276e+01 -8.062940848590770315e+00 -6.924963218395379982e+00 -5.346099876940562545e+00 -3.139007083849443713e+00 -2.398805464481945648e+00 -2.800723922302533531e+00 4.431334906223697856e-01 3.253920702405889820e+00 4.941522842804420890e+00 3.337821011552463357e+00 -1.989188936392168650e+00 3.598117561563032307e-01 2.519562223726778960e+00 4.897590000128639431e+00 4.897590000128639431e+00 4.897590000128639431e+00 4.897590000128639431e+00
-9.543098146036536278e+00 -7.639939476590699385e+00 -6.044892802154097744e+00 -4.797903771348049240e+00 -2.317932696370430090e+00 -3.162943768064329753e+00 -8.061405451232028785e-01 2.573033350207708292e+00 3.449290716306815163e+00 5.425460987969268345e+00 4.375011647348410193e+00 -9.633939850372201796e-01 9.811929752133823346e-01 2.471200615120610511e+00 5.321282984537834437e+00 5.321282984537834437e+00 5.321282984537834437e+00 5.321282984537834437e+00
-9.057752620388562548e+00 -7.059059493732122270e+00 -5.364443222050904403e+00 -3.999155596458651818e+00 -1.821319968529532929e+00 -2.506470453703548706e+00 5.324696597819789101e-01 2.937645137181388755e+00 4.014245661226923723e+00 6.121464663728453104e+00 5.908943955256434677e+00 1.951414989593504012e+00 6.645880013894234217e-01 2.702447142106332301e+00 5.259156587375263925e+00 5.259156587375263925e+00 5.259156587375263925e+00 5.259156587375263925e+00
-8.794134345102094130e+00 -6.550629990301535699e+00 -4.776401596464120658e+00 -3.291849172814969027e+00 -2.195874771187883212e+00 -2.069192596818208330e+00 2.040496246741635211e+00 3.315568149798707953e+00 4.185884523944213953e+00 5.116672730506262923e+00 4.547337365218989014e+00 4.616273812001239207e+00 3.484349624735489037e+00 3.179834251563176117e+00 5.248714019389447927e+00 5.248714019389447927e+00 5.248714019389447927e+00 5.248714019389447927e+00
-8.102307629042339698e+00 -6.385403898652856292e+00 -4.490446773721609830e+00 -2.490216004162023822e+00 -2.533177677297961949e+00 -1.381448785744370467e+00 3.414926231504098464e+00 3.860250583455509865e+00 3.980880781693626247e+00 3.237881198946236605e+00 3.219778614629661195e+00 3.150620430951359019e+00 3.875661502470678421e+00 5.090024985106402333e+00 5.137945657246385522e+00 5.137945657246385522e+00 5.137945657246385522e+00 5.137945657246385522e+00
-7.593812071036088795e+00 -6.247467501970100479e+00 -4.235784272597516775e+00 -2.134861625710156474e+00 -2.633829828685768870e+00 -1.891755133594081317e-01 2.845730426548473524e+00 3.776467522663053966e+00 3.729319461411401360e+00 1.794806926064574482e+00 1.552944311705242164e+00 1.588422667447844994e+00 2.734870991072831270e+00 4.283596852544068412e+00 4.858177034338239331e+00 4.858177034338239331e+00 4.858177034338239331e+00 4.858177034338239331e+00
-7.865559299832248996e+00 -6.106663053861550949e+00 -4.008292871803165625e+00 -1.732209670671553514e+00 -2.414286367613292406e+00 3.126376015514617523e-01 3.104278118050308066e+00 3.982769759803746812e+00 3.055069365858227748e+00 1.570794577713856999e+00 9.923207528584686576e-01 1.075033322073498887e+00 1.971556091409756295e+00 3.585384964171454136e+00 4.986685410331830326e+00 4.986685410331830326e+00 4.986685410331830326e+00 4.986685410331830326e+00
-8.230105533474436186e+00 -6.416438823235660394e+00 -4.152882737460974027e+00 -2.648987071437303165e+00 -1.812732675777557922e+00 -6.095809270324686890e-01 3.090380819479451091e+00 4.023737693870282683e+00 2.976655306493370290e+00 1.446456186455116866e+00 7.388889695899186760e-01 4.384003909316056546e-01 1.248323687859745457e+00 3.260943930337327323e+00 5.367053825059540983e+00 5.367053825059540983e+00 5.367053825059540983e+00 5.367053825059540983e+00
-8.142659489660079686e+00 -6.755160846931403285e+00 -4.159751449795400902e+00 -2.287561983295544277e+00 -1.995379533731874488e+00 -9.163843197914326444e-01 3.215179544730144556e+00 4.050186103862158049e+00 2.722597387144835235e+00 1.185632211145311476e+00 -1.882613669895465414e+00 -1.603256005163440356e+00 1.155858298855191313e+00 3.096161098102028220e+00 5.239041871369920500e+00 5.239041871369920500e+00 5.239041871369920500e+00 5.239041871369920500e+00
-8.193433745862797934e+00 -6.947068217151766589e+00 -4.815910474719365730e+00 -2.403734479413537350e+00 -1.754488430658019293e+00 -1.505667385937958569e+00 3.332632048682997450e+00 3.871849647660107419e+00 2.302082673636445698e+00 9.121052532638636023e-01 -2.437009215656020800e+00 -1.581664811457725195e+00 1.158498027329933011e+00 3.416547609715602007e+00 5.080905292358367298e+00 5.080905292358367298e+00 5.080905292358367298e+00 5.080905292358367298e+00
-8.162691861849534547e+00 -7.273048106971550020e+00 -5.355052774269197791e+00 -3.356491167888152827e+00 -1.864689266556846414e+00 -1.645832790877765239e+00 1.520053459997584344e+00 3.633016980480815228e+00 2.101967085442522531e+00 -4.510687243399283397e-01 -2.575669523533831828e+00 -1.231310835610283316e+00 1.200660277279774979e+00 3.675270532209416352e+00 4.905970897997650404e+00 4.905970897997650404e+00 4.905970897997650404e+00 4.905970897997650404e+00
-8.065187438072598525e+00 -7.171005842981264422e+00 -5.748815267725473355e+00 -4.217237182024788922e+00 -2.046907103766987479e+00 -1.736985744434477841e+00 -5.308389471302139562e-01 2.712960746676259305e+00 2.299690946927653634e+00 -3.671477958126632135e+00 -2.291341298118561465e+00 -4.813094484339889290e-01 1.468989989044289013e+00 3.723262731617616783e+00 4.985605538613024912e+00 4.985605538613024912e+00 4.985605538613024912e+00 4.985605538613024912e+00
-8.305713066605056483e+00 -7.832100139690611584e+00 -6.474469055257621619e+00 -4.937641117009613723e+00 -3.499094493765935177e+00 -1.880977171137683479e+00 -1.923244899792443174e+00 1.624529209587638690e+00 2.115220433314964232e+00 -3.045444142583620284e+00 4.830089101859720568e-02 1.041134408010889967e+00 1.860455753280929159e+00 4.188789503059523689e+00 5.473854682380439485e+00 5.473854682380439485e+00 5.473854682380439485e+00 5.473854682380439485e+00
-8.759850473560227613e+00 -7.840460420451988099e+00 -6.930495701792343866e+00 -5.670945908050322615e+00 -4.296603243515601633e+00 -2.365648880043718538e+00 -2.248807996003113097e+00 -3.918487292140249156e-01 1.552812478269337104e+00 -7.150414697498021221e-02 1.042895549478342621e-01 7.757779636984378779e-01 2.169012317187459793e+00 4.731420477378383893e+00 5.397081879711783436e+00 5.397081879711783436e+00 5.397081879711783436e+00 5.397081879711783436e+00
-9.096909627612761895e+00 -8.199587715025970169e+00 -7.431224727288905818e+00 -6.383972805289875652e+00 -5.251332493645286092e+00 -3.902479565941139317e+00 -1.984044754816811418e+00 -2.238565102249262750e+00 1.011360980390125563e+00 1.218259529342712089e+00 7.751387465511716535e-01 -3.457408958253529452e-01 1.717550273515342951e+00 4.830555189016731532e+00 5.269069926022153183e+00 5.269069926022153183e+00 5.269069926022153183e+00 5.269069926022153183e+00
-9.384971128855450928e+00 -8.498649512908150072e+00 -7.957610742058114361e+00 -7.204854999709215058e+00 -6.300551863245115847e+00 -5.065193809205253750e+00 -2.629316275423561056e+00 -2.479432588929295633e+00 -1.720260199717923294e-02 1.313263036008558204e+00 9.400971930056316594e-01 6.431386919783589340e-01 9.639950546048046132e-01 4.068980662936789727e+00 5.063725107101209488e+00 5.063725107101209488e+00 5.063725107101209488e+00 5.063725107101209488e+00
-9.868574773657822874e+00 -8.972829586228360910e+00 -8.498154639664555532e+00 -7.986577755463448725e+00 -7.313596883840418172e+00 -6.359477216718028458e+00 -4.044346022199830415e+00 -2.203964006024983657e+00 -2.183930764491885057e+00 9.361429925134473473e-01 9.305018429155653692e-01 9.389307269623704544e-01 4.160040378892345125e-01 3.915260665193400325e+00 4.966053395415148231e+00 4.966053395415148231e+00 4.966053395415148231e+00 4.966053395415148231e+00
-1.021398902580739332e+01 -9.767309934632388391e+00 -9.290018250190001936e+00 -8.757026891745921304e+00 -8.199153752311744370e+00 -7.147470017748336346e+00 -5.074024875397971535e+00 -3.325421035471968434e+00 -2.638564185236125681e+00 3.492132373812093515e-01 1.058741695409248340e+00 9.613335894745813626e-01 1.494303318106235956e-01 4.418599138825063832e+00 5.486076670745783090e+00 5.486076670745783090e+00 5.486076670745783090e+00 5.486076670745783090e+00
-1.036204500315739807e+01 -1.001663068919948429e+01 -9.525057703688670330e+00 -9.113232421337665201e+00 -8.515911094117672775e+00 -7.555641043123573652e+00 -6.283250474591214996e+00 -3.137901184405561317e+00 -2.734320422344866497e+00 -1.511115272533972487e+00 8.981210997440070010e-01 9.189599662286056514e-01 8.198434867682218297e-01 2.999146092011630849e+00 5.555121888053653478e+00 5.555121888053653478e+00 5.555121888053653478e+00 5.555121888053653478e+00
-1.046755910487749475e+01 -1.010155020465874820e+01 -9.729375350874446937e+00 -9.260197358115362931e+00 -8.748511548186236553e+00 -7.840852780245403331e+00 -6.644509499399026353e+00 -4.932613706717607016e+00 -2.391447530880663308e+00 -2.612748330704117272e+00 8.073198159890999648e-01 8.584884061980628811e-01 6.687009742481088148e-01 2.765780937167694020e+00 5.427109934364017008e+00 5.427109934364017008e+00 5.427109934364017008e+00 5.427109934364017008e+00
-1.044327938659601962e+01 -1.014622929933021389e+01 -9.768534138581655313e+00 -9.390217754248505244e+00 -8.832331160706782924e+00 -8.022113658207974396e+00 -6.883556618720827913e+00 -5.530328462408338197e+00 -3.242626315945528415e+00 -2.860125492913323519e+00 7.830947464785473211e-02 9.633453012671691074e-01 7.564247051476539196e-01 2.619688605538756043e+00 5.299097980674403630e+00 5.299097980674403630e+00 5.299097980674403630e+00 5.299097980674403630e+00
-1.046235798790077176e+01 -1.014767005306928915e+01 -9.850416653944622070e+00 -9.454632013578962102e+00 -8.963942924347202634e+00 -8.250133934589104712e+00 -7.072279963094313615e+00 -5.678179876053640385e+00 -4.066300596419193170e+00 -2.406139766138790215e+00 -1.340382067585106807e+00 6.874601206139377974e-01 2.078774824298995350e-01 2.791552174683509246e+00 4.839619661632721836e+00 4.839619661632721836e+00 4.839619661632721836e+00 4.839619661632721836e+00
-1.053565011190222833e+01 -1.019630827885370650e+01 -9.847562547866022697e+00 -9.483462614989999651e+00 -9.059135528658543990e+00 -8.324684633964995584e+00 -7.223613605900305323e+00 -5.878201322840553189e+00 -4.309016838638912716e+00 -3.121766282133218606e+00 -2.665779852046632037e+00 2.843104904977415415e-01 6.096904350625296232e-01 2.349119286715533050e+00 5.498298659111103603e+00 5.498298659111103603e+00 5.498298659111103603e+00 5.498298659111103603e+00
-1.051521244430310453e+01 -1.019128318219375728e+01 -9.927334208386472625e+00 -9.560479136186261329e+00 -9.111245167423534852e+00 -8.520214804745679160e+00 -7.342080116346306085e+00 -5.874637996550132968e+00 -4.686022705108097597e+00 -3.481629327957856290e+00 -2.740686543746526205e+00 3.790652430752418089e-01 1.627192330022584066e-01 2.518475444082295844e+00 5.845308876368457973e+00 5.845308876368457973e+00 5.845308876368457973e+00 5.845308876368457973e+00
-1.051229069059690246e+01 -1.024080728630193526e+01 -9.907090481634222456e+00 -9.588945655953221348e+00 -9.192361372100853245e+00 -8.537953402952375370e+00 -7.386275862013297555e+00 -5.950364701966330827e+00 -5.082259504563481300e+00 -2.562994023674805888e+00 -3.048511632152302475e+00 -2.867258728060159134e-01 6.886907885288995335e-01 2.487474378252773732e+00 5.585149942705907478e+00 5.585149942705907478e+00 5.585149942705907478e+00 5.585149942705907478e+00
-1.059360983115273491e+01 -1.028919678241620872e+01 -9.964356004151627033e+00 -9.597232140258768140e+00 -9.260736528073355345e+00 -8.614272196243378588e+00 -7.503738658578639864e+00 -5.919141890914835002e+00 -5.237715956056619326e+00 -3.405050886323766512e+00 -2.761763693977392187e+00 -5.164297321671694752e-01 3.378035564053712969e-01 2.449616211170818847e+00 5.457137989016269231e+00 5.457137989016269231e+00 5.457137989016269231e+00 5.457137989016269231e+00
-1.063916193356189943e+01 -1.032885938224965372e+01 -9.988254724698487408e+00 -9.622877649383980270e+00 -9.346842835162368246e+00 -8.786076277865394246e+00 -7.507905352888275985e+00 -5.810147401383598975e+00 -5.397780437200579762e+00 -3.955021801077793775e+00 -1.911986812195546559e+00 -7.938883974913218955e-01 -1.105135140233620694e-01 2.317419166295336730e+00 4.726389002835619912e+00 4.726389002835619912e+00 4.726389002835619912e+00 4.726389002835619912e+00
