-1.036825801798529412e+01 -1.035701816822214028e+01 -9.992713944888839350e+00 -9.671672435045788774e+00 -9.385506459871660212e+00 -8.975118161502379621e+00 -8.371641529938207427e+00 -7.240249615450329301e+00 -4.827690287002838865e+00 -2.725462671463038333e+00 -1.946013060779565595e+00 -1.006081035459577278e+00 5.772098121551134664e-01 1.884960687612863950e+00 4.949130412429299852e+00 4.949130412429299852e+00 4.949130412429299852e+00 4.949130412429299852e+00
-1.040661239752504308e+01 -1.011620555104642882e+01 -1.000573690889218881e+01 -9.838735597581965919e+00 -9.481064493617530786e+00 -8.960666118252987644e+00 -8.206661155859224621e+00 -6.914943556632394461e+00 -4.452652587624289282e+00 -2.616504642745359988e+00 -2.518957162699834385e+00 -2.659500170166242961e-01 7.601579329236984872e-01 1.998828917785149928e+00 4.861216496517899444e+00 4.861216496517899444e+00 4.861216496517899444e+00 4.861216496517899444e+00
-1.040041412743018512e+01 -1.009316310257307592e+01 -9.728721146427989908e+00 -9.779546346056033457e+00 -9.678975594030143625e+00 -9.165492742874626231e+00 -8.139448046293866312e+00 -6.893833105263828642e+00 -3.600810687085586714e+00 -2.497377542806536788e+00 -2.219287903834885167e+00 3.163025501360494651e-03 8.215141579584825382e-02 2.027992479951505445e+00 5.083010382374396841e+00 5.083010382374396841e+00 5.083010382374396841e+00 5.083010382374396841e+00
-1.030080784478753841e+01 -1.026119656079029241e+01 -9.860756017983906219e+00 -9.278865695309850281e+00 -9.186391856572470260e+00 -9.186660017459974625e+00 -8.228080795660302371e+00 -6.678679334401246948e+00 -2.915070056822263833e+00 -2.663163361006466889e+00 -7.814175686286521927e-01 2.237731564231057457e-02 9.844400038946486964e-01 2.263618654038532352e+00 4.830024223672430672e+00 4.830024223672430672e+00 4.830024223672430672e+00 4.830024223672430672e+00
-1.054583759362425610e+01 -1.033296120685536046e+01 -9.945625591165747181e+00 -9.588730591626511313e+00 -9.068610186190145583e+00 -8.668171875401256443e+00 -8.161149206667774436e+00 -5.793207316481077562e+00 -2.763320515446885395e+00 -3.230352425104826342e+00 -2.662220245182878031e-01 3.402785367104817493e-01 1.811276759147334214e+00 2.392279946636361565e+00 4.738025690507182475e+00 4.738025690507182475e+00 4.738025690507182475e+00 4.738025690507182475e+00
-1.040333465961741766e+01 -1.005106110479627901e+01 -1.018148306285630156e+01 -9.940929562519990270e+00 -9.415258619618839475e+00 -8.669509816317763296e+00 -7.761987176863108573e+00 -4.446494675755072734e+00 -3.277890498953440090e+00 -2.117531224222368724e+00 -2.841835555833862603e-01 1.749048220547022581e-01 1.252812555632264679e+00 2.174594728916560804e+00 4.431601499304425040e+00 4.431601499304425040e+00 4.431601499304425040e+00 4.431601499304425040e+00
-1.039618524786124354e+01 -1.022980027991175689e+01 -1.006644641553250707e+01 -9.869089485252329652e+00 -9.369934537161004329e+00 -8.618018409506507993e+00 -7.529938233076597598e+00 -3.150701066713596177e+00 -3.657385726440510965e+00 -5.023976114714052699e-01 5.149026241012221172e-01 1.903365080911578300e+00 1.618477097492324379e+00 3.323459370137129554e+00 4.281261568446492305e+00 4.281261568446492305e+00 4.281261568446492305e+00 4.281261568446492305e+00
-1.052113187383248594e+01 -1.009279910716221274e+01 -1.001768701795642258e+01 -9.807344339998923743e+00 -9.302508257073789366e+00 -8.284965394897156443e+00 -5.334518216487467157e+00 -2.677596583024228760e+00 -2.861159223566485998e+00 -4.041367060023699775e-02 1.528123677323422580e+00 2.043271121337282281e+00 1.815197630200246159e+00 4.405684393301475765e+00 5.433766427282402667e+00 5.433766427282402667e+00 5.433766427282402667e+00 5.433766427282402667e+00
-1.039623176775543811e+01 -1.027081850519850903e+01 -9.555680019559698479e+00 -9.131628206821060800e+00 -8.227500021897551363e+00 -6.958450872325705916e+00 -3.486727050224305291e+00 -3.556892129516886492e+00 -9.277075969306605163e-01 9.732114388497947743e-01 2.078860012948589464e+00 2.744402013908257665e+00 3.449319764752904138e+00 4.818103914960262912e+00 5.496596699546073772e+00 5.496596699546073772e+00 5.496596699546073772e+00 5.496596699546073772e+00
-1.034821259242005098e+01 -1.002004084041760024e+01 -9.519446501710449482e+00 -8.438184713745101817e+00 -7.431491845261252394e+00 -5.245833946925522184e+00 -2.620564863688690238e+00 -3.335613744744367004e+00 -6.619324661544578881e-02 2.146864546854165834e+00 3.018981336626426426e+00 3.496203017129562163e+00 4.981918643077874798e+00 4.936877699959399735e+00 5.195183636458020615e+00 5.195183636458020615e+00 5.195183636458020615e+00 5.195183636458020615e+00
-1.024035274523947336e+01 -9.457724995383095745e+00 -8.842839415561400074e+00 -8.524019468008326328e+00 -6.790536592391469561e+00 -3.398524482659597723e+00 -3.915557334131011036e+00 -1.146368509524343438e+00 1.417717568994759425e+00 3.098275218724138469e+00 3.083727403238096798e+00 4.624078799630442660e+00 2.991818422711305825e+00 2.219295853309048550e+00 5.412546690728085252e+00 5.412546690728085252e+00 5.412546690728085252e+00 5.412546690728085252e+00
-9.902026224871478988e+00 -9.047874576248954526e+00 -8.208555463943167041e+00 -7.604343099200040257e+00 -5.015127723264441784e+00 -2.511245502153504283e+00 -3.138451390479947811e+00 8.815438329176343568e-02 2.980104543309820109e+00 3.152716164952037214e+00 4.460430545298084581e+00 3.788287753354041776e+00 1.792183905086423668e+00 2.493988667127649439e+00 5.213751059024597900e+00 5.213751059024597900e+00 5.213751059024597900e+00 5.213751059024597900e+00
-9.551063512484454066e+00 -8.499498766710310349e+00 -7.650246402967241011e+00 -6.107995520271590983e+00 -3.360367662840650915e+00 -3.640580132208175890e+00 -1.096271109119084652e+00 2.456113848544599243e+00 3.277238268452736136e+00 4.063192327373304380e+00 4.722065149443738008e+00 4.683363116201025855e-01 4.372985646909830493e-01 2.383792470735201618e+00 5.062531605911008370e+00 5.062531605911008370e+00 5.062531605911008370e+00 5.062531605911008370e+00
-1.009803518173393044e+01 -7.906425243682018156e+00 -6.500402409001626580e+00 -4.733484580611073689e+00 -2.202886076746547683e+00 -2.792591262302306809e+00 3.873442306779069644e-01 3.090655814345477648e+00 3.386422895099898689e+00 5.019469927085360439e+00 3.403332544008842664e+00 -1.968760593583473550e+00 3.768540492378286144e-01 2.621760954591249693e+00 5.891493391298825877e+00 5.891493391298825877e+00 5.891493391298825877e+00 5.891493391298825877e+00
-9.400057499796625748e+00 -7.542446323760453097e+00 -5.565175114427411529e+00 -3.409209442641540910e+00 -3.215065127781612464e+00 -1.321054798905508143e+00 2.382816476498575309e+00 3.148139198572870612e+00 3.594181368522929798e+00 5.633427784083782086e+00 4.525550589160400428e+00 -9.104667058785946843e-01 9.580795206342793691e-01 2.574925462410527555e+00 5.580311773293720634e+00 5.580311773293720634e+00 5.580311773293720634e+00 5.580311773293720634e+00
-9.110028305917738933e+00 -6.885677995915973071e+00 -4.584001355898751129e+00 -2.226271001891996004e+00 -2.861958719536645379e+00 1.481916363514265977e-01 3.057680268353435871e+00 3.062758661029912677e+00 4.162407649915169650e+00 6.180365091920872800e+00 6.111065057937496547e+00 1.935839320318301748e+00 6.207522173987434222e-01 2.776989836040911541e+00 5.572332758064043823e+00 5.572332758064043823e+00 5.572332758064043823e+00 5.572332758064043823e+00
-8.689010936459775181e+00 -6.263159381615185595e+00 -3.917930742463854976e+00 -2.045017637680046629e+00 -2.012302165502315887e+00 1.739416932004319127e+00 3.200900184762373701e+00 3.292744562304874556e+00 4.216888377403784638e+00 5.134844596628090230e+00 4.682212776659943287e+00 4.780686753582630288e+00 3.724128934659269863e+00 3.338782528575976905e+00 5.610926948458589969e+00 5.610926948458589969e+00 5.610926948458589969e+00 5.610926948458589969e+00
-7.781974318706368798e+00 -5.840222767681581217e+00 -3.386216331371500132e+00 -1.786355386902881204e+00 -6.503096228167247750e-01 2.637021079234592058e+00 3.544475626369120835e+00 3.912465459227212783e+00 4.092840914343005565e+00 3.296116842189534601e+00 3.371428536315607793e+00 3.229274998767576399e+00 4.025364977392345445e+00 5.263141708116503281e+00 5.342823428944789121e+00 5.342823428944789121e+00 5.342823428944789121e+00 5.342823428944789121e+00
-7.483973902459508665e+00 -5.893999503671132345e+00 -2.983302481519354732e+00 -2.057724315747942789e+00 1.376126183116161417e-01 3.131714665133536801e+00 3.164289528475748625e+00 3.933235908283560178e+00 3.805906795961441436e+00 1.836530227130661164e+00 1.451489721894640095e+00 1.519580083970868856e+00 2.832756515170621991e+00 4.385069635359479356e+00 5.853645592863127689e+00 5.853645592863127689e+00 5.853645592863127689e+00 5.853645592863127689e+00
-8.121459184131735398e+00 -5.847006742258282763e+00 -3.005711841255881644e+00 -2.179098721283556639e+00 3.969392771509514528e-01 3.056492771166881894e+00 3.113317999129756597e+00 4.057365045398985792e+00 3.165251800920747094e+00 1.557080689152827269e+00 -7.193191846292751324e-02 8.935614210612388142e-01 2.011922695159922281e+00 3.676114717053115655e+00 5.949026489017501973e+00 5.949026489017501973e+00 5.949026489017501973e+00 5.949026489017501973e+00
-8.101254265953594214e+00 -5.935025885872043716e+00 -3.058061084599338564e+00 -1.438677884636246018e+00 7.591097437821817673e-01 3.125665505824583690e+00 3.185875747252978840e+00 4.114551083887711513e+00 3.027004273523029809e+00 1.497816207974307368e+00 1.020195589953105941e-01 1.926256913785277525e-01 1.271992236719400537e+00 3.332621783101793689e+00 5.912283526604300121e+00 5.912283526604300121e+00 5.912283526604300121e+00 5.912283526604300121e+00
-8.140920245847178549e+00 -6.290342550997568338e+00 -3.227896954924530881e+00 -1.695972578567276567e+00 1.596068846558025278e-01 3.187222254448584202e+00 3.234393036714990011e+00 4.171450227882683492e+00 2.793261684732773809e+00 1.184137216577734408e+00 -2.620939615530411437e+00 -1.680694780755940254e+00 1.217977582281012605e+00 3.175452970824021115e+00 5.833995638673249218e+00 5.833995638673249218e+00 5.833995638673249218e+00 5.833995638673249218e+00
-8.104061582852233769e+00 -6.885624777295513255e+00 -4.130685725930652197e+00 -2.254409779852862172e+00 -6.653981181776833509e-01 3.177045594520788718e+00 3.201084194711387276e+00 4.017196860879515441e+00 2.370905133237471762e+00 5.017829409688867592e-01 -2.665754767756273402e+00 -1.628049398025167349e+00 1.239626946334624780e+00 3.466072613381822265e+00 5.830840612289460267e+00 5.830840612289460267e+00 5.830840612289460267e+00 5.830840612289460267e+00
-8.099992138926856100e+00 -7.012131915943559335e+00 -4.865712839278254265e+00 -2.330203954812608558e+00 -1.617838279312175942e+00 1.683828038931903581e+00 3.211883232964378276e+00 3.760376221443097577e+00 2.166892115755078230e+00 -3.719543203895877337e+00 -2.827112974957750602e+00 -1.257138992478599393e+00 1.324727616489244086e+00 3.719562889624601354e+00 5.778429831553149043e+00 5.778429831553149043e+00 5.778429831553149043e+00 5.778429831553149043e+00
-7.892284809256398859e+00 -7.060322038812222090e+00 -5.367092550691976882e+00 -3.205639180637466001e+00 -1.893018237164245221e+00 2.510845428931509082e-01 3.193420150773401467e+00 3.001586634925420771e+00 2.029111928325814773e+00 -4.080998564221686387e+00 -2.590850972533875307e+00 -7.487832679552723913e-01 1.547130592002416538e+00 3.697560473011178850e+00 6.322946444186852588e+00 6.322946444186852588e+00 6.322946444186852588e+00 6.322946444186852588e+00
-8.386453420031818595e+00 -7.623391598416619175e+00 -6.248248354934585080e+00 -4.300402617917413295e+00 -2.362864264534354053e+00 -1.351633247612345157e+00 8.576292057433938520e-01 2.791892901275348393e+00 1.428252120339488673e+00 -3.624013379008548696e+00 -1.551105675733570166e+00 1.126353979705350117e+00 1.891539677855427204e+00 4.172984556373246612e+00 6.339607322844353021e+00 6.339607322844353021e+00 6.339607322844353021e+00 6.339607322844353021e+00
-8.866167913541000090e+00 -7.824182944682499752e+00 -6.804321368114561785e+00 -5.373818590149880059e+00 -3.593833142877018716e+00 -2.178834527536425814e+00 -7.664785517203229759e-01 4.917594169666066328e-01 1.725749328315806963e+00 -5.763595661953543337e-01 -3.761880353012035383e-01 1.304643995352789965e-01 2.207992722030526878e+00 4.548727463163896978e+00 6.254133115680533095e+00 6.254133115680533095e+00 6.254133115680533095e+00 6.254133115680533095e+00
-9.125693217535282287e+00 -8.331658197003759980e+00 -7.526253404409104064e+00 -6.156532476953758604e+00 -4.670755943096009943e+00 -3.248824930174651016e+00 -1.923325733992980791e+00 -4.725183291671128383e-01 -1.640262931052219875e-01 1.532821771609604644e+00 -8.018917653246820931e-02 4.079759191452462797e-01 1.831688180165682356e+00 4.661561699520165192e+00 6.343364196611987360e+00 6.343364196611987360e+00 6.343364196611987360e+00 6.343364196611987360e+00
-9.381664877051678175e+00 -8.518285296304197729e+00 -7.966939032571092483e+00 -7.352105984766978075e+00 -6.155813188455879548e+00 -4.571427798628131534e+00 -2.589594989365682220e+00 -1.851435574074604018e+00 -5.598639963597413782e-01 3.446439597159294821e-01 4.807743366422291831e-01 2.640068019272266003e-02 1.402182287567180108e+00 4.092918314246192679e+00 5.682318521260927291e+00 5.682318521260927291e+00 5.682318521260927291e+00 5.682318521260927291e+00
-1.005241923864520714e+01 -9.014039433429175574e+00 -8.653658610482322544e+00 -8.231368784437094632e+00 -7.438705131813300397e+00 -6.574228206633010885e+00 -4.377636731392779090e+00 -2.222092312514640788e+00 -1.851505275310447729e+00 -5.548686351341454159e-01 1.068364105665881691e+00 6.039159399220475066e-01 -3.043787922552919079e-01 4.020715571182822856e+00 6.701492433421670114e+00 6.701492433421670114e+00 6.701492433421670114e+00 6.701492433421670114e+00
-1.036152303425828336e+01 -9.923774058426024780e+00 -9.474193668998919904e+00 -9.002783574711497039e+00 -8.455570426721944699e+00 -7.318807495416010056e+00 -5.651232712935028601e+00 -3.538501982397349366e+00 -2.391945955038699445e+00 -1.660215009420858312e+00 -1.706084104815616120e-01 1.177879123846194753e+00 3.923159104890504012e-01 4.415170888655154613e+00 6.735827669465400902e+00 6.735827669465400902e+00 6.735827669465400902e+00 6.735827669465400902e+00
-1.038337204527393709e+01 -1.007972530809685097e+01 -9.621608713080266995e+00 -9.252996537675233668e+00 -8.759959133693644873e+00 -7.770195759332072960e+00 -6.399886900772091991e+00 -4.706495688367104080e+00 -2.704588347506351464e+00 -2.519255695679546658e+00 -1.205693993476097514e+00 8.596488020142618591e-01 7.047086247677103454e-01 3.991827678737193352e+00 6.555812261981445843e+00 6.555812261981445843e+00 6.555812261981445843e+00 6.555812261981445843e+00
-1.043470100826154479e+01 -1.019936500387611567e+01 -9.805749472972566494e+00 -9.426712353392893817e+00 -9.020631565835170562e+00 -8.070868320248719030e+00 -6.678651808806511880e+00 -5.469571817110509215e+00 -3.651675262436464120e+00 -2.872022096755808995e+00 -2.360826474239120287e+00 -4.155356280739280761e-02 3.957292252044509739e-01 3.078300130551667735e+00 6.131147234477634989e+00 6.131147234477634989e+00 6.131147234477634989e+00 6.131147234477634989e+00
-1.051609116223400342e+01 -1.019562328608121504e+01 -9.860699526131563530e+00 -9.529185747418852159e+00 -9.039770816555286359e+00 -8.247181045887613138e+00 -6.893799664152501450e+00 -5.681701246014625895e+00 -4.093893634995053432e+00 -2.629487375221848389e+00 -2.352675151638632389e+00 -5.929129221027450436e-01 3.170320869683754816e-01 2.730478442008737794e+00 5.615799145286795024e+00 5.615799145286795024e+00 5.615799145286795024e+00 5.615799145286795024e+00
-1.048244791330908043e+01 -1.020032408348792075e+01 -9.940501009490283479e+00 -9.576928262458800134e+00 -9.141849208642206293e+00 -8.430263998990771057e+00 -7.091401383117947432e+00 -5.825893566032130266e+00 -5.153081554407641818e+00 -3.574025156500492351e+00 -2.140731996179496388e+00 -7.637284889135922406e-01 -2.253285083085582730e-01 2.659914106501248376e+00 5.840971186885183464e+00 5.840971186885183464e+00 5.840971186885183464e+00 5.840971186885183464e+00
-1.057668461886070332e+01 -1.025042173855310601e+01 -9.934258164765221721e+00 -9.575679672883037341e+00 -9.228785543804363556e+00 -8.531424515769106875e+00 -7.234404931679302209e+00 -5.783526597765423105e+00 -5.542619961829531761e+00 -3.925866732326958264e+00 -2.607489394478089473e+00 -9.110361347979804014e-01 2.345343461515380923e-01 2.234115761224346741e+00 6.066261466253401125e+00 6.066261466253401125e+00 6.066261466253401125e+00 6.066261466253401125e+00
-1.054655933226963427e+01 -1.027526189499512910e+01 -1.001148015611418174e+01 -9.673000375978549670e+00 -9.263062010375158195e+00 -8.723424919505312403e+00 -7.413098886095242257e+00 -5.756780677802722401e+00 -5.208277602266441875e+00 -3.642556193534987052e+00 -2.792898686111232820e+00 -1.797619655202740807e+00 -1.336788857516830742e-01 2.287027836263657576e+00 5.720493143248882362e+00 5.720493143248882362e+00 5.720493143248882362e+00 5.720493143248882362e+00
-1.059001123063902483e+01 -1.031408519886370456e+01 -1.002270329709093488e+01 -9.652166146814757042e+00 -9.324922412702473906e+00 -8.708475669028203470e+00 -7.451704417152203774e+00 -5.854786389583473749e+00 -5.187847551025182469e+00 -3.906904615350651255e+00 -3.831149553451117740e+00 -1.761960100737635759e+00 -4.752458853052974330e-01 2.140089131097342001e+00 5.216717483860122684e+00 5.216717483860122684e+00 5.216717483860122684e+00 5.216717483860122684e+00
-1.062362937263979035e+01 -1.030259064433063365e+01 -1.000486595151042657e+01 -9.654257125275330864e+00 -9.364774420122396137e+00 -8.777069883762887770e+00 -7.614445703087193706e+00 -5.868755447224829780e+00 -5.259470246511526170e+00 -3.751817796361231139e+00 -3.937685708401023277e+00 -2.412251274071830487e+00 -5.923316723616489643e-01 2.251337433849790237e+00 5.528332714533576997e+00 5.528332714533576997e+00 5.528332714533576997e+00 5.528332714533576997e+00
-1.067476733002151157e+01 -1.034083535949674015e+01 -1.003012257761236192e+01 -9.705227096944536669e+00 -9.397191869674745845e+00 -8.953190044391176272e+00 -7.593884018357154986e+00 -5.737307707878425589e+00 -5.351439662043742551e+00 -3.636724525689087884e+00 -4.099250353265359692e+00 -1.821198825774295260e+00 -5.452754390009733054e-01 2.249557563096085122e+00 5.255408309581001802e+00 5.255408309581001802e+00 5.255408309581001802e+00 5.255408309581001802e+00
