-1.028287682179419704e+01 -1.027890452108987418e+01 -1.004329347912089077e+01 -9.686036948180149153e+00 -9.394933618373928041e+00 -9.112456657769000046e+00 -8.567850930643182039e+00 -7.508014374545044944e+00 -5.774467506174056908e+00 -4.292313008736397428e+00 -2.966747271179637213e+00 -2.364025508195773284e+00 -2.500940843338568809e-01 2.261131078848112264e+00 5.431815794550823639e+00 5.431815794550823639e+00 5.431815794550823639e+00 5.431815794550823639e+00
-1.027371461536781894e+01 -1.007450782072295326e+01 -9.964094597297780354e+00 -9.799257578876547470e+00 -9.604053173941787591e+00 -9.022825858997961745e+00 -8.410077458977925247e+00 -7.304119603414862105e+00 -5.707477629388995055e+00 -4.186180181861768546e+00 -3.214405563740490024e+00 -2.287862910639731240e+00 -3.512388816418690607e-02 2.475897564267616424e+00 5.304300344540412659e+00 5.304300344540412659e+00 5.304300344540412659e+00 5.304300344540412659e+00
-1.045171553228306394e+01 -1.000081943873838597e+01 -9.775258351353263819e+00 -9.561013041061343642e+00 -9.514235590590658376e+00 -9.191167849436133963e+00 -8.186743430008961653e+00 -7.181779995221805990e+00 -5.390133406586683940e+00 -3.590605682383666064e+00 -3.275681346344046840e+00 -2.247693384950802731e+00 2.929148368620416720e-01 2.498335083013691005e+00 5.465505937952471527e+00 5.465505937952471527e+00 5.465505937952471527e+00 5.465505937952471527e+00
-1.023244370724489194e+01 -1.005594749910851426e+01 -1.001623915957383737e+01 -9.423828339187378944e+00 -9.282871007782809158e+00 -9.149930787959092982e+00 -8.312351899189929227e+00 -6.935103212093152614e+00 -5.405207054551302903e+00 -2.849680432223148152e+00 -1.824193965082933078e+00 -1.410425521111651426e+00 7.255531794172329629e-01 2.315741607618217124e+00 5.707292021818552108e+00 5.707292021818552108e+00 5.707292021818552108e+00 5.707292021818552108e+00
-1.051880754564519016e+01 -1.031577875737255034e+01 -1.011597389649474898e+01 -9.622711046420899805e+00 -9.176905492777869711e+00 -8.823269911687845024e+00 -8.326094144328207491e+00 -6.876166540837303387e+00 -5.412921555685145769e+00 -1.916214246927771203e+00 -2.406939675592194572e+00 2.696707287481400761e-01 1.064875251698774727e+00 2.487965242243264097e+00 5.560075135498623311e+00 5.560075135498623311e+00 5.560075135498623311e+00 5.560075135498623311e+00
-1.062470753120501676e+01 -1.001626059133840485e+01 -1.006038319292226113e+01 -9.946837152504876656e+00 -9.525047929293469551e+00 -8.815090938228768991e+00 -8.016346098340157766e+00 -6.411692549303309896e+00 -3.696737245233578495e+00 -2.185869580225878295e+00 -6.325670810330199512e-01 -2.413868656501249599e-01 6.513510772674395710e-01 2.273337975155933055e+00 6.041507628646968442e+00 6.041507628646968442e+00 6.041507628646968442e+00 6.041507628646968442e+00
-1.042971248476310109e+01 -1.032549531737709181e+01 -1.002994820041066681e+01 -9.841094202028454418e+00 -9.500309975354804592e+00 -8.747748372065055733e+00 -7.819906745899032785e+00 -6.256417319089448981e+00 -2.242931934618457301e+00 -1.482338180972507358e+00 6.430999398345795814e-01 1.259975424910667385e+00 1.566254381240637761e+00 3.309898468060061383e+00 5.963066812776782299e+00 5.963066812776782299e+00 5.963066812776782299e+00 5.963066812776782299e+00
-1.041489370751794752e+01 -1.008039967281837690e+01 -9.970091781581055912e+00 -9.907597422186295688e+00 -9.319039330165038493e+00 -8.056255799224647518e+00 -6.648235204096671680e+00 -2.930125748692240073e+00 -2.308201587838165203e+00 2.837379542438243085e-01 1.507809593308342189e+00 2.069288298569505358e+00 1.623782164021057461e+00 4.420727093216300752e+00 6.328293347638949129e+00 6.328293347638949129e+00 6.328293347638949129e+00 6.328293347638949129e+00
-1.046246097965782518e+01 -1.034337064207939605e+01 -9.715759638355025984e+00 -9.261928515156339969e+00 -7.963494355099979494e+00 -7.246140548306615692e+00 -3.994635954461118743e+00 -2.062142032331494512e+00 -3.427549979052030849e-01 1.626987942086546068e+00 2.094034630639405759e+00 2.876650390377085920e+00 3.431254495121023318e+00 4.792099959358596450e+00 6.253690746752048391e+00 6.253690746752048391e+00 6.253690746752048391e+00 6.253690746752048391e+00
-1.021318953432659526e+01 -9.977603281029963966e+00 -9.595187436879827558e+00 -8.498393497881130187e+00 -7.597559238540169346e+00 -4.807130606296921904e+00 -1.837507924518528402e+00 -1.350309783209865611e+00 1.765118727858367098e+00 2.501015072534721106e+00 3.164013306812538673e+00 3.549079707732171851e+00 4.997174297663584674e+00 4.973613643225606396e+00 6.087670860732807832e+00 6.087670860732807832e+00 6.087670860732807832e+00 6.087670860732807832e+00
-1.032766608784525886e+01 -9.401674980478341936e+00 -8.600284766883095955e+00 -8.568215984737397761e+00 -6.885604400764956168e+00 -2.292218159662992694e+00 -5.672757758376502091e-01 8.695863055616291915e-01 2.660194729707277439e+00 3.157326144341446650e+00 3.141229722910967137e+00 4.666298205211081296e+00 2.722057933717821676e+00 2.379651126409705775e+00 6.372005699396361855e+00 6.372005699396361855e+00 6.372005699396361855e+00 6.372005699396361855e+00
-9.474202137668033430e+00 -8.715003426655618668e+00 -8.096416713568823198e+00 -7.629067503140077200e+00 -3.223135932853998131e+00 -2.138462816421411006e+00 1.576958646943071585e-01 2.099850731413847704e+00 3.034602155457684969e+00 3.312886725158897150e+00 4.628669892271524589e+00 3.414149888428037016e+00 6.272622339387197155e-01 2.510123677249386009e+00 6.375305962695740902e+00 6.375305962695740902e+00 6.375305962695740902e+00 6.375305962695740902e+00
-9.695962577988085584e+00 -8.370429375592221888e+00 -7.185321024314154315e+00 -5.330704146879204686e+00 -2.763276049696605341e+00 -4.886719089468254396e-01 2.053870393773191694e+00 3.217231987379453706e+00 3.408468614734444735e+00 4.228744258598899464e+00 4.780702210734811608e+00 -2.611110611843818208e-01 4.569230653509760987e-01 2.481587138739752341e+00 6.380746916525760426e+00 6.380746916525760426e+00 6.380746916525760426e+00 6.380746916525760426e+00
-9.939695971531360641e+00 -7.725007013980738080e+00 -5.818128830107199612e+00 -2.789647669164045940e+00 -2.193054931505522553e+00 2.229663216011090743e-01 2.816203029961059201e+00 3.209028774598439604e+00 3.384279548447996611e+00 5.123051592229199258e+00 2.746139678894706559e+00 -2.041083987545301959e+00 3.222269882739433045e-01 2.742178261776264669e+00 6.376661422401417312e+00 6.376661422401417312e+00 6.376661422401417312e+00 6.376661422401417312e+00
-9.297278595229707676e+00 -7.216340048573606225e+00 -4.156566934959066373e+00 -1.572383506384094742e+00 -9.653166885656792040e-01 2.391093770495214432e+00 3.199698292295214852e+00 3.394435104997750585e+00 3.723683902737945584e+00 5.741322920311984213e+00 4.389107837562770342e+00 -9.618589889773695445e-01 5.007234946533353215e-01 2.766343521796071681e+00 6.318396621123057777e+00 6.318396621123057777e+00 6.318396621123057777e+00 6.318396621123057777e+00
-9.136542335859163089e+00 -6.354276388165956746e+00 -3.031821426004007058e+00 -1.652051999629588153e+00 6.304912323336253621e-01 3.048880840069747133e+00 3.159846017549601260e+00 3.263419769368632650e+00 4.342254834816403175e+00 6.401380816402825857e+00 6.116462986351884012e+00 1.275270474571374102e+00 1.214604648424480349e+00 2.827276082057835538e+00 6.204893947126539189e+00 6.204893947126539189e+00 6.204893947126539189e+00 6.204893947126539189e+00
-8.412873582169515529e+00 -5.185057219236246517e+00 -2.454282637707749348e+00 -1.499802074598763246e+00 1.679852702661740693e+00 3.126008965013244545e+00 3.339556974631075370e+00 3.371683136615441612e+00 4.280098242659903462e+00 4.998828863548404833e+00 4.644079756225678146e+00 4.832981234872859133e+00 3.701996083403575000e+00 3.379285168685179475e+00 6.103147358480934592e+00 6.103147358480934592e+00 6.103147358480934592e+00 6.103147358480934592e+00
-7.449784458632024098e+00 -5.071827645084407088e+00 -1.838445185747426880e+00 -1.258468511809105461e+00 2.207667537234371480e+00 2.779305749741336040e+00 3.600902105682832310e+00 3.977591444258094189e+00 4.232427365817559739e+00 3.242786241147638471e+00 3.276567614412861040e+00 3.243962809833030203e+00 4.069543902303724536e+00 5.235661229570120589e+00 6.150232239862226891e+00 6.150232239862226891e+00 6.150232239862226891e+00 6.150232239862226891e+00
-7.403644917993947416e+00 -5.058065759503118208e+00 -1.531940815184945626e+00 1.544006481122910945e-01 2.587378024232435791e+00 3.211023935344859304e+00 3.278088399950049858e+00 4.113057085736111063e+00 3.851230142754596297e+00 1.670158590961111411e+00 1.204217668459515611e+00 1.461812567876378255e+00 2.811185952133742560e+00 4.413981965475286096e+00 6.061431444023841486e+00 6.061431444023841486e+00 6.061431444023841486e+00 6.061431444023841486e+00
-8.024885900559198149e+00 -5.020566163905671786e+00 -1.339398479022135824e+00 2.992812733410545045e-03 2.647447098337845528e+00 3.173712597913597389e+00 3.211786021041672878e+00 4.149652247817911643e+00 3.074640764030444728e+00 1.461563691515940233e+00 -1.014915307454852034e+00 9.425580265001899383e-01 2.023031784720329185e+00 3.703268011898158019e+00 6.094883453634242443e+00 6.094883453634242443e+00 6.094883453634242443e+00 6.094883453634242443e+00
-7.999729320948996580e+00 -5.373028563551562442e+00 -2.672150501924933419e+00 -9.666764499797427801e-01 2.635171869268520872e+00 3.188172615373837893e+00 3.259413038088614378e+00 4.173224841996663770e+00 3.006211078521373814e+00 1.302086867128622538e+00 -1.162670559462100739e+00 -2.969323896234196507e-03 1.260852912323270569e+00 3.446574053332458032e+00 6.077370687161793406e+00 6.077370687161793406e+00 6.077370687161793406e+00 6.077370687161793406e+00
-7.795056718646571348e+00 -6.109887498816524598e+00 -2.514977802083059988e+00 -5.550242062973170798e-01 2.368716473629390862e+00 3.296228297633508220e+00 3.321107223136596343e+00 4.315927606643873204e+00 2.726117597598347153e+00 6.845187018553188230e-01 -2.817045187151303587e+00 -1.724370035484484198e+00 1.274661920119644076e+00 3.263047356790934383e+00 5.969842672155336594e+00 5.969842672155336594e+00 5.969842672155336594e+00 5.969842672155336594e+00
-7.969526242275053463e+00 -6.239789981745465397e+00 -2.472370808620786065e+00 -1.207199929768352442e+00 2.223030582975563441e+00 3.264785285161201589e+00 3.334025055755267530e+00 4.149418535915576633e+00 2.308088348572031823e+00 -8.035936429477316123e-01 -2.909241614026747413e+00 -1.723112849737400198e+00 1.337180673403434383e+00 3.580949676143666771e+00 5.850177117873634813e+00 5.850177117873634813e+00 5.850177117873634813e+00 5.850177117873634813e+00
-7.880919202120185929e+00 -6.614595195348583978e+00 -2.290392788021140991e+00 -1.598000731926874973e+00 1.697000588653408526e+00 3.185879627371857925e+00 3.283800548375922279e+00 3.858594739443554911e+00 2.082578568284100484e+00 -4.096841964370016242e+00 -3.190355014391879074e+00 -1.226383564512038671e+00 1.357949130848137953e+00 3.751079940401335744e+00 5.762628943746384458e+00 5.762628943746384458e+00 5.762628943746384458e+00 5.762628943746384458e+00
-8.017002515428202969e+00 -7.441474814046808106e+00 -3.332478084590004830e+00 -2.566675489283005707e+00 6.362730091310255798e-01 3.104570168303478539e+00 3.276539610957154736e+00 3.183720693422599446e+00 1.593257957451842621e+00 -4.345346085032272931e+00 -2.750604158178981073e+00 -7.312979289000725025e-01 1.603396774580397199e+00 3.846732617956176270e+00 5.716844669711263371e+00 5.716844669711263371e+00 5.716844669711263371e+00 5.716844669711263371e+00
-8.260934218700121789e+00 -7.756639799951869030e+00 -5.538037649724421030e+00 -1.563768752937085393e+00 -1.161407730825623652e+00 2.377464582042549956e+00 3.080795966039616030e+00 2.877938659984068170e+00 1.189634777914157615e+00 -4.256356452903611753e+00 -2.238198173194243523e+00 1.254543508342876645e+00 2.012215800415339650e+00 4.115980688937227683e+00 5.597475592361710106e+00 5.597475592361710106e+00 5.597475592361710106e+00 5.597475592361710106e+00
-8.782415833721213261e+00 -7.661104047362006675e+00 -6.708369843554996770e+00 -3.298220463427733229e+00 -1.945579196430784696e+00 6.369708471367199198e-01 1.782381720287240068e+00 1.733703751042543928e+00 1.176905436195378574e+00 -1.773932688278148095e+00 -1.716355368181642138e+00 4.768060983203962211e-01 2.290927176125514109e+00 4.359455773638226894e+00 5.851675000705133911e+00 5.851675000705133911e+00 5.851675000705133911e+00 5.851675000705133911e+00
-8.876677694477855596e+00 -8.379120618754768657e+00 -7.360072405410220675e+00 -5.201097270779599491e+00 -2.398051956277050145e+00 -1.601784299286993951e+00 -1.621583658775931081e-01 9.275766305872424899e-01 8.381258816616906637e-01 4.590195228629272428e-01 -2.294155753108979567e+00 -3.582224938270527348e-01 1.903514922932262321e+00 4.456163630751098559e+00 5.830010858081147163e+00 5.830010858081147163e+00 5.830010858081147163e+00 5.830010858081147163e+00
-9.227685334387015104e+00 -8.441228402111009999e+00 -8.020204277816837646e+00 -7.454612997682933617e+00 -5.749014483806876186e+00 -3.078553015140713001e+00 -1.945248088530701969e+00 -2.435708696487217662e+00 1.210706325104553699e-01 6.564194482076471937e-01 -3.138236020699625151e+00 -6.565577807840385915e-01 1.262156915858540396e+00 4.134650472436486091e+00 5.728929858591158109e+00 5.728929858591158109e+00 5.728929858591158109e+00 5.728929858591158109e+00
-1.030998352121901362e+01 -8.897718905006316348e+00 -8.643361677388172737e+00 -8.338396492793808790e+00 -7.597612548975693159e+00 -6.707055111589273366e+00 -5.101104506728729504e+00 -2.837398423950459048e+00 -2.501984742065391121e+00 -2.017751542789220309e+00 -1.222896254635297941e+00 -1.114999312353993854e+00 5.867334039067115814e-01 4.053648703112774143e+00 5.632331593240388123e+00 5.632331593240388123e+00 5.632331593240388123e+00 5.632331593240388123e+00
-1.034449569446530859e+01 -1.005351626315752966e+01 -9.578969186920604173e+00 -9.151807598140106137e+00 -8.864862641602904603e+00 -7.311028234926579827e+00 -5.697930145700847326e+00 -5.614851180317821822e+00 -4.667256960216841222e+00 -3.486043314201600740e+00 -2.130420212106889366e+00 -2.358702414327916053e+00 2.928493829102776780e-01 4.398168503794877893e+00 5.515554041213596825e+00 5.515554041213596825e+00 5.515554041213596825e+00 5.515554041213596825e+00
-1.053171609505495887e+01 -1.014248571544045951e+01 -9.763773606794408977e+00 -9.466184975153867143e+00 -9.138272659850617430e+00 -7.871169878908377271e+00 -6.059812722086022951e+00 -5.846762143822298086e+00 -4.980996877886300744e+00 -4.111292815854664440e+00 -2.779454180899015636e+00 -2.051848791146706930e+00 2.287860446682496163e-01 4.313384528880086499e+00 5.464161502697122863e+00 5.464161502697122863e+00 5.464161502697122863e+00 5.464161502697122863e+00
-1.053351584473525548e+01 -1.037707044177238558e+01 -9.981481308731362745e+00 -9.538295315447633982e+00 -9.285954148672820097e+00 -8.333131616968547206e+00 -6.152385490756071107e+00 -5.869192258278559393e+00 -5.154365495314828571e+00 -3.878730451582971916e+00 -2.806788870002952851e+00 -2.643504015824399644e+00 1.413470982152038868e-01 3.497075309679142929e+00 5.361239615111199619e+00 5.361239615111199619e+00 5.361239615111199619e+00 5.361239615111199619e+00
-1.052190666878398062e+01 -1.046052208323427024e+01 -9.943699872933962070e+00 -9.602441558140922595e+00 -9.291400880700065201e+00 -8.464879419721492937e+00 -6.296908733446894502e+00 -6.094139557865394075e+00 -5.167945765718432227e+00 -3.734928903659983312e+00 -3.491916363173384497e+00 -2.624209952960818271e+00 -1.505903529817377295e-01 3.331250883740994873e+00 5.253627985968887693e+00 5.253627985968887693e+00 5.253627985968887693e+00 5.253627985968887693e+00
-1.057334988462899616e+01 -1.034812625072464698e+01 -9.999601595243840180e+00 -9.684540121503925292e+00 -9.349081375004541172e+00 -8.764492674623946655e+00 -6.808021891736627751e+00 -6.057222794482115980e+00 -5.529305315422353040e+00 -4.084852705167431708e+00 -3.572569133137199593e+00 -2.541205220152602084e+00 1.999757258846324853e-02 3.322739819498689684e+00 5.577014581743918065e+00 5.577014581743918065e+00 5.577014581743918065e+00 5.577014581743918065e+00
-1.063159541907681849e+01 -1.030389150205740734e+01 -9.982539903107712220e+00 -9.692714656594871414e+00 -9.405423124233417198e+00 -8.895573491310285519e+00 -7.133205551364531161e+00 -5.906395164015881605e+00 -5.804932432215945681e+00 -4.712712028435977807e+00 -3.592842903604760885e+00 -2.635206791110130897e+00 -1.728941120376925600e-01 3.060725740122521632e+00 5.440351751770671207e+00 5.440351751770671207e+00 5.440351751770671207e+00 5.440351751770671207e+00
-1.064480883711538439e+01 -1.031084644655027205e+01 -1.001425193818653980e+01 -9.754521913172865766e+00 -9.432068480191610149e+00 -9.011882197179346576e+00 -7.526019882075281053e+00 -5.817613755143659304e+00 -5.621676492677164738e+00 -5.326527384087203387e+00 -3.014624513211808576e+00 -2.906965050963902453e+00 -1.023786952156641450e-01 3.017497552933302796e+00 5.412763209691012989e+00 5.412763209691012989e+00 5.412763209691012989e+00 5.412763209691012989e+00
-1.063309921273818404e+01 -1.039942252375781706e+01 -1.001788403431973684e+01 -9.745896672852705223e+00 -9.408590226995093175e+00 -8.960885714944675229e+00 -7.617276020772400180e+00 -6.095263918582687346e+00 -5.763212758428553961e+00 -5.258868865220441613e+00 -3.416576195147297934e+00 -2.456326694118415865e+00 1.480872502233172294e-01 2.827939114390864539e+00 5.304639766073716345e+00 5.304639766073716345e+00 5.304639766073716345e+00 5.304639766073716345e+00
-1.077927554400517707e+01 -1.039143139105622460e+01 -1.005882882543909140e+01 -9.842596660088320348e+00 -9.451356743910727332e+00 -8.998354265672576346e+00 -7.945490574412590767e+00 -6.075953524421319862e+00 -5.822539999740761196e+00 -5.373774956357422639e+00 -3.661579177389023165e+00 -2.372431499596686422e+00 2.479186161412568201e-01 3.174180698374875043e+00 5.231137622203479332e+00 5.231137622203479332e+00 5.231137622203479332e+00 5.231137622203479332e+00
-1.068846257030267566e+01 -1.040339364176383441e+01 -1.008754119694133600e+01 -9.908361208982467971e+00 -9.486988460222466557e+00 -9.173347070032075834e+00 -8.033481779015763991e+00 -5.801217750441347576e+00 -5.936973436108434754e+00 -5.077293129570549901e+00 -3.557872236801173926e+00 -1.416293709388121158e+00 1.589093524546683067e-01 2.982430281249067505e+00 5.034080769976940317e+00 5.034080769976940317e+00 5.034080769976940317e+00 5.034080769976940317e+00
