-1.013609597392909478e+01 -1.009185665593238390e+01 -1.003781532043686830e+01 -9.734865263857155782e+00 -9.414352741765220856e+00 -9.123822004497874616e+00 -8.630102771438282971e+00 -7.557911230129698232e+00 -5.840516080653497255e+00 -4.347423869537858643e+00 -4.238342038278802626e+00 -2.169261305139618567e+00 -8.697108099368638934e-01 2.492140434861419784e+00 5.167324916587115347e+00 5.167324916587115347e+00 5.167324916587115347e+00 5.167324916587115347e+00
-1.015957783725081320e+01 -1.012030678837652786e+01 -9.944226333209361002e+00 -9.819328898302911668e+00 -9.525358079818513346e+00 -9.071563334428438097e+00 -8.390303225587565805e+00 -7.300749551526044989e+00 -5.657721859663753072e+00 -4.494591894971714297e+00 -4.144809453179502334e+00 -2.143755527477967604e+00 -7.460401113456127664e-01 2.642826231062144426e+00 5.329119378888981906e+00 5.329119378888981906e+00 5.329119378888981906e+00 5.329119378888981906e+00
-1.023833842477077560e+01 -1.014948823394989041e+01 -9.864674462664119403e+00 -9.619849542694344890e+00 -9.550303233129309177e+00 -9.259769717037150016e+00 -8.255368327569179598e+00 -7.230310405171835875e+00 -5.694965127466423915e+00 -4.389958016030123922e+00 -3.587457724220738609e+00 -2.243780348969854455e+00 -4.602281956549347797e-01 2.601664963916888951e+00 5.308823679500776827e+00 5.308823679500776827e+00 5.308823679500776827e+00 5.308823679500776827e+00
-1.031721042241647446e+01 -1.016586626358953005e+01 -1.003974042153679136e+01 -9.549176530880801650e+00 -9.359431253802075190e+00 -9.206714228301741798e+00 -8.379032243600308405e+00 -6.984560433161861148e+00 -5.569092129108626388e+00 -4.425205450977783173e+00 -2.611116275373693618e+00 -2.267293693356145834e+00 -1.003269721182611374e-01 2.449097402535063583e+00 5.340264592983031910e+00 5.340264592983031910e+00 5.340264592983031910e+00 5.340264592983031910e+00
-1.028601522002900737e+01 -1.026661800992964579e+01 -1.005977250017448910e+01 -9.726325436689702286e+00 -9.215400217566246610e+00 -8.900668427073885169e+00 -8.329380062929491402e+00 -6.876214207771103482e+00 -5.580478604353602989e+00 -3.539834148349853660e+00 -2.062575992432915228e+00 -6.324400581291075296e-01 4.859038409814588344e-01 2.697568043821232386e+00 5.217327058664064765e+00 5.217327058664064765e+00 5.217327058664064765e+00 5.217327058664064765e+00
-1.030967693649389538e+01 -1.013309565352516906e+01 -1.004476821704898803e+01 -9.919345902224995015e+00 -9.545440771827349735e+00 -8.903838505503884448e+00 -8.085724158746169010e+00 -6.865556925891433515e+00 -5.111358258586836456e+00 -1.865735136676708539e+00 -1.037082887914601903e+00 -1.859063959636073626e-01 7.514936604408694043e-01 2.468155378356765794e+00 5.185647146837782273e+00 5.185647146837782273e+00 5.185647146837782273e+00 5.185647146837782273e+00
-1.032820508708162777e+01 -1.020656030049572927e+01 -1.004993460245519366e+01 -9.744454443573395963e+00 -9.494885770274095194e+00 -8.736879204100040042e+00 -7.828875053549439578e+00 -6.742835384749672478e+00 -2.191418297082760702e+00 -1.546641882181349015e+00 2.509992680652802788e-01 1.444284239800851299e+00 1.502554304198703505e+00 3.564356071370644141e+00 5.063155714752318737e+00 5.063155714752318737e+00 5.063155714752318737e+00 5.063155714752318737e+00
-1.049866822405323497e+01 -1.011461100962323023e+01 -9.943960166924746602e+00 -9.768003673837718281e+00 -9.310592464860336648e+00 -7.958694594883946927e+00 -7.039464872847500665e+00 -2.261348721857019850e+00 -1.361065075866446650e+00 2.155927941050460039e-01 1.487594411643268888e+00 2.296090910134144014e+00 1.561744355003196416e+00 4.501909777585983541e+00 5.387064431781332097e+00 5.387064431781332097e+00 5.387064431781332097e+00 5.387064431781332097e+00
-1.056274648520620651e+01 -1.031479733392260556e+01 -9.735603185364430701e+00 -9.200165001225366623e+00 -7.903695685907633717e+00 -7.811304533318998544e+00 -3.193376157553649008e+00 -1.812461637864906772e+00 2.159147975588140422e-01 1.832374914016724032e+00 2.262609913240630544e+00 3.087013492693758465e+00 3.520959451592038825e+00 4.945934523715554754e+00 7.377205608047548324e+00 7.377205608047548324e+00 7.377205608047548324e+00 7.377205608047548324e+00
-1.027340897676122466e+01 -9.883014882901166587e+00 -9.422822911191998330e+00 -8.369695045248917609e+00 -7.833314056319470531e+00 -4.380162624118733916e+00 -1.958831273102491943e+00 -1.015827281146790273e-02 1.949135552293411511e+00 2.481652996496833463e+00 3.270812339645056355e+00 3.601667549287290271e+00 5.123183044004313125e+00 5.128761215216850466e+00 6.436946997335603271e+00 6.436946997335603271e+00 6.436946997335603271e+00 6.436946997335603271e+00
-1.023188798811075095e+01 -9.366321011113258876e+00 -8.490877919852731992e+00 -8.505840887642374781e+00 -7.649399850271773715e+00 -2.055264624963117903e+00 -3.378270993134722122e-01 2.177752363392423618e+00 2.830324116236415222e+00 3.318400098088969408e+00 3.313105817581974311e+00 4.799383444509480512e+00 3.423685279791929936e+00 2.469051622666441848e+00 5.200532162058922658e+00 5.200532162058922658e+00 5.200532162058922658e+00 5.200532162058922658e+00
-9.321771271658734648e+00 -8.736526326072530324e+00 -7.898073409060041961e+00 -7.812638282056119543e+00 -3.198047180412911583e+00 -1.546994552905299081e+00 6.863260177655782224e-01 2.349961264456568610e+00 3.211605194160725762e+00 3.341347284735586953e+00 4.726643864831193476e+00 2.371720243005170481e+00 6.057337806621329035e-01 2.581689552668625431e+00 5.100807798917307956e+00 5.100807798917307956e+00 5.100807798917307956e+00 5.100807798917307956e+00
-9.824600128748452121e+00 -8.302015303833165660e+00 -7.216759856848994126e+00 -5.998116048038157011e+00 -2.222570991923207284e+00 8.200981269834980991e-02 2.391631838102949548e+00 3.280351968353331316e+00 3.486733213734338310e+00 4.336042443926752199e+00 4.731694505350501068e+00 -2.071149025318784753e-01 3.782056630316624757e-01 2.557745365148797578e+00 5.599672948381942739e+00 5.599672948381942739e+00 5.599672948381942739e+00 5.599672948381942739e+00
-9.833245157408219583e+00 -7.633509023674975857e+00 -5.579478363010338171e+00 -2.193616062493592533e+00 -1.042061599838526975e+00 1.826005065989781961e+00 3.195098348139422395e+00 3.398975483804287823e+00 3.549414890928871635e+00 5.120661431924200535e+00 2.208074076391203455e+00 -1.744065613422673078e+00 2.704741294507126415e-01 2.784496316282615069e+00 5.358467044108712329e+00 5.358467044108712329e+00 5.358467044108712329e+00 5.358467044108712329e+00
-9.526646611234268036e+00 -7.635555417497831066e+00 -3.196388562939761258e+00 -2.373683630062321193e+00 5.226401900429569203e-01 2.728552198723319666e+00 3.267561136204626848e+00 3.330835496842396548e+00 3.794954254170779251e+00 5.923460674813901150e+00 4.357561364610893939e+00 -6.711462211906235042e-01 4.215465714109517537e-01 2.832520429463087019e+00 5.610235730182517422e+00 5.610235730182517422e+00 5.610235730182517422e+00 5.610235730182517422e+00
-9.258154801376711873e+00 -5.965827770117872575e+00 -2.863728327382894623e+00 -1.451448373404888414e+00 1.637126809625509161e+00 3.173288564373470066e+00 3.262171877109713680e+00 3.270527738522253980e+00 4.326795548922332202e+00 6.087442613058407836e+00 6.199831499283078529e+00 1.763312261020050009e+00 4.082555089826930828e-01 2.856905146984552779e+00 6.274712702526958452e+00 6.274712702526958452e+00 6.274712702526958452e+00 6.274712702526958452e+00
-8.394279575696629081e+00 -4.778421473302419287e+00 -1.612074842161635768e+00 -1.369343832420752138e-01 1.727946516308655589e+00 3.335811009197538368e+00 3.387523328894126440e+00 3.492182953976702642e+00 4.348778069804124513e+00 4.970742009075581613e+00 4.691484084759711237e+00 4.912421089002592112e+00 4.283481999280028596e+00 2.949618320286454320e+00 5.851189467939168942e+00 5.851189467939168942e+00 5.851189467939168942e+00 5.851189467939168942e+00
-7.218781934230009689e+00 -4.347314840180956708e+00 -1.351749365413859927e+00 2.593906163548655996e-01 2.453142903337863334e+00 2.845472970403046808e+00 3.527667273493530598e+00 3.997162150721862872e+00 4.329421352907989018e+00 3.325489574255855452e+00 3.268806207629636695e+00 3.283018999028747942e+00 4.099917742034143053e+00 5.282163189658802160e+00 6.146400382348111258e+00 6.146400382348111258e+00 6.146400382348111258e+00 6.146400382348111258e+00
-7.934881857992048815e+00 -4.548031735021226929e+00 -1.590321950392409533e+00 7.198264709308913600e-01 2.777678898573597177e+00 3.401738705664779427e+00 3.456040024131777244e+00 4.194977564852873542e+00 3.970439513657085584e+00 1.802548295935707312e+00 1.051363825502970917e+00 1.499399986803173102e+00 2.877601489876157714e+00 4.564586269927962014e+00 6.099368488176773795e+00 6.099368488176773795e+00 6.099368488176773795e+00 6.099368488176773795e+00
-7.916046988450695210e+00 -4.999478981265779609e+00 -1.461233093642675396e+00 8.311890668913555213e-01 2.900130520954641522e+00 3.393818866424628933e+00 3.439277007579868872e+00 4.366732796111415738e+00 3.248156091674728962e+00 1.430634729775068337e+00 -1.051513642249194858e+00 8.571000256190877131e-01 2.052597409388165595e+00 3.717029410491302865e+00 6.040721919281318186e+00 6.040721919281318186e+00 6.040721919281318186e+00 6.040721919281318186e+00
-7.833891618904952558e+00 -5.541657887596729282e+00 -1.710988959205524296e+00 8.475470853933108062e-01 2.851546322199471017e+00 3.347658268343016719e+00 3.373098846331870071e+00 4.348329121114137941e+00 3.146335725583355281e+00 1.379621602699144134e+00 -1.037791424250707140e+00 8.055725654871512265e-02 1.328590164012183994e+00 3.489971674046857153e+00 6.124859545260616045e+00 6.124859545260616045e+00 6.124859545260616045e+00 6.124859545260616045e+00
-7.845544663579767430e+00 -6.369395535134416697e+00 -1.610639085809747462e+00 1.025074146973164346e+00 2.561024166052729978e+00 3.483522543772100022e+00 3.464478383047637333e+00 4.431502436415724944e+00 2.824321762118688461e+00 5.552704420338134828e-01 -2.851258737333760340e+00 -1.823549715375392344e+00 1.222150901628625386e+00 3.332802694186522530e+00 6.078530501874746861e+00 6.078530501874746861e+00 6.078530501874746861e+00 6.078530501874746861e+00
-8.115890009166569996e+00 -6.032681202880829652e+00 -1.645323704036078638e+00 7.808233622955749187e-01 2.530857272209443121e+00 3.423981153812431621e+00 3.465687871724589808e+00 4.320695803901926979e+00 2.397920493361226590e+00 -1.204334313898874909e+00 -2.866408665391261046e+00 -1.729683257311908307e+00 1.349368722197337611e+00 3.599413061777906986e+00 6.024600969692226471e+00 6.024600969692226471e+00 6.024600969692226471e+00 6.024600969692226471e+00
-7.843758358576444323e+00 -6.877654546364230015e+00 -2.362720093020382439e+00 3.338787183691681593e-01 2.252682619483625803e+00 3.368621056207052877e+00 3.408951646057398754e+00 4.041607550087164213e+00 2.019561983069522171e+00 -4.205688431653442194e+00 -3.139531567810822654e+00 -1.308578460323701842e+00 1.256535327312037653e+00 3.863831525329041838e+00 5.978780003596855686e+00 5.978780003596855686e+00 5.978780003596855686e+00 5.978780003596855686e+00
-8.138289367670992647e+00 -7.481436544318863291e+00 -3.290277714347135340e+00 -4.151221277696787171e-01 2.065012980446203184e+00 3.267836040533937503e+00 3.410594402287919547e+00 3.323554652480529725e+00 1.582454099689136751e+00 -4.375265304851845727e+00 -2.875635677193007389e+00 -1.041818479845090017e+00 1.631335179602534602e+00 3.856985920039599947e+00 5.907024002419119846e+00 5.907024002419119846e+00 5.907024002419119846e+00 5.907024002419119846e+00
-8.174474689762991630e+00 -7.700918960889876708e+00 -5.113960460092899396e+00 -1.113940118244038935e+00 7.710067929963938527e-01 2.657263498210613140e+00 3.235369864252408689e+00 2.948072887978157475e+00 1.018179554006957588e+00 -4.376584587146902017e+00 -2.158024874044931707e+00 1.005164468732721028e+00 2.006210451186086097e+00 4.187414592347308506e+00 5.874839123466363944e+00 5.874839123466363944e+00 5.874839123466363944e+00 5.874839123466363944e+00
-8.810685554158961708e+00 -7.677385350537144326e+00 -7.117201975150386772e+00 -2.527905631537472608e+00 -5.657437789424045738e-01 7.955743811586789560e-01 1.963562561915111582e+00 1.855095959116974669e+00 1.013492357926967680e+00 -2.413343783075552640e+00 -2.481434983299808383e+00 4.600442932167508325e-01 2.403711374209685836e+00 4.353942220920705708e+00 5.765014941618217037e+00 5.765014941618217037e+00 5.765014941618217037e+00 5.765014941618217037e+00
-9.080892529620498976e+00 -8.557592506455890202e+00 -7.472184956565189218e+00 -4.882264747654413206e+00 -2.015110873804996761e+00 -1.024262656669019389e+00 -6.993850038434680227e-01 2.998973195953146820e-01 1.369810628286384779e-01 -3.457512775422675766e+00 -2.582897131550376812e+00 -1.489299286104402764e+00 1.981366576368650767e+00 4.447540355808782486e+00 5.743576253635565898e+00 5.743576253635565898e+00 5.743576253635565898e+00 5.743576253635565898e+00
-9.322890563788979179e+00 -8.743255377895058800e+00 -8.026389056308795844e+00 -7.413923759629054366e+00 -6.057370360964071665e+00 -4.052763319477604931e+00 -1.894792579579368974e+00 -1.350168259179478580e+00 -1.736040554658414559e+00 -1.754078954233376342e+00 -3.588329818827478146e+00 -1.020788824701809094e+00 1.662967673616569275e+00 4.164677051850379286e+00 5.585437179003399422e+00 5.585437179003399422e+00 5.585437179003399422e+00 5.585437179003399422e+00
-1.040930888007115840e+01 -9.017185551042302905e+00 -8.861061351188560309e+00 -8.490225209550386509e+00 -7.608081484467081879e+00 -6.668691525032875766e+00 -5.756370949014447902e+00 -4.820217325178685286e+00 -4.652773991674056475e+00 -4.307239834790508759e+00 -2.940362679466853812e+00 -1.342985616443101993e+00 8.132340314949512150e-01 4.178176689630322294e+00 5.441846019113283361e+00 5.441846019113283361e+00 5.441846019113283361e+00 5.441846019113283361e+00
-1.049969930568902043e+01 -1.005804181164468858e+01 -9.629081919619807195e+00 -9.248669571921400490e+00 -8.865635822285787171e+00 -7.230492968818025723e+00 -5.722553925791634910e+00 -5.772440159941097271e+00 -5.152322272102088263e+00 -4.736778247998232771e+00 -3.073653067568825836e+00 -1.829423681380454525e+00 5.515373249918719134e-01 4.472202024291995315e+00 5.280962719586884013e+00 5.280962719586884013e+00 5.280962719586884013e+00 5.280962719586884013e+00
-1.061150935555315478e+01 -1.026805096036566312e+01 -9.845859810940904566e+00 -9.638861522705843399e+00 -9.257046036070303074e+00 -7.942989674975847514e+00 -5.913107459802679600e+00 -5.992683713889832120e+00 -5.144079002410689050e+00 -4.947776205008054262e+00 -2.828141365188180156e+00 -2.450528746358405119e+00 3.255768032145803237e-01 4.312867266258670007e+00 5.496297411082209372e+00 5.496297411082209372e+00 5.496297411082209372e+00 5.496297411082209372e+00
-1.063657111519358622e+01 -1.027995226538370055e+01 -9.990967732212510555e+00 -9.731294768603921952e+00 -9.393181596765842301e+00 -8.425268095649490974e+00 -5.994793339941600685e+00 -5.755377910159237054e+00 -5.324896177814078868e+00 -4.743888143984618999e+00 -3.194928883982514289e+00 -1.889248350589955994e+00 7.608582939529171529e-01 3.561541355085285243e+00 5.171042544686454967e+00 5.171042544686454967e+00 5.171042544686454967e+00 5.171042544686454967e+00
-1.053381717309564358e+01 -1.034979261137528894e+01 -9.920827575006736510e+00 -9.723407472818411890e+00 -9.407055578012498032e+00 -8.650600253377964677e+00 -6.150213237381096931e+00 -6.239610723694800853e+00 -5.448291685727147282e+00 -4.644597720567967158e+00 -3.051834649984551451e+00 -1.640523951269499792e+00 7.710265993495996062e-01 3.433610909820708379e+00 5.552399011834365794e+00 5.552399011834365794e+00 5.552399011834365794e+00 5.552399011834365794e+00
-1.053755007171379532e+01 -1.039406522324798487e+01 -9.980302882557753108e+00 -9.823033376960758289e+00 -9.436892943553591095e+00 -8.815329874094757656e+00 -6.706861525315238381e+00 -6.093406266668811355e+00 -5.626535439998489707e+00 -4.680789226201120812e+00 -3.008712895371956630e+00 -2.710929524481356268e+00 5.115310180292733655e-01 3.521538209244204243e+00 5.721826693296302224e+00 5.721826693296302224e+00 5.721826693296302224e+00 5.721826693296302224e+00
-1.066822967767874530e+01 -1.029602785914510754e+01 -1.003171278513055498e+01 -9.738834889546467366e+00 -9.425999747587880506e+00 -8.982640434608487823e+00 -6.924195603607016913e+00 -5.933538751706521452e+00 -5.915835816518849377e+00 -5.055535786982108704e+00 -2.920282810015325747e+00 -2.940058711009652992e+00 4.985689100492227688e-01 3.120975672377009680e+00 5.521648574845831270e+00 5.521648574845831270e+00 5.521648574845831270e+00 5.521648574845831270e+00
-1.064766166474808529e+01 -1.034313351373988255e+01 -1.008201542610248502e+01 -9.785381843087161968e+00 -9.463757434187941797e+00 -9.044727421517359645e+00 -7.483340094272109333e+00 -5.890858595908514239e+00 -5.678161993643517036e+00 -5.314651179065497111e+00 -3.572895439825849451e+00 -2.670769013436041117e+00 8.211191307595819833e-01 3.148156763515604695e+00 5.599518330892811591e+00 5.599518330892811591e+00 5.599518330892811591e+00 5.599518330892811591e+00
-1.069646410642006096e+01 -1.040844126669800218e+01 -1.007736144121926003e+01 -9.801636950458355813e+00 -9.524099848586883965e+00 -8.952991641355280805e+00 -7.758814247348754911e+00 -6.215816811961675903e+00 -5.909812119470476688e+00 -5.372204852185934243e+00 -3.908505427208540439e+00 -2.826119157191977482e+00 6.797475868034535962e-01 3.028669752138366089e+00 5.399340212442341524e+00 5.399340212442341524e+00 5.399340212442341524e+00 5.399340212442341524e+00
-1.073078928635499096e+01 -1.038814886613081789e+01 -1.006477682409812857e+01 -9.893399574707933297e+00 -9.596611541678802482e+00 -9.057746095860080615e+00 -7.923876318008702846e+00 -6.054708167042163858e+00 -5.978770805749971551e+00 -5.475129972174982207e+00 -3.600865371847049357e+00 -2.298436583376493481e+00 5.739848023412261885e-02 3.092767745541439073e+00 5.346545083344642180e+00 5.346545083344642180e+00 5.346545083344642180e+00 5.346545083344642180e+00
-1.070619959858723824e+01 -1.041693879930487299e+01 -1.009652257696950528e+01 -9.818018723134533943e+00 -9.586241334567469963e+00 -9.167648641824184708e+00 -8.169321753834266175e+00 -5.883936847953528115e+00 -5.959884654697433781e+00 -5.385925243751382041e+00 -3.269998512333856855e+00 -2.266290757919258159e+00 -2.478143661086682770e-01 3.039037571561141959e+00 5.282828840145066707e+00 5.282828840145066707e+00 5.282828840145066707e+00 5.282828840145066707e+00
