-1.054233829004865264e+01 -1.023230055517854531e+01 -9.969485801971289973e+00 -9.614288606594630693e+00 -9.294481339369131234e+00 -8.946215239734186753e+00 -8.201599323821103127e+00 -6.537021288887043369e+00 -3.991593264062402557e+00 -3.827319132404308988e+00 -2.488554263186405713e+00 -4.126964445123403880e-01 1.563830048574015974e+00 2.109224941267377140e+00 5.524153305526725788e+00 5.524153305526725788e+00 5.524153305526725788e+00 5.524153305526725788e+00
-1.044429502589041370e+01 -1.014318103800047943e+01 -9.995040769114684309e+00 -9.761313129873659733e+00 -9.374795968140102076e+00 -8.836455459281175706e+00 -7.946997711332948633e+00 -5.969978113248195051e+00 -4.184903088017515316e+00 -4.260041035202656090e+00 -1.704662904164448989e+00 1.090130773613779275e-01 1.700639924904683964e+00 2.076732056736436682e+00 5.429027731957712710e+00 5.429027731957712710e+00 5.429027731957712710e+00 5.429027731957712710e+00
-1.029840032654598048e+01 -9.849783365453708583e+00 -9.946838124306458084e+00 -9.866892521920258119e+00 -9.508286134787809374e+00 -8.922291746374499510e+00 -7.914480061697057423e+00 -5.631795384788659042e+00 -2.916566229264699217e+00 -3.717803065690558739e+00 -9.284067028434755953e-01 1.099493673911102476e-01 2.163967266723088478e+00 2.097806757706985437e+00 5.725848382406088177e+00 5.725848382406088177e+00 5.725848382406088177e+00 5.725848382406088177e+00
-1.041692683807608333e+01 -1.017300725471480227e+01 -9.686737858012872238e+00 -9.398168095199636696e+00 -9.377945243130751507e+00 -9.010348563212028594e+00 -7.764126093911275284e+00 -4.610992046275072198e+00 -2.854765857603428714e+00 -2.391383052080472638e+00 -7.052100100683683648e-01 4.454383308936771257e-01 2.178869686448463128e+00 2.122684294720122988e+00 5.058154112911073419e+00 5.058154112911073419e+00 5.058154112911073419e+00 5.058154112911073419e+00
-1.051744158993705014e+01 -1.020319346641543312e+01 -9.960353976142274135e+00 -9.465201930202017166e+00 -8.932375705171262226e+00 -8.582859753093918798e+00 -7.115808361795217252e+00 -4.112914217948604900e+00 -3.446986594600294218e+00 -3.420629403212512187e+00 -6.379661252465795851e-01 1.282240649907901542e+00 1.706005059267432955e+00 2.351153090643006038e+00 5.025090322511720942e+00 5.025090322511720942e+00 5.025090322511720942e+00 5.025090322511720942e+00
-1.024105287201601833e+01 -1.013817566245611879e+01 -1.017038675022925176e+01 -9.786414564411391126e+00 -9.206380944352771323e+00 -8.248396485414168922e+00 -6.607974032560553823e+00 -4.924023370419877921e+00 -3.962985393694312908e+00 -2.258995011487456850e+00 -3.260004912068404370e-01 1.367921853430924983e+00 1.600226109916782935e+00 2.142543677622917198e+00 4.635954180362601207e+00 4.635954180362601207e+00 4.635954180362601207e+00 4.635954180362601207e+00
-1.050512120793692183e+01 -1.019483174270695258e+01 -1.004129988231808568e+01 -9.689661963661970745e+00 -9.189092533208537361e+00 -8.246755622854092138e+00 -5.264293181262866383e+00 -5.164287700289904137e+00 -3.535443047964600183e+00 -1.303612756420306829e+00 8.051000647014628919e-01 1.880265489821604019e+00 1.737144974026191502e+00 2.995768023899360255e+00 4.454118141843003364e+00 4.454118141843003364e+00 4.454118141843003364e+00 4.454118141843003364e+00
-1.038693502470572305e+01 -1.023101782808197946e+01 -1.008864074745644501e+01 -9.629903157527364144e+00 -9.087946379071603076e+00 -7.929571486990031559e+00 -4.082934403677879409e+00 -4.698672443080949890e+00 -3.162922650385214141e+00 -9.560302251879914115e-01 1.258655701131095483e+00 1.984159743328179903e+00 1.905886683806172099e+00 4.277188564083198585e+00 5.479438973311767214e+00 5.479438973311767214e+00 5.479438973311767214e+00 5.479438973311767214e+00
-1.047030569864226024e+01 -9.993258809298069423e+00 -9.628668329607465992e+00 -9.522143008890123994e+00 -8.428843917011020537e+00 -6.888396022776603900e+00 -3.677215011423575763e+00 -4.867902829246530949e+00 -2.043076565959051294e+00 -3.312936714328590382e-01 1.911597044323867234e+00 2.593616040325974925e+00 3.226803243139870325e+00 4.673853423143791375e+00 5.587259277726605688e+00 5.587259277726605688e+00 5.587259277726605688e+00 5.587259277726605688e+00
-1.058160684277650354e+01 -1.011061218492547731e+01 -9.291941737821009184e+00 -8.431059626881289404e+00 -7.567812356108262861e+00 -5.530376745866623978e+00 -2.589185625353423781e+00 -3.954791063876691659e+00 -9.881581093664253412e-01 6.251406029133514952e-01 2.699407385764601486e+00 3.334215544272411069e+00 4.882758209082151524e+00 4.924698097594450985e+00 5.690115717423669395e+00 5.690115717423669395e+00 5.690115717423669395e+00 5.690115717423669395e+00
-1.028821583074913093e+01 -9.689617460060990339e+00 -8.947100413647440575e+00 -8.465726792625895669e+00 -6.778166148021959714e+00 -4.308031998148668329e+00 -3.769007389947661490e+00 -2.420725453936370730e+00 -1.155320324414899763e-01 2.021320040822280895e+00 2.820333969476925606e+00 4.511687133221969681e+00 3.066298560173221777e+00 2.201836424710102325e+00 5.725414827986903710e+00 5.725414827986903710e+00 5.725414827986903710e+00 5.725414827986903710e+00
-9.935515032355263898e+00 -9.166162122948662727e+00 -8.577049092577318845e+00 -7.783287204300694206e+00 -5.988249496930082572e+00 -3.082209552222970217e+00 -3.787276578993089782e+00 -2.272536722681767429e+00 4.784486187717376104e-01 3.116223566049173943e+00 4.403469429471824625e+00 3.724776449427765534e+00 2.029221954549002227e+00 2.466029968693455032e+00 5.811240022988540588e+00 5.811240022988540588e+00 5.811240022988540588e+00 5.811240022988540588e+00
-9.547551240009710227e+00 -8.811891307044872335e+00 -7.928154192195536076e+00 -6.755490495407605600e+00 -4.973012967050668642e+00 -2.376419345609010136e+00 -3.997091500178927781e+00 -7.100408085621401355e-01 1.575982486949636829e+00 3.871331838256964808e+00 4.501226424261350445e+00 2.062950447186524539e+00 1.249189501977869377e+00 2.376057560589434736e+00 5.591028589803253013e+00 5.591028589803253013e+00 5.591028589803253013e+00 5.591028589803253013e+00
-9.902860701543081845e+00 -8.181320958985992320e+00 -7.232687518086430956e+00 -5.771232933990138037e+00 -3.813328899893136725e+00 -2.039623374972822312e+00 -3.038076173846081751e+00 1.147852705051533723e-01 3.190443007885735760e+00 4.864649101060983583e+00 3.239420443840447916e+00 -1.955338794148948622e+00 4.011356413730106096e-01 2.457225924476852175e+00 5.505832661560587482e+00 5.505832661560587482e+00 5.505832661560587482e+00 5.505832661560587482e+00
-9.726893628491568577e+00 -7.761063250214998988e+00 -6.337585100749786093e+00 -4.846603575720095591e+00 -2.712355528766973389e+00 -2.017229703096773630e+00 -2.214731549920364806e+00 1.030636787146468336e+00 3.327949539820961533e+00 5.436953669386610954e+00 4.334058991961129870e+00 -1.059868611236507441e+00 9.914738402296114916e-01 2.420476543622793741e+00 5.538338308554466849e+00 5.538338308554466849e+00 5.538338308554466849e+00 5.538338308554466849e+00
-9.036093258049387344e+00 -7.317175867768085595e+00 -5.705646871927061881e+00 -3.875409412163828282e+00 -3.275840847478602491e+00 -2.242038347651515551e+00 -1.583650454878540170e+00 2.574666361031296535e+00 3.967218332530251246e+00 5.999092210938978376e+00 5.850273336510976918e+00 1.955672871058905748e+00 7.195764128567567752e-01 2.646222614362335079e+00 5.514381657244728174e+00 5.514381657244728174e+00 5.514381657244728174e+00 5.514381657244728174e+00
-8.853931132051384267e+00 -6.855207797785762835e+00 -5.113910835132878141e+00 -3.178351630538731598e+00 -3.437081736041635693e+00 -2.818135031864709816e+00 -5.598821674764788980e-01 3.278895197956633645e+00 4.125205526792939281e+00 4.992756418511681282e+00 4.515804500668457067e+00 4.512874234888800906e+00 3.502384454677083703e+00 3.170964061557952185e+00 5.532380508089825177e+00 5.532380508089825177e+00 5.532380508089825177e+00 5.532380508089825177e+00
-8.260256735095524050e+00 -6.604934252197935507e+00 -4.967817170255355741e+00 -2.872952873518109129e+00 -2.552552752482820875e+00 -3.151460075492904522e+00 7.062109037155611668e-02 3.810416391304992434e+00 3.875542909659477342e+00 3.152862212453347635e+00 3.203614431540599217e+00 3.101490401584544365e+00 3.864347753543416530e+00 5.036117845392266368e+00 5.633261373089093915e+00 5.633261373089093915e+00 5.633261373089093915e+00 5.633261373089093915e+00
-7.753369028580637590e+00 -6.604367864670596333e+00 -4.760616763951285080e+00 -2.840105513612626531e+00 -1.776533304810247182e+00 -1.956958041677150817e+00 8.699968011397284373e-01 3.697865333616599415e+00 3.635037720948703921e+00 1.791878933204174906e+00 1.631062182883345590e+00 1.677399501080134137e+00 2.685418523260409085e+00 4.251209646938564291e+00 5.365401934392615146e+00 5.365401934392615146e+00 5.365401934392615146e+00 5.365401934392615146e+00
-7.841599720318285449e+00 -6.422018142943324293e+00 -4.845527968204984326e+00 -2.868601903030334910e+00 -1.309877870400661726e+00 -4.296778955564317659e-01 2.329333579234008411e+00 3.886239525134215889e+00 3.010139170011933984e+00 1.595751922175038029e+00 1.184782353138296607e+00 1.220954983364167301e+00 1.923153195770883173e+00 3.614048483721319371e+00 5.429090184836617539e+00 5.429090184836617539e+00 5.429090184836617539e+00 5.429090184836617539e+00
-8.228751996767787347e+00 -6.439708853778547848e+00 -4.759261785459385941e+00 -2.777195906002839720e+00 -1.441878678350024146e+00 -2.116189115312046565e-01 3.129834967542317159e+00 3.913469083508123170e+00 2.882947072070769501e+00 1.511292096816773345e+00 9.234752434011662681e-01 7.197213040224486047e-01 1.278045600188846942e+00 3.212154598704624053e+00 5.410150415976654692e+00 5.410150415976654692e+00 5.410150415976654692e+00 5.410150415976654692e+00
-8.179469932151434364e+00 -6.933684495963619909e+00 -4.791125373294915946e+00 -2.682033568878773977e+00 -1.831248966258990141e+00 -7.846697453956664736e-01 1.707509092925282967e+00 3.965197390950730760e+00 2.667773410663581757e+00 1.356927549574740599e+00 -1.255226811756471994e+00 -1.583373968458270831e+00 1.173441307303196623e+00 3.053097566916341599e+00 5.386193764666913353e+00 5.386193764666913353e+00 5.386193764666913353e+00 5.386193764666913353e+00
-8.235620830120140567e+00 -7.019424177678072141e+00 -5.296918429796823702e+00 -2.987946947928810104e+00 -2.417958953709921754e+00 -1.390483731316474625e+00 3.120878915109661089e-01 3.793658138916995881e+00 2.234043448189635850e+00 1.112570517396018532e+00 -2.348422662359569646e+00 -1.484698556853004447e+00 1.150236964888811997e+00 3.390787604411410250e+00 5.412177301709228061e+00 5.412177301709228061e+00 5.412177301709228061e+00 5.412177301709228061e+00
-8.161993193355776555e+00 -7.368318731688790812e+00 -5.585026131020986107e+00 -3.834623417876799945e+00 -2.093809959552860978e+00 -1.477149888058818750e+00 -1.266105776676497152e+00 3.467907573871220173e+00 2.094537843586450343e+00 7.711053053424040682e-01 -2.479885591462160033e+00 -1.151903398378780752e+00 1.201354591051871257e+00 3.635792595842623598e+00 5.429821778058744997e+00 5.429821778058744997e+00 5.429821778058744997e+00 5.429821778058744997e+00
-8.198285187831471532e+00 -7.287886781324900198e+00 -6.060983011452986347e+00 -4.653891204823354499e+00 -2.959562242948495570e+00 -1.577691724704905152e+00 -1.701252650666050137e+00 1.128831344347331456e+00 2.400311700237404811e+00 -3.385669589432882987e+00 -2.270164983161358840e+00 -6.275021415183749118e-01 1.460088977230653562e+00 3.734373585879464219e+00 5.341465096071149610e+00 5.341465096071149610e+00 5.341465096071149610e+00 5.341465096071149610e+00
-8.313224152902000341e+00 -7.739221707797590888e+00 -6.357370464773816288e+00 -5.209469413925011949e+00 -3.963197909441102063e+00 -2.064216702268159231e+00 -2.379971755990262228e+00 -1.779612511265349362e-03 2.247418412847360436e+00 -2.829009817705826713e+00 2.313939713747465987e-01 1.052880790660734256e+00 1.803498134805902264e+00 4.192637057463988626e+00 5.315768621044289155e+00 5.315768621044289155e+00 5.315768621044289155e+00 5.315768621044289155e+00
-8.765055402716441790e+00 -7.869684723137162052e+00 -6.828738025694478964e+00 -5.785684383530670161e+00 -4.652240564790739441e+00 -3.128126507281272062e+00 -2.226568379991967106e+00 -1.976524456479272107e+00 1.361535291937737480e+00 1.214600376085285260e+00 2.447134599605343963e-01 8.853249219331663644e-01 2.122567147536660315e+00 4.766893220001120035e+00 5.281962523398833653e+00 5.281962523398833653e+00 5.281962523398833653e+00 5.281962523398833653e+00
-9.127493742144814348e+00 -8.212323096980959747e+00 -7.324865966324338729e+00 -6.378314836676835853e+00 -5.402572120427237223e+00 -4.278773002285529259e+00 -2.176253470600624240e+00 -2.722385387241013532e+00 1.287873547590888124e-01 1.555965842895119744e+00 1.042259078538044115e+00 3.971885737127391347e-01 1.699523493078142877e+00 4.892277011103516315e+00 5.258005872089091426e+00 5.258005872089091426e+00 5.258005872089091426e+00 5.258005872089091426e+00
-9.418903334883221845e+00 -8.524856096714241716e+00 -7.840957781045521990e+00 -7.183845529897279647e+00 -6.377388114814987574e+00 -5.198671643745497839e+00 -2.683022961651166050e+00 -2.699423239011720099e+00 -1.732328575862655651e+00 1.438539070052751612e+00 1.287301932932845672e+00 9.188222759294770725e-01 9.932088400103895598e-01 4.068373954645126744e+00 5.235730147985167449e+00 5.235730147985167449e+00 5.235730147985167449e+00 5.235730147985167449e+00
-9.779378571078893856e+00 -8.955555564800842916e+00 -8.422737632708845013e+00 -7.943595007119716556e+00 -7.297672991658203046e+00 -6.383665160911741410e+00 -3.979576964940927830e+00 -2.665746833235805191e+00 -2.416967900496230115e+00 6.726218626744260298e-01 1.330027976568747494e+00 1.133146365263446587e+00 2.112601463969263071e-01 3.902402407974471465e+00 5.158539734768115892e+00 5.158539734768115892e+00 5.158539734768115892e+00 5.158539734768115892e+00
-1.018260043033598983e+01 -9.745756723912570862e+00 -9.240658561782906233e+00 -8.672729902352362075e+00 -8.096078065616554298e+00 -7.092787002333334812e+00 -5.044396214368083164e+00 -2.371830557790463700e+00 -3.261423716083318602e+00 2.307232057632480626e-01 1.304754977290777385e+00 1.203757913531938062e+00 6.178218674932745014e-01 4.555821487887455667e+00 5.210997216904704743e+00 5.210997216904704743e+00 5.210997216904704743e+00 5.210997216904704743e+00
-1.036836999460630615e+01 -9.981419073242729922e+00 -9.476268672359285716e+00 -9.044276807992474687e+00 -8.458350737673809405e+00 -7.469569920674850039e+00 -6.121904751271207701e+00 -2.717597425972215319e+00 -3.298638463227498541e+00 -1.355253266003929369e+00 1.238423547526497526e+00 1.235732465821582471e+00 8.858188539401405937e-01 2.929901236527262309e+00 5.177731282130751289e+00 5.177731282130751289e+00 5.177731282130751289e+00 5.177731282130751289e+00
-1.045610689949990757e+01 -1.010639764714073507e+01 -9.690924662850131099e+00 -9.247018768668489486e+00 -8.698354373604830769e+00 -7.810679343768227589e+00 -6.572581369815326369e+00 -3.685309901883319306e+00 -2.881144407027330878e+00 -2.848846368142607943e+00 9.292843520978233407e-01 1.256112548546140406e+00 9.375268943465875360e-01 2.209307975622874842e+00 5.153774630821018832e+00 5.153774630821018832e+00 5.153774630821018832e+00 5.153774630821018832e+00
-1.047072651740158733e+01 -1.012454718832958811e+01 -9.775341592728704398e+00 -9.364203266634142153e+00 -8.789038017526962676e+00 -7.989567660299195850e+00 -6.822136772025629625e+00 -4.976030086948585840e+00 -2.477954990288210091e+00 -3.569550166666601854e+00 3.972882609271994880e-01 1.186863040060980090e+00 9.557345528151590663e-01 2.348662867991308190e+00 5.129817979511274828e+00 5.129817979511274828e+00 5.129817979511274828e+00 5.129817979511274828e+00
-1.047373797872665691e+01 -1.016685726420272040e+01 -9.876936585291606008e+00 -9.456329432135913038e+00 -8.927863491988428990e+00 -8.203359030961179243e+00 -7.092021733927909466e+00 -5.316047528084135720e+00 -2.679948914985198272e+00 -3.688696081537452542e+00 -3.587891610025412126e-02 1.089663455453802055e+00 8.693047500164272634e-01 2.694412311060928822e+00 5.054308493500034416e+00 5.054308493500034416e+00 5.054308493500034416e+00 5.054308493500034416e+00
-1.051290551885501756e+01 -1.016453084993637468e+01 -9.864483815575905368e+00 -9.506787158708831953e+00 -9.033096870634548026e+00 -8.271631794433933038e+00 -7.181794793515638986e+00 -5.826841797870035755e+00 -3.266615044749484387e+00 -4.225772424935255955e+00 -1.350138480786736483e+00 1.000955308494903218e+00 9.684494795253617561e-01 2.237663998099325369e+00 5.087843730918834240e+00 5.087843730918834240e+00 5.087843730918834240e+00 5.087843730918834240e+00
-1.051291509072349228e+01 -1.020190955683347589e+01 -9.874718687797630068e+00 -9.546492875298589809e+00 -9.084118449860671518e+00 -8.460397503470598934e+00 -7.373145150611734699e+00 -5.955064492208130389e+00 -3.252198736494690046e+00 -3.098210353180081533e+00 -2.933116489649865155e+00 7.170141521269197682e-01 9.614177951423850121e-01 2.373447425757690965e+00 5.071819113656868439e+00 5.071819113656868439e+00 5.071819113656868439e+00 5.071819113656868439e+00
-1.054864251603621916e+01 -1.023210388955799566e+01 -9.912478739529857918e+00 -9.572508476611995221e+00 -9.165132818272773818e+00 -8.479864353323209869e+00 -7.440506701190956917e+00 -6.045928370904851690e+00 -3.865027256666963673e+00 -3.476439101496546780e+00 -3.434181602183135062e+00 2.998574599030942034e-01 8.620960448458059311e-01 2.388127347169671122e+00 5.049543389552950678e+00 5.049543389552950678e+00 5.049543389552950678e+00 5.049543389552950678e+00
-1.057894049205514619e+01 -1.026977350586672699e+01 -9.990191543532759511e+00 -9.605701350444897813e+00 -9.235998750433818572e+00 -8.537016320187099438e+00 -7.546053548564081837e+00 -6.023324610076079111e+00 -4.341156562303548405e+00 -3.436960840034984699e+00 -3.583753223895427276e+00 -2.233078766982091179e-02 6.609240827791716955e-01 2.445690598803361926e+00 5.025586738243200458e+00 5.025586738243200458e+00 5.025586738243200458e+00 5.025586738243200458e+00
-1.060650277308845446e+01 -1.030166076860204782e+01 -9.989138318108683023e+00 -9.643890692105356877e+00 -9.320576467156053369e+00 -8.725855432958299573e+00 -7.581230543192990723e+00 -6.061543839774890863e+00 -4.950516327837875430e+00 -3.292857459852672530e+00 -3.783547778085798008e+00 -2.964035777276019523e-01 5.410464105927774714e-01 2.567733184516496792e+00 4.916251705504766534e+00 4.916251705504766534e+00 4.916251705504766534e+00 4.916251705504766534e+00
