-1.044479522156056817e+01 -1.033377483812841113e+01 -1.004560923409350970e+01 -9.716051048340576202e+00 -9.445231794867428476e+00 -9.002194873148191334e+00 -8.308493427452511071e+00 -7.282290869393611921e+00 -4.823035504044871580e+00 -3.247491816571812961e+00 -1.720590927217721777e+00 -1.472353516332879142e+00 4.778258367938600371e-01 1.845233794364424806e+00 4.676433849688781841e+00 4.676433849688781841e+00 4.676433849688781841e+00 4.676433849688781841e+00
-1.043007289970527296e+01 -1.025004960722052871e+01 -1.004738456871009689e+01 -9.873295975763131338e+00 -9.493916496713698194e+00 -9.001153985824707604e+00 -8.244842703452230026e+00 -6.985432072452999464e+00 -4.709348940179602039e+00 -2.341605866458832175e+00 -2.269395040828551480e+00 -4.806055515118793503e-02 5.146588613871859730e-01 2.058509577397488410e+00 4.651349003633022505e+00 4.651349003633022505e+00 4.651349003633022505e+00 4.651349003633022505e+00
-1.037545286141587653e+01 -1.009660004929278720e+01 -9.749129315581157584e+00 -9.706318721528504057e+00 -9.595780278602182634e+00 -9.071611398925217173e+00 -8.160733032878477289e+00 -6.947892261585380425e+00 -4.273719946769409361e+00 -2.023265753260263367e+00 -2.900634088450459558e+00 1.954819113202516112e-02 -2.238459478862396823e-01 2.108679245725551876e+00 4.848328346353643958e+00 4.848328346353643958e+00 4.848328346353643958e+00 4.848328346353643958e+00
-1.033158473727045745e+01 -1.030815855308043894e+01 -9.924743466718169316e+00 -9.364042917675753586e+00 -9.215563858275924503e+00 -9.062723350498250952e+00 -8.282902124800967769e+00 -6.806287919944860931e+00 -3.315476591876517887e+00 -2.529110983137465851e+00 -1.522842949923320699e+00 -7.640315100069186571e-02 4.959287633177662524e-01 2.284240316134941828e+00 4.666415686754054271e+00 4.666415686754054271e+00 4.666415686754054271e+00 4.666415686754054271e+00
-1.062431642756721750e+01 -1.030130213410250839e+01 -9.931424574327197163e+00 -9.639655253165768656e+00 -9.111798462707266566e+00 -8.691809999149310073e+00 -8.158773707278770715e+00 -6.135905730414594750e+00 -2.776321255247141018e+00 -3.049738906117381187e+00 -5.601763297858587398e-01 4.395202393508973460e-02 1.434178984757839004e+00 2.369123095233813370e+00 4.432964654766317736e+00 4.432964654766317736e+00 4.432964654766317736e+00 4.432964654766317736e+00
-1.046663560714559438e+01 -1.003795941679365811e+01 -1.013562846507714355e+01 -9.934809837306026736e+00 -9.368850693281686404e+00 -8.683063317494461586e+00 -7.886036102786698088e+00 -5.195371345327936652e+00 -2.617931950145712339e+00 -2.565946440148993091e+00 -1.019019966804200622e-01 6.872193910921167159e-01 1.183898291398170599e+00 2.158133887660003136e+00 4.399558135344013188e+00 4.399558135344013188e+00 4.399558135344013188e+00 4.399558135344013188e+00
-1.047622993992870732e+01 -1.028213106601162785e+01 -9.944864338039590024e+00 -9.772188600945064252e+00 -9.350120818196140604e+00 -8.673445962071294701e+00 -7.665726570289528752e+00 -3.624994161191922082e+00 -3.238363830173333291e+00 -1.003136178236260445e+00 4.059047968270702855e-02 1.478670422467104784e+00 1.566918105889792079e+00 3.254842409937304559e+00 4.195383218747541498e+00 4.195383218747541498e+00 4.195383218747541498e+00 4.195383218747541498e+00
-1.055223246856268204e+01 -1.010285201794951604e+01 -9.971189062686438120e+00 -9.768760033134553211e+00 -9.202056393385500854e+00 -8.270114563546764330e+00 -5.824769867976370641e+00 -2.321916547890833904e+00 -2.772107468795077079e+00 1.350249522349949438e-01 1.372590713051963451e+00 2.057060404117177388e+00 1.761351155448496630e+00 4.330051783960260359e+00 4.892456427983322698e+00 4.892456427983322698e+00 4.892456427983322698e+00 4.892456427983322698e+00
-1.047334537162386958e+01 -1.021653804027154600e+01 -9.622162367998788213e+00 -9.036120421756104193e+00 -8.290777258440073183e+00 -7.026628897338472513e+00 -3.939236739622622885e+00 -3.294501251217292204e+00 -9.200537259473005047e-01 1.024840768880705077e+00 2.069076316315622943e+00 2.742310836678097719e+00 3.441714438531150666e+00 4.757433472927352192e+00 4.929062384524588225e+00 4.929062384524588225e+00 4.929062384524588225e+00 4.929062384524588225e+00
-1.024609181905956312e+01 -1.010463044600580673e+01 -9.521808276266432003e+00 -8.555277092317677301e+00 -7.448839967026216868e+00 -5.113036700036080795e+00 -2.343395216506408030e+00 -2.956029322919496938e+00 2.546616727907055622e-02 2.089966706808536578e+00 3.087159619409483469e+00 3.486525636819267859e+00 4.984638341427736208e+00 4.958075593243245649e+00 5.073002332218234045e+00 5.073002332218234045e+00 5.073002332218234045e+00 5.073002332218234045e+00
-1.019267872622940452e+01 -9.448203475396457662e+00 -8.756707018732170056e+00 -8.517460963234590565e+00 -6.781470233506903256e+00 -3.372982888083465358e+00 -3.493543355993849353e+00 -7.323621052752626870e-01 1.957318056332462586e+00 3.105230939588607519e+00 3.080640768415841446e+00 4.600345743624425054e+00 2.959766343583192238e+00 2.284574347688669071e+00 4.922834957749820717e+00 4.922834957749820717e+00 4.922834957749820717e+00 4.922834957749820717e+00
-9.872304177229608513e+00 -9.103953497378185489e+00 -8.237431434083442028e+00 -7.598856276107269991e+00 -4.806144170877802324e+00 -2.458371030656575140e+00 -2.612234552777573438e+00 3.732280045629805532e-01 2.923129217777524769e+00 3.182712709174548849e+00 4.440364639199176011e+00 3.774036681502240143e+00 1.272692150536648636e+00 2.482529613078416020e+00 4.771340107602573433e+00 4.771340107602573433e+00 4.771340107602573433e+00 4.771340107602573433e+00
-9.655187132683066054e+00 -8.603036638102933509e+00 -7.584855751076894137e+00 -6.016417619148482387e+00 -3.241563561191538767e+00 -3.371639899532301587e+00 -1.022661098691947795e-01 3.151508815621848481e+00 3.306145286564263763e+00 4.150857477480005109e+00 4.783177853584746231e+00 3.786250391193413806e-02 5.485053133357832289e-01 2.389404903087205767e+00 4.628113568078709328e+00 4.628113568078709328e+00 4.628113568078709328e+00 4.628113568078709328e+00
-1.011316529982731360e+01 -8.008082658169108470e+00 -6.539242885695037977e+00 -4.391467955163366632e+00 -2.494467713735438075e+00 -2.224816916653292065e+00 1.121148089443977369e+00 3.124247953753666707e+00 3.338044203815766053e+00 5.038793717395089189e+00 3.382747734418705132e+00 -1.910083161677843311e+00 3.996186530089881894e-01 2.590976585366833618e+00 4.650949495447276760e+00 4.650949495447276760e+00 4.650949495447276760e+00 4.650949495447276760e+00
-9.460363397657596707e+00 -7.496951688743203945e+00 -5.336262388586991534e+00 -3.027067186279792210e+00 -2.826778235673955031e+00 -1.977113863184614129e-01 3.117657844527931488e+00 3.178268011954968664e+00 3.656595888105845127e+00 5.677257321285098968e+00 4.502857570571693557e+00 -9.106634584523313203e-01 8.768561774048475588e-01 2.648649045959767800e+00 4.773493825372522537e+00 4.773493825372522537e+00 4.773493825372522537e+00 4.773493825372522537e+00
-9.203050837387220184e+00 -6.898519992557947234e+00 -4.352710517717861549e+00 -2.103329134950453039e+00 -1.806773853421699938e+00 9.987521409385964333e-01 3.044936410866784016e+00 3.112919801864718394e+00 4.216142652215838282e+00 6.265329106200244524e+00 6.166910449839101638e+00 1.965465094596219986e+00 6.290223393604357227e-01 2.758299109283085304e+00 4.915701161819683307e+00 4.915701161819683307e+00 4.915701161819683307e+00 4.915701161819683307e+00
-8.858998489115943897e+00 -5.992412042249419812e+00 -3.685013232387626569e+00 -2.432196439793488985e+00 -8.191570582298122183e-01 2.948583239171627124e+00 3.265643784372131986e+00 3.428031194141006210e+00 4.267226601290610155e+00 5.061555288265768837e+00 4.642838753350271297e+00 4.779578352547882325e+00 3.608558685544446920e+00 3.395973537712531076e+00 4.846915800894423754e+00 4.846915800894423754e+00 4.846915800894423754e+00 4.846915800894423754e+00
-7.749682090751657704e+00 -5.718685300676879635e+00 -3.235746118302924579e+00 -2.141351810347554174e+00 -4.532412631037381345e-01 2.715264809700040693e+00 3.536987746373123187e+00 3.913057803032104154e+00 4.099494806824126591e+00 3.212724053006664082e+00 3.290099792778690801e+00 3.145319492917419524e+00 3.954121029956118250e+00 5.107267328394599737e+00 4.679029929709894731e+00 4.679029929709894731e+00 4.679029929709894731e+00 4.679029929709894731e+00
-7.457845267217441787e+00 -5.830048366711483077e+00 -2.943166824201647991e+00 -1.554836206954211431e+00 1.457457753493412445e-01 3.079474915727682394e+00 3.136175147415197983e+00 3.921607321318807848e+00 3.792821651890094792e+00 1.743956472296233073e+00 1.369960458740447917e+00 1.458343071085100640e+00 2.785041027923963686e+00 4.370959681350471193e+00 4.579167684117849468e+00 4.579167684117849468e+00 4.579167684117849468e+00 4.579167684117849468e+00
-8.209530219841713716e+00 -5.857709032998299925e+00 -2.565296108621290205e+00 -1.110604387816592764e+00 1.556045924220892607e+00 3.104437019516909313e+00 3.175182764144829584e+00 4.091210333463473958e+00 3.228829562937284514e+00 1.532215732591181823e+00 -9.473398228145539779e-01 8.720063131311005522e-01 1.953940376378420218e+00 3.667270081060067799e+00 4.668226381713964201e+00 4.668226381713964201e+00 4.668226381713964201e+00 4.668226381713964201e+00
-8.155155803225042632e+00 -5.821974675503361674e+00 -3.154658594674212502e+00 -1.465114126420625773e+00 1.274173405423773442e+00 3.136980077760488150e+00 3.258466514199366504e+00 4.099421761500397388e+00 3.005653055173773236e+00 1.439884193069053353e+00 -3.972153230629490994e-01 9.289631010950068213e-02 1.276234662270572917e+00 3.323145717460513460e+00 4.814786441067047562e+00 4.814786441067047562e+00 4.814786441067047562e+00 4.814786441067047562e+00
-8.128401748282096051e+00 -6.248578529263467907e+00 -3.531259828604640827e+00 -2.181669773164069071e+00 -4.736292181713955968e-05 3.223360734920628357e+00 3.266748017046475994e+00 4.195450568050515194e+00 2.759424962360397249e+00 1.184394117233338095e+00 -2.785818729034234220e+00 -1.702733990633610750e+00 1.237624661342421106e+00 3.177189031710016209e+00 4.721849568450382506e+00 4.721849568450382506e+00 4.721849568450382506e+00 4.721849568450382506e+00
-8.049318028373352973e+00 -6.773153348727366740e+00 -3.782150384410391197e+00 -2.328545856903616151e+00 -1.853127358432422878e-01 3.182827809682017062e+00 3.262872831750385672e+00 4.007469542657537964e+00 2.377144115750041031e+00 1.229125664945630719e-01 -2.693955304118124339e+00 -1.593832721603198666e+00 1.312784190048835065e+00 3.483034652033575096e+00 4.650170274276517191e+00 4.650170274276517191e+00 4.650170274276517191e+00 4.650170274276517191e+00
-8.118742038383487625e+00 -7.089291285293406020e+00 -4.584735651770194487e+00 -2.508704833678631729e+00 -5.051339300297326140e-01 2.435904330710719989e+00 3.226345080972556012e+00 3.740244119261217914e+00 2.176060891066196934e+00 -3.214852056947290926e+00 -2.940874504008676116e+00 -1.300719201580922357e+00 1.302198286763317725e+00 3.703736144687768572e+00 4.506567327844745563e+00 4.506567327844745563e+00 4.506567327844745563e+00 4.506567327844745563e+00
-7.841193176189127811e+00 -7.195024208928360032e+00 -5.270712543390427385e+00 -3.183275296853282033e+00 -9.879522494158284873e-01 4.507372866106365561e-01 3.214048478507965267e+00 3.041863026325128949e+00 2.073501875756141644e+00 -4.184902903827863341e+00 -2.828241304755682695e+00 -6.008829419024078744e-01 1.582332649557314008e+00 3.711256572257641828e+00 4.547588310481947005e+00 4.547588310481947005e+00 4.547588310481947005e+00 4.547588310481947005e+00
-8.351597267115371537e+00 -7.697101758258472870e+00 -6.265179464114642549e+00 -4.034430104490575708e+00 -2.376351194193044858e+00 -6.825215677881764087e-01 2.756428700180989511e-01 2.865925169810764395e+00 1.390977428220876444e+00 -3.744769996941812451e+00 -1.603954311855365411e+00 1.109276474391661438e+00 1.901777364369765966e+00 4.184969140423958400e+00 4.685027047870808481e+00 4.685027047870808481e+00 4.685027047870808481e+00 4.685027047870808481e+00
-8.868587335237011260e+00 -7.823368203531193998e+00 -6.849670470006801182e+00 -5.231510212909251223e+00 -3.419264265397786051e+00 -1.775572712993070068e+00 -7.797897181824824386e-01 -2.686358484965256643e-01 2.069693653401801114e+00 -9.417311832057295717e-01 -4.288976355124892725e-01 -1.771036718072606653e-01 2.129368121703500094e+00 4.468876368841432800e+00 4.605364593538363138e+00 4.605364593538363138e+00 4.605364593538363138e+00 4.605364593538363138e+00
-9.090842350466088462e+00 -8.305694915889317187e+00 -7.580052113346440912e+00 -6.093761615155584010e+00 -4.501893074852920229e+00 -3.133631303083316499e+00 -1.601228679472742611e+00 -1.290240114209265432e+00 3.803342774439154583e-01 1.516574776753803144e+00 -3.360799555048958887e-01 6.362693234031234490e-02 1.843419665986614664e+00 4.477392785484112459e+00 4.524836671492422191e+00 4.524836671492422191e+00 4.524836671492422191e+00 4.524836671492422191e+00
-9.370556603436355658e+00 -8.593061470369375954e+00 -8.061104664900637928e+00 -7.357861098624574936e+00 -6.136381112605366006e+00 -4.445268266310972827e+00 -2.664394743177603164e+00 -2.234150189765010452e+00 -1.150995864038944383e+00 1.570427861442564632e+00 3.418893960218652439e-01 -2.543864892628136531e-01 1.479331834558884839e+00 4.108372558849291423e+00 4.433966971571656757e+00 4.433966971571656757e+00 4.433966971571656757e+00 4.433966971571656757e+00
-1.014824300089023090e+01 -9.098065283874360532e+00 -8.696660456137713879e+00 -8.315931868231881907e+00 -7.490023906102669216e+00 -6.625840370738295348e+00 -4.245641713819717999e+00 -2.399049648101060139e+00 -1.792997549045947547e+00 -3.053228019933963422e-01 1.335557145165168436e+00 2.642348640255901548e-01 -4.629329195032169109e-01 3.988731810772842223e+00 4.633703938545314038e+00 4.633703938545314038e+00 4.633703938545314038e+00 4.633703938545314038e+00
-1.035077452409566234e+01 -9.932640846648755684e+00 -9.462047425988796334e+00 -9.087001513843702583e+00 -8.541426380485269476e+00 -7.406889651147270826e+00 -5.759988041527432046e+00 -3.230339084877343225e+00 -2.805751361951666301e+00 -2.539272453687053677e+00 -6.382509755589550748e-02 1.169812012240633026e+00 -4.001553904724456379e-01 4.445410920283674905e+00 4.632868994353931846e+00 4.632868994353931846e+00 4.632868994353931846e+00 4.632868994353931846e+00
-1.051342273376859993e+01 -1.005282085754494936e+01 -9.643126674291385925e+00 -9.292071842292241257e+00 -8.920411772355798519e+00 -7.885382911252245108e+00 -6.339123469573257452e+00 -4.805528912339223524e+00 -3.498450416858791989e+00 -2.824880049886054678e+00 -1.792609974759408420e+00 5.011062006727504681e-01 -5.067065627565074948e-01 3.934155353082526396e+00 4.497557181577123586e+00 4.497557181577123586e+00 4.497557181577123586e+00 4.497557181577123586e+00
-1.048679103615755537e+01 -1.020495757284579952e+01 -9.847309338580803484e+00 -9.451535978184057996e+00 -9.040547940572155383e+00 -8.173575689043129699e+00 -6.669668317877690100e+00 -5.584983241925909780e+00 -3.822028577090418544e+00 -2.990188394378813896e+00 -2.546771262707693051e+00 2.623960704508766784e-02 5.375293318378464580e-01 3.066274755176424005e+00 4.419627341650118169e+00 4.419627341650118169e+00 4.419627341650118169e+00 4.419627341650118169e+00
-1.051037722626336013e+01 -1.025491619541901045e+01 -9.909212198945992256e+00 -9.538188317835411212e+00 -9.173617340514717000e+00 -8.323874543688694061e+00 -6.984117655562261717e+00 -5.776652617938191625e+00 -4.657695059142150207e+00 -2.496407157672834387e+00 -2.582847222961830891e+00 -1.423060595932927885e-01 7.543751489739463079e-01 2.710365719306389032e+00 4.409973291605318479e+00 4.409973291605318479e+00 4.409973291605318479e+00 4.409973291605318479e+00
-1.054153179803629570e+01 -1.029916506748359595e+01 -1.008062900801638762e+01 -9.573898651772136503e+00 -9.206424852212279575e+00 -8.541898187943434806e+00 -7.275881930581538093e+00 -5.851984415770098202e+00 -5.486412436656603830e+00 -3.400335067480588336e+00 -1.442746876338209638e+00 -1.012107927875918412e+00 3.745179998534631793e-01 2.596920124871551216e+00 4.343011184177731465e+00 4.343011184177731465e+00 4.343011184177731465e+00 4.343011184177731465e+00
-1.059199470724619196e+01 -1.028260975760132112e+01 -9.921254096466883610e+00 -9.624530980932831881e+00 -9.445993197352571258e+00 -8.645818721938081097e+00 -7.429247567986113410e+00 -5.962770942752557701e+00 -5.744949514060171403e+00 -4.096327768967690020e+00 -2.091409718134745077e+00 -1.702531585762228961e+00 3.989954000540796297e-02 2.281550395219630989e+00 4.516384019441907149e+00 4.516384019441907149e+00 4.516384019441907149e+00 4.516384019441907149e+00
-1.061949491279389157e+01 -1.028518743801968860e+01 -1.005959890500052722e+01 -9.720299934657004925e+00 -9.298086183370399382e+00 -8.777024088986252082e+00 -7.541232791284597781e+00 -5.814586415890907745e+00 -5.347913488695290596e+00 -4.145760085311609444e+00 -2.346215663026153475e+00 -2.144455446463298109e+00 -1.671903010612742491e-01 2.173868938916788451e+00 4.433649857707957054e+00 4.433649857707957054e+00 4.433649857707957054e+00 4.433649857707957054e+00
-1.066927610338852261e+01 -1.045278773256579896e+01 -1.004513682653092665e+01 -9.730368675704754722e+00 -9.385083506461075586e+00 -8.776028888386846916e+00 -7.587340483855882667e+00 -5.985951824632149254e+00 -5.278364781802009631e+00 -3.857888064610872192e+00 -5.059812475372522655e+00 -1.939021500276654209e+00 -4.838316578812531521e-01 2.116774752497002421e+00 4.314418011807822140e+00 4.314418011807822140e+00 4.314418011807822140e+00 4.314418011807822140e+00
-1.076207416104154113e+01 -1.041468621130070460e+01 -1.001958367896862789e+01 -9.727094002206214896e+00 -9.457263141396808237e+00 -8.824656712783953694e+00 -7.651431228502207915e+00 -6.026892595043343626e+00 -5.354389301388660982e+00 -3.411280840042752338e+00 -3.833547093957172081e+00 -2.777185904477423861e+00 -5.441991293111254624e-01 2.268365897243825202e+00 4.336563344037308809e+00 4.336563344037308809e+00 4.336563344037308809e+00 4.336563344037308809e+00
-1.070759604423681743e+01 -1.045148601552861578e+01 -1.002725004865937919e+01 -9.738733032776558218e+00 -9.454277201793345853e+00 -8.981682822255161014e+00 -7.671184796256035554e+00 -5.784875213445687336e+00 -5.362760203663606617e+00 -3.685582426621385466e+00 -3.982636966784943944e+00 -2.159731196733102099e+00 -6.444098215199169921e-01 2.271675406731201274e+00 4.323754514835528084e+00 4.323754514835528084e+00 4.323754514835528084e+00 4.323754514835528084e+00
