-1.043448900199519258e+01 -1.029648742950572426e+01 -9.954510069681884232e+00 -9.641226706760278375e+00 -9.314010854305980303e+00 -8.956085554368222290e+00 -8.330419550583462396e+00 -7.260072146004540983e+00 -4.986728021371298780e+00 -2.338448426152963666e+00 -2.439188114622385051e+00 -3.650629512043388480e-01 7.488798406356370618e-01 1.804754569967784494e+00 5.115296761937543124e+00 5.115296761937543124e+00 5.115296761937543124e+00 5.115296761937543124e+00
-1.034021064378133659e+01 -1.007907019910808977e+01 -9.961796394744908412e+00 -9.801767042858525514e+00 -9.449610266948852200e+00 -8.903824102593329570e+00 -8.172365205203776739e+00 -6.825720759746640276e+00 -4.307730436196095525e+00 -2.428193939143930891e+00 -1.616198517295184267e+00 2.665216621865100499e-02 1.678578227527820044e+00 1.962099357193125782e+00 5.038667363891443429e+00 5.038667363891443429e+00 5.038667363891443429e+00 5.038667363891443429e+00
-1.027760066372849934e+01 -9.966628643297170242e+00 -9.793202695080193365e+00 -9.769224146163875133e+00 -9.561737699966693427e+00 -9.052651803207007575e+00 -8.108683594807118311e+00 -6.787057440964531452e+00 -3.543493833961239403e+00 -3.254524990174119559e+00 -6.940283368594959423e-01 2.998941835670650424e-01 1.104015602616601477e+00 1.954895062571035513e+00 4.700019192804235857e+00 4.700019192804235857e+00 4.700019192804235857e+00 4.700019192804235857e+00
-1.034619110846479195e+01 -1.027099345908644068e+01 -9.792569284777943750e+00 -9.268105599546418105e+00 -9.183515193332317139e+00 -9.043179836027789520e+00 -8.169945039752937177e+00 -6.446254178045244032e+00 -2.621749444744995827e+00 -3.145211395690704848e+00 -5.970439644402649737e-01 7.540072306788423440e-01 9.889031852734375683e-01 2.183354872190775620e+00 4.879896519473225780e+00 4.879896519473225780e+00 4.879896519473225780e+00 4.879896519473225780e+00
-1.052010929893654279e+01 -1.024929889669111560e+01 -9.856264456690229991e+00 -9.564095459799261789e+00 -9.002646304195819127e+00 -8.644445652664595414e+00 -8.130647388047577806e+00 -5.289034363919173032e+00 -2.586084952251960889e+00 -3.060314919036282610e+00 -3.795564572613773224e-01 3.648016956917810028e-01 1.846519653581250697e+00 2.308607662647972791e+00 4.811507437985587110e+00 4.811507437985587110e+00 4.811507437985587110e+00 4.811507437985587110e+00
-1.037040917691050979e+01 -9.950969944010058299e+00 -1.012175479914355947e+01 -9.854513007416082715e+00 -9.319797139186006163e+00 -8.568412372109419195e+00 -7.624871288771786659e+00 -4.079698764563450375e+00 -3.765446862996049582e+00 -1.668020224266475893e+00 1.918739588600990587e-01 3.050079738106125093e-01 1.428613526734048289e+00 2.142589318138794496e+00 4.441562866706748380e+00 4.441562866706748380e+00 4.441562866706748380e+00 4.441562866706748380e+00
-1.044405307881601175e+01 -1.025593365523438827e+01 -9.901821568504313831e+00 -9.734481065486749074e+00 -9.304134658997579521e+00 -8.530023178099900960e+00 -7.323945710923551289e+00 -2.962191488411151763e+00 -3.685360607717991233e+00 -5.324530506428650778e-01 1.119825014260242835e+00 1.595987878613161826e+00 1.598840063442451997e+00 3.334278762004361685e+00 4.341681144158141770e+00 4.341681144158141770e+00 4.341681144158141770e+00 4.341681144158141770e+00
-1.048019405473266730e+01 -1.006404359685336658e+01 -9.950524514876345705e+00 -9.723748120314377630e+00 -9.171276095612007850e+00 -8.253153130546763805e+00 -4.895538862867901742e+00 -2.457347763378461281e+00 -2.799528127118338539e+00 -1.136528053800464066e-01 1.516557513691961123e+00 2.004391189947528851e+00 1.782725455629161182e+00 4.349360162269350738e+00 5.124744231528909566e+00 5.124744231528909566e+00 5.124744231528909566e+00 5.124744231528909566e+00
-1.044616928100655784e+01 -1.013172648870357584e+01 -9.553210319977946341e+00 -9.053116017643983326e+00 -8.237804888651286461e+00 -6.909009981541691658e+00 -3.804741088203616783e+00 -4.165985718251022263e+00 -9.165770233003918133e-01 1.088987312980306932e+00 2.069917813220856662e+00 2.710496158367531105e+00 3.404389480268200430e+00 4.798737295168153061e+00 5.023522249556201302e+00 5.023522249556201302e+00 5.023522249556201302e+00 5.023522249556201302e+00
-1.041723233517773650e+01 -1.007300242212396313e+01 -9.511609300269784129e+00 -8.417321661762073859e+00 -7.416760974101265447e+00 -5.387440267271647265e+00 -2.466429622848051562e+00 -3.613974334056112347e+00 -3.959277138715370375e-02 2.068544061820110525e+00 3.042026300949273399e+00 3.491322351925107093e+00 4.942709606983451742e+00 4.971687720296852575e+00 5.263070620576050906e+00 5.263070620576050906e+00 5.263070620576050906e+00 5.263070620576050906e+00
-1.022816199178702590e+01 -9.468298335510944241e+00 -8.918577711550330633e+00 -8.449051335315029831e+00 -6.867281431785962731e+00 -3.964089558414070513e+00 -3.883526849990303287e+00 -1.473277040089782108e+00 1.230290728518112608e+00 3.055268902231079942e+00 3.032693711364118805e+00 4.581200533231577943e+00 2.775748702870391327e+00 2.222896364427151106e+00 5.399263872841549627e+00 5.399263872841549627e+00 5.399263872841549627e+00 5.399263872841549627e+00
-9.905917957285442554e+00 -8.997400616447297494e+00 -8.209486090809647862e+00 -7.695710599393711604e+00 -5.284722384340209800e+00 -2.634653276294784519e+00 -3.071650602003060282e+00 2.450823415216966950e-02 2.783440213013015807e+00 3.080511541401015130e+00 4.451462310645920795e+00 3.784026749218273089e+00 1.952171362769623997e+00 2.460016329324321127e+00 5.146145389570472517e+00 5.146145389570472517e+00 5.146145389570472517e+00 5.146145389570472517e+00
-9.445911425451431143e+00 -8.547249591929015011e+00 -7.847726295323148804e+00 -6.196993078328647542e+00 -4.111506831290457242e+00 -2.741354732834732744e+00 -2.376430642493231105e+00 1.447052730947008259e+00 3.224146881626320571e+00 4.065202675521940812e+00 4.711258659326138520e+00 1.967661709097991984e+00 5.475451272259617141e-01 2.405673441125113499e+00 5.058772235689895425e+00 5.058772235689895425e+00 5.058772235689895425e+00 5.058772235689895425e+00
-1.002159831079011809e+01 -7.777522830838549339e+00 -6.706023721935299164e+00 -5.021946162759713062e+00 -3.013667172491287793e+00 -3.500118557746978887e+00 -3.617432408404663846e-01 2.929931320448432963e+00 3.279099688423508852e+00 5.019216909619649059e+00 3.320921188625519438e+00 -1.972848939026176973e+00 3.993971158546258948e-01 2.570659029766500847e+00 4.961172849938620288e+00 4.961172849938620288e+00 4.961172849938620288e+00 4.961172849938620288e+00
-9.408047835309211848e+00 -7.574508846651532679e+00 -5.697917977070950712e+00 -4.230494097159358979e+00 -2.066039356507079816e+00 -2.512257164497042616e+00 2.188939165094548056e-01 3.053935898699974949e+00 3.552167822286897092e+00 5.556564347799395343e+00 4.453499900502374764e+00 -7.803875662190242757e-01 9.786911886777616143e-01 2.596102280578037380e+00 5.241529628656977025e+00 5.241529628656977025e+00 5.241529628656977025e+00 5.241529628656977025e+00
-9.026622114532539598e+00 -6.841594477559558740e+00 -4.939046815579374083e+00 -3.218485661220137573e+00 -1.664785290965601572e+00 -1.490394423840249782e+00 2.996444043919931133e+00 2.979258666920129528e+00 4.170926102391131707e+00 6.229828406395151674e+00 6.089983603516819777e+00 1.943434560042368808e+00 6.223294099724786532e-01 2.769755587227011873e+00 5.142204318644689742e+00 5.142204318644689742e+00 5.142204318644689742e+00 5.142204318644689742e+00
-8.572714040025314119e+00 -6.450839275960777996e+00 -4.273572654078928501e+00 -2.373876560751448483e+00 -2.032645513436694085e+00 -1.236502023500967024e-01 3.122233413928570123e+00 3.203869372504463797e+00 4.262172222587269133e+00 5.084280617683095471e+00 4.601032157594877603e+00 4.722960051607950405e+00 3.933118853523217773e+00 3.243479017672271869e+00 5.252714903707321525e+00 5.252714903707321525e+00 5.252714903707321525e+00 5.252714903707321525e+00
-7.821705506092705207e+00 -6.010926131255871496e+00 -4.016564182912766512e+00 -1.692384547533737127e+00 -1.790805868540688905e+00 6.812712666971898479e-01 3.501868185659915866e+00 3.878014786317043328e+00 4.072466760377041695e+00 3.262901821752297593e+00 3.339705203412750123e+00 3.188108626855096883e+00 3.926753836104555084e+00 5.128797755973007355e+00 5.069656503704930373e+00 5.069656503704930373e+00 5.069656503704930373e+00 5.069656503704930373e+00
-7.557781526206558631e+00 -6.023959411577068934e+00 -3.640483604446549393e+00 -1.836438600182756176e+00 -6.764970055812258298e-01 3.025589397638024813e+00 3.130361972561006567e+00 3.878332143129403331e+00 3.812005020035716285e+00 1.748370368931765118e+00 1.491472646956001125e+00 1.530001777287834042e+00 2.803563509189316960e+00 4.271026885579916055e+00 5.007898697972502866e+00 5.007898697972502866e+00 5.007898697972502866e+00 5.007898697972502866e+00
-8.015481017785003104e+00 -6.016404443756586673e+00 -3.357517724525067138e+00 -1.712154716430493329e+00 -1.791451474992348913e+00 2.963794827337843607e+00 3.024021455628066679e+00 4.033126168265148692e+00 3.043865544854019056e+00 1.493838980680165296e+00 6.097781500370641483e-01 9.307159272254388327e-01 1.992211551112522905e+00 3.610265041692180876e+00 5.089141805515087214e+00 5.089141805515087214e+00 5.089141805515087214e+00 5.089141805515087214e+00
-8.162984823247874999e+00 -6.098178345942647738e+00 -3.406042804230720034e+00 -1.407944529976852488e+00 -9.621802512339387992e-01 3.078993075610658714e+00 3.102804880525183329e+00 4.044787127496763723e+00 2.949068710886327160e+00 1.370045459114629605e+00 4.355258335553900961e-01 3.814651152411028256e-01 1.262003708128717205e+00 3.284512088627447035e+00 5.205089860382186906e+00 5.205089860382186906e+00 5.205089860382186906e+00 5.205089860382186906e+00
-8.111006989082151009e+00 -6.291485141744876941e+00 -3.491513927019765262e+00 -1.612254203070788705e+00 -1.017275000114792327e+00 3.138228365343036952e+00 3.204815491876195743e+00 4.115888117522449541e+00 2.773996634490015545e+00 1.143641643215853376e+00 -2.543468867842689107e+00 -1.582167072917960216e+00 1.173531074057210244e+00 3.158861556243858448e+00 5.105764550369891630e+00 5.105764550369891630e+00 5.105764550369891630e+00 5.105764550369891630e+00
-8.091316087298718429e+00 -6.864983686695181220e+00 -4.423298725407370569e+00 -2.948227007778314146e+00 -1.890186774804301084e+00 8.490209851576677735e-01 3.155514647790175431e+00 3.942290501939070602e+00 2.313452361145301062e+00 6.767235110108233975e-01 -2.620856091305366675e+00 -1.539393323660685375e+00 1.234995391049691804e+00 3.463808047538231349e+00 5.088368572293153314e+00 5.088368572293153314e+00 5.088368572293153314e+00 5.088368572293153314e+00
-8.081173805899943829e+00 -7.125507352297611341e+00 -5.051955888988931775e+00 -2.932158647055532086e+00 -1.562706277583976622e+00 -2.978360161375306903e-01 3.150096669439654384e+00 3.760261464640435314e+00 2.035101694879680956e+00 -2.889144255216391066e+00 -2.658280453457044779e+00 -1.292173809590155154e+00 1.266959508642305554e+00 3.664587877093188784e+00 4.993167617839391781e+00 4.993167617839391781e+00 4.993167617839391781e+00 4.993167617839391781e+00
-7.893762769134576196e+00 -7.130694916087774615e+00 -5.325072215727082003e+00 -3.638850590818441866e+00 -2.393279508207399875e+00 -1.051605736881114028e+00 1.220005513855674684e+00 2.985378068466503887e+00 1.917868686953954960e+00 -3.788357197959046463e+00 -2.226869972778962925e+00 -4.611797793117933808e-01 1.539436884987465115e+00 3.743220329496272925e+00 5.045582417207789661e+00 5.045582417207789661e+00 5.045582417207789661e+00 5.045582417207789661e+00
-8.377738417364092527e+00 -7.600924123032802626e+00 -6.156234653200970186e+00 -4.740118955898307007e+00 -3.017834686649816689e+00 -2.339760720310484210e+00 -6.938830682493796198e-01 2.745709263062860117e+00 1.341713032938289585e+00 -3.275036296081040632e+00 -1.908925172755739363e-01 1.029839036277265141e+00 1.880403436646399751e+00 4.174724521227201279e+00 5.360012758477008532e+00 5.360012758477008532e+00 5.360012758477008532e+00 5.360012758477008532e+00
-8.762628543848901330e+00 -7.665868764995767748e+00 -6.703766773011732738e+00 -5.398921139122331070e+00 -3.849857253593226059e+00 -2.140527814921581395e+00 -1.772827699503545684e+00 5.662649258332104196e-01 1.814628502981987523e+00 -4.657071507427345547e-01 3.702910965070673743e-01 3.469793783861925274e-01 2.174804628400125672e+00 4.694422715715663941e+00 5.168650092107380800e+00 5.168650092107380800e+00 5.168650092107380800e+00 5.168650092107380800e+00
-9.083458055278526899e+00 -8.251199510596666897e+00 -7.463419296415359838e+00 -6.172909333534702725e+00 -4.934662769160992113e+00 -3.716733408417923545e+00 -2.206993781460106163e+00 -1.296075125883514589e+00 1.420704064794896304e+00 1.217004793395032980e+00 4.091280293610333740e-01 4.106862657740585898e-01 1.868222993827455936e+00 4.741672136353213496e+00 5.069324782095093518e+00 5.069324782095093518e+00 5.069324782095093518e+00 5.069324782095093518e+00
-9.372133399249669594e+00 -8.483676994574068431e+00 -7.932336554635452508e+00 -7.284601328616894023e+00 -6.233104587097045624e+00 -4.867650620227049529e+00 -2.927478865633474037e+00 -1.884692982196271682e+00 2.987856377378266259e-01 1.072970974855021797e+00 6.183814292000265889e-01 4.660329230570528503e-01 1.257284487062986900e+00 4.103245126857627767e+00 4.978816944671588196e+00 4.978816944671588196e+00 4.978816944671588196e+00 4.978816944671588196e+00
-1.000208067918498855e+01 -9.021149488938139172e+00 -8.573274260294873272e+00 -8.110748365823418737e+00 -7.395078599562182831e+00 -6.507933192406257561e+00 -4.413366577108519095e+00 -2.099823204693405998e+00 -1.674444666227000722e+00 8.741159144590342489e-01 8.573867687698435436e-01 9.737754440725499006e-01 1.570056629796021674e-01 3.965350813098246441e+00 5.029006333680426266e+00 5.029006333680426266e+00 5.029006333680426266e+00 5.029006333680426266e+00
-1.028725995471102550e+01 -9.843584593337279642e+00 -9.326176627087775728e+00 -8.857933461689659893e+00 -8.295937754712301881e+00 -7.258811875596500762e+00 -5.600645230836929223e+00 -3.824484156815968650e+00 -1.424524830710652612e+00 -3.206162461253598828e-01 1.053213682865991485e+00 1.112937152743151081e+00 2.333812204482139940e-01 4.440265542284723921e+00 5.396574230368997860e+00 5.396574230368997860e+00 5.396574230368997860e+00 5.396574230368997860e+00
-1.037911949000424983e+01 -1.001818048455925947e+01 -9.557864942044279388e+00 -9.164754637112576319e+00 -8.640729102695221542e+00 -7.655288714421519813e+00 -6.375554455315985081e+00 -4.753816377397312110e+00 -2.714784357178477325e+00 -1.748687866788437351e+00 1.197448801974504873e+00 6.734903035386325953e-01 8.106816307853248471e-01 3.934167182217384706e+00 5.231535633844876187e+00 5.231535633844876187e+00 5.231535633844876187e+00 5.231535633844876187e+00
-1.034731437360314565e+01 -1.011798261007540489e+01 -9.729152563757589078e+00 -9.320235255160220333e+00 -8.852430128636106232e+00 -7.951034975826304141e+00 -6.636989977018785680e+00 -5.354978237944553854e+00 -3.728181199341078500e+00 -1.972244179423050525e+00 -2.051782048248723123e-01 9.325178472531094886e-01 5.177430879720297252e-01 2.965421927141890901e+00 5.132210323832586241e+00 5.132210323832586241e+00 5.132210323832586241e+00 5.132210323832586241e+00
-1.041639647440828398e+01 -1.012591163644157710e+01 -9.603185239271581963e+00 -9.448125166873197145e+00 -8.946332905538977087e+00 -8.103879111171023553e+00 -6.870887463287233210e+00 -5.615855145650355595e+00 -4.142227514180631509e+00 -2.828099751988305322e+00 -2.937240061595254303e+00 7.820176660249338330e-01 4.958941746405795548e-02 2.589914968079252588e+00 5.032885013820290965e+00 5.032885013820290965e+00 5.032885013820290965e+00 5.032885013820290965e+00
-1.045676776886620374e+01 -1.015789299989605610e+01 -9.882940736920598823e+00 -9.543028206795172608e+00 -9.040467527063579922e+00 -8.317515738669740699e+00 -6.999206248463410773e+00 -5.750965998334445217e+00 -4.788966780212865260e+00 -3.220683639837188750e+00 -2.386989403773077001e+00 1.774573738213991170e-01 -1.476155472608011165e-01 2.772966187686692230e+00 5.005580563258814841e+00 5.005580563258814841e+00 5.005580563258814841e+00 5.005580563258814841e+00
-1.049780486939230428e+01 -1.020879309341074759e+01 -9.883845173639297599e+00 -9.525024834139248497e+00 -9.132515938187538040e+00 -8.428109206443988199e+00 -7.189422000218398168e+00 -5.754812811181330368e+00 -5.201972426132742910e+00 -3.810972971471269233e+00 -1.830382511078401775e+00 -2.943803759649910035e-01 -1.425082400524635973e-01 2.282562542958530116e+00 5.428511412033511618e+00 5.428511412033511618e+00 5.428511412033511618e+00 5.428511412033511618e+00
-1.050912179179779393e+01 -1.023497578714989231e+01 -9.934332755356845013e+00 -9.614054678838193979e+00 -9.175537314160328251e+00 -8.591121131050664772e+00 -7.326540690264435440e+00 -5.788013611245082402e+00 -5.030941545188268194e+00 -3.389797854787939713e+00 -2.975114107801472230e+00 -1.193702498807168499e+00 5.990593232667397183e-01 2.351417144068692622e+00 5.386458531939707584e+00 5.386458531939707584e+00 5.386458531939707584e+00 5.386458531939707584e+00
-1.052616995440254399e+01 -1.027691195900636423e+01 -9.929048326524641865e+00 -9.582665044246351016e+00 -9.267988732599594215e+00 -8.633236479411298347e+00 -7.369817815028826047e+00 -5.850548573162402732e+00 -5.083760560464955169e+00 -3.762884524833265409e+00 -3.038698314656665289e+00 -2.315685296560276107e+00 2.884068714412615364e-01 2.220501613900827564e+00 5.195095865570079852e+00 5.195095865570079852e+00 5.195095865570079852e+00 5.195095865570079852e+00
-1.058584641994337971e+01 -1.023782182333823698e+01 -9.952722604733578393e+00 -9.592259718818114678e+00 -9.303185734443861321e+00 -8.709104637559883955e+00 -7.517544212217950772e+00 -5.856468801721957718e+00 -5.176314021712782321e+00 -3.773699912428703396e+00 -3.841539615066421831e+00 -1.607312507445855854e+00 -2.549359735897915313e-01 2.169780593943866798e+00 5.097549556777838831e+00 5.097549556777838831e+00 5.097549556777838831e+00 5.097549556777838831e+00
-1.060352090233815758e+01 -1.025119741672671125e+01 -9.973602801964549514e+00 -9.646778764070321088e+00 -9.327334387889852252e+00 -8.890817625705919269e+00 -7.591642011348159969e+00 -5.840133328458009032e+00 -5.251373765600107824e+00 -3.850509847717576317e+00 -4.120272677698212149e+00 -2.185688384530395822e+00 -8.776430733683846519e-01 2.115584311373596815e+00 4.906956345406536357e+00 4.906956345406536357e+00 4.906956345406536357e+00 4.906956345406536357e+00
