-1.051984749779214212e+01 -1.023568210342417828e+01 -9.947988885986472241e+00 -9.600132519645320883e+00 -9.289010250490102649e+00 -8.923469087741148442e+00 -8.163112290779560354e+00 -6.437578832494354586e+00 -4.040384683072312910e+00 -3.808175917748184425e+00 -2.625344212747899864e+00 -4.793435068445395242e-01 1.749516405551653442e+00 2.141488299263816231e+00 5.689777358685267572e+00 5.689777358685267572e+00 5.689777358685267572e+00 5.689777358685267572e+00
-1.046967993053946877e+01 -1.012642347930007247e+01 -9.978425051857037431e+00 -9.747391955531536922e+00 -9.361137074000888347e+00 -8.803734035299717320e+00 -7.923551685033485725e+00 -5.954942245419028168e+00 -4.190486022396795462e+00 -4.278680760072320233e+00 -1.774551600405044116e+00 3.478201604354874688e-02 1.613176782853608771e+00 2.095581826656595315e+00 5.602742415316900981e+00 5.602742415316900981e+00 5.602742415316900981e+00 5.602742415316900981e+00
-1.023770129126565820e+01 -9.810875036502189062e+00 -9.977567614217164760e+00 -9.847147422732927424e+00 -9.506630168318746854e+00 -8.925145465799765532e+00 -7.881869578612518801e+00 -5.504154384065449435e+00 -2.889808020468565886e+00 -3.620070441770968817e+00 -9.347669442900481407e-01 -5.360874239885992515e-02 2.154139606194403811e+00 2.104587859051086696e+00 5.777321194059581444e+00 5.777321194059581444e+00 5.777321194059581444e+00 5.777321194059581444e+00
-1.041008320020434041e+01 -1.015636762931627146e+01 -9.684460709490195995e+00 -9.358286651508894494e+00 -9.374966769310425718e+00 -8.978603519527345256e+00 -7.685715820321696867e+00 -4.504901583005027632e+00 -2.927333551035048664e+00 -2.318721926562139046e+00 -7.398368663613867913e-01 3.871989668125864759e-01 2.165558107983119207e+00 2.149561401084713275e+00 5.219251763042237258e+00 5.219251763042237258e+00 5.219251763042237258e+00 5.219251763042237258e+00
-1.051160193794595443e+01 -1.017765873799742593e+01 -9.957393407779999706e+00 -9.454261849692775499e+00 -8.929477828515608451e+00 -8.592957962081754886e+00 -7.011264387232181150e+00 -4.170855518798677330e+00 -3.482842870356163356e+00 -3.206351810615406528e+00 -7.030784417208453263e-01 1.587320413743983138e+00 1.738893328418974704e+00 2.364214809740067036e+00 5.046552330800806452e+00 5.046552330800806452e+00 5.046552330800806452e+00 5.046552330800806452e+00
-1.025363442508247935e+01 -1.011595862733559414e+01 -1.016315727163943450e+01 -9.800469551385781131e+00 -9.208928951339744984e+00 -8.229598057998728677e+00 -6.480451524808523267e+00 -5.005401820143008607e+00 -3.957197588724518322e+00 -2.115725193484788935e+00 -4.244294896471280110e-01 1.387737348276318006e+00 1.598303467500103547e+00 2.147058579009519796e+00 4.676839304508304096e+00 4.676839304508304096e+00 4.676839304508304096e+00 4.676839304508304096e+00
-1.052486442560632796e+01 -1.017936933828967483e+01 -1.004338728220026944e+01 -9.681602242687976201e+00 -9.171899816765328950e+00 -8.210300471425625801e+00 -5.229070168948240394e+00 -5.277086122334958773e+00 -3.575214945318108128e+00 -1.312903117945859233e+00 4.370247483415838907e-01 1.873523037716503303e+00 1.729983764007756442e+00 2.998355361002486674e+00 4.398915118665552626e+00 4.398915118665552626e+00 4.398915118665552626e+00 4.398915118665552626e+00
-1.038330891791822275e+01 -1.024794440123997319e+01 -1.009403119818671613e+01 -9.595945122236249958e+00 -9.066464039270531572e+00 -7.888439603686357771e+00 -4.153416353791520521e+00 -4.741263741613765959e+00 -3.271983379204001174e+00 -9.540674684275833872e-01 1.432034921674909533e+00 2.026060529144588784e+00 1.908143506909240728e+00 4.275753394133314345e+00 5.678435870069579394e+00 5.678435870069579394e+00 5.678435870069579394e+00 5.678435870069579394e+00
-1.050512206838324403e+01 -1.000048599015713080e+01 -9.630188325214248835e+00 -9.538976618426513454e+00 -8.467312214274208770e+00 -6.899230587288764482e+00 -3.709205342416485252e+00 -4.896916516363829075e+00 -2.105075779834483019e+00 -3.146443786734047232e-01 1.850339258005880394e+00 2.581812707427690867e+00 3.222394824641187761e+00 4.671210390348583985e+00 5.571687685684080904e+00 5.571687685684080904e+00 5.571687685684080904e+00 5.571687685684080904e+00
-1.055312619459113499e+01 -1.005554306686291888e+01 -9.368259978964676549e+00 -8.421738474961953713e+00 -7.602918522691833658e+00 -5.535691909455648485e+00 -2.658160141230240470e+00 -3.868728114249011085e+00 -1.030922885952032519e+00 6.418710433990242326e-01 2.691646930882679811e+00 3.330097819729423314e+00 4.877029884243881952e+00 4.921311566003762294e+00 5.770817901116037874e+00 5.770817901116037874e+00 5.770817901116037874e+00 5.770817901116037874e+00
-1.028742120637713064e+01 -9.681024101794195147e+00 -8.907986351570844619e+00 -8.451640922256974164e+00 -6.780319630695471389e+00 -4.379543290494821051e+00 -3.677555928365314308e+00 -2.588962723790346310e+00 -7.524139957384343158e-02 1.944023005456907427e+00 2.826723876465642604e+00 4.491578269062447504e+00 3.097358187255344397e+00 2.181758673095340662e+00 5.773259608676166721e+00 5.773259608676166721e+00 5.773259608676166721e+00 5.773259608676166721e+00
-9.962032552259175944e+00 -9.164825413800436138e+00 -8.624308217742616023e+00 -7.732351608080377581e+00 -6.077959064255283650e+00 -3.233986645105078495e+00 -3.875208313543906158e+00 -2.391984361391696012e+00 3.285476886566645049e-01 3.086619509334790123e+00 4.354336717695504788e+00 3.715456454765755367e+00 1.991415451286346006e+00 2.439145257206844164e+00 5.793594106558737522e+00 5.793594106558737522e+00 5.793594106558737522e+00 5.793594106558737522e+00
-9.519185677465047846e+00 -8.827892004146033145e+00 -7.932811344405447329e+00 -6.808830953953201259e+00 -4.977153434244351971e+00 -2.360111454379422824e+00 -3.909056191613586861e+00 -8.828352904044256544e-01 1.484425014236386176e+00 3.869663881330899002e+00 4.472976725884540983e+00 2.053853509909552066e+00 1.691611258940387774e+00 2.376468395819089974e+00 5.546813871596008916e+00 5.546813871596008916e+00 5.546813871596008916e+00 5.546813871596008916e+00
-9.902992562150281231e+00 -8.201883623601458950e+00 -7.261090589310629895e+00 -5.774389643165067199e+00 -3.948432617706266967e+00 -2.007852448779436028e+00 -3.101485470177662851e+00 8.831747831212020949e-02 3.179133654371122830e+00 4.859307212666966080e+00 3.225121655392690467e+00 -1.973592501860527371e+00 3.649424486156324643e-01 2.457967642736402780e+00 5.472802361694074413e+00 5.472802361694074413e+00 5.472802361694074413e+00 5.472802361694074413e+00
-9.735253623040119209e+00 -7.781413839299982982e+00 -6.364929563322426986e+00 -4.852141869138090868e+00 -2.688555701039539336e+00 -2.040256064780408440e+00 -2.390449433305734672e+00 7.957570596878792424e-01 3.341792901342731881e+00 5.353843259820008527e+00 4.328329683509934966e+00 -1.082208053827836691e+00 9.924269027330872017e-01 2.495155116217742997e+00 5.563151029060035668e+00 5.563151029060035668e+00 5.563151029060035668e+00 5.563151029060035668e+00
-9.062462720073554578e+00 -7.350019421543732001e+00 -5.725036593342938573e+00 -3.961349466820379916e+00 -3.144991004858114447e+00 -2.235215899890441005e+00 -1.911318782091802504e+00 2.540134893676013306e+00 3.926582212694885943e+00 5.967913340288903967e+00 5.857394341647943037e+00 1.961244310903600852e+00 6.507880197863049609e-01 2.682617669343057010e+00 5.544489310684910244e+00 5.544489310684910244e+00 5.544489310684910244e+00 5.544489310684910244e+00
-8.848712027885341058e+00 -6.866907003032780565e+00 -5.112178855069189787e+00 -3.411901707509774617e+00 -3.531863180399331892e+00 -2.841639261972958685e+00 -1.045338011241105924e+00 3.261803395285570062e+00 4.110394208715015374e+00 4.950348201103222934e+00 4.541439593274505526e+00 4.525522818438433958e+00 3.443937922085453796e+00 3.215730369357182816e+00 5.561932879483984848e+00 5.561932879483984848e+00 5.561932879483984848e+00 5.561932879483984848e+00
-8.282069026837698189e+00 -6.632942943755113063e+00 -4.999469977399486176e+00 -2.840596439781191140e+00 -2.649252869438517344e+00 -3.168576989845957925e+00 1.031837209596128263e-01 3.826175928501726275e+00 3.850790316183254625e+00 3.165655988820844868e+00 3.218427004446986928e+00 3.103005315232065797e+00 3.849474356609930314e+00 5.051568532511053533e+00 5.610557657719583702e+00 5.610557657719583702e+00 5.610557657719583702e+00 5.610557657719583702e+00
-7.766195953615114611e+00 -6.620793960243601006e+00 -4.736650029221583402e+00 -2.845500905090979415e+00 -1.807015761517760222e+00 -1.796817248536517697e+00 8.070448207144510500e-01 3.668150621710532633e+00 3.632851320518061033e+00 1.792618581744617634e+00 1.626517907100593963e+00 1.681940858163509134e+00 2.689812179745050713e+00 4.242348535328150483e+00 5.373917037704082134e+00 5.373917037704082134e+00 5.373917037704082134e+00 5.373917037704082134e+00
-7.836446520973924912e+00 -6.481066785385745987e+00 -4.832594245138876587e+00 -2.955416706775823243e+00 -1.444729106381172468e+00 -7.572286722549192994e-01 2.128285845756782813e+00 3.867326076712553906e+00 3.015456144285655782e+00 1.591420651820136811e+00 1.205657122209013110e+00 1.227991182773277679e+00 1.926547034428536920e+00 3.599112833414388035e+00 5.349401347445188470e+00 5.349401347445188470e+00 5.349401347445188470e+00 5.349401347445188470e+00
-8.155920976037561942e+00 -6.384262899659086443e+00 -4.816414151096476637e+00 -2.966795679459489854e+00 -1.521766441645896251e+00 -6.945447724042125293e-03 3.018390818507211470e+00 3.884975857616937311e+00 2.883119173218759990e+00 1.502346619810178030e+00 9.472713934293315319e-01 7.691648425829473723e-01 1.272633917062177211e+00 3.185974954130273318e+00 5.374569918897297072e+00 5.374569918897297072e+00 5.374569918897297072e+00 5.374569918897297072e+00
-8.194910480453252433e+00 -6.954514163030509621e+00 -4.803324015724349749e+00 -2.788156437987212133e+00 -1.702212975296924835e+00 -4.913568659936128347e-01 1.823536430137494779e+00 3.979940923801515318e+00 2.665074091627074537e+00 1.361816696765119961e+00 -2.898593530691820352e-01 -1.580697171783181698e+00 1.162487135444122410e+00 3.027453946300329157e+00 5.355908200522165430e+00 5.355908200522165430e+00 5.355908200522165430e+00 5.355908200522165430e+00
-8.258850615142684148e+00 -7.069515230225370317e+00 -5.369976560239029695e+00 -3.125349452825921581e+00 -2.475199401750396433e+00 -1.241455508285987275e+00 3.659460684774346051e-01 3.795244413019807972e+00 2.232472969782721250e+00 1.160323614013191840e+00 -2.333534089890634711e+00 -1.468638885540102468e+00 1.144099687175089253e+00 3.393192370797096125e+00 5.397831044867250405e+00 5.397831044867250405e+00 5.397831044867250405e+00 5.397831044867250405e+00
-8.144168623352040726e+00 -7.360286189180334837e+00 -5.641669057060990866e+00 -4.010632895256982522e+00 -2.087077966375321392e+00 -1.560028814305604028e+00 -1.010461513819802315e+00 3.432198852228173447e+00 2.107039491470680481e+00 9.532338741452119901e-01 -2.468726969332286636e+00 -1.217374665832840597e+00 1.186727496841823104e+00 3.629400876041956714e+00 5.402058072633572294e+00 5.402058072633572294e+00 5.402058072633572294e+00 5.402058072633572294e+00
-8.190097346690908608e+00 -7.300652233479468123e+00 -6.048946175521827229e+00 -4.619651035744656298e+00 -3.021981911050865666e+00 -1.702370227765086952e+00 -1.647966759314847263e+00 6.871409220595929845e-01 2.371943601041277994e+00 -3.495565679122844660e+00 -2.262325502701754587e+00 -7.119877425499705481e-01 1.460049501877561884e+00 3.697339795930015605e+00 5.172826531935074357e+00 5.172826531935074357e+00 5.172826531935074357e+00 5.172826531935074357e+00
-8.326322181086609930e+00 -7.698748723999534249e+00 -6.359425729725260545e+00 -5.202367775621932644e+00 -3.974798454289222960e+00 -2.179085088600847708e+00 -2.380539984175690016e+00 -3.722086566688518339e-01 2.188241526532845427e+00 -2.831659758804096150e+00 2.173843093913629954e-01 1.004649344433611535e+00 1.817812252017035224e+00 4.297928242576321445e+00 5.185596023452266223e+00 5.185596023452266223e+00 5.185596023452266223e+00 5.185596023452266223e+00
-8.758689518414868758e+00 -7.855942674590770558e+00 -6.839655792011978264e+00 -5.774684788096116961e+00 -4.697624434446401764e+00 -3.222671297061474149e+00 -1.798241133436056627e+00 -2.181631053532763431e+00 1.279538725391669685e+00 1.319922856693483082e+00 2.175627105141291207e-01 8.750973329945255230e-01 2.093248353483686763e+00 4.777355827816043288e+00 5.185988808734556699e+00 5.185988808734556699e+00 5.185988808734556699e+00 5.185988808734556699e+00
-9.129068413591738818e+00 -8.203835454042973652e+00 -7.342992861398755622e+00 -6.366819450531343350e+00 -5.419123756947330506e+00 -4.291742017515343122e+00 -2.054470512559378736e+00 -2.901127434262863236e+00 -1.485972419653440180e-01 1.531662156069697467e+00 1.073537781188644180e+00 3.325429927461873159e-01 1.653195267930609447e+00 4.891351047984011657e+00 5.167327090359423281e+00 5.167327090359423281e+00 5.167327090359423281e+00 5.167327090359423281e+00
-9.413874666418308834e+00 -8.538655257048077374e+00 -7.832699695675755081e+00 -7.164588790363808357e+00 -6.378337352584598108e+00 -5.235703109225527285e+00 -2.704343902273385503e+00 -2.485714018668397252e+00 -1.951898742887919980e+00 1.529694633676158766e+00 1.266195788753406770e+00 9.684251678954867160e-01 9.972272591891629956e-01 4.056056217534506736e+00 5.167719875641708427e+00 5.167719875641708427e+00 5.167719875641708427e+00 5.167719875641708427e+00
-9.763594006818609117e+00 -8.945152231082410310e+00 -8.404455351811902730e+00 -7.904966913626916281e+00 -7.282134696576145316e+00 -6.372293634619229152e+00 -3.964695828592246230e+00 -3.134150661638286373e+00 -2.534527951896021314e+00 6.199974285779432659e-01 1.329073012866518244e+00 1.130137834495591243e+00 2.852662212598644498e-01 3.868946608452304758e+00 5.009703241271504126e+00 5.009703241271504126e+00 5.009703241271504126e+00 5.009703241271504126e+00
-1.014892815399022474e+01 -9.716330271757579240e+00 -9.200345916690380932e+00 -8.679988959602013665e+00 -8.077278723330742594e+00 -7.053532920458725819e+00 -5.010175524168351657e+00 -2.702600428073798078e+00 -3.352137273848344812e+00 1.113055076502259266e-01 1.384728859992845340e+00 1.200297318570723970e+00 6.575114891893851787e-01 4.550940728564079052e+00 5.015676631664653939e+00 5.015676631664653939e+00 5.015676631664653939e+00 5.015676631664653939e+00
-1.035216208690689754e+01 -9.974573244044606213e+00 -9.446110275170513049e+00 -9.014430749060277748e+00 -8.432341044091259619e+00 -7.437878796171278672e+00 -6.098298166100320827e+00 -2.460190922320664608e+00 -3.330386041662115382e+00 -1.459599847008125728e+00 1.243769098421008579e+00 1.238664414796041058e+00 9.052739070112263420e-01 2.930316673151149409e+00 5.016069416946937309e+00 5.016069416946937309e+00 5.016069416946937309e+00 5.016069416946937309e+00
-1.045551883517233094e+01 -1.009364864748291346e+01 -9.686134059297664578e+00 -9.206872495468173767e+00 -8.685752508067915656e+00 -7.753711811894084427e+00 -6.548834705567271541e+00 -3.672777850809401112e+00 -2.704513594977431268e+00 -2.879436209613242870e+00 9.878026335258085489e-01 1.259486246904541140e+00 9.558241587851725729e-01 2.141092168439126642e+00 4.997407698571817214e+00 4.997407698571817214e+00 4.997407698571817214e+00 4.997407698571817214e+00
-1.046862574913957644e+01 -1.010082807499191304e+01 -9.785147881144188986e+00 -9.357941607817728880e+00 -8.775546636355933572e+00 -7.987291495096405569e+00 -6.795967360417312975e+00 -4.967898874564612655e+00 -2.012723304321264894e+00 -3.726710561607753380e+00 4.415939720732856566e-01 1.219662685761052190e+00 9.846215758508145566e-01 2.311753220449725088e+00 4.978745980196684684e+00 4.978745980196684684e+00 4.978745980196684684e+00 4.978745980196684684e+00
-1.045742335517884669e+01 -1.015250964573358594e+01 -9.862459048384000226e+00 -9.439695958382042562e+00 -8.892742660987813963e+00 -8.173616755732830086e+00 -7.050940301341814376e+00 -5.303693854213557657e+00 -2.870508837050828710e+00 -3.900165515811598205e+00 -4.458118749002065728e-02 1.147837565408445393e+00 9.365098153682822613e-01 2.699621370577945711e+00 4.867663251604086305e+00 4.867663251604086305e+00 4.867663251604086305e+00 4.867663251604086305e+00
-1.050155925284319025e+01 -1.015796903154245356e+01 -9.842115369434040417e+00 -9.493903752861236001e+00 -9.023118214364146183e+00 -8.267957177918038525e+00 -7.168930115135895065e+00 -5.807196435942994839e+00 -3.211037373969593212e+00 -4.819057963433248659e+00 -1.136233022251262881e+00 9.874110515215295258e-01 9.664135194590158795e-01 2.244646635382178346e+00 4.845757239877039879e+00 4.845757239877039879e+00 4.845757239877039879e+00 4.845757239877039879e+00
-1.052281532317399027e+01 -1.021483677120575173e+01 -9.873641219840569860e+00 -9.538728830189935337e+00 -9.071891913831894527e+00 -8.431946749399690688e+00 -7.375495348392403727e+00 -5.967417120483044179e+00 -3.169761561445371356e+00 -3.135385027047878914e+00 -2.999261371277160304e+00 7.104470564930752685e-01 9.761084277177043411e-01 2.361082352533731665e+00 4.827095521501926001e+00 4.827095521501926001e+00 4.827095521501926001e+00 4.827095521501926001e+00
-1.055243852629294565e+01 -1.022579599262156513e+01 -9.901090365698584250e+00 -9.556445601494711894e+00 -9.151528541647735437e+00 -8.481947339375185635e+00 -7.435529596137119945e+00 -6.052728579543473764e+00 -3.825970602169513235e+00 -3.642668006271748027e+00 -3.288692285803938908e+00 2.956687257964116800e-01 9.262823535692340515e-01 2.366291788716873512e+00 4.827488306784212924e+00 4.827488306784212924e+00 4.827488306784212924e+00 4.827488306784212924e+00
-1.059588115367614947e+01 -1.025787919937197579e+01 -9.975314403894817161e+00 -9.593648287916460404e+00 -9.218122906620562773e+00 -8.521333828941834554e+00 -7.525171732254159807e+00 -6.031341796427128088e+00 -4.053787712915156050e+00 -3.701495375231632412e+00 -3.487836926415868177e+00 -1.020934839670132599e-01 7.085934880554083382e-01 2.444268515865293256e+00 4.808826588409072400e+00 4.808826588409072400e+00 4.808826588409072400e+00 4.808826588409072400e+00
-1.062144802516252895e+01 -1.030217886531393745e+01 -9.988180271991737413e+00 -9.638045916784042433e+00 -9.294982129525600101e+00 -8.719509087766196487e+00 -7.563450030933319468e+00 -6.055821009146262313e+00 -4.824640788558276050e+00 -3.420881742432914763e+00 -3.267681529425625619e+00 -4.561482586757990010e-01 7.994541380509658790e-01 2.572828747736662258e+00 4.694499566464553908e+00 4.694499566464553908e+00 4.694499566464553908e+00 4.694499566464553908e+00
