-1.049490219780055966e+01 -1.031182771434392009e+01 -9.950388788897434722e+00 -9.618396299474767375e+00 -9.322196753232724120e+00 -8.934244031250729634e+00 -8.355473650835744337e+00 -7.062366340109937468e+00 -3.543534281482618731e+00 -3.633284397443027114e+00 -2.172437949778571298e+00 -5.419765732231023314e-01 7.706280133268452737e-01 2.070817558457407337e+00 5.273421608363753066e+00 5.273421608363753066e+00 5.273421608363753066e+00 5.273421608363753066e+00
-1.043807835298817110e+01 -1.023849917014231359e+01 -1.000694110396949910e+01 -9.765011728874707586e+00 -9.408379813641960965e+00 -8.879642968806912506e+00 -8.115727843322998680e+00 -6.685864876406778734e+00 -3.345000709761004387e+00 -4.245046427184541393e+00 -1.777815608264681213e+00 -1.006377927669557804e-01 1.035241067143149563e+00 1.950302847558956998e+00 5.128630177855691308e+00 5.128630177855691308e+00 5.128630177855691308e+00 5.128630177855691308e+00
-1.023336260518628293e+01 -9.891919064328028810e+00 -9.860340019252706867e+00 -9.840663271176833149e+00 -9.593426756855230053e+00 -9.015252950929461662e+00 -8.085149213197322382e+00 -6.407508209251441045e+00 -2.959112801882930022e+00 -4.264199894981965500e+00 -6.675437634284068222e-01 -1.049448403359514725e-01 1.761652060706573542e+00 2.003649101996611392e+00 5.181646628327761128e+00 5.181646628327761128e+00 5.181646628327761128e+00 5.181646628327761128e+00
-1.043787838171894755e+01 -1.022943261067637977e+01 -9.718813518284131092e+00 -9.360100452659063208e+00 -9.276888299010085603e+00 -9.206466380842906361e+00 -8.098405472416471795e+00 -5.850601104758690774e+00 -2.330114854284203396e+00 -3.861920037870854916e+00 -2.241913672995802520e-01 3.744982630826311221e-01 1.475452849612331363e+00 2.130384962441023156e+00 4.905597298035004883e+00 4.905597298035004883e+00 4.905597298035004883e+00 4.905597298035004883e+00
-1.053415236427672141e+01 -1.022555457726479489e+01 -9.969980928835592948e+00 -9.549362482270698393e+00 -8.989738561913316772e+00 -8.617985792249131194e+00 -7.954348103308761075e+00 -4.855420293265686027e+00 -2.515211784437290099e+00 -3.031443841653929994e+00 -1.347102242400931571e-01 1.005179610505879673e+00 1.486849822672836829e+00 2.308364901428396010e+00 4.822423129064342007e+00 4.822423129064342007e+00 4.822423129064342007e+00 4.822423129064342007e+00
-1.031948773930207430e+01 -1.014500875223055409e+01 -1.014958884315469412e+01 -9.832678978511598444e+00 -9.279910164834220154e+00 -8.460429076246331448e+00 -7.720883926815332643e+00 -3.586134816811774595e+00 -4.116929379038660741e+00 -1.408203789490677371e+00 1.714744934633221085e-01 1.191774133451909190e+00 1.632066585357741406e+00 2.102031671780844491e+00 4.463974616327945455e+00 4.463974616327945455e+00 4.463974616327945455e+00 4.463974616327945455e+00
-1.053633197491446438e+01 -1.025016030353053864e+01 -1.006173882337645686e+01 -9.784996131161204147e+00 -9.271810821647710199e+00 -8.460924825001193028e+00 -6.695881917557160889e+00 -2.721177136141303965e+00 -4.165287120883301775e+00 -3.968719397324427245e-01 9.186665915614155020e-01 1.864087413540580940e+00 1.693314552038069909e+00 3.075884950659589556e+00 4.403492501442461737e+00 4.403492501442461737e+00 4.403492501442461737e+00 4.403492501442461737e+00
-1.036245506265687766e+01 -1.014274220907669566e+01 -1.009543007713367047e+01 -9.686027488958162124e+00 -9.168228916283627683e+00 -8.233982212613828011e+00 -4.967138004684111152e+00 -3.408806919115289880e+00 -3.260740004801682801e+00 -1.332079524152194050e-01 1.534990999378303300e+00 2.001859000938755351e+00 1.861486038819271993e+00 4.281360004429229704e+00 5.226599058028276623e+00 5.226599058028276623e+00 5.226599058028276623e+00 5.226599058028276623e+00
-1.035173180928164882e+01 -1.004986643781040101e+01 -9.505332751308298356e+00 -9.229223811265155675e+00 -8.410395859231915239e+00 -7.014983211679595598e+00 -3.606014318261411944e+00 -4.346417829694884993e+00 -2.407068765215014672e+00 2.603670889974654123e-01 2.055646575162563661e+00 2.701643802223729018e+00 3.253803860896820055e+00 4.722948458313368292e+00 5.103422965555989954e+00 5.103422965555989954e+00 5.103422965555989954e+00 5.103422965555989954e+00
-1.053980261390061557e+01 -1.013262733338201116e+01 -9.329620694456998820e+00 -8.433650354155037832e+00 -7.472215954458430787e+00 -5.590928812235453904e+00 -2.342072403204463527e+00 -4.231130235711657583e+00 -4.119197404846436372e-01 1.802046810978623181e+00 2.789888978080570681e+00 3.389665854707532233e+00 4.912539839706460576e+00 4.991205445041597244e+00 5.360395790508415637e+00 5.360395790508415637e+00 5.360395790508415637e+00 5.360395790508415637e+00
-1.019502732238537845e+01 -9.588314932451682537e+00 -9.037493815974803724e+00 -8.383417582469110840e+00 -6.839410210875318086e+00 -4.049885640010204568e+00 -3.673683221853890402e+00 -2.768820453740042709e+00 2.346478143859754839e-01 2.749937473308547986e+00 2.976454938131992911e+00 4.574655666775007568e+00 3.051310965829573618e+00 2.338488881062173785e+00 5.548679340842110008e+00 5.548679340842110008e+00 5.548679340842110008e+00 5.548679340842110008e+00
-9.902943515328910706e+00 -9.096683681990162640e+00 -8.345984845577696376e+00 -8.048955007173578480e+00 -5.529871105814737398e+00 -2.904626694053877856e+00 -3.363996911626716102e+00 -1.323373664812168116e+00 1.442931140060342843e+00 3.187191212067015833e+00 4.345661610321430501e+00 3.748191897219526947e+00 2.097254257480752671e+00 2.410333505349654182e+00 5.339468665940585446e+00 5.339468665940585446e+00 5.339468665940585446e+00 5.339468665940585446e+00
-9.489388959757125264e+00 -8.664738319119196674e+00 -7.897722553522665834e+00 -6.514626800743137380e+00 -4.366419649395741232e+00 -3.249620607514094317e+00 -3.227350679829799063e+00 2.878186545435114652e-01 3.288585206192714327e+00 3.997370700764463436e+00 4.636996097308165865e+00 2.211290374703163142e+00 4.700636396951494711e-01 2.375027546639792320e+00 5.208061649730145959e+00 5.208061649730145959e+00 5.208061649730145959e+00 5.208061649730145959e+00
-1.001801490464060862e+01 -8.052942823336479705e+00 -6.910993199158244948e+00 -5.354792773774855519e+00 -3.052468091902830860e+00 -2.491896549691939633e+00 -2.771400336808569786e+00 6.415797010581841819e-01 3.275563275450401157e+00 4.971776359870649031e+00 3.350656449612267274e+00 -2.002801851621673457e+00 3.468337799120234655e-01 2.531918493111028123e+00 5.030296062148665648e+00 5.030296062148665648e+00 5.030296062148665648e+00 5.030296062148665648e+00
-9.523538135728825793e+00 -7.660940962247277497e+00 -6.031212337267216839e+00 -4.757577652807008839e+00 -2.290745972985057222e+00 -3.154450455876474546e+00 -8.208024310521536693e-01 2.610615651946205595e+00 3.465616314477767190e+00 5.439984313788395198e+00 4.382949277908314123e+00 -9.896471649512381674e-01 9.673955725417306972e-01 2.468575237676930101e+00 5.272255389554636018e+00 5.272255389554636018e+00 5.272255389554636018e+00 5.272255389554636018e+00
-9.071008290299166887e+00 -7.051840089054291383e+00 -5.339103296292153189e+00 -3.953340870283543751e+00 -1.836167134145009872e+00 -2.480360856515268608e+00 5.794936489818363068e-01 2.941796252260511668e+00 4.026670890008870352e+00 6.141049367399901371e+00 5.930208585879738870e+00 2.003138744651697500e+00 6.502725334254100265e-01 2.741516338221612337e+00 5.286764399626462385e+00 5.286764399626462385e+00 5.286764399626462385e+00 5.286764399626462385e+00
-8.804199531035269644e+00 -6.549799863171534398e+00 -4.776932082211506447e+00 -3.286324118291254592e+00 -2.054143577537336895e+00 -1.940783955917692261e+00 2.128309044055606503e+00 3.308040044401586499e+00 4.191509687261329553e+00 5.111014092927843144e+00 4.539259310737364217e+00 4.627837812934691541e+00 3.535085478646894153e+00 3.198719872009180065e+00 5.423592531066462108e+00 5.423592531066462108e+00 5.423592531066462108e+00 5.423592531066462108e+00
-8.113603767347639106e+00 -6.391078508111843526e+00 -4.454427829783043080e+00 -2.494789502909894985e+00 -2.591813418732442642e+00 -1.108639756667131326e+00 3.449118723439560164e+00 3.861669125100839484e+00 3.978900185302017611e+00 3.255388790727824500e+00 3.247315379137979185e+00 3.156107904291307609e+00 3.879662366167289100e+00 5.108771234730582478e+00 5.224831597001178274e+00 5.224831597001178274e+00 5.224831597001178274e+00 5.224831597001178274e+00
-7.590443584910606667e+00 -6.243537609515412257e+00 -4.234692896202910006e+00 -2.063209497495489764e+00 -2.712851625808503364e+00 2.552785623044093732e-01 2.901086673215676370e+00 3.773917191603123111e+00 3.740914406421201654e+00 1.828574300774882921e+00 1.560935466382097125e+00 1.591021383353470764e+00 2.748816374830787446e+00 4.293977484610910444e+00 4.957169158741329795e+00 4.957169158741329795e+00 4.957169158741329795e+00 4.957169158741329795e+00
-7.934855978443549063e+00 -6.135933042231902945e+00 -3.934864739660148381e+00 -1.765730043494472046e+00 -2.282062658261116539e+00 6.066535196561553267e-01 3.122156693096735047e+00 3.970322322755862388e+00 3.035671333780032732e+00 1.553092881545957926e+00 9.525544717574334630e-01 1.051266143637715977e+00 1.954053918217989239e+00 3.573763363900409384e+00 5.143858929434322214e+00 5.143858929434322214e+00 5.143858929434322214e+00 5.143858929434322214e+00
-8.211387077618164554e+00 -6.409002892205801771e+00 -4.084344025055152372e+00 -2.709874526668955674e+00 -1.943866137686333317e+00 -2.198575643755587838e-01 3.082495073700427302e+00 4.006817402392226057e+00 2.963185978089835970e+00 1.427346862994567811e+00 6.704824486162702657e-01 3.716020011108521759e-01 1.231178578836088056e+00 3.245387178186974531e+00 5.319737042203897204e+00 5.319737042203897204e+00 5.319737042203897204e+00 5.319737042203897204e+00
-8.166167440068985428e+00 -6.760263443002934913e+00 -4.094867763638484703e+00 -2.401842677900060785e+00 -1.870992976497504845e+00 -5.633571698240242842e-01 3.241048412358312092e+00 4.037325416233030317e+00 2.715969268184146301e+00 1.155731906966115385e+00 -2.159533628162461749e+00 -1.625984170733286049e+00 1.142440573030956363e+00 3.087304929384614649e+00 5.229093970869149288e+00 5.229093970869149288e+00 5.229093970869149288e+00 5.229093970869149288e+00
-8.198687730566797782e+00 -6.963346216002459954e+00 -4.876335762443629207e+00 -2.387946309286332003e+00 -1.820909380770058039e+00 -1.251984629808866600e+00 3.355543800320638592e+00 3.896991096100180130e+00 2.278520019458436074e+00 8.936525863481978860e-01 -2.465208885225595559e+00 -1.573465816919046745e+00 1.152531208101625460e+00 3.401801508304430399e+00 5.240949093947389947e+00 5.240949093947389947e+00 5.240949093947389947e+00 5.240949093947389947e+00
-8.172626987730396309e+00 -7.294050356815409586e+00 -5.401707792019873722e+00 -3.278298968505846567e+00 -1.985198813085713887e+00 -1.477424297744920789e+00 1.859675567558487064e+00 3.641246977099114712e+00 2.049006106453208353e+00 -9.393114077903882420e-01 -2.595465562170638396e+00 -1.289008489082511311e+00 1.190958384525931280e+00 3.638344221265717771e+00 4.929115448083333462e+00 4.929115448083333462e+00 4.929115448083333462e+00 4.929115448083333462e+00
-8.069344064251968263e+00 -7.182136256361345339e+00 -5.716022735510156494e+00 -4.289131327852665265e+00 -1.925764369272164878e+00 -1.804974241165274051e+00 6.582032140608284898e-02 2.735377156151034050e+00 2.284690816561993465e+00 -3.685075974285456635e+00 -2.304794686184940211e+00 -4.864992451789196259e-01 1.469943274790178833e+00 3.713767409566673727e+00 5.199754473363513263e+00 5.199754473363513263e+00 5.199754473363513263e+00 5.199754473363513263e+00
-8.333426370053238941e+00 -7.858620452949129920e+00 -6.532187636607013737e+00 -4.966997430393147894e+00 -3.382509942966037020e+00 -2.019851956334183019e+00 -1.856283667069087429e+00 1.539324178008744992e+00 2.099613932600518318e+00 -3.090584144143014633e+00 -2.980640494876867636e-02 1.046686782478309707e+00 1.864544543802652665e+00 4.194403995562701937e+00 5.452486441092019298e+00 5.452486441092019298e+00 5.452486441092019298e+00 5.452486441092019298e+00
-8.766942414324471855e+00 -7.868416444124671116e+00 -6.940646653497442031e+00 -5.654520699534101524e+00 -4.255129303245002603e+00 -2.283255424800558764e+00 -2.435975588567480532e+00 -1.833073528435953670e-01 1.519830132510897158e+00 -1.298396084127723393e-01 5.384468810776748410e-02 7.694919545116643000e-01 2.171779572531429281e+00 4.701905536716683542e+00 5.359081974066690179e+00 5.359081974066690179e+00 5.359081974066690179e+00 5.359081974066690179e+00
-9.103561649794976063e+00 -8.220660184264074744e+00 -7.428426637063843430e+00 -6.461186362728994048e+00 -5.206118263728789053e+00 -3.833021749922399302e+00 -2.179905846497747213e+00 -2.132102084968257927e+00 9.988637329130339859e-01 1.211347582003545753e+00 7.975718498415189650e-01 -3.030493220883523908e-01 1.745481653567255043e+00 4.783806434605390123e+00 5.268438902731941376e+00 5.268438902731941376e+00 5.268438902731941376e+00 5.268438902731941376e+00
-9.401556262861307189e+00 -8.507771821592303496e+00 -7.987788620912612103e+00 -7.235411576451373783e+00 -6.306051146265001073e+00 -5.081152263511122591e+00 -2.473211816263875651e+00 -2.439274766924802940e+00 -8.719501733916150410e-02 1.128849567261547948e+00 9.218710923503241617e-01 5.690134274351336119e-01 1.001957955196077776e+00 4.059922082786453501e+00 5.188956344246362207e+00 5.188956344246362207e+00 5.188956344246362207e+00 5.188956344246362207e+00
-9.897578368105945046e+00 -8.970513674475355970e+00 -8.518412671577461737e+00 -8.012848873264427851e+00 -7.326811036921103693e+00 -6.372798358119554862e+00 -4.039774785324433459e+00 -2.503518517873155602e+00 -2.162875800227730849e+00 9.360684879362090038e-01 8.454532297104732086e-01 9.408191351388943691e-01 3.179446931608925775e-01 3.934494307810667113e+00 5.219910187691589876e+00 5.219910187691589876e+00 5.219910187691589876e+00 5.219910187691589876e+00
-1.024290813930685395e+01 -9.790546013985011342e+00 -9.300709732870684476e+00 -8.789629140854957612e+00 -8.210807491253305557e+00 -7.153364348335511380e+00 -5.202072737390937895e+00 -3.229396669147242438e+00 -2.654664608194592823e+00 3.984452523237325128e-01 9.573156635738726550e-01 9.538607906332045028e-01 1.112026752339316249e-01 4.410270232520796085e+00 5.507107827223043373e+00 5.507107827223043373e+00 5.507107827223043373e+00 5.507107827223043373e+00
-1.036814483291290401e+01 -1.001885390139324095e+01 -9.533254980451125959e+00 -9.127921872825790928e+00 -8.529610901479767193e+00 -7.572466825646754884e+00 -6.324749771411946497e+00 -3.305842277261406448e+00 -2.754468390877393702e+00 -1.601488879579843205e+00 8.420341854408563975e-01 9.162359295145297011e-01 8.116586958641853755e-01 2.793214671407726613e+00 5.489069977264235511e+00 5.489069977264235511e+00 5.489069977264235511e+00 5.489069977264235511e+00
-1.046473410249666713e+01 -1.009644740265011364e+01 -9.736852285652147998e+00 -9.263240566709367130e+00 -8.770113219948663996e+00 -7.849047058780532105e+00 -6.646543277509730174e+00 -4.957158172870495427e+00 -2.269453281927867661e+00 -2.765923155572423298e+00 8.197515421674043123e-01 8.155349696035848472e-01 6.140434507479577420e-01 2.772161891095046293e+00 5.398426905929473385e+00 5.398426905929473385e+00 5.398426905929473385e+00 5.398426905929473385e+00
-1.045453232108123132e+01 -1.014029982941673502e+01 -9.784120288385832254e+00 -9.401265672520164429e+00 -8.841322045146927877e+00 -8.041448001516226185e+00 -6.911531011488115439e+00 -5.556388259195066404e+00 -3.238831539088292466e+00 -3.035738748973864087e+00 -3.903096911911466127e-02 8.356045227853614588e-01 7.771277674511557487e-01 2.646654194025337858e+00 5.307783834594740568e+00 5.307783834594740568e+00 5.307783834594740568e+00 5.307783834594740568e+00
-1.047643517223133003e+01 -1.016269183454378044e+01 -9.852867495786940211e+00 -9.460589413927195324e+00 -8.973286305692386833e+00 -8.275421568960426910e+00 -7.090416162028934544e+00 -5.720334496404426261e+00 -4.159713402431037821e+00 -2.843457624883824586e+00 -1.445465669118157326e+00 6.494807921670734396e-01 1.120404410135088097e-01 2.775532112856566869e+00 5.033273259367549990e+00 5.033273259367549990e+00 5.033273259367549990e+00 5.033273259367549990e+00
-1.053275459378605561e+01 -1.021572674577793016e+01 -9.849765052413877342e+00 -9.490569868855384783e+00 -9.063339865388305938e+00 -8.340730189525883631e+00 -7.216914021559216685e+00 -5.910228649148239199e+00 -4.469589014282594697e+00 -3.053803050220684767e+00 -2.620056471046539492e+00 3.027226698152323259e-01 5.710365323474692056e-01 2.400150466479172628e+00 5.561729213354055901e+00 5.561729213354055901e+00 5.561729213354055901e+00 5.561729213354055901e+00
-1.053194505951799265e+01 -1.019610565385321088e+01 -9.931460009305208558e+00 -9.560035424112589553e+00 -9.126134946243560364e+00 -8.530577510502103777e+00 -7.340894333377049108e+00 -5.896637467040591218e+00 -4.731469669245065290e+00 -3.361856096362646262e+00 -2.808248836180312402e+00 4.328366968039975005e-01 1.656693092614346385e-01 2.540739280672455802e+00 5.716603219137965652e+00 5.716603219137965652e+00 5.716603219137965652e+00 5.716603219137965652e+00
-1.052083181883292440e+01 -1.026045445539807055e+01 -9.909946127981292818e+00 -9.604866865923847641e+00 -9.202938165867864839e+00 -8.566757868053313629e+00 -7.375205069232554145e+00 -5.981977591537834371e+00 -5.065293912661883446e+00 -2.463640704427794592e+00 -3.063186051094674234e+00 -1.904734103431251491e-01 3.713852929314631623e-01 2.496834576863724120e+00 5.528414909127037369e+00 5.528414909127037369e+00 5.528414909127037369e+00 5.528414909127037369e+00
-1.060942830460759012e+01 -1.030216572864209290e+01 -9.978678411929406522e+00 -9.617042655834907805e+00 -9.274394995595480751e+00 -8.633207067683811076e+00 -7.512957100011167455e+00 -5.956990385339436145e+00 -5.253182950665198803e+00 -3.454418731644682161e+00 -2.792216729343292680e+00 -5.577442964731507136e-01 2.182746967730875287e-02 2.483378871884857730e+00 5.437771837792275242e+00 5.437771837792275242e+00 5.437771837792275242e+00 5.437771837792275242e+00
-1.064520961469471061e+01 -1.033924542750780873e+01 -9.991075573494615725e+00 -9.628739654609617560e+00 -9.360192349315198612e+00 -8.794472747806505453e+00 -7.536198267672183704e+00 -5.813756328988247901e+00 -5.409970153646151303e+00 -3.941756621583594189e+00 -2.005626624947455916e+00 -9.077894583847967436e-01 -3.391158061128223267e-01 2.315765738096143611e+00 4.853460392271809809e+00 4.853460392271809809e+00 4.853460392271809809e+00 4.853460392271809809e+00
