-1.046879471928562211e+01 -1.050413840907682150e+01 -1.000951169834418408e+01 -9.653358489102430440e+00 -9.346278014950325286e+00 -8.994468848917204440e+00 -8.392922373808863412e+00 -7.086711009651726734e+00 -3.513133011566282438e+00 -3.575295688216091339e+00 -1.999036875314950112e+00 2.546494082382274038e-01 3.339852431248359621e-01 2.063224674043783402e+00 5.164734778987177144e+00 5.164734778987177144e+00 5.164734778987177144e+00 5.164734778987177144e+00
-1.047499313341138816e+01 -1.022373763660142743e+01 -1.006019970898778837e+01 -9.804488434790940232e+00 -9.428541250189045542e+00 -8.925798908956798172e+00 -8.156770232888074901e+00 -6.707026344920068439e+00 -2.915333969188824703e+00 -4.010825474258643553e+00 -1.820070741263333680e+00 2.498931492911093954e-02 1.135765594729123418e+00 1.993022231942850553e+00 5.157166851713238742e+00 5.157166851713238742e+00 5.157166851713238742e+00 5.157166851713238742e+00
-1.028879133223333042e+01 -1.000337359206424459e+01 -9.849808050902039369e+00 -9.935838513018968143e+00 -9.654891470723715230e+00 -9.078959321750780020e+00 -8.137374251434243533e+00 -6.494411017920500129e+00 -2.824844015361821725e+00 -4.073251268548724546e+00 -8.587361906152911617e-01 -1.320228737819783560e-01 1.874420702830804641e+00 2.043059770366790762e+00 5.303830161313974223e+00 5.303830161313974223e+00 5.303830161313974223e+00 5.303830161313974223e+00
-1.041882388183378083e+01 -1.032997155339156237e+01 -9.733823503494264173e+00 -9.380942596920769816e+00 -9.281801331299803337e+00 -9.295136917937185217e+00 -8.131680513334195837e+00 -5.919088170082165590e+00 -2.453749709611657170e+00 -3.828070727019421415e+00 -8.585501245166772266e-01 4.685727201742282411e-01 1.401686173830598570e+00 2.095681339172116520e+00 4.841287599208676795e+00 4.841287599208676795e+00 4.841287599208676795e+00 4.841287599208676795e+00
-1.056412127550663094e+01 -1.029497303532809127e+01 -9.946975862170946314e+00 -9.601100074884648450e+00 -9.074281402581272360e+00 -8.651962297647985523e+00 -8.032418332172184705e+00 -5.048023677605337767e+00 -2.424127789017398005e+00 -3.147861612941140308e+00 -1.135468423370070978e-01 7.375134199553255998e-01 1.515688410506572659e+00 2.303015010485946590e+00 4.762849967932813122e+00 4.762849967932813122e+00 4.762849967932813122e+00 4.762849967932813122e+00
-1.034303390407344381e+01 -1.015097973655440988e+01 -1.015479183892982817e+01 -9.863377099472280918e+00 -9.339244646311076536e+00 -8.519347646043843980e+00 -7.777077532170125096e+00 -3.721352576478767826e+00 -4.371140575319284238e+00 -1.537665659821807917e+00 4.594942049681526308e-01 1.120172210115244038e+00 1.657288738256590843e+00 2.128000989794975428e+00 4.473380010877692214e+00 4.473380010877692214e+00 4.473380010877692214e+00 4.473380010877692214e+00
-1.058686196187312056e+01 -1.019368630171983980e+01 -1.002982436479201667e+01 -9.861418003518380715e+00 -9.299306894820906777e+00 -8.495093031785438953e+00 -6.835394899097906318e+00 -2.687376599549382128e+00 -4.243353889088776754e+00 -7.705406120778223178e-01 8.407203584092353132e-01 1.916478129958200771e+00 1.691396515067794537e+00 3.096198517309301401e+00 4.386106970654707560e+00 4.386106970654707560e+00 4.386106970654707560e+00 4.386106970654707560e+00
-1.042089273108054748e+01 -1.023981026511612313e+01 -1.015772356004210941e+01 -9.784880786853721091e+00 -9.238001110111337510e+00 -8.320885789940788868e+00 -4.959617075555026844e+00 -3.319092943946622576e+00 -3.275713003001508028e+00 -3.384569864798891992e-02 1.319085801756682885e+00 2.050403183277578645e+00 1.869077912890134474e+00 4.278970475718107735e+00 5.213284890043676789e+00 5.213284890043676789e+00 5.213284890043676789e+00 5.213284890043676789e+00
-1.035081512394160796e+01 -1.013167584090622064e+01 -9.479465408573023666e+00 -9.226499329813185213e+00 -8.421669453918925186e+00 -7.034297390068371847e+00 -3.301331520598034253e+00 -4.277722466419673353e+00 -2.257009960025091466e+00 7.689403158160433849e-01 2.071777013073337947e+00 2.719268404270662742e+00 3.270898143947857051e+00 4.729880016070139526e+00 5.276577729497049063e+00 5.276577729497049063e+00 5.276577729497049063e+00 5.276577729497049063e+00
-1.056758612708874345e+01 -1.021222435148742491e+01 -9.400911613551349078e+00 -8.471434652189316239e+00 -7.501211053986859056e+00 -5.479986023856341149e+00 -3.002516510992151666e+00 -4.202162103552908867e+00 -1.897102475770193197e-01 1.528228734980463077e+00 2.865493810836617694e+00 3.388098606326921836e+00 4.894676767542396334e+00 4.932555757627930859e+00 5.404586840900277522e+00 5.404586840900277522e+00 5.404586840900277522e+00 5.404586840900277522e+00
-1.020649079750828570e+01 -9.594603816650788985e+00 -9.057284544504515367e+00 -8.489092671522497469e+00 -6.967272337095861801e+00 -3.818070041327453090e+00 -3.730984311418106270e+00 -2.942681891757716883e+00 6.384542835781297221e-01 2.802422316783083289e+00 2.943627578780517506e+00 4.534344667547239638e+00 2.946196923408328505e+00 2.265405643318953111e+00 5.754426549090487342e+00 5.754426549090487342e+00 5.754426549090487342e+00 5.754426549090487342e+00
-9.874368942359062373e+00 -9.109845558343865335e+00 -8.343730033917706734e+00 -8.055321921376283001e+00 -5.516377261971179280e+00 -2.473892126315599072e+00 -3.401239117907636444e+00 -5.157037850765635589e-01 1.700054392831044980e+00 3.226701025833790926e+00 4.371290604936136859e+00 3.716107755733903950e+00 2.040600103246421604e+00 2.433799783072256417e+00 5.220340392315966582e+00 5.220340392315966582e+00 5.220340392315966582e+00 5.220340392315966582e+00
-9.497165616849565950e+00 -8.687995259555812311e+00 -7.968014089777481601e+00 -6.429251658722066054e+00 -4.091299112816789041e+00 -3.421633282004430399e+00 -3.201642942720600349e+00 1.528460074496761911e-01 3.402376962472283495e+00 3.983710203391485294e+00 4.684108635234664142e+00 2.160308659951664545e+00 4.924139780973202374e-01 2.325720702965021314e+00 4.959464629277396064e+00 4.959464629277396064e+00 4.959464629277396064e+00 4.959464629277396064e+00
-1.007123471004184623e+01 -8.051445362854451560e+00 -6.871019037839083410e+00 -5.358317369330299229e+00 -2.725939075064649053e+00 -2.350711741554905920e+00 -2.087600287660615450e+00 1.156625037059410666e+00 3.252625324945306762e+00 4.897199492826240785e+00 3.232456259136180954e+00 -1.974649148075176885e+00 4.021691933369216931e-01 2.510613070391758850e+00 5.186032458226734754e+00 5.186032458226734754e+00 5.186032458226734754e+00 5.186032458226734754e+00
-9.532451686147185299e+00 -7.753189889473151908e+00 -5.941532818846559039e+00 -4.462938741793353259e+00 -2.139607829427857766e+00 -2.911194177054720278e+00 -1.084133446512114130e-01 2.737614317233770134e+00 3.483688052608483243e+00 5.526764106825179823e+00 4.337701579974775790e+00 -7.158987029552388304e-01 9.997834838424041193e-01 2.576760222478090334e+00 5.255730331207618455e+00 5.255730331207618455e+00 5.255730331207618455e+00 5.255730331207618455e+00
-9.094210791489079071e+00 -7.077243942873153948e+00 -5.198843149320104828e+00 -3.665508084836092806e+00 -1.885047381922504650e+00 -2.408380173208457098e+00 7.176051943873849037e-01 2.951232906800342448e+00 4.092168027655906926e+00 6.127431436262211761e+00 5.879677559992167346e+00 2.034243619154622706e+00 6.980508952877919615e-01 2.695862170245007405e+00 5.302196945674976014e+00 5.302196945674976014e+00 5.302196945674976014e+00 5.302196945674976014e+00
-8.845668525150935935e+00 -6.598383336799602539e+00 -4.663041468122573363e+00 -3.026545285334134583e+00 -2.347533475047108631e+00 -1.210523713708141935e+00 2.414235063113456370e+00 3.271634411058913727e+00 4.152873704437827662e+00 5.032379050491077699e+00 4.507639646770431163e+00 4.615104700083716871e+00 3.553846934713527084e+00 3.196062730319639833e+00 5.640914814740278338e+00 5.640914814740278338e+00 5.640914814740278338e+00 5.640914814740278338e+00
-8.107187383796993885e+00 -6.341646159839077868e+00 -4.196572488150493108e+00 -2.168059930136839064e+00 -2.695206986507447056e+00 8.003397968001521590e-02 3.553531255904760044e+00 3.835130102170382749e+00 3.931352243135978863e+00 3.213239573296593488e+00 3.166251666084272109e+00 3.100702109290290664e+00 3.889252930738633651e+00 5.081540964946887229e+00 5.264089436466580452e+00 5.264089436466580452e+00 5.264089436466580452e+00 5.264089436466580452e+00
-7.637660971507377994e+00 -6.227597169757997264e+00 -4.066781197936942149e+00 -1.848738143476959195e+00 -2.562003158135127023e+00 5.487855476290395274e-01 2.994724470872129896e+00 3.729894090885432778e+00 3.697041461114660699e+00 1.800538481205582020e+00 1.507422035672435712e+00 1.543384125493709957e+00 2.761735056666741794e+00 4.245810015101211476e+00 5.133716926808006065e+00 5.133716926808006065e+00 5.133716926808006065e+00 5.133716926808006065e+00
-8.037883447479835297e+00 -6.218694318592051573e+00 -3.669032552448666884e+00 -2.002948843058619310e+00 -1.980065730217894782e+00 8.187481913643575027e-01 3.192327937593413711e+00 3.921038919136813128e+00 3.005938089943413605e+00 1.517608185758894557e+00 8.435750671550347191e-01 9.785243043707099186e-01 1.932525990433589413e+00 3.582922633597473983e+00 5.356583002415280959e+00 5.356583002415280959e+00 5.356583002415280959e+00 5.356583002415280959e+00
-8.274826878551065690e+00 -6.421746932427181420e+00 -4.036941014141382844e+00 -2.881864344902501429e+00 -1.995580337338916710e+00 5.405981406528884703e-01 3.130238186259044930e+00 4.012758486449457429e+00 2.958325730030242351e+00 1.375486184382578303e+00 5.391394517957743826e-01 3.899119372715352805e-01 1.222852769815193419e+00 3.208418753769298526e+00 5.301272924114496909e+00 5.301272924114496909e+00 5.301272924114496909e+00 5.301272924114496909e+00
-8.194466059525851165e+00 -6.621037549741815909e+00 -3.948602498046044573e+00 -2.558486967643837318e+00 -2.202386310391462931e+00 6.280377989361008995e-01 3.312397168873959519e+00 3.994865930248911567e+00 2.744495937909166905e+00 1.097386125375785504e+00 -2.414445712759616391e+00 -1.636576095287926913e+00 1.151457980358508326e+00 3.086402518883406998e+00 5.276031589139265066e+00 5.276031589139265066e+00 5.276031589139265066e+00 5.276031589139265066e+00
-8.196743248682533789e+00 -6.961850990108674253e+00 -4.716327597640567859e+00 -2.290891070051970235e+00 -1.989775201962176610e+00 4.192654511511200721e-01 3.457275972790272434e+00 3.899376076822406834e+00 2.279128965608319124e+00 7.011131079262977739e-01 -2.524073996810678899e+00 -1.555899507508516466e+00 1.128751998007614166e+00 3.383151542652219845e+00 5.499720032005340542e+00 5.499720032005340542e+00 5.499720032005340542e+00 5.499720032005340542e+00
-8.168256613255993059e+00 -7.251055210881750313e+00 -5.132122489129596232e+00 -2.807947625020599691e+00 -1.999442610188680636e+00 -4.285730993596335581e-01 2.179371280258393551e+00 3.619567723994689068e+00 1.998755674707858976e+00 -1.416334082218874579e+00 -2.644552030368050310e+00 -1.336134746181397048e+00 1.185379200353187557e+00 3.688319619832533647e+00 5.048825092528113956e+00 5.048825092528113956e+00 5.048825092528113956e+00 5.048825092528113956e+00
-8.048448137753256404e+00 -7.206332852852847637e+00 -5.705702572875937406e+00 -4.050667215173113789e+00 -2.161365436880120505e+00 -1.932907047575945558e+00 6.117537838279114570e-01 2.795018329620863717e+00 2.325588132397097496e+00 -3.722178200295848782e+00 -2.371871141315136544e+00 -5.566965107467913842e-01 1.442329431003129159e+00 3.669821039578691213e+00 5.431648040528447297e+00 5.431648040528447297e+00 5.431648040528447297e+00 5.431648040528447297e+00
-8.376267834898399656e+00 -7.815364127038234798e+00 -6.625711939559582042e+00 -4.817519967088686350e+00 -3.029801991981750486e+00 -2.205167789252722166e+00 -8.449686779101268641e-01 1.284002179501012142e+00 2.157804879016562261e+00 -3.182336849372220389e+00 -2.976651583179801275e-01 1.007460697474996669e+00 1.854553073836605392e+00 4.259527071299651801e+00 5.406406705553216341e+00 5.406406705553216341e+00 5.406406705553216341e+00 5.406406705553216341e+00
-8.782647576652852450e+00 -7.879034405567187704e+00 -7.065904946193105829e+00 -5.655094728166709217e+00 -4.023251824940651034e+00 -2.404790273899686248e+00 -2.532742211493537177e+00 2.292897216823713280e-01 1.425804459634720578e+00 6.034640491200589374e-02 2.836374348439837378e-01 6.935171103936510484e-01 2.197516121060364647e+00 4.699966795347441995e+00 5.346815517021379804e+00 5.346815517021379804e+00 5.346815517021379804e+00 5.346815517021379804e+00
-9.130481749742953568e+00 -8.196561070068607791e+00 -7.379679138782737624e+00 -6.578960078943815404e+00 -5.118316585796747198e+00 -3.537987760463343623e+00 -2.612209108555587189e+00 -2.139779048108952253e+00 3.110424662423906250e-01 1.263298565966374021e+00 5.695574852054120507e-01 -1.798324984261178427e-01 1.754164032586405852e+00 4.844119344628960988e+00 5.321574182046147072e+00 5.321574182046147072e+00 5.321574182046147072e+00 5.321574182046147072e+00
-9.419592640938322603e+00 -8.528422984108081195e+00 -7.963460154593149376e+00 -7.285870632292960281e+00 -6.313423541509502357e+00 -5.002595629087990048e+00 -2.657476331600439945e+00 -2.845014694849439252e+00 -3.257406954962055456e-01 9.459038076953578678e-01 9.990649848949666456e-01 7.382871517165897624e-01 1.028799663867053571e+00 4.056289366127442619e+00 4.999179729582786003e+00 4.999179729582786003e+00 4.999179729582786003e+00 4.999179729582786003e+00
-9.911453454291335063e+00 -9.013774548810975062e+00 -8.529400365690662511e+00 -8.072831039566651157e+00 -7.364041727787105529e+00 -6.445529308744665009e+00 -4.139459806165151079e+00 -2.529932312203029721e+00 -2.068940487341856205e+00 3.700156694018064130e-01 9.168588534644370736e-01 9.775166929262677495e-01 1.568287733235978754e-01 3.912506193058486126e+00 5.502431968410554930e+00 5.502431968410554930e+00 5.502431968410554930e+00 5.502431968410554930e+00
-1.030520655365646121e+01 -9.872492606983042762e+00 -9.360814803360916869e+00 -8.865124284022494194e+00 -8.267952496872394974e+00 -7.228368408179757232e+00 -5.429007814952390376e+00 -2.605278365516256578e+00 -2.832674849170905951e+00 -2.281427035374487544e-01 8.104083344698287394e-01 9.902866068196958249e-01 2.912910905710855980e-01 4.380760141543142083e+00 5.477190633435321310e+00 5.477190633435321310e+00 5.477190633435321310e+00 5.477190633435321310e+00
-1.040498089515684832e+01 -1.003587527138341962e+01 -9.580629424911116132e+00 -9.162032579124121057e+00 -8.578225240611995872e+00 -7.622474281335787083e+00 -6.340951259365941617e+00 -3.600241115245203183e+00 -2.805436717977372485e+00 -1.580228708278482497e+00 5.279932378164010620e-01 9.453641633443339298e-01 7.808668180981077622e-01 3.123793432567892214e+00 5.417599444903489214e+00 5.417599444903489214e+00 5.417599444903489214e+00 5.417599444903489214e+00
-1.050806967202052533e+01 -1.014641523452779204e+01 -9.746718777945249101e+00 -9.301370633315382719e+00 -8.842919530250178184e+00 -7.918576832044589509e+00 -6.674930388582835050e+00 -4.963050574214158850e+00 -2.385903012283635327e+00 -2.896636122182230988e+00 1.513884754754025175e-01 8.500933844835923958e-01 5.876227568735232776e-01 2.774337771832617872e+00 5.392358109928255594e+00 5.392358109928255594e+00 5.392358109928255594e+00 5.392358109928255594e+00
-1.048130596453779440e+01 -1.017420952790129896e+01 -9.789587767075483171e+00 -9.437877214570541184e+00 -8.927421780354803715e+00 -8.100628468689606621e+00 -6.932463868164530751e+00 -5.571931430365751226e+00 -2.915217183727422334e+00 -3.245793660459765473e+00 -4.523986116731999463e-01 6.354491721914732327e-01 7.423376603344062907e-01 2.674704456866770386e+00 4.927379423392032720e+00 4.927379423392032720e+00 4.927379423392032720e+00 4.927379423392032720e+00
-1.049856068538006504e+01 -1.019067567156323584e+01 -9.877137928685908008e+00 -9.520036447247539613e+00 -9.024899599076446677e+00 -8.300382767044922616e+00 -7.122693520752184426e+00 -5.700697474103848528e+00 -4.243483551077133598e+00 -3.256972818904114497e+00 -1.533783750534990720e+00 3.301451345025263606e-01 4.380757753687106737e-01 2.856812309624336521e+00 5.170097099185694489e+00 5.170097099185694489e+00 5.170097099185694489e+00 5.170097099185694489e+00
-1.053750769996602799e+01 -1.022873882252619993e+01 -9.892558408016878246e+00 -9.516086267066626192e+00 -9.108039931785176790e+00 -8.392464944704929763e+00 -7.234849423287153414e+00 -5.860617959800194399e+00 -4.747297313797057328e+00 -2.821719405105628464e+00 -2.617102928316211052e+00 3.090717319062319043e-02 5.449479207060593522e-01 2.502353449398202034e+00 5.547974561317433384e+00 5.547974561317433384e+00 5.547974561317433384e+00 5.547974561317433384e+00
-1.056022937168928522e+01 -1.022897331724911041e+01 -9.945872885533587393e+00 -9.593003400895478094e+00 -9.155683030145224777e+00 -8.559543339710632637e+00 -7.335057963110278578e+00 -5.882635472206677818e+00 -4.849611441483089536e+00 -2.475494605374094270e+00 -2.914790107359352511e+00 -2.817074727168724091e-01 -1.035401425931925523e-02 2.564276927930543515e+00 5.522733226342204205e+00 5.522733226342204205e+00 5.522733226342204205e+00 5.522733226342204205e+00
-1.056273460010993759e+01 -1.028342504807141466e+01 -9.942891862590181873e+00 -9.616151096505243245e+00 -9.234189792789820217e+00 -8.591802993512558828e+00 -7.401047614984420875e+00 -5.917965012153329596e+00 -5.067592138837198057e+00 -2.626437770503590841e+00 -2.970799325668685320e+00 -2.965882743360043206e-01 -1.686059971065360374e-01 2.527814141892068545e+00 5.463142037810362339e+00 5.463142037810362339e+00 5.463142037810362339e+00 5.463142037810362339e+00
-1.061588570322692959e+01 -1.030287962499288135e+01 -9.959371174137185534e+00 -9.628021799764223232e+00 -9.300974845609390584e+00 -8.647380805978505336e+00 -7.533670838962445160e+00 -5.905416025806904834e+00 -5.211197971851746047e+00 -3.356761306751578910e+00 -3.003871252282765081e+00 -6.404878637531272734e-01 -5.782724321122555133e-02 2.474225876248856260e+00 4.972344386161739571e+00 4.972344386161739571e+00 4.972344386161739571e+00 4.972344386161739571e+00
-1.062213927147040948e+01 -1.033347820473600365e+01 -9.976871245412413103e+00 -9.662901488196737887e+00 -9.354706408938049833e+00 -8.840828720691533249e+00 -7.543645600078077607e+00 -5.780627700205894115e+00 -5.372678390690584393e+00 -3.718051437006678839e+00 -2.917255460445459470e+00 -1.455013686192423439e+00 -3.012860721255962715e-01 2.336485222715547039e+00 5.210723728212624195e+00 5.210723728212624195e+00 5.210723728212624195e+00 5.210723728212624195e+00
