-1.031171295209988514e+01 -1.034168410300251573e+01 -9.992297271340817133e+00 -9.679586001319663069e+00 -9.360620057709260422e+00 -8.988299843464215400e+00 -8.323866045779757528e+00 -7.202522145920521091e+00 -4.910495678104023654e+00 -2.281575362392582740e+00 -2.409723626038875466e+00 -3.092888370649248264e-01 1.513969112570650921e+00 1.840550649981137932e+00 5.122148702840521040e+00 5.122148702840521040e+00 5.122148702840521040e+00 5.122148702840521040e+00
-1.025007091616873112e+01 -1.009184359269721298e+01 -9.994080874224046340e+00 -9.803891040998660600e+00 -9.490688448507073716e+00 -8.950381741157524829e+00 -8.209695229926628812e+00 -6.862796954083110634e+00 -4.303898899765973063e+00 -2.576510889845092578e+00 -1.995447247688640235e+00 -3.572401611247987274e-01 1.122964765149423227e+00 2.011776035787613104e+00 5.061709075660808743e+00 5.061709075660808743e+00 5.061709075660808743e+00 5.061709075660808743e+00
-1.034158815529720954e+01 -1.001342796052411899e+01 -9.806928561223296370e+00 -9.769302718081334547e+00 -9.616990337799421695e+00 -9.039744739308005705e+00 -8.125025626717894411e+00 -6.819376891392456841e+00 -3.463862540255276734e+00 -3.175003399962645911e+00 -9.645488109463759008e-01 -2.352206643550129594e-01 8.462770080584119947e-01 2.028912164882968217e+00 5.216763477010817773e+00 5.216763477010817773e+00 5.216763477010817773e+00 5.216763477010817773e+00
-1.027143738560541841e+01 -1.029937552564976144e+01 -9.830455121691800358e+00 -9.298286040412291342e+00 -9.219207066524456096e+00 -9.067512850099028299e+00 -8.253005751206362817e+00 -6.505821432058799481e+00 -2.598475888369013997e+00 -3.022416358767872513e+00 -2.016738951119057544e-01 1.121498313108076073e-01 7.104282626591392757e-01 2.199834773827749945e+00 4.857843663268354817e+00 4.857843663268354817e+00 4.857843663268354817e+00 4.857843663268354817e+00
-1.050888552483175253e+01 -1.027567625976321253e+01 -9.940121865269395229e+00 -9.562303396848168546e+00 -9.081007446727257459e+00 -8.655597690262709420e+00 -8.176224871980393161e+00 -5.396195126902760819e+00 -2.814439363072859912e+00 -3.192601702685221365e+00 -5.900537432370144691e-02 3.500296580483089892e-01 1.910708578686159509e+00 2.357636571491828370e+00 4.678250358434627110e+00 4.678250358434627110e+00 4.678250358434627110e+00 4.678250358434627110e+00
-1.037018865270650458e+01 -1.008241821874553246e+01 -1.017595406332455532e+01 -9.857341755805562045e+00 -9.342142466052376193e+00 -8.606056216904899969e+00 -7.656584785992508024e+00 -3.937578094745540991e+00 -3.838882472395605649e+00 -1.994279897796911616e+00 4.311130564455133429e-01 3.152171889886746792e-01 1.376289719353724461e+00 2.149585218660405417e+00 4.459029611713038577e+00 4.459029611713038577e+00 4.459029611713038577e+00 4.459029611713038577e+00
-1.043864150690063397e+01 -1.029525477852079440e+01 -9.925175408620336981e+00 -9.753711063970676776e+00 -9.366787397430236695e+00 -8.532919767959180390e+00 -7.358393029693439225e+00 -2.809410456750163654e+00 -3.740489409392017794e+00 -4.024471210353649520e-01 5.950077905161189618e-01 1.633025174293445403e+00 1.606386811990281549e+00 3.346866551061117523e+00 4.246103356844319165e+00 4.246103356844319165e+00 4.246103356844319165e+00 4.246103356844319165e+00
-1.049505754401942248e+01 -1.012253398769085422e+01 -1.002682830041898043e+01 -9.758092662791778338e+00 -9.146022051028886324e+00 -8.239834672186754361e+00 -4.845623012734838753e+00 -2.903241404194763842e+00 -3.013596097687846864e+00 2.899695472249319006e-01 1.510993170922860784e+00 2.043140278258035902e+00 1.805566008225436336e+00 4.352971328158704800e+00 5.232491962977929845e+00 5.232491962977929845e+00 5.232491962977929845e+00 5.232491962977929845e+00
-1.043905212909018942e+01 -1.017143820427096301e+01 -9.557615523208104591e+00 -9.081284964669283255e+00 -8.232393977107600236e+00 -6.956218091148453908e+00 -3.635195519885930260e+00 -4.109665238437142598e+00 -1.238141887658783524e+00 1.294368821023191174e+00 2.063684581016637321e+00 2.693182052982069585e+00 3.332412505978883388e+00 4.765400062540702919e+00 5.196483616539524064e+00 5.196483616539524064e+00 5.196483616539524064e+00 5.196483616539524064e+00
-1.045552735979246783e+01 -1.007599287598123183e+01 -9.502383721873343347e+00 -8.442892228367703922e+00 -7.433741488946884246e+00 -5.397350920843907218e+00 -2.354422958678018318e+00 -3.596234929057731122e+00 1.774737084056639824e-01 2.099470186971304830e+00 3.091936745764567895e+00 3.495298084192943300e+00 4.948690360443079861e+00 4.970255314683396541e+00 5.127653816206688475e+00 5.127653816206688475e+00 5.127653816206688475e+00 5.127653816206688475e+00
-1.021235328342871895e+01 -9.476189536120584123e+00 -8.923534555711587046e+00 -8.372336010011318663e+00 -6.890849161388624466e+00 -3.889180080839008458e+00 -3.990359151928164039e+00 -1.400701273104799860e+00 1.148701891797065500e+00 3.070108190243174828e+00 3.145352536702862967e+00 4.660239081238121805e+00 2.774121046566789150e+00 2.237058917613444553e+00 5.592294934038215537e+00 5.592294934038215537e+00 5.592294934038215537e+00 5.592294934038215537e+00
-9.876745411787339890e+00 -9.005530055494215702e+00 -8.223612707330714144e+00 -7.707693260579068451e+00 -5.217986778750617560e+00 -2.385834793842441126e+00 -3.329809711704268427e+00 3.612044978723830679e-01 2.915491284187758492e+00 3.090056956629840812e+00 4.464963359605436111e+00 3.766320315688249210e+00 2.035802436420687034e+00 2.469169080268265759e+00 5.327574564268888757e+00 5.327574564268888757e+00 5.327574564268888757e+00 5.327574564268888757e+00
-9.476030010855577501e+00 -8.544283129785238629e+00 -7.825476371069492565e+00 -6.196882731870707595e+00 -3.986930240770966360e+00 -3.304629267016386152e+00 -2.360319447709543716e+00 1.833215083546334334e+00 3.246047538451456660e+00 4.158694457447599468e+00 4.788645572346907464e+00 1.978940181911167828e+00 5.485932990196635828e-01 2.368116931661042202e+00 5.112085283851711459e+00 5.112085283851711459e+00 5.112085283851711459e+00 5.112085283851711459e+00
-1.008709211199308875e+01 -7.798587622966061339e+00 -6.667283950825253491e+00 -5.001182698748785960e+00 -2.714259806040191236e+00 -3.166714009839501909e+00 -2.613362938174117189e-02 2.952532327859109351e+00 3.343189202420405515e+00 5.033325975179830714e+00 3.275338525599040373e+00 -1.833384195981948572e+00 4.329855572190078883e-01 2.579467722952092146e+00 5.240459119665610288e+00 5.240459119665610288e+00 5.240459119665610288e+00 5.240459119665610288e+00
-9.387443557662727756e+00 -7.555818289442551183e+00 -5.670216905085931458e+00 -4.135919103308610012e+00 -1.946666513399256448e+00 -2.525867079311399976e+00 7.738229509721150645e-01 3.087412344746683246e+00 3.578561722493784014e+00 5.604310214743672525e+00 4.446690543322595168e+00 -9.018424264964285397e-01 9.554992565086189993e-01 2.552284106846558043e+00 5.115239493077343269e+00 5.115239493077343269e+00 5.115239493077343269e+00 5.115239493077343269e+00
-8.989073616213239859e+00 -6.844487394326173479e+00 -4.896111645523951061e+00 -3.090036742327839647e+00 -1.918456121290150973e+00 -1.422508713974223182e+00 3.021608208916632066e+00 3.011994292680769014e+00 4.233875964475302567e+00 6.194562905955757870e+00 6.006060431761100382e+00 1.968539777947587055e+00 6.749002488383080145e-01 2.696376404546617866e+00 5.059929888403811304e+00 5.059929888403811304e+00 5.059929888403811304e+00 5.059929888403811304e+00
-8.662478618491881832e+00 -6.451061753991843339e+00 -4.216549703458476017e+00 -2.219844068794396996e+00 -2.510074316832541896e+00 -1.233690431775488483e-01 3.165733224590067341e+00 3.318048615916331379e+00 4.271273938281165528e+00 5.053076511647462965e+00 4.587132686912450019e+00 4.668108267515090226e+00 3.506124221377648897e+00 3.269642336967106377e+00 5.243891482818970218e+00 5.243891482818970218e+00 5.243891482818970218e+00 5.243891482818970218e+00
-7.789525623050461256e+00 -5.971353375964801202e+00 -3.909949976985057418e+00 -1.730819444097439597e+00 -1.910956038113570843e+00 1.971702859365586535e+00 3.578891209665263418e+00 3.873227389631126005e+00 4.084971070395184256e+00 3.287604266819968757e+00 3.316007202742526694e+00 3.173358314874819008e+00 3.949486190157496690e+00 5.125735159277285291e+00 5.237575765371874859e+00 5.237575765371874859e+00 5.237575765371874859e+00 5.237575765371874859e+00
-7.516848528842784205e+00 -6.061954817689436226e+00 -3.402725926198074013e+00 -1.741880876448899995e+00 -2.230557187704441668e-01 3.019769447153353603e+00 3.184261444204296243e+00 3.896281441049121330e+00 3.869225234202221309e+00 1.747932338533387808e+00 1.473935933405919219e+00 1.550821259767492855e+00 2.799887913303566123e+00 4.309608405487376004e+00 5.310319644249100968e+00 5.310319644249100968e+00 5.310319644249100968e+00 5.310319644249100968e+00
-8.164842574778585771e+00 -5.970558991037685281e+00 -3.331640047203048738e+00 -1.680336231797031399e+00 -1.690920733095659045e+00 3.087563389355246990e+00 3.102962393651020445e+00 4.098655487963545063e+00 3.100861733568933243e+00 1.548060333832234292e+00 4.626275721349553116e-01 9.131943115958623958e-01 2.020680366188654098e+00 3.625471782897857320e+00 5.191606550240658535e+00 5.191606550240658535e+00 5.191606550240658535e+00 5.191606550240658535e+00
-8.170821219841581495e+00 -6.094493244644920260e+00 -3.331791128118996248e+00 -1.418627167666889122e+00 -1.247810942725003480e+00 3.133551561850246525e+00 3.146251172914957372e+00 4.030326706109963020e+00 3.012935456989665362e+00 1.356385608869967507e+00 6.686005642734899057e-02 3.087536549797066376e-01 1.286562774150678656e+00 3.322278822898019346e+00 5.138521313411064995e+00 5.138521313411064995e+00 5.138521313411064995e+00 5.138521313411064995e+00
-8.073927009317559467e+00 -6.433002128580143975e+00 -3.522295932089856585e+00 -1.449662481930054758e+00 -6.134624544535183244e-01 3.133197652683112011e+00 3.252836413590570519e+00 4.120631431798207345e+00 2.791388136658607522e+00 1.123826675809956877e+00 -2.597530392201123028e+00 -1.724333055653337832e+00 1.194298176072720929e+00 3.193102330391325072e+00 5.083211708737531254e+00 5.083211708737531254e+00 5.083211708737531254e+00 5.083211708737531254e+00
-8.069037005139707119e+00 -7.011732378712686398e+00 -4.226372639043444401e+00 -3.007340289543130041e+00 -1.773863746827079702e+00 2.659807397737159462e+00 3.290800987163066793e+00 4.002581154150738563e+00 2.310217778299548108e+00 5.454469119901805829e-01 -2.666797702071860954e+00 -1.537102104846146178e+00 1.198836691180573233e+00 3.497535037696959392e+00 5.373817553068354513e+00 5.373817553068354513e+00 5.373817553068354513e+00 5.373817553068354513e+00
-8.054085421350993812e+00 -7.107463106640137696e+00 -5.002075988672569196e+00 -2.990683201010125636e+00 -1.676155455769257951e+00 3.112770551569811750e-01 3.141777713925566040e+00 3.793699462996940053e+00 2.132870929495025436e+00 -2.857053196565389808e+00 -2.772885077688575617e+00 -1.337930698197962842e+00 1.279048238449683073e+00 3.814847214269621922e+00 5.349931883164412483e+00 5.349931883164412483e+00 5.349931883164412483e+00 5.349931883164412483e+00
-7.845815124431949172e+00 -7.095567979295876349e+00 -5.311076840258121656e+00 -3.422763007372875421e+00 -1.760021681842329766e+00 -1.617612769124525673e+00 2.876748023064085391e+00 3.057067009267565361e+00 2.020173969805774128e+00 -3.886191486351771918e+00 -2.315432488814227252e+00 -3.866256736119831339e-01 1.549997671315454184e+00 3.774780816551917439e+00 5.240522794720321009e+00 5.240522794720321009e+00 5.240522794720321009e+00 5.240522794720321009e+00
-8.398148322061201654e+00 -7.661423526867966238e+00 -6.190391802851675784e+00 -4.656635807095244495e+00 -2.843808360137840552e+00 -2.236241242153620412e+00 1.997980331103676455e-01 2.808132896307653503e+00 1.352562156233094282e+00 -3.398407867361575185e+00 -2.076092098586252710e-01 1.029906900388808610e+00 1.899779656622923252e+00 4.109593910585477516e+00 5.277078707158601389e+00 5.277078707158601389e+00 5.277078707158601389e+00 5.277078707158601389e+00
-8.768599415623571147e+00 -7.825523180620238328e+00 -6.795944232464496970e+00 -5.452489301473810279e+00 -3.773561465941655424e+00 -2.002980394248916163e+00 -2.013979705816931975e+00 1.456744741555099587e+00 1.830902252671527730e+00 -3.115582198087916699e-01 2.739433187229767808e-01 3.352855199017914511e-01 2.206012673036323424e+00 4.657737008253866051e+00 5.161803133744791161e+00 5.161803133744791161e+00 5.161803133744791161e+00 5.161803133744791161e+00
-9.145524498078465570e+00 -8.264137219667732737e+00 -7.504303493814230563e+00 -6.296793392941829381e+00 -4.914471655192203414e+00 -3.527341637832623444e+00 -2.405801216501673778e+00 -9.019856350050693417e-01 1.384219851130931822e+00 1.259726853933104795e+00 1.868572071138978608e-01 3.534985735079833602e-01 1.831719036739366313e+00 4.769783989206226593e+00 5.106493529071259196e+00 5.106493529071259196e+00 5.106493529071259196e+00 5.106493529071259196e+00
-9.407353319286869464e+00 -8.633661598416441763e+00 -7.981750416117995073e+00 -7.315955370618159925e+00 -6.240134684415299837e+00 -4.765699348016838144e+00 -2.660251391603038140e+00 -2.245865402399424671e+00 4.430322821158388935e-01 8.298478212606408277e-01 3.754301112113580530e-01 2.104051269749162567e-01 1.271183135200816494e+00 4.105492421820020610e+00 5.239107216197496086e+00 5.239107216197496086e+00 5.239107216197496086e+00 5.239107216197496086e+00
-1.008654588557423182e+01 -9.055158276529226669e+00 -8.580745963265217213e+00 -8.141089463880852861e+00 -7.424904642313492786e+00 -6.502108813369011919e+00 -4.464334335987259372e+00 -2.453645805410209491e+00 -2.072611575966766484e+00 1.461523729769524937e+00 7.049484570944846151e-01 7.917259121381153841e-01 2.120679936245462305e-01 4.024240382289936413e+00 5.298592787317281783e+00 5.298592787317281783e+00 5.298592787317281783e+00 5.298592787317281783e+00
-1.032209931806622016e+01 -9.906265023301585870e+00 -9.378745655162719075e+00 -8.947565634371679621e+00 -8.355185994312442688e+00 -7.291515511674340644e+00 -5.609464867786909892e+00 -3.700555079392210622e+00 -2.160340680498340937e+00 -6.818167140350270827e-01 1.054198277207272216e+00 1.213513103437896312e+00 4.314140975066296235e-01 4.540707380051352438e+00 5.349423076784612263e+00 5.349423076784612263e+00 5.349423076784612263e+00 5.349423076784612263e+00
-1.041471328823485365e+01 -1.006386445714653632e+01 -9.590214326670054135e+00 -9.195435662903289398e+00 -8.668044650203995616e+00 -7.715458513840338206e+00 -6.394482088989647650e+00 -4.745879353548233759e+00 -2.689029825187569500e+00 -2.135545600253947018e+00 6.827464633295121654e-01 1.110983126807716520e-01 7.777342015339303583e-01 4.057310173762932237e+00 5.240394558752043963e+00 5.240394558752043963e+00 5.240394558752043963e+00 5.240394558752043963e+00
-1.037790317999626666e+01 -1.016266602210993142e+01 -9.770699306980400678e+00 -9.371134805864734574e+00 -8.911259783776403154e+00 -8.042834502077228720e+00 -6.656749712214686809e+00 -5.358571181128250593e+00 -3.636812363352856181e+00 -1.984566472516993585e+00 -1.336075875336735441e+00 6.309659817739664556e-01 6.656942500948808128e-01 3.005819548043945133e+00 5.185084954078511110e+00 5.185084954078511110e+00 5.185084954078511110e+00 5.185084954078511110e+00
-1.050556628678585191e+01 -1.017990393342778255e+01 -9.682532185246053302e+00 -9.470876939246400283e+00 -8.967500726292346513e+00 -8.183562015542930723e+00 -6.828475656643174574e+00 -5.632325983060863628e+00 -4.147111243935629687e+00 -2.960153928451429106e+00 -3.026530628921403565e+00 3.795912958321177033e-01 3.447093134835046424e-01 2.601150882230510941e+00 5.129775349404977369e+00 5.129775349404977369e+00 5.129775349404977369e+00 5.129775349404977369e+00
-1.045678802893128179e+01 -1.019587233232922330e+01 -9.935653215141613259e+00 -9.561891426521556880e+00 -9.093388278541231884e+00 -8.394325752390502160e+00 -7.029140621522835808e+00 -5.756798217393630068e+00 -4.920982673839809252e+00 -3.299202890765159601e+00 -2.659224991583006403e+00 -4.164474676853530677e-01 -8.794681207557961122e-02 2.681314612415995224e+00 4.945789913034112750e+00 4.945789913034112750e+00 4.945789913034112750e+00 4.945789913034112750e+00
-1.052482241606905511e+01 -1.021963765439868688e+01 -9.908085100641832454e+00 -9.561958783772819714e+00 -9.182620502613753288e+00 -8.507313964139301632e+00 -7.203585177519950200e+00 -5.773007807612035691e+00 -5.296068699263291712e+00 -3.686822046298303235e+00 -2.176793115608472995e+00 -5.676328055708851350e-01 2.011159744030163177e-01 2.302491452459030086e+00 5.420670040222307584e+00 5.420670040222307584e+00 5.420670040222307584e+00 5.420670040222307584e+00
-1.054500343213379843e+01 -1.026584316445030076e+01 -9.943805783111494989e+00 -9.651442324653553229e+00 -9.219246097263278372e+00 -8.676433838925259323e+00 -7.357311940936622996e+00 -5.751907729264344127e+00 -5.074639343345038078e+00 -3.339920251974032084e+00 -3.144254507188873227e+00 -1.677331230187276923e+00 3.529408953096755397e-01 2.379602208234290472e+00 5.378951952499578582e+00 5.378951952499578582e+00 5.378951952499578582e+00 5.378951952499578582e+00
-1.055973221478036983e+01 -1.028720043594715605e+01 -9.947489469670317774e+00 -9.649911320482670973e+00 -9.305484555447204542e+00 -8.712012481742171133e+00 -7.423008987515808954e+00 -5.819610428684857339e+00 -5.115442917142038581e+00 -3.797175658985774582e+00 -2.828638621460313640e+00 -2.175071427762865994e+00 4.668136922540054856e-01 2.269877072458289735e+00 5.263676379085766577e+00 5.263676379085766577e+00 5.263676379085766577e+00 5.263676379085766577e+00
-1.060727946685902978e+01 -1.029510700914482690e+01 -9.993660447276656811e+00 -9.660017004543027141e+00 -9.330245465168740537e+00 -8.770780065800092729e+00 -7.558420184322290680e+00 -5.839797965351573694e+00 -5.180759358532353254e+00 -3.787430378465288960e+00 -3.911907855277673374e+00 -1.978753722629292833e+00 -4.384234436291965797e-02 2.198875744032421586e+00 5.071142465881666617e+00 5.071142465881666617e+00 5.071142465881666617e+00 5.071142465881666617e+00
-1.066603686926394801e+01 -1.033811148010618908e+01 -1.003538221544674158e+01 -9.717646873478580360e+00 -9.377032856164488450e+00 -8.951567975770036156e+00 -7.585500413282549204e+00 -5.848752967429653893e+00 -5.316291977738864638e+00 -3.761490575167325545e+00 -4.056226872812981554e+00 -1.910087110873548877e+00 -9.181315279857615863e-01 2.187131508051962658e+00 5.416293991901941496e+00 5.416293991901941496e+00 5.416293991901941496e+00 5.416293991901941496e+00
