-1.045321321108769297e+01 -1.037941181196682550e+01 -1.007240752330624289e+01 -9.710540448633937061e+00 -9.461192982686995379e+00 -9.011305781132216808e+00 -8.312173856592361076e+00 -7.272351153257495149e+00 -4.806702977732299154e+00 -3.300392897454186070e+00 -1.647278148019595934e+00 -1.402020445379247526e+00 4.675183999149817304e-01 1.853207578710499792e+00 4.836454691601953293e+00 4.836454691601953293e+00 4.836454691601953293e+00 4.836454691601953293e+00
-1.043529792634322817e+01 -1.026567646894628183e+01 -1.004529136121944077e+01 -9.850714289999755735e+00 -9.517361299014345022e+00 -9.005863678858442967e+00 -8.231280744676569228e+00 -6.975010054307436036e+00 -4.661288280923803207e+00 -2.434960559815667391e+00 -2.299346372905457958e+00 4.876328371752400304e-02 5.102985098099498407e-01 2.053920547123474272e+00 4.785918961124222548e+00 4.785918961124222548e+00 4.785918961124222548e+00 4.785918961124222548e+00
-1.037506432020865965e+01 -1.008007804055606549e+01 -9.758106695814289466e+00 -9.711128131931067387e+00 -9.610503227673012461e+00 -9.071446729664158326e+00 -8.144754821330320027e+00 -6.950819152458988626e+00 -4.253002884607274936e+00 -2.001242209152795937e+00 -2.855462881369298156e+00 1.418198921180555405e-01 -2.343104261032557256e-01 2.089373989025766321e+00 4.975071106255312792e+00 4.975071106255312792e+00 4.975071106255312792e+00 4.975071106255312792e+00
-1.032671606170756107e+01 -1.034176179558966169e+01 -9.913344055013945777e+00 -9.368987007787524135e+00 -9.210907249748737868e+00 -9.051646304221835138e+00 -8.278134886632527056e+00 -6.828973840748525426e+00 -3.379701051911887522e+00 -2.405886628475613964e+00 -1.625985065847287858e+00 -1.512965164562381226e-01 5.471909876049795285e-01 2.271870876315178922e+00 4.727279401932872993e+00 4.727279401932872993e+00 4.727279401932872993e+00 4.727279401932872993e+00
-1.058609875350097873e+01 -1.031710391680194050e+01 -9.924369993274604340e+00 -9.650962564456834869e+00 -9.114898519066677807e+00 -8.685162855164072937e+00 -8.150240455779947268e+00 -6.097708136345369567e+00 -2.865602263901934510e+00 -3.115214213021843648e+00 -5.446533986540809114e-01 7.637002233213363578e-02 1.417838607863243672e+00 2.372670334455964092e+00 4.556558908155331267e+00 4.556558908155331267e+00 4.556558908155331267e+00 4.556558908155331267e+00
-1.045356008044479168e+01 -1.008921335563009158e+01 -1.014705034016518503e+01 -9.986808327514632211e+00 -9.392583934388326838e+00 -8.675026469156716047e+00 -7.885126323668373516e+00 -5.228899554614207190e+00 -2.571891731510709711e+00 -2.563685002417036340e+00 -1.584040982128818997e-01 5.194920113560193009e-01 1.188838830159352655e+00 2.164328382694824082e+00 4.402103981616038553e+00 4.402103981616038553e+00 4.402103981616038553e+00 4.402103981616038553e+00
-1.049123857644108071e+01 -1.029068043973699886e+01 -9.948224030323910227e+00 -9.808705440444597912e+00 -9.364949962112856241e+00 -8.666541361242769526e+00 -7.647003170129382355e+00 -3.638712970826042170e+00 -3.241340106198635329e+00 -1.013763320906036158e+00 1.703183223879256580e-01 1.525408469493108488e+00 1.560670355997853642e+00 3.223746735237498662e+00 4.193217995326990355e+00 4.193217995326990355e+00 4.193217995326990355e+00 4.193217995326990355e+00
-1.053991266685321193e+01 -1.008277530679152001e+01 -9.993899497617968919e+00 -9.785958425240307790e+00 -9.206512822507900040e+00 -8.278457649281536490e+00 -5.796913517275023686e+00 -2.347016459095343510e+00 -2.807727974872011867e+00 1.777683969155994248e-01 1.322368750431478279e+00 2.041278920003396280e+00 1.746454099577542163e+00 4.316144139471760788e+00 4.900293567219658364e+00 4.900293567219658364e+00 4.900293567219658364e+00 4.900293567219658364e+00
-1.046130514364978659e+01 -1.018468406416505090e+01 -9.574199806603818530e+00 -9.024003801742628283e+00 -8.324300520028550920e+00 -7.003158649454851670e+00 -3.992780086935627359e+00 -3.292255168494645279e+00 -9.915557570162264467e-01 9.209196993111723462e-01 2.051314496799042431e+00 2.731391547153291022e+00 3.447185516208401523e+00 4.734835115929997507e+00 4.889381531319793694e+00 4.889381531319793694e+00 4.889381531319793694e+00 4.889381531319793694e+00
-1.024285993384572357e+01 -1.013336372763414239e+01 -9.488997997404810647e+00 -8.579380767243071304e+00 -7.463663563080025654e+00 -5.123384652763749436e+00 -2.358848454335779721e+00 -3.023400696927535325e+00 -9.746708211321111759e-02 2.081932789722155341e+00 3.099390922902605983e+00 3.483415648639173412e+00 4.986701101870602670e+00 4.961244428448258859e+00 5.087297192973823101e+00 5.087297192973823101e+00 5.087297192973823101e+00 5.087297192973823101e+00
-1.017739116242615616e+01 -9.449014252732817809e+00 -8.768006215398822079e+00 -8.521931779053605993e+00 -6.763848050896739572e+00 -3.414844363247391268e+00 -3.496325047702186328e+00 -6.746818388015509704e-01 1.937319010256849605e+00 3.133392878473377774e+00 3.092264774108948178e+00 4.600835694974781731e+00 3.020801799818938704e+00 2.297182630716021023e+00 5.023882465319124080e+00 5.023882465319124080e+00 5.023882465319124080e+00 5.023882465319124080e+00
-9.931424210263720909e+00 -9.134857584105489536e+00 -8.272227698855909139e+00 -7.641881176997634029e+00 -4.865101439773142467e+00 -2.590614993325936144e+00 -2.678968758593659683e+00 3.314395035984268878e-01 2.902012314138748827e+00 3.160864859259616022e+00 4.414300057168744296e+00 3.752498307930400401e+00 1.204535301019353133e+00 2.502870750468956018e+00 4.795719714267502098e+00 4.795719714267502098e+00 4.795719714267502098e+00 4.795719714267502098e+00
-9.678643378342330905e+00 -8.596685013093981809e+00 -7.606414280186334587e+00 -6.021959862354959725e+00 -3.289101073461697666e+00 -3.402779420465794846e+00 -9.115267810864953468e-02 3.148013134891941789e+00 3.270792739278752581e+00 4.138098240454342935e+00 4.756174488708246884e+00 4.149882274679789901e-03 5.219275209678250205e-01 2.416427753516481758e+00 4.666813938109258153e+00 4.666813938109258153e+00 4.666813938109258153e+00 4.666813938109258153e+00
-1.011838955222349945e+01 -8.010757070450127415e+00 -6.571644678988977972e+00 -4.465484740576639133e+00 -2.537827224963065564e+00 -2.278173052764713269e+00 9.992202959093017256e-01 3.142997104518764573e+00 3.332139491682285737e+00 5.014961467996944755e+00 3.381375290411882784e+00 -1.912324252720432050e+00 3.842090359167432689e-01 2.606467149407189154e+00 4.757737938629956531e+00 4.757737938629956531e+00 4.757737938629956531e+00 4.757737938629956531e+00
-9.459421377453672619e+00 -7.502532657655614834e+00 -5.386521518712461543e+00 -3.150029594458565008e+00 -2.909276684672692959e+00 -7.981312587539533820e-02 3.117627714389164861e+00 3.166046756896619740e+00 3.668342967263286791e+00 5.685131905946178676e+00 4.474727977534574741e+00 -8.945342825246657137e-01 9.145631680506086658e-01 2.655748768125870907e+00 4.931832827236801720e+00 4.931832827236801720e+00 4.931832827236801720e+00 4.931832827236801720e+00
-9.212555852729089167e+00 -6.907038538893662150e+00 -4.375728838888427674e+00 -2.101770466963221118e+00 -1.933978133383022824e+00 9.588193226883198195e-01 3.030524857934957073e+00 3.111217182638686296e+00 4.203416004900188518e+00 6.198740157971664111e+00 6.163430221228205497e+00 1.919681928039556729e+00 5.608660856580794940e-01 2.748044835159335175e+00 4.911884836262312426e+00 4.911884836262312426e+00 4.911884836262312426e+00 4.911884836262312426e+00
-8.861436754322857823e+00 -6.022032153404103916e+00 -3.732499867544252226e+00 -2.433042477652320734e+00 -6.050949236964048294e-01 2.953938081528909354e+00 3.252666256636431275e+00 3.433323412302648592e+00 4.262605062550439250e+00 5.066461870703497183e+00 4.651533574640740909e+00 4.781765047809116709e+00 3.488098669044448208e+00 3.436679601675681983e+00 4.864699943335446086e+00 4.864699943335446086e+00 4.864699943335446086e+00 4.864699943335446086e+00
-7.738913433918645168e+00 -5.717815512205387307e+00 -3.273330845639895958e+00 -2.350022656625812001e+00 -2.219672308495612145e-01 2.731195500149419253e+00 3.551038102301946608e+00 3.938727025461867814e+00 4.111350606177733624e+00 3.201629527275236864e+00 3.309412161212923476e+00 3.162862726013074610e+00 3.960445626702253641e+00 5.085867127657800246e+00 4.750266466756651873e+00 4.750266466756651873e+00 4.750266466756651873e+00 4.750266466756651873e+00
-7.435368697465336574e+00 -5.840513537630434016e+00 -2.936252597793414854e+00 -1.670725536264367594e+00 2.742061476767833697e-02 3.070223100188922860e+00 3.120588973224346585e+00 3.928883445821325537e+00 3.794894991658324113e+00 1.726676330589192343e+00 1.389979376043253945e+00 1.472629847389285818e+00 2.782484766054728276e+00 4.340479879132446150e+00 4.662505712601508812e+00 4.662505712601508812e+00 4.662505712601508812e+00 4.662505712601508812e+00
-8.194916805595662268e+00 -5.855217115406810890e+00 -2.600177746456874051e+00 -1.246676278899851331e+00 1.496465804341942096e+00 3.107461209809659231e+00 3.182330473574770835e+00 4.098083500707875970e+00 3.274431312502742664e+00 1.545941598521455296e+00 -9.774517564931261004e-01 8.753542880028060136e-01 1.959437395713701235e+00 3.660927398689273637e+00 4.765257890649365002e+00 4.765257890649365002e+00 4.765257890649365002e+00 4.765257890649365002e+00
-8.168933183169725609e+00 -5.774815021963030759e+00 -2.992421221042685708e+00 -1.480633388489691171e+00 1.272700852477772981e+00 3.153643250785309604e+00 3.281059858337390889e+00 4.106697977009403644e+00 3.017027106024655403e+00 1.465718228533326561e+00 -2.844369205185633409e-01 1.109194580149304166e-01 1.269510327939716410e+00 3.332952362534880031e+00 4.773522288286612181e+00 4.773522288286612181e+00 4.773522288286612181e+00 4.773522288286612181e+00
-8.145613412578459389e+00 -6.179984357468303102e+00 -3.601057556881998245e+00 -1.931152661417095739e+00 -6.829987343647306829e-03 3.231562102252339752e+00 3.272771212920752681e+00 4.195063756278517353e+00 2.769586284607116422e+00 1.207649032726208382e+00 -2.783577615035643493e+00 -1.725910426131599174e+00 1.247191787970765242e+00 3.182181287185129381e+00 4.712078260418514297e+00 4.712078260418514297e+00 4.712078260418514297e+00 4.712078260418514297e+00
-8.039813000295874090e+00 -6.762700358166958026e+00 -3.715645290020762381e+00 -2.474879654444665178e+00 -1.949042885909146872e-01 3.191763330948782507e+00 3.259181958631353293e+00 3.998390877402563159e+00 2.394065327192278048e+00 7.265134000364326106e-02 -2.667064550143956048e+00 -1.578811929112500012e+00 1.348117674753485096e+00 3.500627738027086711e+00 4.714022835148582224e+00 4.714022835148582224e+00 4.714022835148582224e+00 4.714022835148582224e+00
-8.152182123793238588e+00 -7.089297364935418955e+00 -4.577191082023320590e+00 -2.460658887346367507e+00 -5.847658885793226569e-01 2.471765126776839239e+00 3.236026157576554763e+00 3.730755567522228144e+00 2.204346899996296738e+00 -2.986508313194979891e+00 -2.920071477506823943e+00 -1.294332327153636664e+00 1.307134082766691741e+00 3.704916509097015975e+00 4.567129037465357477e+00 4.567129037465357477e+00 4.567129037465357477e+00 4.567129037465357477e+00
-7.834603272060171264e+00 -7.167772145499750280e+00 -5.241052690774277600e+00 -3.151500945062037928e+00 -1.110870082053500019e+00 7.055582737482392064e-01 3.219400236229130297e+00 3.032372348582662802e+00 2.083158340786775753e+00 -4.170527681385945762e+00 -2.820652826409898672e+00 -5.431457048868140181e-01 1.615258867397886711e+00 3.702892038211495596e+00 4.662782921515077561e+00 4.662782921515077561e+00 4.662782921515077561e+00 4.662782921515077561e+00
-8.328326285866863188e+00 -7.694004900653601098e+00 -6.220079655211081082e+00 -4.043116210922972797e+00 -2.470012876501172627e+00 -7.297051705883913497e-01 2.997838880706594766e-01 2.901225616569464538e+00 1.404196330078809840e+00 -3.745588699258055154e+00 -1.704343309687885943e+00 1.109529155307723336e+00 1.908353171428818440e+00 4.206305044750402011e+00 4.641993413059718243e+00 4.641993413059718243e+00 4.641993413059718243e+00 4.641993413059718243e+00
-8.881443040208607087e+00 -7.789274627099276316e+00 -6.853541745081516368e+00 -5.231777341836084894e+00 -3.439572459141105654e+00 -1.633556302774337388e+00 -7.076644863868644109e-01 -5.436491086170637255e-01 2.115301144481622320e+00 -8.983830390900441332e-01 -4.381975655027696703e-01 -9.559802345482792951e-02 2.128381192114984444e+00 4.506972040065968521e+00 4.570968020532339970e+00 4.570968020532339970e+00 4.570968020532339970e+00 4.570968020532339970e+00
-9.060480896443486643e+00 -8.272671028224232614e+00 -7.551425039273257589e+00 -6.083265070657761342e+00 -4.518599532766780946e+00 -3.163810580581122522e+00 -1.617129910521161396e+00 -1.081632532018045545e+00 -7.698397290896639988e-02 1.537226490072405749e+00 -2.970367114896050320e-01 8.903610105121255447e-02 1.859103470759393639e+00 4.500555546759104963e+00 4.511713807470851378e+00 4.511713807470851378e+00 4.511713807470851378e+00 4.511713807470851378e+00
-9.393481902004761963e+00 -8.646395113891156115e+00 -8.117622259992694822e+00 -7.370393947261543843e+00 -6.160265346170076484e+00 -4.464039437103560104e+00 -2.739237639953199466e+00 -2.141341385506912776e+00 -1.301557442551701360e+00 1.706674023721395539e+00 4.615557548025410184e-01 -2.884529570199715898e-01 1.474201043151407875e+00 4.120485544810009060e+00 4.471752362329223907e+00 4.471752362329223907e+00 4.471752362329223907e+00 4.471752362329223907e+00
-1.013638763654566510e+01 -9.130299713286021301e+00 -8.697027765802049615e+00 -8.336954224779974609e+00 -7.497973026783059325e+00 -6.618040866550289003e+00 -4.277240967581559694e+00 -2.178561574814646740e+00 -1.640462400240161989e+00 -1.882038348157153151e-01 1.406214011558689858e+00 2.980997565742531386e-01 -5.334708912929766456e-01 3.974581106153308951e+00 4.557425729212789989e+00 4.557425729212789989e+00 4.557425729212789989e+00 4.557425729212789989e+00
-1.033282764881214177e+01 -9.941260894028269846e+00 -9.446011556213811389e+00 -9.105343672556095669e+00 -8.507424950998855095e+00 -7.394536453388961483e+00 -5.757457873883438104e+00 -3.320965404981918834e+00 -2.793258667133814654e+00 -2.429021448567223462e+00 -3.975399526587933968e-02 1.181549460807481466e+00 -3.381111644367735813e-01 4.474915189566486262e+00 4.512234982831505370e+00 4.512234982831505370e+00 4.512234982831505370e+00 4.512234982831505370e+00
-1.053026648314831171e+01 -1.004540986160119331e+01 -9.639417319703021292e+00 -9.287282126733503063e+00 -8.931223313772420624e+00 -7.903884992008859633e+00 -6.325570184930194628e+00 -4.803863835335032029e+00 -3.444149340415802119e+00 -2.755362695845569032e+00 -1.760375643204554530e+00 5.547852470887557619e-01 -4.580683949864490234e-01 3.957006833857052985e+00 4.431389115284555480e+00 4.431389115284555480e+00 4.431389115284555480e+00 4.431389115284555480e+00
-1.047993910451901911e+01 -1.021303144787815675e+01 -9.844926128342104121e+00 -9.464637997217369758e+00 -9.023088740433090393e+00 -8.174293385961108882e+00 -6.661373995367617873e+00 -5.601641473925650594e+00 -3.808978356195412029e+00 -2.951336574274258329e+00 -2.445616526213429509e+00 1.483052424586047413e-01 7.013938581468933675e-01 3.064264264523480108e+00 4.372593387302843304e+00 4.372593387302843304e+00 4.372593387302843304e+00 4.372593387302843304e+00
-1.051834007461892639e+01 -1.025304063152850276e+01 -9.930398315757352989e+00 -9.558227610951217201e+00 -9.188055811663055295e+00 -8.322192782121700105e+00 -6.979957679412152061e+00 -5.788374070354461942e+00 -4.646923708764357563e+00 -2.515942624035899744e+00 -2.565919635155744061e+00 -1.996091393730952887e-02 8.865328177501158313e-01 2.730287440422754397e+00 4.405387133553355206e+00 4.405387133553355206e+00 4.405387133553355206e+00 4.405387133553355206e+00
-1.055660575158360182e+01 -1.032887032977303932e+01 -1.011346758563523451e+01 -9.596482313609785209e+00 -9.216312325809788319e+00 -8.529273969423540436e+00 -7.283897855395736975e+00 -5.865823747704536295e+00 -5.504529485132224842e+00 -3.431585070897972489e+00 -1.378107216148562575e+00 -7.844396279538959904e-01 4.137615645843347179e-01 2.641313227682701381e+00 4.397496849073311509e+00 4.397496849073311509e+00 4.397496849073311509e+00 4.397496849073311509e+00
-1.059063814783110757e+01 -1.029665773084053271e+01 -9.924144278764419624e+00 -9.645936668924997903e+00 -9.516811867556096871e+00 -8.647384137985858032e+00 -7.454507157256730743e+00 -5.976994557283742182e+00 -5.769402479957951968e+00 -4.101388236170121715e+00 -2.172268680285728948e+00 -1.601539404264885169e+00 5.871869932966783390e-02 2.354891344194184555e+00 4.371124742945323938e+00 4.371124742945323938e+00 4.371124742945323938e+00 4.371124742945323938e+00
-1.062294622372690611e+01 -1.029838592405430120e+01 -1.008776429905118555e+01 -9.733067129429182174e+00 -9.317064334217365129e+00 -8.774994985623319366e+00 -7.548241448768227002e+00 -5.823870081721625347e+00 -5.342501528286724977e+00 -4.166196823138108130e+00 -2.263491310588526595e+00 -2.307982310194000242e+00 -1.540919599589628541e-01 2.150765972056039477e+00 4.311481193468304163e+00 4.311481193468304163e+00 4.311481193468304163e+00 4.311481193468304163e+00
-1.066666103478429939e+01 -1.049849727964143042e+01 -1.006520647800648938e+01 -9.756487876316787933e+00 -9.412791691467109700e+00 -8.770957460853848531e+00 -7.609746445497980183e+00 -5.990338769981830680e+00 -5.261381365990214221e+00 -3.794411923965613109e+00 -5.054262777933653084e+00 -1.816012150646840739e+00 -6.192594699503096711e-01 2.108232811096708126e+00 4.233472967134851217e+00 4.233472967134851217e+00 4.233472967134851217e+00 4.233472967134851217e+00
-1.078204767782727380e+01 -1.044016564280544301e+01 -1.002989152780598126e+01 -9.741326530169979847e+00 -9.478697812656553978e+00 -8.821775098158708417e+00 -7.651362548299657007e+00 -6.038787227097947685e+00 -5.373365064865398111e+00 -3.362545274584022970e+00 -3.831275498052914674e+00 -2.762848215099047877e+00 -3.849107715941760266e-01 2.249053525832689360e+00 4.308924421314276110e+00 4.308924421314276110e+00 4.308924421314276110e+00 4.308924421314276110e+00
-1.071358591970482976e+01 -1.048060033482384412e+01 -1.003578244143754894e+01 -9.736858149937591023e+00 -9.451802681059893629e+00 -8.976041676563474070e+00 -7.647385926542781043e+00 -5.790776374857069086e+00 -5.355203288037610143e+00 -3.653223472535722216e+00 -3.996225908086298073e+00 -2.326695182106345960e+00 -6.410794004086266540e-01 2.256458109077216445e+00 4.273544545464158517e+00 4.273544545464158517e+00 4.273544545464158517e+00 4.273544545464158517e+00
