-1.043581531882220048e+01 -1.052616894652870805e+01 -1.002646381242509044e+01 -9.676306138713789196e+00 -9.343959134935657218e+00 -8.986260724705754654e+00 -8.374059133461351223e+00 -7.146315213347532946e+00 -3.526123878026586222e+00 -3.374063705095715182e+00 -2.721164941562558059e+00 2.770389194520088139e-01 1.621058233749742283e-01 2.073323609492969677e+00 5.195197050515003134e+00 5.195197050515003134e+00 5.195197050515003134e+00 5.195197050515003134e+00
-1.047757393966578121e+01 -1.015161799123395348e+01 -1.002574745745839557e+01 -9.816820333174966606e+00 -9.437284849209451210e+00 -8.939564580732165311e+00 -8.166698971290687226e+00 -6.693404251229032376e+00 -3.147216249646670683e+00 -3.882229696900667104e+00 -1.912470397251704535e+00 -1.268943172557024379e-01 1.118789678258672815e+00 1.990267184699845426e+00 5.105230978936446284e+00 5.105230978936446284e+00 5.105230978936446284e+00 5.105230978936446284e+00
-1.030687260126707017e+01 -1.001312435402461709e+01 -9.820066910787829784e+00 -1.000787529295397782e+01 -9.685412018194426764e+00 -9.095507242430441508e+00 -8.141940989357367542e+00 -6.556199180806343563e+00 -2.693491350525612837e+00 -3.998917028400184925e+00 -7.560915483873411613e-01 -5.976838649251428603e-02 1.628806547073615052e+00 2.041438325208191351e+00 5.393787712389856104e+00 5.393787712389856104e+00 5.393787712389856104e+00 5.393787712389856104e+00
-1.037239713504670213e+01 -1.032126776300361470e+01 -9.765679408887198321e+00 -9.351240170917623828e+00 -9.288483265822705448e+00 -9.351024166044963337e+00 -8.145185757914386926e+00 -6.017695052931359534e+00 -2.579074108686379763e+00 -3.861257712646643636e+00 -1.691178887570682909e-01 4.685123427188247480e-01 1.369471231921821630e+00 2.043038220051855536e+00 4.873433607894939179e+00 4.873433607894939179e+00 4.873433607894939179e+00 4.873433607894939179e+00
-1.058816879940851585e+01 -1.029532195183341159e+01 -9.933477512878020832e+00 -9.629341137230570169e+00 -9.027105510942194044e+00 -8.643922344485726939e+00 -8.029624634905450975e+00 -4.827903559360399832e+00 -3.209549383835408776e+00 -3.480866177054464661e+00 3.392257569769712156e-01 6.086552482372815653e-01 1.537108966199211002e+00 2.326297742729590556e+00 4.751422757015316023e+00 4.751422757015316023e+00 4.751422757015316023e+00 4.751422757015316023e+00
-1.039227909341014211e+01 -1.011028997399352569e+01 -1.020980700257142004e+01 -9.880759786287290680e+00 -9.314879703007759915e+00 -8.481504329568391398e+00 -7.553378879307043547e+00 -3.411370421285005783e+00 -4.241370295478123609e+00 -2.077073228992513787e+00 7.673761210338563288e-01 1.147174261444326548e+00 1.665526637190353210e+00 2.109279103843031855e+00 4.461423084246270321e+00 4.461423084246270321e+00 4.461423084246270321e+00 4.461423084246270321e+00
-1.063420366202722711e+01 -1.015975938769606479e+01 -1.001557207805701211e+01 -9.829696811656802424e+00 -9.321816920985199317e+00 -8.548087516427337107e+00 -6.988472571878986628e+00 -2.755313816024564932e+00 -4.252804728323019923e+00 -6.439739644101936111e-01 7.196977495163259242e-01 1.939386865880773803e+00 1.633905669471471978e+00 3.109907297534954207e+00 4.366397554738710163e+00 4.366397554738710163e+00 4.366397554738710163e+00 4.366397554738710163e+00
-1.040355572411741392e+01 -1.024680851767122647e+01 -1.019539021223048536e+01 -9.815405632733069652e+00 -9.253099921921593918e+00 -8.388639032436643106e+00 -4.945694398033928074e+00 -3.220820711537172087e+00 -3.447010601096534010e+00 3.395294624916507797e-01 1.374830262681630444e+00 2.115502573320240387e+00 1.848082073411598358e+00 4.283771243959009212e+00 5.337379852064851882e+00 5.337379852064851882e+00 5.337379852064851882e+00 5.337379852064851882e+00
-1.036482703817508977e+01 -1.007966890218045819e+01 -9.509872915144276462e+00 -9.256765901575873201e+00 -8.437309693707247149e+00 -7.048816752693265464e+00 -3.487067721023950462e+00 -4.210440404274066850e+00 -2.192243140329613205e+00 8.642855843631961354e-01 2.129704179643743700e+00 2.723608597530143616e+00 3.321979134685393742e+00 4.660862477472813126e+00 5.313155675277418055e+00 5.313155675277418055e+00 5.313155675277418055e+00 5.313155675277418055e+00
-1.053943938074214159e+01 -1.025265233001305454e+01 -9.449878424109799724e+00 -8.474854985674427965e+00 -7.445367329926537714e+00 -5.492655167812653616e+00 -2.741222492183350568e+00 -4.085471506738603154e+00 -1.315539846383730060e-01 1.506792392466755892e+00 2.908295095856404444e+00 3.392524063428559167e+00 4.839261379886547587e+00 4.896320614200945442e+00 5.343958643783087048e+00 5.343958643783087048e+00 5.343958643783087048e+00 5.343958643783087048e+00
-1.017317393166494988e+01 -9.595326344813971176e+00 -9.042776254901076172e+00 -8.460038509587128885e+00 -6.974096881676088877e+00 -3.688033189030086145e+00 -3.533706430594122594e+00 -2.686780932599629246e+00 8.813131955772802728e-01 2.837399786288284709e+00 2.984723245022261828e+00 4.486653029710099716e+00 2.878173483763470930e+00 2.216482666944343816e+00 5.678067293517484515e+00 5.678067293517484515e+00 5.678067293517484515e+00 5.678067293517484515e+00
-9.894244977426016163e+00 -9.095627345389523555e+00 -8.316200857268752245e+00 -8.005026665391888230e+00 -5.520173723624184348e+00 -2.773256055864846914e+00 -3.361578082632771469e+00 -4.624820865396278013e-01 1.881262742414657962e+00 3.211824286210490431e+00 4.385159790111895717e+00 3.732390027836193003e+00 1.969650515554494330e+00 2.381357885161430321e+00 5.338232927295154973e+00 5.338232927295154973e+00 5.338232927295154973e+00 5.338232927295154973e+00
-9.529976731693283298e+00 -8.682500729534201156e+00 -7.919255706873230771e+00 -6.412139320476322624e+00 -4.321840071427499375e+00 -3.177171739188613397e+00 -3.326187389022881469e+00 6.897496079915288458e-01 3.452038698086617341e+00 4.022334815555917764e+00 4.618582671737994083e+00 2.043485891175219393e+00 5.060342704152334115e-01 2.299956778317341133e+00 5.108430329598371955e+00 5.108430329598371955e+00 5.108430329598371955e+00 5.108430329598371955e+00
-1.006350649943853170e+01 -8.028260430930886926e+00 -6.818756644290383306e+00 -5.356177709118074226e+00 -2.824733476064329007e+00 -2.170195592882631086e+00 -2.262258722284875567e+00 1.904151571577159752e+00 3.282928806565706292e+00 4.916108211440168851e+00 3.256464725004541094e+00 -1.941972756928565413e+00 4.045663603973159717e-01 2.484064366488580422e+00 5.256747814952382747e+00 5.256747814952382747e+00 5.256747814952382747e+00 5.256747814952382747e+00
-9.478394969628681110e+00 -7.772305337750042398e+00 -5.886721198419121670e+00 -4.416317285094941703e+00 -2.209114790301999864e+00 -2.842798110999821937e+00 -2.511630781099750964e-02 2.826560797099329836e+00 3.522189004420047009e+00 5.498137344093023238e+00 4.328272165460126608e+00 -8.478367299078759523e-01 1.059561707835980027e+00 2.662018749917839600e+00 5.172216992889546283e+00 5.172216992889546283e+00 5.172216992889546283e+00 5.172216992889546283e+00
-9.012682369950745453e+00 -7.066366667948632774e+00 -5.220871664438218041e+00 -3.612257288016485823e+00 -2.180705532996790375e+00 -2.497428972779757839e+00 1.329198666167411336e+00 2.968382224460368590e+00 4.060371725136261212e+00 6.173325097398193684e+00 5.911660813176993656e+00 2.037208936501476941e+00 6.768485802214240232e-01 2.623700872377884963e+00 5.164326403867288917e+00 5.164326403867288917e+00 5.164326403867288917e+00 5.164326403867288917e+00
-8.820954691243084511e+00 -6.623028418493443148e+00 -4.521302481031106879e+00 -2.644134901463588871e+00 -2.143294613359561396e+00 -1.513060640088163433e+00 2.490549916973858746e+00 3.292468375807027670e+00 4.159675362924911468e+00 5.079286381553994367e+00 4.530090573503652074e+00 4.647039685892845107e+00 3.664636016092562176e+00 3.179673514153186442e+00 5.461732984489524156e+00 5.461732984489524156e+00 5.461732984489524156e+00 5.461732984489524156e+00
-8.003711232771124173e+00 -6.301118052657059820e+00 -4.162944579475382767e+00 -2.223102000017830981e+00 -2.389356326504365580e+00 3.693164006004387434e-01 3.584101800160784279e+00 3.866572668867987339e+00 3.925968109949015794e+00 3.229741270792377161e+00 3.229360277069162066e+00 3.147520441546836523e+00 3.855581434347948200e+00 5.053134415532134938e+00 5.318885864839878685e+00 5.318885864839878685e+00 5.318885864839878685e+00 5.318885864839878685e+00
-7.651232851594023998e+00 -6.177611812203847030e+00 -3.674222832655283266e+00 -2.086743060120113125e+00 -2.308015769634541137e+00 1.050993843592392674e+00 3.037205729142089083e+00 3.777358967746194729e+00 3.735106535308653442e+00 1.811948371508483424e+00 1.479207975149157583e+00 1.514274418385005871e+00 2.749524083324144996e+00 4.224184337183423565e+00 5.326498096137523675e+00 5.326498096137523675e+00 5.326498096137523675e+00 5.326498096137523675e+00
-8.068168829301598066e+00 -6.226203508663609831e+00 -3.539386787262677192e+00 -2.902010915535496061e+00 -1.735538233654740026e+00 1.299324189343355362e+00 3.218670703628031760e+00 3.888735736200671145e+00 3.006387717118368830e+00 1.527430816876435005e+00 8.223769141666610327e-01 9.537702713646738495e-01 1.956840259392826020e+00 3.580073911950829135e+00 5.273317439024991948e+00 5.273317439024991948e+00 5.273317439024991948e+00 5.273317439024991948e+00
-8.290203421256620686e+00 -6.423189538999307224e+00 -3.970391315774344232e+00 -2.789866844319435657e+00 -2.013299090492908672e+00 8.309571904697947708e-01 3.204946883632045829e+00 3.980460476600986119e+00 2.955551614963666918e+00 1.397082721401120775e+00 5.746253676688907186e-01 3.577475373456107666e-01 1.222188474407158276e+00 3.228012719423001275e+00 5.238485313914832631e+00 5.238485313914832631e+00 5.238485313914832631e+00 5.238485313914832631e+00
-8.142198501281328049e+00 -6.589939389704988493e+00 -3.911008276203631784e+00 -2.147497475444831050e+00 -2.031500660564341310e+00 9.619320296573538043e-01 3.355904509535102775e+00 4.019483652278008634e+00 2.753249208678500093e+00 1.120992439837679377e+00 -2.286928910023527273e+00 -1.556657735921799679e+00 1.148592153572252750e+00 3.106748023115720514e+00 5.227606893665798893e+00 5.227606893665798893e+00 5.227606893665798893e+00 5.227606893665798893e+00
-8.155329277890539075e+00 -6.962791815362034065e+00 -4.682164908119673008e+00 -2.327489967176505026e+00 -1.781965102349220231e+00 3.879679926115879307e-01 3.534814534643162531e+00 3.890417777919561448e+00 2.324763593578659915e+00 7.756857018609192300e-01 -2.496739340085254000e+00 -1.532497407079278062e+00 1.120314747350489748e+00 3.400752682130937288e+00 5.526466641262644863e+00 5.526466641262644863e+00 5.526466641262644863e+00 5.526466641262644863e+00
-8.135328344136528500e+00 -7.156670955805520151e+00 -5.216534329967583261e+00 -3.113944799265590646e+00 -1.607934813722506462e+00 -1.362606101587015450e+00 2.161213739758669483e+00 3.677716061578918172e+00 2.077295625330457973e+00 -1.676165950739512800e+00 -2.655622878446207924e+00 -1.273537023620439967e+00 1.199462186912940043e+00 3.641843466209800706e+00 5.288746577880893085e+00 5.288746577880893085e+00 5.288746577880893085e+00 5.288746577880893085e+00
-7.991798182699960229e+00 -7.207585084656664698e+00 -5.734436016064758945e+00 -3.876117485556745734e+00 -2.038580613041581557e+00 -2.582991500519867145e+00 5.157894727270089241e-01 2.886753613694636122e+00 2.382226733829672760e+00 -3.722112568372510033e+00 -2.487189629630264243e+00 -6.466779003110888491e-01 1.436442395656199578e+00 3.662264957791540709e+00 5.350642559892267336e+00 5.350642559892267336e+00 5.350642559892267336e+00 5.350642559892267336e+00
-8.383963060096668585e+00 -7.717570453334215763e+00 -6.588615309150663180e+00 -4.816326483931585578e+00 -3.034497984985838670e+00 -2.596014540808240234e+00 -7.530678365138085972e-01 1.473247905844205174e+00 2.184116875276304715e+00 -3.179600000182052799e+00 -4.456910845937561150e-01 1.034245694220515155e+00 1.900682775973121075e+00 4.230935330942302564e+00 5.339764139643233598e+00 5.339764139643233598e+00 5.339764139643233598e+00 5.339764139643233598e+00
-8.804796890752783156e+00 -7.892043784838824294e+00 -7.048841554976007728e+00 -5.679790202087617423e+00 -4.033397592467057535e+00 -2.616951612409391448e+00 -2.611559515663652853e+00 -4.295335975373555312e-03 1.445980708095284895e+00 2.964022359158114961e-01 4.051785192966711469e-01 5.102544145776749529e-01 2.181021322696079068e+00 4.702379969078369193e+00 5.304753634940118090e+00 5.304753634940118090e+00 5.304753634940118090e+00 5.304753634940118090e+00
-9.157968819937991611e+00 -8.236154549309571138e+00 -7.423730465720474569e+00 -6.448538370821701449e+00 -5.078308164342062447e+00 -3.516900680234211318e+00 -2.775820806421233300e+00 -2.138193667619470162e+00 5.631246813308521393e-01 1.451904373491255562e+00 4.587343296901309486e-01 3.154687237361057939e-01 1.808593889480765382e+00 4.749948096612952142e+00 5.293875214691083464e+00 5.293875214691083464e+00 5.293875214691083464e+00 5.293875214691083464e+00
-9.392720161276907120e+00 -8.542886190638242283e+00 -7.890370472024248905e+00 -7.266224995986428681e+00 -6.305447014093779501e+00 -5.049080071432301864e+00 -2.625977643013916563e+00 -2.681499392775275492e+00 -2.978782121113541792e-01 9.679862332875374120e-01 1.076126348941887301e+00 5.177286976439913202e-01 1.013227599940318191e+00 4.090955524929176690e+00 5.367308415028252178e+00 5.367308415028252178e+00 5.367308415028252178e+00 5.367308415028252178e+00
-9.941266517543200010e+00 -9.023665183507404208e+00 -8.551079681654297104e+00 -8.083166136759750486e+00 -7.370100921996491472e+00 -6.495358229335063349e+00 -4.207992983119748232e+00 -2.605549202831852096e+00 -2.169771353750945320e+00 3.787800268056196185e-01 1.052324498008122111e+00 9.763857881303146247e-01 5.765329237235896492e-02 3.945987807139896386e+00 5.427789301166582092e+00 5.427789301166582092e+00 5.427789301166582092e+00 5.427789301166582092e+00
-1.030403301352045453e+01 -9.861673858963865058e+00 -9.371568712887116348e+00 -8.884530410150146551e+00 -8.246054444743194267e+00 -7.325492560498382488e+00 -5.476576256910637319e+00 -2.618822800069175560e+00 -2.886156209970498487e+00 -4.001942469792214574e-01 6.860633553968108478e-01 1.091027571890544445e+00 3.099994178580903759e-01 4.427951340391359736e+00 5.416910880917545690e+00 5.416910880917545690e+00 5.416910880917545690e+00 5.416910880917545690e+00
-1.041723051914656928e+01 -1.004170210788790030e+01 -9.584147174157138238e+00 -9.166781460237078960e+00 -8.619046492750857880e+00 -7.603876612679798086e+00 -6.371333627476348127e+00 -3.584604510908067976e+00 -2.887908602521090273e+00 -2.584791312622403581e+00 2.946922703073557859e-01 1.038505482762363874e+00 7.424474436434956859e-01 3.166885877583892839e+00 5.381900376214430182e+00 5.381900376214430182e+00 5.381900376214430182e+00 5.381900376214430182e+00
-1.045093337294329849e+01 -1.016709117618118619e+01 -9.752933984219207986e+00 -9.309749439232565038e+00 -8.859643702235533880e+00 -7.913131658470561547e+00 -6.697699545450434222e+00 -5.031407897683131125e+00 -2.455107217680320808e+00 -3.115241486605028864e+00 7.782747173913813488e-02 9.159038887575381427e-01 5.758936914103940374e-01 2.849235211733980311e+00 5.371021955965391115e+00 5.371021955965391115e+00 5.371021955965391115e+00 5.371021955965391115e+00
-1.046632068347945221e+01 -1.013203186284922985e+01 -9.759100896694564042e+00 -9.441806034040446605e+00 -8.917098517106428091e+00 -8.114064794921210577e+00 -6.915812919435325057e+00 -5.600958924325588839e+00 -2.959933014838575627e+00 -3.246538434034959675e+00 -7.742674697749587498e-01 6.406083515129455952e-01 5.606067640511219752e-01 2.698291230065375856e+00 5.341821146068000736e+00 5.341821146068000736e+00 5.341821146068000736e+00 5.341821146068000736e+00
-1.049047760831262899e+01 -1.016290732127562180e+01 -9.866268668495598249e+00 -9.521350038891263523e+00 -9.038546798385700853e+00 -8.273238157826439121e+00 -7.098854512420472496e+00 -5.664744877154226366e+00 -4.218697828015414153e+00 -3.208024942196790352e+00 -2.159754094361105103e+00 4.474742902717334103e-01 5.426267423426711645e-01 2.938835992777953265e+00 5.488139425894781098e+00 5.488139425894781098e+00 5.488139425894781098e+00 5.488139425894781098e+00
-1.053982339673556545e+01 -1.020184674564061034e+01 -9.895847287752786769e+00 -9.523131686089183034e+00 -9.100350088804155746e+00 -8.390570697512240272e+00 -7.212903434852710127e+00 -5.870959715476726792e+00 -4.749774988895704375e+00 -2.868264882986890640e+00 -2.823561332659703549e+00 1.034444336656919067e-01 6.085630845227117947e-01 2.534616275991446788e+00 5.494057622191859558e+00 5.494057622191859558e+00 5.494057622191859558e+00 5.494057622191859558e+00
-1.057873953583084159e+01 -1.023582632578083462e+01 -9.951835375705938347e+00 -9.604893625587314077e+00 -9.160209602340859902e+00 -8.563240818726649550e+00 -7.319003869010323626e+00 -5.855650683568815573e+00 -4.857898609610627361e+00 -2.568094138602017740e+00 -3.116240739245290214e+00 -2.457353945513195970e-01 -1.393206072700718112e-01 2.689204541138100257e+00 5.483179201942836478e+00 5.483179201942836478e+00 5.483179201942836478e+00 5.483179201942836478e+00
-1.054690061449567295e+01 -1.029663705424455067e+01 -9.946203199603809608e+00 -9.635006191784444951e+00 -9.234411103924724529e+00 -8.614274783673074865e+00 -7.375270702673402567e+00 -5.867393102046318809e+00 -5.069275897931949437e+00 -2.686158682179906609e+00 -2.786742040515759022e+00 -5.457925399987419990e-01 -3.095327797134448389e-01 2.582872776497490364e+00 5.448168697239699654e+00 5.448168697239699654e+00 5.448168697239699654e+00 5.448168697239699654e+00
-1.061251002468926075e+01 -1.027909558398361156e+01 -9.928117569052233193e+00 -9.596720630274470309e+00 -9.295486485222525630e+00 -8.646220467350504535e+00 -7.508975016461799434e+00 -5.920125489605103652e+00 -5.226017818167915330e+00 -3.087667440783151918e+00 -3.110132175806429533e+00 -1.294820957381858761e+00 -1.532599331343724169e-01 2.517818199479317620e+00 5.432027834574341796e+00 5.432027834574341796e+00 5.432027834574341796e+00 5.432027834574341796e+00
-1.061192541656857635e+01 -1.028184522354557551e+01 -9.902569801928791549e+00 -9.640205125962369337e+00 -9.320688782689742879e+00 -8.834192337084882496e+00 -7.476877075109949367e+00 -5.715672364139320116e+00 -5.356366125363960506e+00 -3.536445708799367260e+00 -3.393975535871767590e+00 -2.108988179501619431e+00 -3.455814481316892839e-01 2.369239316675225915e+00 5.564029613050123224e+00 5.564029613050123224e+00 5.564029613050123224e+00 5.564029613050123224e+00
