-1.049601858722884096e+01 -1.029875336166301203e+01 -9.956469380190096530e+00 -9.617641236613106770e+00 -9.331844914739377828e+00 -8.985866764730609191e+00 -8.373374821446464722e+00 -7.065391124174405846e+00 -3.568991810052136948e+00 -3.788974359624291743e+00 -2.020787222940497063e+00 -5.227564150345078708e-01 1.543025061257486064e+00 2.051347478138800362e+00 5.389623057527382244e+00 5.389623057527382244e+00 5.389623057527382244e+00 5.389623057527382244e+00
-1.044153389502587359e+01 -1.022956528365179452e+01 -1.000657922101606090e+01 -9.764045890287977869e+00 -9.402721770602102680e+00 -8.889818892146067242e+00 -8.103312690875377200e+00 -6.612337386925687177e+00 -3.327834781902265338e+00 -4.381813968172409091e+00 -1.778329979319419607e+00 -7.384698447667387144e-01 1.263263213076601943e+00 1.912585331022297552e+00 5.424501879627662504e+00 5.424501879627662504e+00 5.424501879627662504e+00 5.424501879627662504e+00
-1.016652453272291368e+01 -9.930408767326962760e+00 -9.880057092674308095e+00 -9.822774327171442721e+00 -9.561975927066388437e+00 -9.019007828491893974e+00 -8.096166598122016111e+00 -6.353765816849412218e+00 -2.869490502226182294e+00 -4.451327621032360682e+00 -6.851064778849298431e-01 -5.732456992399457274e-01 1.728487169635241294e+00 2.013132899386762098e+00 5.079867156568588449e+00 5.079867156568588449e+00 5.079867156568588449e+00 5.079867156568588449e+00
-1.043560407601331974e+01 -1.022458609152679898e+01 -9.709498604922783827e+00 -9.355956688032325275e+00 -9.312411604917704366e+00 -9.100213464325006996e+00 -8.097554932014432438e+00 -5.806932432025061708e+00 -2.460131133839974282e+00 -3.981650226949164484e+00 -1.466653583838612995e-01 -1.909036407450757089e-01 1.517902328193220907e+00 2.141796800022885083e+00 5.014165226500638006e+00 5.014165226500638006e+00 5.014165226500638006e+00 5.014165226500638006e+00
-1.051023618820601513e+01 -1.022182719294373854e+01 -9.935018107526186526e+00 -9.541845094277597639e+00 -8.962613695585893936e+00 -8.626370466465195008e+00 -7.914054677456380915e+00 -4.626978073383122947e+00 -2.846263320045406164e+00 -3.109022687328362622e+00 -1.837556643882851809e-02 1.475155834422507084e+00 1.477797497818160055e+00 2.334724285763318363e+00 4.835562266164497913e+00 4.835562266164497913e+00 4.835562266164497913e+00 4.835562266164497913e+00
-1.030728185757776316e+01 -1.019831515995210225e+01 -1.015421649705352891e+01 -9.839803362544065735e+00 -9.284517089608250728e+00 -8.453953686838122650e+00 -7.702818131381320654e+00 -3.293698017102427933e+00 -4.068405207213806385e+00 -1.522593894465318565e+00 9.965511528765184923e-02 1.493563608722393576e+00 1.611047180235489984e+00 2.106054913133539763e+00 4.517516168055297321e+00 4.517516168055297321e+00 4.517516168055297321e+00 4.517516168055297321e+00
-1.052316837679305728e+01 -1.022896732004399922e+01 -1.007231774986905215e+01 -9.756272443307555164e+00 -9.259635161944141046e+00 -8.440793158312347444e+00 -6.659801004046653539e+00 -2.877126154150527526e+00 -4.173722259621053254e+00 -6.632435066657478284e-01 7.536491626464539850e-01 1.854642203097726316e+00 1.666302274804495109e+00 3.076233870458397135e+00 4.380483726613028317e+00 4.380483726613028317e+00 4.380483726613028317e+00 4.380483726613028317e+00
-1.036569248386170727e+01 -1.014176934905974647e+01 -1.008213467462642043e+01 -9.676361758520267031e+00 -9.175950572034500041e+00 -8.214758950634951873e+00 -4.912915070075264623e+00 -3.554003966918408253e+00 -3.349815119649719897e+00 -1.716540751280732080e-01 1.758981358651552585e+00 1.972715216821203654e+00 1.866761913750187851e+00 4.272004187621630145e+00 5.275929376652486624e+00 5.275929376652486624e+00 5.275929376652486624e+00 5.275929376652486624e+00
-1.037540252084389536e+01 -9.986838031280360184e+00 -9.545809726326858424e+00 -9.281230156672286569e+00 -8.424521242239997321e+00 -7.047478452764311285e+00 -3.639184443772132127e+00 -4.467155716823425493e+00 -2.373742147328822938e+00 2.408780936060543332e-01 2.077827975887307943e+00 2.685668272971337700e+00 3.251632404711182645e+00 4.712109150012320669e+00 5.021365576288783217e+00 5.021365576288783217e+00 5.021365576288783217e+00 5.021365576288783217e+00
-1.055881701056523170e+01 -1.011582133606759015e+01 -9.319525374058347467e+00 -8.433495010021754723e+00 -7.429594505072202537e+00 -5.733581310662292374e+00 -2.393129586172847212e+00 -4.241178024632586308e+00 -5.205431053461067048e-01 1.630175234981909194e+00 2.752170970121087024e+00 3.378733516042843554e+00 4.870900452404301362e+00 4.956546034032831116e+00 5.415979633357395073e+00 5.415979633357395073e+00 5.415979633357395073e+00 5.415979633357395073e+00
-1.019960206384388002e+01 -9.630561709282346783e+00 -9.033521740070401762e+00 -8.375152153760325291e+00 -6.818951204650328890e+00 -4.149060902072410073e+00 -3.508751376803190603e+00 -2.666155610184281155e+00 2.672860323750771427e-01 2.684385946790180721e+00 2.943469498140183216e+00 4.530332489145775909e+00 3.053954128749835739e+00 2.278501362231138305e+00 5.345453125035182218e+00 5.345453125035182218e+00 5.345453125035182218e+00 5.345453125035182218e+00
-9.892017943247630285e+00 -9.116421975081948403e+00 -8.364232398264782375e+00 -8.020693444861493049e+00 -5.564307143821634050e+00 -2.744152464783018885e+00 -3.416894024563209342e+00 -1.360811314399150262e+00 1.264354455754687967e+00 3.192045320748623904e+00 4.330503472678008947e+00 3.736732110008270880e+00 2.066612638293188198e+00 2.480998837202217810e+00 5.326010898012243366e+00 5.326010898012243366e+00 5.326010898012243366e+00 5.326010898012243366e+00
-9.526928146915167872e+00 -8.702972456674439528e+00 -7.885390457684572141e+00 -6.563098291997694567e+00 -4.682883631579164430e+00 -2.971900554936239836e+00 -3.515589837838984710e+00 -1.371437848383110225e-01 3.038292921268107794e+00 3.972636535312665806e+00 4.613196682779693525e+00 2.087019130329274663e+00 4.805734827112870811e-01 2.381409694700295621e+00 5.472510347804912634e+00 5.472510347804912634e+00 5.472510347804912634e+00 5.472510347804912634e+00
-1.000435523547527161e+01 -8.088727570961333768e+00 -6.953326195311191782e+00 -5.359804013372912124e+00 -3.227430942696391192e+00 -2.223598239507771801e+00 -2.852265003363341211e+00 3.726477827586458513e-01 3.262803897666731956e+00 4.908843668902042268e+00 3.319294206544982195e+00 -1.963511429614472670e+00 3.682528772124898930e-01 2.505103490074179984e+00 5.116799601951299792e+00 5.116799601951299792e+00 5.116799601951299792e+00 5.116799601951299792e+00
-9.569161332703389533e+00 -7.642063597073073034e+00 -6.073197731975203517e+00 -4.836206467229783534e+00 -2.337508549724383933e+00 -3.126869670972991067e+00 -7.916766212761059407e-01 2.406965236263071350e+00 3.436392578119424002e+00 5.403403756011207371e+00 4.353288925774970508e+00 -9.516539054260723107e-01 9.858470378152144331e-01 2.511027482441742009e+00 5.529613995066495313e+00 5.529613995066495313e+00 5.529613995066495313e+00 5.529613995066495313e+00
-9.058084240693560218e+00 -7.072832371481881708e+00 -5.405089895980715653e+00 -4.033231297606964638e+00 -1.896464838767144112e+00 -2.569661374980586999e+00 4.311108837213160627e-01 2.937973645415064894e+00 3.988818772090299891e+00 6.091881181504703591e+00 5.881246668092716234e+00 1.888168593923183369e+00 6.707877050277273323e-01 2.666024029809460405e+00 5.404101223147173449e+00 5.404101223147173449e+00 5.404101223147173449e+00 5.404101223147173449e+00
-8.780900446744626109e+00 -6.574059706511064860e+00 -4.770149421798214995e+00 -3.328695275360851635e+00 -2.409416011482324649e+00 -2.279186776568361772e+00 1.714022313774063555e+00 3.343251981566333964e+00 4.185973384741354053e+00 5.090112807420823060e+00 4.548069896106359700e+00 4.600557863965905270e+00 3.463431731884855314e+00 3.187381743407923906e+00 5.261531660759333207e+00 5.261531660759333207e+00 5.261531660759333207e+00 5.261531660759333207e+00
-8.126187911427456001e+00 -6.390748578224143550e+00 -4.538730688344458031e+00 -2.486609993794636875e+00 -2.462049671741159518e+00 -1.756650242362132186e+00 3.073179129018543065e+00 3.846490542081152597e+00 3.970348642997313160e+00 3.218371998135350687e+00 3.232111665171541581e+00 3.143540945400359998e+00 3.874332637711021654e+00 5.085560955748667844e+00 5.324603475249210405e+00 5.324603475249210405e+00 5.324603475249210405e+00 5.324603475249210405e+00
-7.622819191544262907e+00 -6.264844452159234578e+00 -4.240504148539309348e+00 -2.236360408785420972e+00 -2.400340670029655676e+00 -7.879744197512176251e-01 2.751249070208661163e+00 3.773656600024418495e+00 3.713107819716541691e+00 1.760620272819960253e+00 1.547094795814033752e+00 1.590764832033735088e+00 2.741769417459305913e+00 4.277164776283789216e+00 5.154345868949993914e+00 5.154345868949993914e+00 5.154345868949993914e+00 5.154345868949993914e+00
-7.812072723188997259e+00 -6.093249965724736761e+00 -4.100842682610988277e+00 -1.743642242598729020e+00 -2.533448970659347488e+00 -1.404873793544132721e-02 3.144849694411449903e+00 3.980413418420762461e+00 3.066897134657239121e+00 1.590082661800438890e+00 1.054453970203256041e+00 1.102548545496769616e+00 1.983784221290775474e+00 3.601740356122761000e+00 5.139025084877982152e+00 5.139025084877982152e+00 5.139025084877982152e+00 5.139025084877982152e+00
-8.235102712518180823e+00 -6.442130588615535558e+00 -4.213083485663450034e+00 -2.584158428084140979e+00 -1.763685804963139203e+00 -1.002058881235839305e+00 3.203180370924759046e+00 4.028940354794944056e+00 2.984088999754026972e+00 1.478736180681121226e+00 8.032690927383621116e-01 5.187614581534459868e-01 1.260881536779498324e+00 3.267609291538665417e+00 5.516744204265194185e+00 5.516744204265194185e+00 5.516744204265194185e+00 5.516744204265194185e+00
-8.145606571193296119e+00 -6.743727865980038594e+00 -4.226434444656686829e+00 -2.178139583597638929e+00 -2.134717754119773936e+00 -9.913309260294974612e-01 3.100610934471258240e+00 4.041756640409144730e+00 2.736951576342840475e+00 1.235731646761419444e+00 -1.836787803665702601e+00 -1.577839426305831738e+00 1.166600198713213521e+00 3.096167209735121606e+00 5.393608827808504813e+00 5.393608827808504813e+00 5.393608827808504813e+00 5.393608827808504813e+00
-8.192844457300664018e+00 -6.946051295454783059e+00 -4.777321941683211115e+00 -2.435859967007983684e+00 -1.737435906935675511e+00 -1.835583944274337576e+00 2.869266773890778666e+00 3.852701843303870888e+00 2.322049274781125661e+00 9.304623207270767971e-01 -2.422722127629993949e+00 -1.575996058772167530e+00 1.164598764351717275e+00 3.420858620039329168e+00 5.127406453377632012e+00 5.127406453377632012e+00 5.127406453377632012e+00 5.127406453377632012e+00
-8.149281565943404360e+00 -7.248598087990009375e+00 -5.289741955512084814e+00 -3.415723641190692383e+00 -1.756987683873246331e+00 -1.864758557166499076e+00 1.011175048116311315e+00 3.617824416132224830e+00 2.160067148265068404e+00 6.471006593879929936e-02 -2.577899522333367166e+00 -1.163100280167210343e+00 1.223580944380327384e+00 3.692676362354618824e+00 5.272604093449130502e+00 5.272604093449130502e+00 5.272604093449130502e+00 5.272604093449130502e+00
-8.062942072128153725e+00 -7.164080220945316491e+00 -5.787448562551083420e+00 -4.175691387600958038e+00 -2.232609478099364608e+00 -1.665222820279646410e+00 -1.221123559420108418e+00 2.623063357022400677e+00 2.400766108889575534e+00 -3.643207375778545920e+00 -2.261116786478662988e+00 -5.569819990801100351e-01 1.468118752768217794e+00 3.728707343983086009e+00 5.159370459754878624e+00 5.159370459754878624e+00 5.159370459754878624e+00 5.159370459754878624e+00
-8.287484511997002201e+00 -7.808666441743381981e+00 -6.436721904827421348e+00 -4.917314653775863853e+00 -3.606112654624422653e+00 -1.696449409827903931e+00 -2.062247489482076368e+00 1.560808477868747435e+00 2.162240302872460163e+00 -3.006605452757551866e+00 1.745479780695703975e-01 1.036517992567921320e+00 1.849220591720072804e+00 4.193059381831023558e+00 5.625428201733313927e+00 5.625428201733313927e+00 5.625428201733313927e+00 5.625428201733313927e+00
-8.754570408357283284e+00 -7.818114271258677306e+00 -6.925405917223118379e+00 -5.689621554733804487e+00 -4.364802145204630612e+00 -2.439015575412657455e+00 -2.144290851196030356e+00 -7.146081391151557494e-01 1.634912477660225072e+00 2.543053467273512919e-02 2.074629624117533544e-01 7.868622965583876860e-01 2.159990271393696926e+00 4.773108579174816235e+00 5.496000024254418470e+00 5.496000024254418470e+00 5.496000024254418470e+00 5.496000024254418470e+00
-9.100958389463645659e+00 -8.183059307996925824e+00 -7.409081990165667264e+00 -6.328714105266131540e+00 -5.297108994173567176e+00 -3.971256277027674031e+00 -1.846008844051511666e+00 -2.421849927179601458e+00 1.006483917379816573e+00 1.281389715627545112e+00 7.937728531200747284e-01 -4.098108309793815907e-01 1.714401043456238671e+00 4.911096553687963606e+00 5.353565208947419940e+00 5.353565208947419940e+00 5.353565208947419940e+00 5.353565208947419940e+00
-9.390434957221383883e+00 -8.494979523758001250e+00 -7.922262452432463853e+00 -7.184757618828305326e+00 -6.299203624327444295e+00 -5.061475383771770531e+00 -2.734201896353795291e+00 -2.438184020538599395e+00 6.030004041560967087e-02 1.525383922080587151e+00 9.570067024940138722e-01 7.475084815968758845e-01 9.244299910636992745e-01 4.078715725870885045e+00 5.283390842738886484e+00 5.283390842738886484e+00 5.283390842738886484e+00 5.283390842738886484e+00
-9.837284117244035286e+00 -8.985932551444733463e+00 -8.472968423943241234e+00 -7.997810579515151730e+00 -7.306207762956044682e+00 -6.360549846945725783e+00 -4.054113533629154276e+00 -1.960194459379167142e+00 -2.222945947815623047e+00 9.399615857243144301e-01 1.063208625087662229e+00 9.473697416296740226e-01 5.053725157795818657e-01 3.921780286115680525e+00 5.151638354161974576e+00 5.151638354161974576e+00 5.151638354161974576e+00 5.151638354161974576e+00
-1.020281815630870703e+01 -9.765840447981386063e+00 -9.280243398272844502e+00 -8.732457249650204645e+00 -8.188907732021043273e+00 -7.140407965306145854e+00 -4.974753181867207275e+00 -3.154708885141642050e+00 -2.665194058765611107e+00 3.447548045185200305e-01 1.183205903827180938e+00 9.775490198457633673e-01 3.127003337782641168e-01 4.443382740108989815e+00 5.666412726214955953e+00 5.666412726214955953e+00 5.666412726214955953e+00 5.666412726214955953e+00
-1.037202600730093849e+01 -1.001275875908295276e+01 -9.527885262588377202e+00 -9.102396240567273367e+00 -8.498273777137791640e+00 -7.542317535923862337e+00 -6.240607271032160952e+00 -2.991118873797376843e+00 -2.689122007316026242e+00 -1.439874622401578153e+00 9.440942589141410046e-01 9.686493507746980480e-01 8.273545546516679616e-01 3.162539491328459462e+00 5.656563181720063227e+00 5.656563181720063227e+00 5.656563181720063227e+00 5.656563181720063227e+00
-1.047002718881878991e+01 -1.011227164528895628e+01 -9.719485661437861523e+00 -9.264511897078991254e+00 -8.727946272419485396e+00 -7.838570615643131845e+00 -6.638218535118884489e+00 -4.793204481378512405e+00 -2.710268988032709103e+00 -2.525717518422377683e+00 7.295601412945093012e-01 9.706811711112457441e-01 7.346565146583416972e-01 2.712288387178914739e+00 5.475255844243637426e+00 5.475255844243637426e+00 5.475255844243637426e+00 5.475255844243637426e+00
-1.043971215829009580e+01 -1.014954379147314967e+01 -9.761026304513677587e+00 -9.385964524021797928e+00 -8.820372803223346381e+00 -8.005962866679558587e+00 -6.856792195717146932e+00 -5.494798557430881303e+00 -3.048612920466116094e+00 -2.684384116370843287e+00 2.296037214632081769e-01 1.101321571580615721e+00 7.267902393640679470e-01 2.590128107714887218e+00 5.336669190631731396e+00 5.336669190631731396e+00 5.336669190631731396e+00 5.336669190631731396e+00
-1.045099202662535376e+01 -1.014298496903325386e+01 -9.846297521956362431e+00 -9.451978392508708637e+00 -8.958123548501546907e+00 -8.221919561951924749e+00 -7.058151217598564564e+00 -5.637716516343672879e+00 -3.853644671905368746e+00 -2.070924796125490186e+00 -1.127097012159401945e+00 7.346150025600413080e-01 2.598660851360120594e-01 2.805302035405221606e+00 4.919461330383101405e+00 4.919461330383101405e+00 4.919461330383101405e+00 4.919461330383101405e+00
-1.052943999887283866e+01 -1.016985697789513310e+01 -9.841947550702421665e+00 -9.480335309036039604e+00 -9.050045413065758382e+00 -8.309585677330172615e+00 -7.232059441067205441e+00 -5.849052399475672459e+00 -4.043420171306904010e+00 -3.015900208203258881e+00 -2.749414097720014549e+00 2.726190128818491432e-01 6.792341813312732235e-01 2.323025792755808894e+00 5.689731901258355151e+00 5.689731901258355151e+00 5.689731901258355151e+00 5.689731901258355151e+00
-1.050125373344964430e+01 -1.018477949152475404e+01 -9.913839615687663809e+00 -9.556086629770341290e+00 -9.083261970089186121e+00 -8.506114821168690554e+00 -7.349877993185646829e+00 -5.864042269820084030e+00 -4.579270778941231690e+00 -3.616552111793041036e+00 -2.707326934616371528e+00 2.749911135384924821e-01 1.391935182065187626e-01 2.478164941813556510e+00 6.039421799818786241e+00 6.039421799818786241e+00 6.039421799818786241e+00 6.039421799818786241e+00
-1.050581978635271518e+01 -1.022273587015288321e+01 -9.895393130216909583e+00 -9.569487953925278845e+00 -9.180803931269517548e+00 -8.505332716329199627e+00 -7.397471909253007460e+00 -5.929955537101581520e+00 -5.088161816976140450e+00 -2.782472961382508991e+00 -2.961442750117033729e+00 -2.015966534040473379e-01 7.085534188060260696e-01 2.481973817143098948e+00 5.672890390307768094e+00 5.672890390307768094e+00 5.672890390307768094e+00 5.672890390307768094e+00
-1.057147709852633710e+01 -1.027725921270498510e+01 -9.944988552858990971e+00 -9.583779933577821097e+00 -9.242663433112603855e+00 -8.585597123748597070e+00 -7.495217221683024178e+00 -5.882823831611988297e+00 -5.206070686836326011e+00 -3.271583037217780543e+00 -2.836910318679289222e+00 -3.522394066687498104e-01 5.495276592497991830e-01 2.405698267802506951e+00 5.490244047954521811e+00 5.490244047954521811e+00 5.490244047954521811e+00 5.490244047954521811e+00
-1.061818529978350867e+01 -1.031086361402030960e+01 -9.987468814913700754e+00 -9.630503367939022397e+00 -9.330137661857218490e+00 -8.769064209495764928e+00 -7.498228866096741996e+00 -5.808382845785821758e+00 -5.373121584431547859e+00 -3.817342334160529926e+00 -2.043562028233689265e+00 -6.539321539752979140e-01 2.225505665875532613e-01 2.400020761780333522e+00 5.065854266609819412e+00 5.065854266609819412e+00 5.065854266609819412e+00 5.065854266609819412e+00
