-1.044058622679700576e+01 -1.031095635120920306e+01 -1.003221008948714399e+01 -9.718806348193897549e+00 -9.437251200957645025e+00 -8.997639419156179486e+00 -8.306653212882586956e+00 -7.287260727461671195e+00 -4.831201767201158681e+00 -3.221041276130626407e+00 -1.757247316816784810e+00 -1.507520051809694950e+00 4.829795552332991626e-01 1.841246902191387314e+00 4.596423428732197003e+00 4.596423428732197003e+00 4.596423428732197003e+00 4.596423428732197003e+00
-1.042746038638629358e+01 -1.024223617635765216e+01 -1.004843117245542672e+01 -9.884586818644818251e+00 -9.482194095563373892e+00 -8.998799139307841699e+00 -8.251623682840058649e+00 -6.990643081525782065e+00 -4.733379269807501011e+00 -2.294928519780414344e+00 -2.254419374790098018e+00 -9.647247458554392141e-02 5.168390371758040391e-01 2.060804092534495258e+00 4.584064024887421596e+00 4.584064024887421596e+00 4.584064024887421596e+00 4.584064024887421596e+00
-1.037564713201948408e+01 -1.010486105366114984e+01 -9.744640625464594308e+00 -9.703914016327221503e+00 -9.588418804066765944e+00 -9.071693733555747485e+00 -8.168722138652555032e+00 -6.946428816148575436e+00 -4.284078477850475686e+00 -2.034277525313997081e+00 -2.923219691991040037e+00 -4.158765936099001470e-02 -2.186137087777316468e-01 2.118331874075444432e+00 4.784956966402809542e+00 4.784956966402809542e+00 4.784956966402809542e+00 4.784956966402809542e+00
-1.033401907505190565e+01 -1.029135693182582756e+01 -9.930443172570281973e+00 -9.361570872619866535e+00 -9.217892162539518708e+00 -9.068261873636457082e+00 -8.285285743885188126e+00 -6.794944959543029128e+00 -3.283364361858832403e+00 -2.590723160468391573e+00 -1.471271891961337230e+00 -3.895646827291873726e-02 4.702976511741596699e-01 2.290425036044823059e+00 4.635983829164645798e+00 4.635983829164645798e+00 4.635983829164645798e+00 4.635983829164645798e+00
-1.064342526460033866e+01 -1.029340124275279322e+01 -9.934951864853495351e+00 -9.634001597520235549e+00 -9.110248434527562722e+00 -8.695133571141930418e+00 -8.163040333028181550e+00 -6.155004527449207785e+00 -2.731680750919743605e+00 -3.017001252665149735e+00 -5.679377953517475985e-01 2.774302473656779094e-02 1.442349173205136559e+00 2.367349475622737565e+00 4.371167528071810082e+00 4.371167528071810082e+00 4.371167528071810082e+00 4.371167528071810082e+00
-1.047317337049599573e+01 -1.001233244737544226e+01 -1.012991752753312369e+01 -9.908810592201724887e+00 -9.356984072728366186e+00 -8.687081741663336132e+00 -7.886490992345859929e+00 -5.178607240684802271e+00 -2.640952059463213875e+00 -2.567077159014971244e+00 -7.365094591418915038e-02 7.710830809601654234e-01 1.181428022017579682e+00 2.155036640142592663e+00 4.398285212208000061e+00 4.398285212208000061e+00 4.398285212208000061e+00 4.398285212208000061e+00
-1.046872562167251886e+01 -1.027785637914894323e+01 -9.943184491897428146e+00 -9.753930181195295646e+00 -9.342706246237785450e+00 -8.676898262485558178e+00 -7.675088270369601062e+00 -3.618134756374862260e+00 -3.236875692160682050e+00 -9.978226069013726995e-01 -2.427344166990230701e-02 1.455301398954102821e+00 1.570041980835761519e+00 3.270390247287207508e+00 4.196465830457817070e+00 4.196465830457817070e+00 4.196465830457817070e+00 4.196465830457817070e+00
-1.055839236941741710e+01 -1.011289037352851494e+01 -9.959833845220673609e+00 -9.760160837081675922e+00 -9.199828178824301261e+00 -8.265943020679378250e+00 -5.838698043327045006e+00 -2.309366592288579323e+00 -2.754297215756610129e+00 1.136532298946927172e-01 1.397701694362205815e+00 2.064951146174067720e+00 1.768799683383973420e+00 4.337005606204510144e+00 4.888537858365154420e+00 4.888537858365154420e+00 4.888537858365154420e+00 4.888537858365154420e+00
-1.047936548561090930e+01 -1.023246502832479443e+01 -9.646143648696270390e+00 -9.042178731762842148e+00 -8.274015627645834314e+00 -7.038364021280283822e+00 -3.912465065966120648e+00 -3.295624292578616110e+00 -8.843027104128375893e-01 1.076801303665471554e+00 2.077957226073912977e+00 2.747770481440501289e+00 3.438978899692525459e+00 4.768732651426030422e+00 4.948902811126986379e+00 4.948902811126986379e+00 4.948902811126986379e+00 4.948902811126986379e+00
-1.024770776166648112e+01 -1.009026380519163979e+01 -9.538213415697242681e+00 -8.543225254854979411e+00 -7.441428168999312476e+00 -5.107862723672246474e+00 -2.335668597591722406e+00 -2.922343635915477744e+00 8.693279197521139312e-02 2.093983665351727641e+00 3.081043967662921546e+00 3.488080630909314639e+00 4.983606961206303865e+00 4.956491175640739044e+00 5.065854901840438629e+00 5.065854901840438629e+00 5.065854901840438629e+00 5.065854901840438629e+00
-1.020032250813102692e+01 -9.447798086728278477e+00 -8.751057420398844044e+00 -8.515225555325081075e+00 -6.790281324811985542e+00 -3.352052150501502403e+00 -3.492152510139680199e+00 -7.612022385121186563e-01 1.967317579370269076e+00 3.091149970146223058e+00 3.074828765569288080e+00 4.600100767949247604e+00 2.929248615465319006e+00 2.278270206174993540e+00 4.872311203965169923e+00 4.872311203965169923e+00 4.872311203965169923e+00 4.872311203965169923e+00
-9.842744160712552315e+00 -9.088501454014533465e+00 -8.220033301697206696e+00 -7.577343825662087085e+00 -4.776665536430132697e+00 -2.392249049321894638e+00 -2.578867449869530759e+00 3.941222550452574414e-01 2.933687669596912961e+00 3.193636634132015040e+00 4.453396930214391425e+00 3.784805868288160902e+00 1.306770575295296499e+00 2.472359044383146021e+00 4.759150304270108656e+00 4.759150304270108656e+00 4.759150304270108656e+00 4.759150304270108656e+00
-9.643459009853431851e+00 -8.606212450607410247e+00 -7.574076486522173468e+00 -6.013646497545243719e+00 -3.217794805056459317e+00 -3.356070139065555402e+00 -1.078228257494673881e-01 3.153256655986801604e+00 3.323821560207019132e+00 4.157237095992836196e+00 4.796679536022995904e+00 5.471881473056131040e-02 5.617942095197623331e-01 2.375893477872567328e+00 4.608763383063434915e+00 4.608763383063434915e+00 4.608763383063434915e+00 4.608763383063434915e+00
-1.011055317362922068e+01 -8.006745452028598109e+00 -6.523041989048066647e+00 -4.354459562456730382e+00 -2.472787958121624552e+00 -2.198138848597581685e+00 1.182111986211315191e+00 3.114873378371117774e+00 3.340996559882506212e+00 5.050709842094160962e+00 3.383433956422115862e+00 -1.908962616156548719e+00 4.073234615551106774e-01 2.583231303346655849e+00 4.597555273855936875e+00 4.597555273855936875e+00 4.597555273855936875e+00 4.597555273855936875e+00
-9.460834407759557863e+00 -7.494161204286997169e+00 -5.311132823524257418e+00 -2.965585982190405367e+00 -2.785529011174585623e+00 -2.566605165399943878e-01 3.117672909597314135e+00 3.184378639484143569e+00 3.650722348527124073e+00 5.673320028954558225e+00 4.516922367090252521e+00 -9.187280464161640126e-01 8.580026820819670608e-01 2.645099184876716691e+00 4.694324324440382945e+00 4.694324324440382945e+00 4.694324324440382945e+00 4.694324324440382945e+00
-9.198298329716287469e+00 -6.894260719390089776e+00 -4.341201357132579375e+00 -2.104108468944069443e+00 -1.743171713441038495e+00 1.018718550063734796e+00 3.052142187332698597e+00 3.113771111477734443e+00 4.222505975873663608e+00 6.298623580314534287e+00 6.168650564144549264e+00 1.988356677874551615e+00 6.631004662116137816e-01 2.763426246344960813e+00 4.917609324598368303e+00 4.917609324598368303e+00 4.917609324598368303e+00 4.917609324598368303e+00
-8.857779356512486046e+00 -5.977601986672079093e+00 -3.661269914809313519e+00 -2.431773420864073110e+00 -9.261881254965158572e-01 2.945905817992986453e+00 3.272132548239981897e+00 3.425385085060185464e+00 4.269537370660695608e+00 5.059101997046903776e+00 4.638491342705036047e+00 4.778485004917264689e+00 3.668788693794446942e+00 3.375620505730955845e+00 4.838023729673913031e+00 4.838023729673913031e+00 4.838023729673913031e+00 4.838023729673913031e+00
-7.755066419168164416e+00 -5.719120194912624910e+00 -3.216953754634438667e+00 -2.037016387208425261e+00 -5.688782792308265668e-01 2.707299464475351858e+00 3.529962568408711476e+00 3.900223191817222990e+00 4.093566907147322631e+00 3.218271315872377691e+00 3.280443608561574464e+00 3.136547876369591759e+00 3.950958731583050110e+00 5.117967428763000370e+00 4.643411661186515715e+00 4.643411661186515715e+00 4.643411661186515715e+00 4.643411661186515715e+00
-7.469083552093493950e+00 -5.824815781252008051e+00 -2.946623937405764782e+00 -1.496891542299132905e+00 2.049083556401726791e-01 3.084100823497061938e+00 3.143968234510623905e+00 3.917969259067549004e+00 3.791784982005979909e+00 1.752596543149753439e+00 1.359951000089044681e+00 1.451199682933008273e+00 2.786319158858581169e+00 4.386199582459482826e+00 4.537498669876019797e+00 4.537498669876019797e+00 4.537498669876019797e+00 4.537498669876019797e+00
-8.216836926964738552e+00 -5.858954991794043998e+00 -2.547855289703497839e+00 -1.042568442274963481e+00 1.585835984160367751e+00 3.102924924370534132e+00 3.171608909429859402e+00 4.087773749841272952e+00 3.206028688154555439e+00 1.525352799626044753e+00 -9.322838559752678611e-01 8.703323256952478770e-01 1.951191866710779710e+00 3.670441422245465102e+00 4.619710627246263357e+00 4.619710627246263357e+00 4.619710627246263357e+00 4.619710627246263357e+00
-8.148267113252702032e+00 -5.845554502273527575e+00 -3.235777281489975898e+00 -1.457354495386092852e+00 1.274909681896773783e+00 3.128648491248077868e+00 3.247169842130354311e+00 4.095783653745893815e+00 2.999966029748332375e+00 1.426967175336916860e+00 -4.536045243351419787e-01 8.388473615678582185e-02 1.279596829436000949e+00 3.318242394923330618e+00 4.835418517457265253e+00 4.835418517457265253e+00 4.835418517457265253e+00 4.835418517457265253e+00
-8.119795916133913494e+00 -6.282875615161050753e+00 -3.496360964465962340e+00 -2.306928329037555514e+00 3.343949289097943207e-03 3.219260051254773103e+00 3.263736419109337206e+00 4.195643973936514115e+00 2.754344301237038106e+00 1.172766659486903063e+00 -2.786939286033529584e+00 -1.691145772884616427e+00 1.232841098028248927e+00 3.174692903972459401e+00 4.726735222466316166e+00 4.726735222466316166e+00 4.726735222466316166e+00 4.726735222466316166e+00
-8.054070542412093303e+00 -6.778379844007570654e+00 -3.815402931605205161e+00 -2.255378958133091416e+00 -1.805169594694061019e-01 3.178360049048634117e+00 3.264718268309902527e+00 4.012008875285025589e+00 2.368683510028922523e+00 1.480431797400229843e-01 -2.707400681105208484e+00 -1.601343117848547770e+00 1.295117447696509938e+00 3.474238109036819289e+00 4.618243993840485118e+00 4.618243993840485118e+00 4.618243993840485118e+00 4.618243993840485118e+00
-8.102021995678613919e+00 -7.089288245472399552e+00 -4.588507936643631879e+00 -2.532727806844764284e+00 -4.653179507549374816e-01 2.417973932677659921e+00 3.221504542670556859e+00 3.744988395130712799e+00 2.161917886601147032e+00 -3.329023928823445999e+00 -2.951276017259601758e+00 -1.303912638794565204e+00 1.299730388761630939e+00 3.703145962483143983e+00 4.476286473034440050e+00 4.476286473034440050e+00 4.476286473034440050e+00 4.476286473034440050e+00
-7.844488128253606973e+00 -7.208650240642664464e+00 -5.285542469698501833e+00 -3.199162472748903863e+00 -9.264933330969927772e-01 3.233267930418352032e-01 3.211372599647382309e+00 3.046608365196361579e+00 2.068673643240824145e+00 -4.192090515048821686e+00 -2.832035543928575372e+00 -6.297515604102048581e-01 1.565869540637027768e+00 3.715438839280714056e+00 4.489991004965382615e+00 4.489991004965382615e+00 4.489991004965382615e+00 4.489991004965382615e+00
-8.363232757739623935e+00 -7.698650187060909644e+00 -6.287729368566423283e+00 -4.030087051274376719e+00 -2.329520353038980751e+00 -6.589297663880689937e-01 2.635723609918187438e-01 2.848274946431414101e+00 1.384367977291909746e+00 -3.744360645783690877e+00 -1.553759812939105256e+00 1.109150133933630489e+00 1.898489460840239618e+00 4.174301188260736595e+00 4.706543865276354488e+00 4.706543865276354488e+00 4.706543865276354488e+00 4.706543865276354488e+00
-8.862159482751213346e+00 -7.840414991747153728e+00 -6.847734832469443589e+00 -5.231376648445833055e+00 -3.409110168526125584e+00 -1.846580918102436408e+00 -8.158523340802914525e-01 -1.311292184362566615e-01 2.046889907861890290e+00 -9.634052552635723465e-01 -4.242476705173491291e-01 -2.178564959834770332e-01 2.129861586497757919e+00 4.449828533229164051e+00 4.622562880041375166e+00 4.622562880041375166e+00 4.622562880041375166e+00 4.622562880041375166e+00
-9.106023077477388483e+00 -8.322206859721859473e+00 -7.594365650383033461e+00 -6.099009887404495345e+00 -4.493539845895989870e+00 -3.118541664334413710e+00 -1.593278063948533108e+00 -1.394543905304875153e+00 6.089934026203563944e-01 1.506248920094501731e+00 -3.556015775125414002e-01 5.092234798486224012e-02 1.835577763600225065e+00 4.465811404846616206e+00 4.531398103503208041e+00 4.531398103503208041e+00 4.531398103503208041e+00 4.531398103503208041e+00
-9.359093954152154282e+00 -8.566394648608486762e+00 -8.032845867354609481e+00 -7.351594674306090482e+00 -6.124438995823011211e+00 -4.435882680914679632e+00 -2.626973294789804569e+00 -2.280554591894059957e+00 -1.075715074782565894e+00 1.502304780303149068e+00 2.820562166315274122e-01 -2.373532553842346848e-01 1.481897230262623433e+00 4.102316065868932604e+00 4.415074276192872738e+00 4.415074276192872738e+00 4.415074276192872738e+00 4.415074276192872738e+00
-1.015417068306251380e+01 -9.081948069168531035e+00 -8.696476801305546900e+00 -8.305420689957834668e+00 -7.486049345762474161e+00 -6.629740122832298077e+00 -4.229842086938797152e+00 -2.509293684744267061e+00 -1.869265123448840438e+00 -3.638822855822368973e-01 1.300228711968407502e+00 2.473024177512586075e-01 -4.276639336083369880e-01 3.995807163082608859e+00 4.671843043211576507e+00 4.671843043211576507e+00 4.671843043211576507e+00 4.671843043211576507e+00
-1.035974796173742263e+01 -9.928330822959001267e+00 -9.470065360876288807e+00 -9.077830434487506039e+00 -8.558427095228475778e+00 -7.413066250026426829e+00 -5.761253125349428572e+00 -3.185025924825056087e+00 -2.811997709360591902e+00 -2.594397956246969006e+00 -7.586064870090358792e-02 1.163943287957208916e+00 -4.311775034902817216e-01 4.430658785642268782e+00 4.693186000115144196e+00 4.693186000115144196e+00 4.693186000115144196e+00 4.693186000115144196e+00
-1.050500085907874315e+01 -1.005652635551682827e+01 -9.644981351585567353e+00 -9.294466700071613019e+00 -8.915006001647487466e+00 -7.876131870873939178e+00 -6.345900111894787976e+00 -4.806361450841319716e+00 -3.525600955080287591e+00 -2.859638726906297279e+00 -1.808727140536835698e+00 4.742666774647478212e-01 -5.310256466415368415e-01 3.922729612695263768e+00 4.530641214723406307e+00 4.530641214723406307e+00 4.530641214723406307e+00 4.530641214723406307e+00
-1.049021700197682350e+01 -1.020092063532962179e+01 -9.848500943700152277e+00 -9.444984968667402114e+00 -9.049277540641686102e+00 -8.173216840584139220e+00 -6.673815479132725770e+00 -5.576654125926038930e+00 -3.828553687537922023e+00 -3.009614304431091902e+00 -2.597348630954824600e+00 -3.479321066167086196e-02 4.555970686833230587e-01 3.067280000502895732e+00 4.443144318823754269e+00 4.443144318823754269e+00 4.443144318823754269e+00 4.443144318823754269e+00
-1.050639580208557611e+01 -1.025585397736426252e+01 -9.898619140540311889e+00 -9.528168671277509105e+00 -9.166398104940547853e+00 -8.324715424472191927e+00 -6.986197643637317434e+00 -5.770791891730056022e+00 -4.663080734331046528e+00 -2.486639424491301487e+00 -2.591311016864874528e+00 -2.034786324212844166e-01 6.882963145858614906e-01 2.700404858748206571e+00 4.412266370631300560e+00 4.412266370631300560e+00 4.412266370631300560e+00 4.412266370631300560e+00
-1.053399482126264530e+01 -1.028431243633887249e+01 -1.006420971920696239e+01 -9.562606820853313039e+00 -9.201481115413523426e+00 -8.548210297203382879e+00 -7.271873968174439540e+00 -5.845064749802878268e+00 -5.477353912418794657e+00 -3.384710065771895593e+00 -1.475066706433033392e+00 -1.125942077836929789e+00 3.548962174880273546e-01 2.574723573465976578e+00 4.315768351729941443e+00 4.315768351729941443e+00 4.315768351729941443e+00 4.315768351729941443e+00
-1.059267298695373505e+01 -1.027558577098171710e+01 -9.919809005318116490e+00 -9.613828136936749758e+00 -9.410583862250810228e+00 -8.645036013914193518e+00 -7.416617773350804299e+00 -5.955659135486964573e+00 -5.732723031111282452e+00 -4.093797535366474172e+00 -2.050980237059253142e+00 -1.753027676510900967e+00 3.048996034327803098e-02 2.244879920732354428e+00 4.589013657690198755e+00 4.589013657690198755e+00 4.589013657690198755e+00 4.589013657690198755e+00
-1.061776925732738519e+01 -1.027858819500238141e+01 -1.004551620797519895e+01 -9.713916337270918078e+00 -9.288597107946916509e+00 -8.778038640667720216e+00 -7.537728462542782282e+00 -5.809944582975549388e+00 -5.350619468899573405e+00 -4.135541716398360101e+00 -2.387577839244967137e+00 -2.062692014597947043e+00 -1.737394716124299465e-01 2.185420422347163161e+00 4.494734189827783055e+00 4.494734189827783055e+00 4.494734189827783055e+00 4.494734189827783055e+00
-1.067058363769063334e+01 -1.042993295902798323e+01 -1.003510200079314529e+01 -9.717309075398738116e+00 -9.371229413958060306e+00 -8.778564602153348773e+00 -7.576137503034834353e+00 -5.983758351957308541e+00 -5.286856489707906448e+00 -3.889626134933501067e+00 -5.062587324091959218e+00 -2.000526175091560610e+00 -4.161177518467248371e-01 2.121045723197149346e+00 4.354890534144308489e+00 4.354890534144308489e+00 4.354890534144308489e+00 4.354890534144308489e+00
-1.075208740264867480e+01 -1.040194649554833362e+01 -1.001442975454995121e+01 -9.719977738224329755e+00 -9.446545805766934478e+00 -8.826097520096578108e+00 -7.651465568603483369e+00 -6.020945279016040708e+00 -5.344901419650291530e+00 -3.435648622772117466e+00 -3.834682891909301006e+00 -2.784354749166611853e+00 -6.238433081696002080e-01 2.278022082949392679e+00 4.350382805398824715e+00 4.350382805398824715e+00 4.350382805398824715e+00 4.350382805398824715e+00
-1.070460110650281038e+01 -1.043692885588099983e+01 -1.002298385227029343e+01 -9.739670474196042704e+00 -9.455514462160072853e+00 -8.984503395101004486e+00 -7.683084231112662366e+00 -5.781924632739996461e+00 -5.366538661476603522e+00 -3.701761903664216646e+00 -3.975842496134267101e+00 -2.076249204046480390e+00 -6.460750320755621612e-01 2.279284055558194133e+00 4.348859499521213756e+00 4.348859499521213756e+00 4.348859499521213756e+00 4.348859499521213756e+00
