-1.043979909237347137e+01 -1.036116914086382756e+01 -9.973158497078006945e+00 -9.666878689073131525e+00 -9.355441299747765171e+00 -8.992654892941143174e+00 -8.406883072399361723e+00 -7.219571658234873013e+00 -4.809783552581567534e+00 -2.287485547360182281e+00 -2.099462861848645279e+00 -8.428270586176078716e-01 6.564986594075057358e-01 1.976596167344941035e+00 4.991803666442367060e+00 4.991803666442367060e+00 4.991803666442367060e+00 4.991803666442367060e+00
-1.037566210609636208e+01 -1.012835457833344677e+01 -9.987409684935121490e+00 -9.831630099278660495e+00 -9.519185622707020400e+00 -8.953447789788178568e+00 -8.183924852296321717e+00 -6.925474468903023428e+00 -4.275072831592275691e+00 -2.934411180583757606e+00 -2.143143072714485786e+00 -3.535533942222315318e-01 9.322147051021225650e-01 2.081741291448339304e+00 5.107275290126599643e+00 5.107275290126599643e+00 5.107275290126599643e+00 5.107275290126599643e+00
-1.036634795055626057e+01 -1.005170782464053225e+01 -9.780586406419077505e+00 -9.821853800365513365e+00 -9.710351838161249916e+00 -9.152455445721704663e+00 -8.151861070179784008e+00 -6.844030388924943864e+00 -3.120754996039546203e+00 -2.979978959327433952e+00 -1.171784018494885338e+00 -1.124392832342589188e-01 5.677669738540191968e-01 2.000160251617009610e+00 5.106254988663323502e+00 5.106254988663323502e+00 5.106254988663323502e+00 5.106254988663323502e+00
-1.037706799723269668e+01 -1.031540784699170743e+01 -9.876786455628433714e+00 -9.289995011396039004e+00 -9.224448799938063104e+00 -9.229596836085093514e+00 -8.223087110894027774e+00 -6.541966622502990880e+00 -2.702067601897260474e+00 -2.790297702241923528e+00 -5.809255069860597143e-01 -1.588991387408225098e-01 6.997241935064555385e-01 2.249599714577628973e+00 4.727950785891689378e+00 4.727950785891689378e+00 4.727950785891689378e+00 4.727950785891689378e+00
-1.055638383189604568e+01 -1.033459552365495071e+01 -9.923991906580086564e+00 -9.628471299644896675e+00 -9.063702321854741228e+00 -8.657626409721338234e+00 -8.231072985386537866e+00 -5.499109589177453294e+00 -3.083264320144970316e+00 -3.184471586132294973e+00 -2.107043661330437190e-01 4.332217390793383638e-01 2.021758543666151375e+00 2.354345040954076929e+00 4.678561575493132452e+00 4.678561575493132452e+00 4.678561575493132452e+00 4.678561575493132452e+00
-1.040652561102655760e+01 -1.000674124492108064e+01 -1.016190721010098486e+01 -9.896128731980907034e+00 -9.370547415988252027e+00 -8.647878110130699625e+00 -7.694323629035667800e+00 -3.811952140891138097e+00 -3.810941812397768746e+00 -1.935733356407356442e+00 -2.535276999476328008e-01 2.838943059965436944e-01 1.280110800402418203e+00 2.150488415099404804e+00 4.397616463994932445e+00 4.397616463994932445e+00 4.397616463994932445e+00 4.397616463994932445e+00
-1.047026827367683310e+01 -1.029399065116218637e+01 -9.974242138196782292e+00 -9.855607255554595270e+00 -9.351365030960078428e+00 -8.592643665196124658e+00 -7.413721858590688996e+00 -2.683726218425868559e+00 -3.766701585442153277e+00 -5.791269419612851133e-01 3.750554766050729905e-01 1.850085965396941035e+00 1.595155818139583737e+00 3.345331293786109050e+00 5.344175662097621959e+00 5.344175662097621959e+00 5.344175662097621959e+00 5.344175662097621959e+00
-1.047031028994098634e+01 -1.009873068174476352e+01 -1.000707128584466865e+01 -9.789692225675432624e+00 -9.244689069627234801e+00 -8.284826500313101860e+00 -4.906151502115974949e+00 -3.355744692099103421e+00 -2.927108202038581908e+00 1.042769376536716031e-01 1.484624309580776069e+00 1.996503129934739107e+00 1.864119784096011312e+00 4.348399630057331322e+00 5.223857228389062968e+00 5.223857228389062968e+00 5.223857228389062968e+00 5.223857228389062968e+00
-1.039972021650611822e+01 -1.018249681683628793e+01 -9.532870772918260016e+00 -9.090062304065622101e+00 -8.269224401987822048e+00 -6.954104653700783345e+00 -3.369300552583822217e+00 -3.975298573061328611e+00 -1.100195976012823706e+00 9.916513517756184726e-01 2.066471366688308553e+00 2.733331237231003463e+00 3.428771558553483700e+00 4.761605320818198095e+00 5.256511550389302734e+00 5.256511550389302734e+00 5.256511550389302734e+00 5.256511550389302734e+00
-1.043415825804266106e+01 -1.004241084525389027e+01 -9.519649359120732512e+00 -8.429105108389988388e+00 -7.410013294283585239e+00 -5.338716988920696238e+00 -2.513243494618706109e+00 -3.503796790130501382e+00 4.945806435637620235e-02 2.155180053201570800e+00 3.003285425846060619e+00 3.477149195319269914e+00 4.910746101975457023e+00 4.971559935780197392e+00 5.523525353524529891e+00 5.523525353524529891e+00 5.523525353524529891e+00 5.523525353524529891e+00
-1.022522640006667771e+01 -9.499312989495647841e+00 -8.884035623555478267e+00 -8.393202858958293433e+00 -6.846274114044662795e+00 -3.494797834007952630e+00 -4.090024507353815508e+00 -1.290665730491895369e+00 1.123005456243652223e+00 3.110219839994578628e+00 3.047513177072883828e+00 4.580488797542305868e+00 2.911385141370853802e+00 2.211169732141343047e+00 5.397505572612413260e+00 5.397505572612413260e+00 5.397505572612413260e+00 5.397505572612413260e+00
-9.890962693395993099e+00 -9.033991534837268134e+00 -8.193776032284073807e+00 -7.626193995450018193e+00 -5.201362611607355468e+00 -2.411697369356875065e+00 -3.312910082463353945e+00 1.829420756094469191e-01 2.993558045035601189e+00 3.113341997549521345e+00 4.464288417311102819e+00 3.760716406250481647e+00 2.004826300791294535e+00 2.504843152239658366e+00 5.779232257735483991e+00 5.779232257735483991e+00 5.779232257735483991e+00 5.779232257735483991e+00
-9.515785260349822750e+00 -8.548784151242251994e+00 -7.741504845456393724e+00 -6.170753235611018184e+00 -3.703396447929288904e+00 -3.567501900207725285e+00 -1.895313872418535883e+00 1.822019608851163541e+00 3.207239233909192855e+00 4.027546211787536024e+00 4.704126416613461537e+00 1.316142195051802410e+00 4.657480359953857230e-01 2.319222894681454594e+00 5.624205239232454190e+00 5.624205239232454190e+00 5.624205239232454190e+00 5.624205239232454190e+00
-1.006616400096908848e+01 -7.839894271657382063e+00 -6.617395303819792574e+00 -4.943410008230083363e+00 -2.344341925294597839e+00 -3.090148330399403953e+00 9.580192003371952592e-02 3.000513088052811916e+00 3.294850273214144032e+00 5.058897474347926249e+00 3.362911779430969528e+00 -2.025201685452674205e+00 3.677708851979603066e-01 2.574761010299096764e+00 5.579519033114663351e+00 5.579519033114663351e+00 5.579519033114663351e+00 5.579519033114663351e+00
-9.423816806027460302e+00 -7.581769032937594410e+00 -5.683776901252829639e+00 -3.905390620020426251e+00 -2.854037542330938315e+00 -2.075585334797670267e+00 1.392093643884942278e+00 3.087262405467884996e+00 3.576744963079368844e+00 5.573347769044113775e+00 4.448648223824614334e+00 -9.355788071722523913e-01 1.000234753846377611e+00 2.603251379370985941e+00 5.451921165296768734e+00 5.451921165296768734e+00 5.451921165296768734e+00 5.451921165296768734e+00
-9.095681434501557305e+00 -6.910131433944512125e+00 -4.822794903286942159e+00 -2.618533878816888372e+00 -3.007306952848059822e+00 -3.110593398948028887e-01 3.026044925227683535e+00 3.026774158934125047e+00 4.107855000959163227e+00 6.282762360026120874e+00 6.085021290828629859e+00 1.875458814725899259e+00 6.458207692227536656e-01 2.701373406468129623e+00 5.359468456539969949e+00 5.359468456539969949e+00 5.359468456539969949e+00 5.359468456539969949e+00
-8.641180034460534287e+00 -6.431408799831032752e+00 -4.194281269006257418e+00 -1.821856250703388636e+00 -2.596206995789679617e+00 7.804813393042469016e-01 3.163112138732001810e+00 3.261553520698141639e+00 4.199193351901338467e+00 5.091297379615406626e+00 4.615941747875893952e+00 4.756400587482566777e+00 3.753576136709015465e+00 3.326865262471780493e+00 5.687216862926486982e+00 5.687216862926486982e+00 5.687216862926486982e+00 5.687216862926486982e+00
-7.827298805562728390e+00 -5.940941033325000120e+00 -3.748214019291046029e+00 -1.652129169151446808e+00 -1.523808992005295959e+00 2.295844321352509265e+00 3.519752851794208048e+00 3.872052537036613895e+00 4.103024658979630424e+00 3.228067279753595198e+00 3.303735034362390799e+00 3.188661636702797786e+00 4.017477233924179103e+00 5.133975034850817742e+00 5.607988641213824899e+00 5.607988641213824899e+00 5.607988641213824899e+00 5.607988641213824899e+00
-7.505475148751720837e+00 -6.040760979861580005e+00 -3.043799330480281284e+00 -1.651792748650331433e+00 -9.448275931894081214e-01 3.072250993148665899e+00 3.156022338404143923e+00 3.861862217433723377e+00 3.782649021353223340e+00 1.807450069294015638e+00 1.470927423965883607e+00 1.505648486297072708e+00 2.872569309266542081e+00 4.343103977415385231e+00 5.513348746961399982e+00 5.513348746961399982e+00 5.513348746961399982e+00 5.513348746961399982e+00
-8.182018165277110455e+00 -6.042590815190010289e+00 -3.145897781889258393e+00 -2.663814837915805089e+00 -7.618816651975452992e-01 3.050405648815173620e+00 3.071928301397074179e+00 4.050125519387308692e+00 3.101486522165572524e+00 1.552598531692677142e+00 -3.347744330262454326e-01 8.563321834822790191e-01 2.009885698459434877e+00 3.664260069103011830e+00 5.428600049339734390e+00 5.428600049339734390e+00 5.428600049339734390e+00 5.428600049339734390e+00
-8.157928240917762253e+00 -6.122364686698997360e+00 -3.095967998248538855e+00 -1.566603602517545157e+00 -1.094992901222955894e-01 3.128851728232617369e+00 3.134945436578316702e+00 4.095960900146837780e+00 2.984212082515357523e+00 1.435970565413338118e+00 3.151662127132939806e-02 2.217807150221588475e-01 1.264863127576225654e+00 3.344456712433572676e+00 5.278399054071235774e+00 5.278399054071235774e+00 5.278399054071235774e+00 5.278399054071235774e+00
-8.219402107718638106e+00 -6.386297464808286861e+00 -3.323074515915108496e+00 -1.547834465934637915e+00 -4.389915898185613452e-01 3.253207930340356491e+00 3.232783870405142146e+00 4.157032654580967268e+00 2.779088496830775856e+00 1.188112111740851295e+00 -2.584800653400113113e+00 -1.638341916697545919e+00 1.196544795536061967e+00 3.196698475215980828e+00 5.185946345314437878e+00 5.185946345314437878e+00 5.185946345314437878e+00 5.185946345314437878e+00
-8.027791061754003366e+00 -7.060806182981439250e+00 -4.541379234781895313e+00 -1.940876904352378585e+00 -1.705890892701436456e+00 2.990350490138686812e+00 3.168944191085887319e+00 3.984142375673315861e+00 2.374275546439091666e+00 3.670696981620121258e-01 -2.707161817493263456e+00 -1.609383776935082055e+00 1.202599597727909142e+00 3.433192362901227312e+00 5.491864666925927452e+00 5.491864666925927452e+00 5.491864666925927452e+00 5.491864666925927452e+00
-8.055080532992590747e+00 -7.090134179116933666e+00 -5.123866033849819424e+00 -2.730425704787999397e+00 -1.917359217071362920e+00 5.942313318580266790e-01 3.181046718802386764e+00 3.789752900632854082e+00 2.130093694254510339e+00 -3.224252600079900333e+00 -2.774033528865437415e+00 -1.238554867618554933e+00 1.280616093773263353e+00 3.717294345166499703e+00 5.439953633094149588e+00 5.439953633094149588e+00 5.439953633094149588e+00 5.439953633094149588e+00
-7.930989218379739469e+00 -7.084587281001791581e+00 -5.367198535677118798e+00 -3.464171986006595816e+00 -1.817658721631265184e+00 -3.279030062482357066e-01 3.028935146416366742e+00 3.002051630410701222e+00 2.022292453913234311e+00 -3.962861675693031493e+00 -2.506368828088945122e+00 -7.499224704592473145e-01 1.528679371170290402e+00 3.710252719603191807e+00 5.347530646871000215e+00 5.347530646871000215e+00 5.347530646871000215e+00 5.347530646871000215e+00
-8.400045078162692747e+00 -7.608210294908355209e+00 -6.270722065663383304e+00 -4.390727135322659791e+00 -2.704377152433635079e+00 -2.108669516729695381e+00 6.206305825917047825e-01 2.766661638299054538e+00 1.393185163055401521e+00 -3.482842688415649590e+00 -7.150447429077664285e-01 1.079172720960837273e+00 1.876230613818809845e+00 4.168127148689176664e+00 5.255077938114203207e+00 5.255077938114203207e+00 5.255077938114203207e+00 5.255077938114203207e+00
-8.846815722762526590e+00 -7.918858464954950271e+00 -6.819334204268592714e+00 -5.432025664871739323e+00 -3.482072334856754381e+00 -2.410043959822188775e+00 -1.206702180326082008e+00 1.062094721318137314e+00 1.831266736313797328e+00 -4.605848717038666384e-01 2.280296821698597765e-02 2.914599007558782429e-01 2.183487154403252806e+00 4.560309719359858960e+00 5.104876942845705479e+00 5.104876942845705479e+00 5.104876942845705479e+00 5.104876942845705479e+00
-9.132065976855095357e+00 -8.325842905850917575e+00 -7.477239740374006516e+00 -6.309439387172682601e+00 -4.865909658869586707e+00 -3.173501640629919684e+00 -2.471483521119238524e+00 -4.014322514262141234e-02 6.760988454823667615e-01 1.323322856684017168e+00 4.688826500653758139e-02 3.962024413433463677e-01 1.826203756394694899e+00 4.660803262251098644e+00 5.425694380772657865e+00 5.425694380772657865e+00 5.425694380772657865e+00 5.425694380772657865e+00
-9.390609922556196310e+00 -8.509972351169498239e+00 -7.989702109413364894e+00 -7.322149364136087968e+00 -6.170917696854244738e+00 -4.761548826197555151e+00 -2.285432288360991215e+00 -2.239656653605511583e+00 3.030542132132045818e-01 4.980375947615230947e-01 -4.136910892555101249e-01 3.190409409938275986e-02 1.298963144595738362e+00 4.094406749525711930e+00 5.403523082318452353e+00 5.403523082318452353e+00 5.403523082318452353e+00 5.403523082318452353e+00
-1.007750589780179062e+01 -9.080159957921249969e+00 -8.663394888803450655e+00 -8.255260362140564467e+00 -7.427276778520056411e+00 -6.527884742120686923e+00 -4.422589542055343159e+00 -2.303234662695066159e+00 -1.843964310831637476e+00 2.862102113399125347e-01 4.109784108488822030e-01 7.417426699512328359e-01 -1.363266510021064470e-01 3.993899291405060836e+00 5.266461244402263375e+00 5.266461244402263375e+00 5.266461244402263375e+00 5.266461244402263375e+00
-1.034786023150666345e+01 -9.912847650355796958e+00 -9.425638509386480735e+00 -9.010408886957028685e+00 -8.429340231999084665e+00 -7.360985870691342470e+00 -5.630760456613583820e+00 -3.505688926173871511e+00 -2.329915289168372539e+00 -9.803461708392411378e-01 2.257622560972175063e-01 1.273817222071416566e+00 6.171119778082241325e-01 4.399629227004421494e+00 5.174008535645461926e+00 5.174008535645461926e+00 5.174008535645461926e+00 5.174008535645461926e+00
-1.046510215023190860e+01 -1.010957668477726656e+01 -9.630604350011928716e+00 -9.244914810428809915e+00 -8.738704568315522891e+00 -7.755952518450438760e+00 -6.369107513853746738e+00 -4.726206269043675690e+00 -2.190788189265130637e+00 -2.326161614223495100e+00 -1.154993366979176206e-01 7.180752021282579278e-01 7.658354363123204278e-01 3.915926613689176605e+00 5.032977645675483558e+00 5.032977645675483558e+00 5.032977645675483558e+00 5.032977645675483558e+00
-1.051477277154197765e+01 -1.021270418470944286e+01 -9.791321839060424637e+00 -9.379412496402940391e+00 -8.938214713574627268e+00 -8.033289178754067450e+00 -6.710411007077436096e+00 -5.391968109061162195e+00 -3.429345487073040211e+00 -2.358062041176523405e+00 -1.580805511360976467e+00 -1.275506024523674342e-01 7.431565003848783491e-01 3.044321145526190264e+00 5.087812524298596983e+00 5.087812524298596983e+00 5.087812524298596983e+00 5.087812524298596983e+00
-1.050898088173958556e+01 -1.024649895328040827e+01 -9.751526838867302871e+00 -9.519941106037538958e+00 -9.000293016538917001e+00 -8.175597935052898890e+00 -6.826564655488916777e+00 -5.675215571214257793e+00 -4.044306263968005410e+00 -2.844860473624269304e+00 -2.805160589771829471e+00 -1.771861237011823076e-01 5.952711357981413931e-01 2.670136679366252874e+00 5.335533829605866529e+00 5.335533829605866529e+00 5.335533829605866529e+00 5.335533829605866529e+00
-1.047064687762437174e+01 -1.021401424592501783e+01 -9.909814001871909639e+00 -9.591790838726714341e+00 -9.115050091930639198e+00 -8.399374364133896265e+00 -7.028677914277613681e+00 -5.793678719571664359e+00 -4.903420146917995659e+00 -3.473072214010923808e+00 -2.698704953080466318e+00 -6.703667416665345380e-01 2.195271046485958444e-01 2.676633967581055096e+00 5.243140128445222814e+00 5.243140128445222814e+00 5.243140128445222814e+00 5.243140128445222814e+00
-1.058270391893600149e+01 -1.023977695783915998e+01 -9.956783969167702253e+00 -9.608601472566046908e+00 -9.221081242279973722e+00 -8.532195821055395868e+00 -7.176858080264716833e+00 -5.756508395165177205e+00 -5.307597085142619520e+00 -3.693916865620908041e+00 -2.567880556300932149e+00 -8.724668791734154771e-01 5.185018400361222912e-02 2.264040118669251367e+00 5.186865050509330111e+00 5.186865050509330111e+00 5.186865050509330111e+00 5.186865050509330111e+00
-1.053091717910437453e+01 -1.026944645458313943e+01 -9.971330287644288859e+00 -9.667807414919202813e+00 -9.268162499438851398e+00 -8.681097284627083965e+00 -7.354883013499515343e+00 -5.742894497578789448e+00 -5.080111818576519056e+00 -3.155516331051718470e+00 -3.111966517905053742e+00 -1.063758086674520209e+00 -9.474552866327214107e-02 2.354108397412815634e+00 5.130524562015396306e+00 5.130524562015396306e+00 5.130524562015396306e+00 5.130524562015396306e+00
-1.055777340103252016e+01 -1.031005414093188755e+01 -1.002499385389274167e+01 -9.663595327606046226e+00 -9.348277285706128481e+00 -8.713441482209022482e+00 -7.442017813646859992e+00 -5.829133303858132997e+00 -5.115055230405879172e+00 -3.781304333709660348e+00 -2.708900453315226997e+00 -1.755638835922375129e+00 -1.369562091397580617e-01 2.254260213582193639e+00 4.889381044350093575e+00 4.889381044350093575e+00 4.889381044350093575e+00 4.889381044350093575e+00
-1.066583877330175412e+01 -1.029948511258723443e+01 -1.001162445840549786e+01 -9.680417067921259999e+00 -9.328665724428294226e+00 -8.770027502083500792e+00 -7.580199849445580895e+00 -5.882707967772352831e+00 -5.158686077024781547e+00 -3.864711018193530911e+00 -3.951951508295900695e+00 -2.518522449397724294e+00 -7.188677406934316227e-01 2.175697098265200413e+00 5.240157159461296565e+00 5.240157159461296565e+00 5.240157159461296565e+00 5.240157159461296565e+00
-1.069231066520975482e+01 -1.034816192045051864e+01 -1.002747212807748589e+01 -9.717233160237356060e+00 -9.385936728818577990e+00 -8.959497202395249715e+00 -7.608194981710521887e+00 -5.802302181508379064e+00 -5.305606199327172590e+00 -3.637961629721754075e+00 -3.944699268460510222e+00 -1.658677168556228931e+00 -6.297701524084408087e-01 2.211482510694006365e+00 5.211047022116476413e+00 5.211047022116476413e+00 5.211047022116476413e+00 5.211047022116476413e+00
