-1.040112501837242576e+01 -1.029546815498242296e+01 -9.951558476841492862e+00 -9.636724652102945043e+00 -9.300659865994292730e+00 -8.991857135577152604e+00 -8.362611924499509186e+00 -7.250714618352577467e+00 -4.750936208956788143e+00 -2.468850833977240811e+00 -2.272451045644962697e+00 9.784507449602294904e-02 5.397730664929969446e-01 1.838859467537913295e+00 5.302129079194211059e+00 5.302129079194211059e+00 5.302129079194211059e+00 5.302129079194211059e+00
-1.035410162693746372e+01 -1.020521483773764615e+01 -9.960727497874307446e+00 -9.788328568037361066e+00 -9.447419083463906020e+00 -8.890952620660188543e+00 -8.173723986577876133e+00 -6.708579544591593447e+00 -3.400889221674292084e+00 -2.813085502794666848e+00 -1.723322819732584499e+00 -3.981199024057219260e-02 1.322777053619065279e+00 1.957429941428508346e+00 5.352126743089779204e+00 5.352126743089779204e+00 5.352126743089779204e+00 5.352126743089779204e+00
-1.030569866034712767e+01 -9.913227895566901537e+00 -9.834907131487748089e+00 -9.907935132530495181e+00 -9.575110053431217239e+00 -9.034537889559597801e+00 -8.106349082341589352e+00 -6.657736601276609711e+00 -3.059997575230106737e+00 -3.491943199648028351e+00 -6.577033420261886310e-01 1.627797280467487562e-01 1.697232605444648268e+00 1.924007667093509122e+00 4.956674464667964131e+00 4.956674464667964131e+00 4.956674464667964131e+00 4.956674464667964131e+00
-1.044468210237575434e+01 -1.033726399019419517e+01 -9.685225788688867965e+00 -9.321353313650638128e+00 -9.177914548525526683e+00 -9.316205434366688465e+00 -8.157346336821165167e+00 -6.198130294836552423e+00 -3.248987824448195116e+00 -3.364526659501569039e+00 -5.550774566048938263e-02 4.242800999693014385e-01 1.356320115935185644e+00 2.132669743749089353e+00 4.824350900075604187e+00 4.824350900075604187e+00 4.824350900075604187e+00 4.824350900075604187e+00
-1.053092573644376451e+01 -1.032322763977816749e+01 -9.860551935230532195e+00 -9.581041892660167036e+00 -9.011849073400368226e+00 -8.667792405512917853e+00 -8.151945358819229881e+00 -4.891170337548454761e+00 -3.366957536513250915e+00 -3.206360791292747425e+00 1.618773482594627611e-01 6.951315137528566446e-01 1.680084074493630508e+00 2.312208775932441007e+00 4.731570650450055204e+00 4.731570650450055204e+00 4.731570650450055204e+00 4.731570650450055204e+00
-1.040834844834239448e+01 -1.003419470489001242e+01 -1.012201095242908089e+01 -9.815862592953935817e+00 -9.352179157114029806e+00 -8.529073347370935920e+00 -7.485290976288071718e+00 -3.839399938062589168e+00 -4.008622156739077624e+00 -1.852564868566602962e+00 4.570864294573276365e-01 1.117255407721651661e+00 1.768879680632331919e+00 2.137581781021459904e+00 4.457798929529553256e+00 4.457798929529553256e+00 4.457798929529553256e+00 4.457798929529553256e+00
-1.043483865166318481e+01 -1.024477797786964928e+01 -9.945479402235386956e+00 -9.778627462551483518e+00 -9.337801319392099231e+00 -8.517535362794024678e+00 -7.098794839679475999e+00 -2.498270865095836957e+00 -3.771366999453810820e+00 -3.623556897642288277e-01 5.239351799774837337e-01 1.772777308704445609e+00 1.609456889514107925e+00 3.260843305490758404e+00 4.220867836962209907e+00 4.220867836962209907e+00 4.220867836962209907e+00 4.220867836962209907e+00
-1.045009546262621036e+01 -1.009415648994683679e+01 -1.000867646263900390e+01 -9.727703530011412525e+00 -9.193718408356279070e+00 -8.322890333133134533e+00 -4.943067144890434861e+00 -2.818088028065250938e+00 -2.714161992639515741e+00 3.674870880548835594e-01 1.552449429196773201e+00 1.918430196096985840e+00 1.823769182925512711e+00 4.352945210815546417e+00 5.233596623306981499e+00 5.233596623306981499e+00 5.233596623306981499e+00 5.233596623306981499e+00
-1.036821375479987317e+01 -9.927376136860457834e+00 -9.498275576926991093e+00 -9.094900754417192701e+00 -8.362170061343014993e+00 -6.951018791642606942e+00 -3.648441339343495571e+00 -3.973562531106079820e+00 -1.847755587323781423e+00 1.057963218042841325e+00 2.149978721170100915e+00 2.637512513291646155e+00 3.344216790690589747e+00 4.830152912261690190e+00 5.197174145476099127e+00 5.197174145476099127e+00 5.197174145476099127e+00 5.197174145476099127e+00
-1.045984140068406276e+01 -1.007582779148167518e+01 -9.435037255521717015e+00 -8.443859064839548623e+00 -7.444487582093064937e+00 -5.625809238925810973e+00 -2.335566329411846720e+00 -3.778070419320983753e+00 -1.054059789722321949e-01 1.819397838388879585e+00 3.045555885487244652e+00 3.427383186057392450e+00 4.961682561600290420e+00 5.001151891327892507e+00 5.331212607537423764e+00 5.331212607537423764e+00 5.331212607537423764e+00 5.331212607537423764e+00
-1.029644087827653109e+01 -9.571205276302947595e+00 -9.026761274443396488e+00 -8.461871711331694357e+00 -7.027140620238260027e+00 -4.111339381476232901e+00 -3.440797196250371393e+00 -2.372410167089853861e+00 1.031024176734730124e+00 3.063598655735609633e+00 3.065214749480155376e+00 4.607102251407853899e+00 2.988567835168124631e+00 2.227919132192377027e+00 5.693087910010262931e+00 5.693087910010262931e+00 5.693087910010262931e+00 5.693087910010262931e+00
-9.895118168440930617e+00 -9.052016041875969421e+00 -8.308431498714806906e+00 -7.849087373798985467e+00 -5.495344285948850604e+00 -2.350444566915051325e+00 -2.712555983981055796e+00 5.029474389133395396e-02 2.428806725629546914e+00 3.121863243685561784e+00 4.509604022654473354e+00 3.730510555331006728e+00 1.960065033119849254e+00 2.496575560402966243e+00 5.470691248166648535e+00 5.470691248166648535e+00 5.470691248166648535e+00 5.470691248166648535e+00
-9.419969763188227319e+00 -8.624095645866278304e+00 -7.929394872206753320e+00 -6.344314506503033080e+00 -4.409563531968495376e+00 -3.100486252374286877e+00 -2.789383373380691644e+00 8.841831561804693873e-01 3.167225758567098204e+00 4.074039705738806028e+00 4.687195615536799309e+00 2.009170723612634823e+00 5.112228313785652789e-01 2.437756312552515681e+00 5.313234677205834089e+00 5.313234677205834089e+00 5.313234677205834089e+00 5.313234677205834089e+00
-1.005248832610590348e+01 -7.892192648892944362e+00 -6.771875529562511709e+00 -5.322467332762637504e+00 -3.178293290023693984e+00 -1.664448833322291321e+00 -2.043250102579489802e+00 2.229158176089593990e+00 3.319700019441540473e+00 5.010146595075830156e+00 3.261306349575555874e+00 -1.786339311851067313e+00 3.994575234616434267e-01 2.558267582667395956e+00 5.167856365630687954e+00 5.167856365630687954e+00 5.167856365630687954e+00 5.167856365630687954e+00
-9.447778006864490763e+00 -7.628837570843941762e+00 -5.847618883806474877e+00 -4.530268827208307592e+00 -2.064520531515245505e+00 -2.781198556936451016e+00 1.764360799967165661e-01 3.036370074519377127e+00 3.538005393864663617e+00 5.496097925596066247e+00 4.454410905596630776e+00 -9.198885103766583082e-01 9.951894293924508084e-01 2.458376699374790419e+00 5.200305801516122983e+00 5.200305801516122983e+00 5.200305801516122983e+00 5.200305801516122983e+00
-9.041039844058362362e+00 -6.893726120289875858e+00 -5.162031993682818509e+00 -3.740558830057743478e+00 -1.598699361523211016e+00 -1.965186770021345897e+00 1.942400081401993495e+00 2.968016447020934478e+00 4.132686496165954182e+00 6.335326699258276406e+00 6.015972289547609542e+00 1.941556944646301019e+00 9.257641562029392812e-01 2.789673792486723425e+00 5.147219148952382639e+00 5.147219148952382639e+00 5.147219148952382639e+00 5.147219148952382639e+00
-8.685034564748640662e+00 -6.477068174886840168e+00 -4.602947130634980510e+00 -2.641690748035792069e+00 -1.642067633255936743e+00 -1.182675446517574391e+00 3.105798549084909155e+00 3.389829067199840562e+00 4.205754509286191656e+00 5.091229625175208717e+00 4.576082405157381849e+00 4.701743947995288941e+00 3.660717836897817712e+00 3.234319319833203643e+00 5.354870508939032270e+00 5.354870508939032270e+00 5.354870508939032270e+00 5.354870508939032270e+00
-7.961970433785743317e+00 -6.156109307541667519e+00 -4.280946583618169932e+00 -1.780135910663757537e+00 -2.293283004120029833e+00 7.326753960129105403e-01 3.465137843542039686e+00 3.872709790204370783e+00 4.121986559483214130e+00 3.219644088317064501e+00 3.363748119790877400e+00 3.166568996912068279e+00 3.954219831837053167e+00 5.160360571883387593e+00 5.370605941118965276e+00 5.370605941118965276e+00 5.370605941118965276e+00 5.370605941118965276e+00
-7.384506483273398203e+00 -6.027317344982109582e+00 -4.150573488068451944e+00 -1.724550789316052768e+00 -1.875523188763870586e+00 1.905228166918607080e+00 3.124913325945437137e+00 3.812966225735117121e+00 3.777042358376478060e+00 1.784463056474123510e+00 1.533006468841982661e+00 1.571422039054962916e+00 2.822323685243447677e+00 4.295561386963936634e+00 5.138538585785482837e+00 5.138538585785482837e+00 5.138538585785482837e+00 5.138538585785482837e+00
-7.913644118518359249e+00 -6.101237468914276540e+00 -3.825872311339425291e+00 -2.750480047010992912e+00 -1.536474662348633391e+00 2.316487597826569989e+00 3.041071122261267856e+00 4.055018329977944980e+00 3.083390575157883173e+00 1.546255967805506559e+00 7.777148172671526360e-01 1.010081434844262382e+00 1.997897754069083875e+00 3.649344212246498298e+00 5.356898164012758201e+00 5.356898164012758201e+00 5.356898164012758201e+00 5.356898164012758201e+00
-8.204650128752136951e+00 -6.245144449490155125e+00 -4.020311474411881747e+00 -1.577758686302217050e+00 -1.663967223718106458e+00 2.013836694052091314e+00 3.121025328100820673e+00 4.004985412029062886e+00 3.010114826176724101e+00 1.413159439027569686e+00 5.996834166408868683e-01 3.791719536447566430e-01 1.284919551450713682e+00 3.345995377213168531e+00 5.225362378069191571e+00 5.225362378069191571e+00 5.225362378069191571e+00 5.225362378069191571e+00
-8.072504462045550611e+00 -6.265130768502440439e+00 -3.964560659222160055e+00 -1.858220117516700798e+00 -1.392979048131195441e+00 2.169446927355133781e+00 3.172648194145209377e+00 4.061059878575468574e+00 2.802338285479927471e+00 1.201341259555437357e+00 -2.550238120836639144e+00 -1.544857015816453183e+00 1.207924623525091556e+00 3.202495762130296519e+00 5.172275725505452115e+00 5.172275725505452115e+00 5.172275725505452115e+00 5.172275725505452115e+00
-8.078803149134524020e+00 -6.853351170008746607e+00 -4.651984893589653502e+00 -2.718144224563062927e+00 -1.625740282555285798e+00 8.783404644154357843e-01 3.149455736621451507e+00 3.941733489329985130e+00 2.343399079230279458e+00 8.178537943006802813e-01 -2.556839059602393771e+00 -1.524724409486868382e+00 1.244068771022798447e+00 3.517547238482396033e+00 5.416750565465305201e+00 5.416750565465305201e+00 5.416750565465305201e+00 5.416750565465305201e+00
-8.030718019441943412e+00 -7.167169850063217496e+00 -4.938238656394286608e+00 -2.869352262621879479e+00 -1.338855619130927099e+00 -1.140816376979982838e+00 3.173362358253909665e+00 3.720901696088315891e+00 2.055105173395896045e+00 -1.649131122703384911e+00 -2.644823522704828900e+00 -1.166920188119416002e+00 1.243132706367197526e+00 3.759568041877352940e+00 5.270520634071272248e+00 5.270520634071272248e+00 5.270520634071272248e+00 5.270520634071272248e+00
-7.944035754489199519e+00 -7.114011575855340830e+00 -5.584925760828528318e+00 -4.012270729949112713e+00 -3.025457525630059319e+00 -1.733580802185378911e+00 7.792056032837197943e-01 2.967547758922520540e+00 1.914716741071642581e+00 -3.710359966952757826e+00 -2.345494219801681268e+00 -4.849605780461695437e-01 1.452083526249681622e+00 3.730141226636171314e+00 5.452218604684610170e+00 5.452218604684610170e+00 5.452218604684610170e+00 5.452218604684610170e+00
-8.300684487308902959e+00 -7.728912506081350386e+00 -6.479885003646148611e+00 -4.909782997461932474e+00 -3.005218138866299959e+00 -1.951391439241629389e+00 -8.734300182561527404e-01 2.209917635318651374e+00 1.546943396636959234e+00 -3.237579496736144424e+00 -1.461973411004388879e-01 1.013250140219564388e+00 1.839727980673778518e+00 4.115909938059906459e+00 5.361603575060351901e+00 5.361603575060351901e+00 5.361603575060351901e+00 5.361603575060351901e+00
-8.705592225350308411e+00 -7.760208323936065966e+00 -6.811125230617017579e+00 -5.465961971706439826e+00 -4.164943065757766405e+00 -2.614492886327559606e+00 -2.202969956486896752e+00 1.200485204965610758e-01 1.847370936122889606e+00 -2.854493483209802340e-01 4.543324716137602803e-01 2.984159409367360127e-01 2.214086916641280656e+00 4.642411253531975035e+00 5.250418954622257495e+00 5.250418954622257495e+00 5.250418954622257495e+00 5.250418954622257495e+00
-9.080317197175917343e+00 -8.197841199283768532e+00 -7.364310583442626346e+00 -6.314716333735560738e+00 -5.087665946445377507e+00 -3.919220312205777823e+00 -1.718028040049654148e+00 -1.564415271702198851e+00 9.872125847627565287e-01 1.481687023640529066e+00 4.231796721908322456e-01 4.227371372540658645e-01 1.850414790432801437e+00 4.762058526296893746e+00 5.197332302058511821e+00 5.197332302058511821e+00 5.197332302058511821e+00 5.197332302058511821e+00
-9.338358973478332103e+00 -8.498871786782689952e+00 -7.961741841198914038e+00 -7.261717467521547675e+00 -6.213589701267490994e+00 -4.994388093742649914e+00 -2.655470848932420136e+00 -2.206189631891223080e+00 -1.564238398497259652e-01 9.567469811561880588e-01 9.890009684711061899e-01 5.122036074642488668e-01 1.160841279126987091e+00 4.103961815269446589e+00 5.106913865416865761e+00 5.106913865416865761e+00 5.106913865416865761e+00 5.106913865416865761e+00
-9.895326538350147416e+00 -8.946803885532474965e+00 -8.523287875814551384e+00 -8.068533526328749872e+00 -7.325693974300172329e+00 -6.405822449199845892e+00 -4.530110995402814034e+00 -2.268876990808132099e+00 -1.952977669381257497e+00 6.184652879127684466e-01 1.166463230448471000e+00 9.856048811567656998e-01 1.020235447193183903e-01 3.914593347091319231e+00 5.336182296753389842e+00 5.336182296753389842e+00 5.336182296753389842e+00 5.336182296753389842e+00
-1.030303794131261519e+01 -9.805939399545131607e+00 -9.297526739011814811e+00 -8.810859790884743248e+00 -8.257900272197897351e+00 -7.194985219882588545e+00 -5.489687505703159331e+00 -3.025250000122132743e+00 -2.679185486660454529e+00 -1.815302332564716070e-01 9.511341906930829149e-01 1.135173501846527433e+00 3.696077208478522058e-01 4.433630648071047453e+00 5.439746804177150175e+00 5.439746804177150175e+00 5.439746804177150175e+00 5.439746804177150175e+00
-1.035579593822298072e+01 -1.001368873826682737e+01 -9.559274260615918450e+00 -9.137794848584016805e+00 -8.559691546911087912e+00 -7.634244668172411430e+00 -6.326382826610871923e+00 -3.838775726893993490e+00 -2.746988076082930164e+00 -2.272901657627974803e+00 6.266614952847469056e-01 1.056851950578461929e+00 7.746906490523506328e-01 3.775964922982256944e+00 5.328562183739061986e+00 5.328562183739061986e+00 5.328562183739061986e+00 5.328562183739061986e+00
-1.038679503665824555e+01 -1.009990705556723256e+01 -9.715847355283210973e+00 -9.292432340966273685e+00 -8.788619507991493052e+00 -7.881848904190649208e+00 -6.624089761685175048e+00 -5.274279651076279052e+00 -3.073919615440567021e+00 -2.696056665235930350e+00 -5.803518045621011007e-03 1.243044124914148618e+00 5.735932287083767012e-01 2.838684993203137275e+00 5.275475531175325195e+00 5.275475531175325195e+00 5.275475531175325195e+00 5.275475531175325195e+00
-1.042942979816900362e+01 -1.014232806727856051e+01 -9.718045798882224418e+00 -9.418901177873042485e+00 -8.915712036086716807e+00 -8.065431235376060215e+00 -6.856498827216253922e+00 -5.575375087218581882e+00 -3.864732987363684646e+00 -2.267377895609409943e+00 -1.256184648563735351e+00 7.420504869839174011e-01 5.706822772755156814e-01 2.638005652924455546e+00 5.222388878611583074e+00 5.222388878611583074e+00 5.222388878611583074e+00 5.222388878611583074e+00
-1.043899845438715346e+01 -1.013099740759312972e+01 -9.881193897012774841e+00 -9.483402644266854864e+00 -9.038498786309418165e+00 -8.264287080010072728e+00 -7.038743563441530959e+00 -5.716516217165246161e+00 -4.799438705788120707e+00 -2.072822504368054375e+00 -2.143670813561625366e+00 2.274346173338164800e-01 7.892358012568747583e-01 2.755423499118018427e+00 5.183135678864401186e+00 5.183135678864401186e+00 5.183135678864401186e+00 5.183135678864401186e+00
-1.048084976408770963e+01 -1.019070138889080823e+01 -9.819338308358821266e+00 -9.490218412079928001e+00 -9.134055339859804334e+00 -8.397885538596593591e+00 -7.164507419325165216e+00 -5.767749950696355654e+00 -5.063735969893474298e+00 -2.823376279990300830e+00 -2.763713701510884579e+00 2.155235252509321575e-02 6.160093351643806114e-01 2.392088691851191218e+00 5.517890033293953778e+00 5.517890033293953778e+00 5.517890033293953778e+00 5.517890033293953778e+00
-1.050269411215318804e+01 -1.020451172018559305e+01 -9.926283782382572696e+00 -9.567678053900570134e+00 -9.159477237317446452e+00 -8.560459241411827236e+00 -7.327895188110522540e+00 -5.822098589072883357e+00 -4.962070872447305270e+00 -3.327482725093101390e+00 -2.098778270236759003e+00 -3.400794983249371128e-01 -4.863631810831979541e-02 2.343353000987985268e+00 5.464803380730216986e+00 5.464803380730216986e+00 5.464803380730216986e+00 5.464803380730216986e+00
-1.052799629144297811e+01 -1.027369639129272727e+01 -9.910145783085201998e+00 -9.596748386775608708e+00 -9.252586348635020386e+00 -8.578737078252208548e+00 -7.378493007659366221e+00 -5.918349723709938282e+00 -5.094202908507758920e+00 -2.946396885439414692e+00 -3.116784245261547071e+00 -1.267115155793213654e+00 3.109557955108124827e-01 2.237645698947197115e+00 5.353618760292121692e+00 5.353618760292121692e+00 5.353618760292121692e+00 5.353618760292121692e+00
-1.057968532274556317e+01 -1.026498021530801275e+01 -9.941596711082317128e+00 -9.648927712478196028e+00 -9.260412164728029083e+00 -8.675323196379574497e+00 -7.609866153763202412e+00 -5.931230753418353707e+00 -5.167986371405531187e+00 -3.621089625759572161e+00 -3.278930752075285504e+00 -1.826762392650434830e+00 -9.451079090536558536e-03 2.294216001077200140e+00 5.301065034615619176e+00 5.301065034615619176e+00 5.301065034615619176e+00 5.301065034615619176e+00
-1.059493541117543458e+01 -1.028773567128484956e+01 -9.990834853731755061e+00 -9.646160978700940802e+00 -9.300153048671843337e+00 -8.863582918954735490e+00 -7.565916535894478656e+00 -5.895399459621630811e+00 -5.191629189129894684e+00 -3.743587956328092048e+00 -3.667518071143694325e+00 -2.153146398922041183e+00 -2.884964688728330895e-01 2.490108468561441857e+00 5.007562221723365958e+00 5.007562221723365958e+00 5.007562221723365958e+00 5.007562221723365958e+00
