-1.049828012556110046e+01 -1.029667784461831204e+01 -9.961962516430089565e+00 -9.618363189835140048e+00 -9.333206817081158846e+00 -8.994234518242279819e+00 -8.369887633869023347e+00 -7.058190562461041928e+00 -3.545554964173798673e+00 -3.821900607579582498e+00 -2.089938521773495150e+00 -5.642399381043381457e-01 1.578902152791307856e+00 2.055795475216372736e+00 5.401330998082285006e+00 5.401330998082285006e+00 5.401330998082285006e+00 5.401330998082285006e+00
-1.044126528891590411e+01 -1.022264748702846404e+01 -1.000788291530115615e+01 -9.767975801518108625e+00 -9.404554581887140330e+00 -8.891439146729890552e+00 -8.107582876788370640e+00 -6.603666128147346548e+00 -3.301354638426726495e+00 -4.418126515369018570e+00 -1.831333878275804850e+00 -7.425806716741376601e-01 1.299023077118177660e+00 1.914115253805663386e+00 5.494918167921404972e+00 5.494918167921404972e+00 5.494918167921404972e+00 5.494918167921404972e+00
-1.017718586798225289e+01 -9.938663820143158745e+00 -9.874455089938535934e+00 -9.827331718226609780e+00 -9.560252388134092172e+00 -9.015566105548254328e+00 -8.097100824004710873e+00 -6.348601859395127001e+00 -2.803209683102303007e+00 -4.459900485324890695e+00 -6.693180053996613532e-01 -5.432172973276059302e-01 1.764330409611180261e+00 2.016038507629249743e+00 5.180914786573714181e+00 5.180914786573714181e+00 5.180914786573714181e+00 5.180914786573714181e+00
-1.043363869730476878e+01 -1.022603312431039058e+01 -9.712762237084927364e+00 -9.358495753625506453e+00 -9.311363880860396236e+00 -9.103429946418851060e+00 -8.101411589213787678e+00 -5.800917228965031924e+00 -2.512281601940679288e+00 -4.017433755227800773e+00 -1.271243546230612642e-01 -1.972980545941771524e-01 1.518495757075566832e+00 2.144184257089650991e+00 5.031075616407468587e+00 5.031075616407468587e+00 5.031075616407468587e+00 5.031075616407468587e+00
-1.051223469878816452e+01 -1.021971653900876476e+01 -9.933386516461531812e+00 -9.544457891282007722e+00 -8.965529503380503584e+00 -8.636558311072144889e+00 -7.914745995292443936e+00 -4.560495282229819480e+00 -2.927040169194249586e+00 -3.123115424774117521e+00 -3.778948347634909083e-02 1.464845180668710611e+00 1.479236856018705470e+00 2.333476074662317767e+00 4.849957284004421609e+00 4.849957284004421609e+00 4.849957284004421609e+00 4.849957284004421609e+00
-1.030988570630967516e+01 -1.019550692812532233e+01 -1.015164156893271930e+01 -9.841508414207311262e+00 -9.282846449679514222e+00 -8.456280957094302053e+00 -7.686106400563494034e+00 -3.257024709262277717e+00 -4.099656889669297755e+00 -1.528164162417317895e+00 7.093583929180699577e-02 1.488493279791055723e+00 1.612396442226752713e+00 2.110051405689682191e+00 4.525282375929430501e+00 4.525282375929430501e+00 4.525282375929430501e+00 4.525282375929430501e+00
-1.052792349562175644e+01 -1.022996157131026251e+01 -1.006859269016158542e+01 -9.752946999665468297e+00 -9.259384115069245524e+00 -8.443109218328562093e+00 -6.647672529095720151e+00 -2.893154727525951486e+00 -4.185975126576785499e+00 -6.677115738972543291e-01 7.230446002496030422e-01 1.852674743181141448e+00 1.664561537956340542e+00 3.062908234847083300e+00 4.384829545971246745e+00 4.384829545971246745e+00 4.384829545971246745e+00 4.384829545971246745e+00
-1.037677257449765733e+01 -1.014396784279114350e+01 -1.008394654424439807e+01 -9.674905066922647734e+00 -9.182284839944669486e+00 -8.213317237098424428e+00 -4.890005402549106428e+00 -3.578878927647812347e+00 -3.371250546167705586e+00 -1.527832253783844296e-01 1.706157780212201436e+00 1.972758699942910310e+00 1.870395656381713678e+00 4.275331435327464291e+00 5.347587764699468060e+00 5.347587764699468060e+00 5.347587764699468060e+00 5.347587764699468060e+00
-1.038657349462607371e+01 -9.988142999214719708e+00 -9.545970778229774467e+00 -9.276953846761356814e+00 -8.433111924218870570e+00 -7.049396163832680529e+00 -3.642105824362257493e+00 -4.509123807430350794e+00 -2.404257956076825575e+00 2.346545604397529128e-01 2.095899637370266078e+00 2.684408898889554251e+00 3.249776179797167153e+00 4.719027295778523978e+00 5.119763066659718476e+00 5.119763066659718476e+00 5.119763066659718476e+00 5.119763066659718476e+00
-1.055779253376194760e+01 -1.011913123598346154e+01 -9.318469930413508351e+00 -8.436961216294896815e+00 -7.435653561787930244e+00 -5.737410155566886161e+00 -2.388889069814131627e+00 -4.279750831105644693e+00 -5.071412057388124950e-01 1.558821380704115356e+00 2.759500231045516117e+00 3.381101086234189701e+00 4.877756939341262310e+00 4.955648643408741449e+00 5.493386438640664338e+00 5.493386438640664338e+00 5.493386438640664338e+00 5.493386438640664338e+00
-1.019164722420334712e+01 -9.638603951275529269e+00 -9.040959159144776436e+00 -8.376737459089664384e+00 -6.831560334787996069e+00 -4.131534667218220491e+00 -3.488198500492023069e+00 -2.644354055440779394e+00 2.750368363001242100e-01 2.671043730627735702e+00 2.935998736510804896e+00 4.528100050592771986e+00 3.050923738638938953e+00 2.273822686099801871e+00 5.402779051777320873e+00 5.402779051777320873e+00 5.402779051777320873e+00 5.402779051777320873e+00
-9.890003467583518670e+00 -9.120563420333114735e+00 -8.368158927534411262e+00 -8.016105517899346111e+00 -5.576559869124491087e+00 -2.759805908920906603e+00 -3.440273000950024862e+00 -1.365678695064223458e+00 1.239539369385098899e+00 3.200077733654412615e+00 4.331136546781012342e+00 3.740514531715814162e+00 2.067503852238475215e+00 2.480771326992074144e+00 5.369970908408195243e+00 5.369970908408195243e+00 5.369970908408195243e+00 5.369970908408195243e+00
-9.529498743071876277e+00 -8.706531024171194844e+00 -7.887630915368260887e+00 -6.567041236916119296e+00 -4.696928586056042576e+00 -2.902119455741421383e+00 -3.565330621748428630e+00 -1.425039250752154207e-01 2.962770808274624468e+00 3.970765975453428354e+00 4.609715410324884743e+00 2.075266583057043590e+00 4.787838470104043287e-01 2.376394017390771829e+00 5.574512097362389618e+00 5.574512097362389618e+00 5.574512097362389618e+00 5.574512097362389618e+00
-1.000560860283893305e+01 -8.094386756137819106e+00 -6.958358059751352798e+00 -5.368430331288336355e+00 -3.225873666250529848e+00 -2.195240209674373499e+00 -2.859829377371124082e+00 4.258248778915587618e-01 3.274817290889962429e+00 4.908725564023359134e+00 3.317495754819074882e+00 -1.959343359635836279e+00 3.662120164407965950e-01 2.504638340463253066e+00 5.252239936817251653e+00 5.252239936817251653e+00 5.252239936817251653e+00 5.252239936817251653e+00
-9.571088279382344410e+00 -7.651285156848753211e+00 -6.078323987186055710e+00 -4.834392639933505542e+00 -2.333943192908914721e+00 -3.109934683744192796e+00 -7.921344529095935005e-01 2.359766314580090008e+00 3.438104998821221336e+00 5.400958511942747009e+00 4.348327187211869393e+00 -9.577831744908875677e-01 9.820573067307623027e-01 2.524909353945224755e+00 5.588070077190088192e+00 5.588070077190088192e+00 5.588070077190088192e+00 5.588070077190088192e+00
-9.063526279841841671e+00 -7.075101044110308379e+00 -5.410166963370942383e+00 -4.027630522130126067e+00 -1.930600295498503760e+00 -2.582883771587434651e+00 4.119656174357196887e-01 2.939762108912341354e+00 3.984268228117289645e+00 6.088644030050621936e+00 5.879390763970322453e+00 1.885200841471321720e+00 6.673697608135045201e-01 2.668038470442054333e+00 5.469530688569388843e+00 5.469530688569388843e+00 5.469530688569388843e+00 5.469530688569388843e+00
-8.779975512938417381e+00 -6.582512833973535038e+00 -4.768017667441347029e+00 -3.340296117524067743e+00 -2.432636695418975314e+00 -2.306421825241322665e+00 1.626821815740666199e+00 3.350613422709418643e+00 4.188263313754705841e+00 5.077882801421277570e+00 4.545103980309868064e+00 4.599303430338749443e+00 3.475940858809396516e+00 3.197788261051880632e+00 5.336493028050448117e+00 5.336493028050448117e+00 5.336493028050448117e+00 5.336493028050448117e+00
-8.139674607688537122e+00 -6.395029275230063703e+00 -4.542387696259648777e+00 -2.487092457427815262e+00 -2.458899147325842360e+00 -1.787909957161644581e+00 2.958740721072198099e+00 3.841899592690929843e+00 3.965604549410493007e+00 3.218079442208766405e+00 3.247783284421688066e+00 3.143087508437668820e+00 3.875439311071883886e+00 5.091407242553868784e+00 5.429455563064692569e+00 5.429455563064692569e+00 5.429455563064692569e+00 5.429455563064692569e+00
-7.632345550440303050e+00 -6.269784281855896424e+00 -4.241836282417319914e+00 -2.245678284724622387e+00 -2.344482840193315099e+00 -8.342255723178938487e-01 2.738025427976795712e+00 3.771579406109725419e+00 3.711679914579087747e+00 1.761346492126551144e+00 1.548106981265894966e+00 1.592685651878375186e+00 2.749950696419925844e+00 4.278917071015324147e+00 5.305121138812037174e+00 5.305121138812037174e+00 5.305121138812037174e+00 5.305121138812037174e+00
-7.819814505925568149e+00 -6.099962087891770857e+00 -4.106092227257711613e+00 -1.761376583378288396e+00 -2.525091714561500833e+00 -1.860786902661218725e-02 3.167236254606200951e+00 3.974536341818979857e+00 3.063550779274337721e+00 1.590214431498110592e+00 1.061801174405392123e+00 1.103332246652187987e+00 1.981348549355274935e+00 3.603211474507396428e+00 5.259204630379720413e+00 5.259204630379720413e+00 5.259204630379720413e+00 5.259204630379720413e+00
-8.229467506670731680e+00 -6.448781981789615259e+00 -4.208163585099834236e+00 -2.584273468285914976e+00 -1.797899093940904081e+00 -9.928956022985755414e-01 3.242316734933304190e+00 4.024103561292937670e+00 2.981473241355588222e+00 1.483175228988094618e+00 7.999694880633207994e-01 5.220998298870316301e-01 1.258712750341659525e+00 3.263868011882339992e+00 5.553896363810108205e+00 5.553896363810108205e+00 5.553896363810108205e+00 5.553896363810108205e+00
-8.156142241757869726e+00 -6.741487469803136179e+00 -4.225411647120208336e+00 -2.182951346081341004e+00 -2.137070328339821135e+00 -8.778145466957998355e-01 3.068025332754080736e+00 4.033436362274672504e+00 2.739675442592746535e+00 1.242524045650224451e+00 -1.930693087087813620e+00 -1.577425903561666676e+00 1.165245718823505694e+00 3.092616736239965025e+00 5.447580708946501815e+00 5.447580708946501815e+00 5.447580708946501815e+00 5.447580708946501815e+00
-8.194731177256004528e+00 -6.952200077264333089e+00 -4.787091618846829100e+00 -2.441573398467661526e+00 -1.757686824247533419e+00 -1.857534571249856103e+00 2.704696138070425082e+00 3.855607230288683684e+00 2.320084290104086122e+00 9.299436976700787838e-01 -2.428677127761516896e+00 -1.570581144985032207e+00 1.164492874881670303e+00 3.416559661716710217e+00 5.209048006839173794e+00 5.209048006839173794e+00 5.209048006839173794e+00 5.209048006839173794e+00
-8.148238307802904146e+00 -7.247854652030225608e+00 -5.283966655599078521e+00 -3.406568017764150191e+00 -1.764943536358128062e+00 -1.879296498442412755e+00 9.565893961125916389e-01 3.615428772912332889e+00 2.160608697694088587e+00 6.226231486261436798e-02 -2.586677205987493622e+00 -1.160667473559684471e+00 1.228284156170853070e+00 3.684390086710726209e+00 5.419376274045251130e+00 5.419376274045251130e+00 5.419376274045251130e+00 5.419376274045251130e+00
-8.063767543656991776e+00 -7.165948220375009114e+00 -5.788780904373147962e+00 -4.188952970867158676e+00 -2.253649911031315956e+00 -1.665586178805450679e+00 -1.240622791767164834e+00 2.598344465284526894e+00 2.432651800466979708e+00 -3.638060925508240118e+00 -2.255179593314748931e+00 -5.874411589177556126e-01 1.468174461934844466e+00 3.726939903727607639e+00 5.310440889472515025e+00 5.310440889472515025e+00 5.310440889472515025e+00 5.310440889472515025e+00
-8.291766350169705646e+00 -7.810517767890136298e+00 -6.445721270585329954e+00 -4.921468890664741913e+00 -3.599475081195233628e+00 -1.682962895723704833e+00 -2.087511105627831043e+00 1.502732115224490794e+00 2.173612006576889133e+00 -3.010149433070440139e+00 1.905568948895676462e-01 1.037014242813156795e+00 1.846647676751024481e+00 4.196912911851263139e+00 5.673696128183078002e+00 5.673696128183078002e+00 5.673696128183078002e+00 5.673696128183078002e+00
-8.755435406654626718e+00 -7.820949381784531695e+00 -6.927569432123915405e+00 -5.690035739753952271e+00 -4.373738931717834788e+00 -2.433474897735440123e+00 -2.180181595654661741e+00 -7.519838773073843630e-01 1.652468687563596772e+00 3.837902378360711492e-02 2.259163866527892917e-01 7.884972083931517384e-01 2.157717124097395800e+00 4.776901321385355281e+00 5.517850180263073057e+00 5.517850180263073057e+00 5.517850180263073057e+00 5.517850180263073057e+00
-9.105145218940126739e+00 -8.185314645927483923e+00 -7.399655974061143837e+00 -6.338967298939198969e+00 -5.296136915219124219e+00 -3.969183652375281035e+00 -1.872817559642341534e+00 -2.447872735409936329e+00 9.996415880770013196e-01 1.302290719400622354e+00 8.097599694033783546e-01 -4.167107858025317357e-01 1.724425112553737316e+00 4.922545704658381815e+00 5.384997796980298901e+00 5.384997796980298901e+00 5.384997796980298901e+00 5.384997796980298901e+00
-9.399137231500493073e+00 -8.497262808636037335e+00 -7.921113085921452246e+00 -7.189479262598017506e+00 -6.300904142456411172e+00 -5.066482912298779340e+00 -2.710910703725782689e+00 -2.406605983448425690e+00 6.128517865414517124e-02 1.530949432592809023e+00 9.560361351497372873e-01 7.569108547184562052e-01 9.248223953799583619e-01 4.078732409178302376e+00 5.416003606178687590e+00 5.416003606178687590e+00 5.416003606178687590e+00 5.416003606178687590e+00
-9.837185283977937900e+00 -8.989917105779028361e+00 -8.471650361663972006e+00 -8.012561883466329249e+00 -7.308737869150959909e+00 -6.366296029541027579e+00 -4.055942540273276720e+00 -1.988951003326078881e+00 -2.229130173339776810e+00 9.413636697142648835e-01 1.078855329383876738e+00 9.512919312239837000e-01 4.995479346032551948e-01 3.931940965709160629e+00 5.323070612919211797e+00 5.323070612919211797e+00 5.323070612919211797e+00 5.323070612919211797e+00
-1.021023035252264677e+01 -9.774610840925232580e+00 -9.280866853832788976e+00 -8.736322443099911794e+00 -8.189740520847889726e+00 -7.140124281747969981e+00 -4.988894334453140900e+00 -3.052170425997966507e+00 -2.681639151944599675e+00 3.628329447010237852e-01 1.189191632003435473e+00 9.806319973974275683e-01 3.585910711219911784e-01 4.449335343293983946e+00 5.742475664439912642e+00 5.742475664439912642e+00 5.742475664439912642e+00 5.742475664439912642e+00
-1.037821590858226628e+01 -1.001219865529721353e+01 -9.532234039597916819e+00 -9.104225534131172637e+00 -8.497155636223734376e+00 -7.544071098596642599e+00 -6.241264043422111385e+00 -3.003447224802175963e+00 -2.680255216963608689e+00 -1.449413907009866831e+00 9.388342105394680281e-01 9.861900878093012857e-01 8.268877715476201651e-01 3.141199992690471898e+00 5.668106097981770120e+00 5.668106097981770120e+00 5.668106097981770120e+00 5.668106097981770120e+00
-1.046981943445795871e+01 -1.011424513123112234e+01 -9.718776495920428360e+00 -9.267350671242599702e+00 -8.728900080934904437e+00 -7.841002043562186330e+00 -6.636675299616381807e+00 -4.750772348414429302e+00 -2.780887481105756009e+00 -2.554529004025522632e+00 7.053874092509156979e-01 9.955221374593927752e-01 7.374632776522347388e-01 2.694788482217933101e+00 5.481803996716033467e+00 5.481803996716033467e+00 5.481803996716033467e+00 5.481803996716033467e+00
-1.044288870627699950e+01 -1.014840804332890478e+01 -9.764463450089863272e+00 -9.388801576412042493e+00 -8.819495227459908548e+00 -8.007662538974249955e+00 -6.857977822561364789e+00 -5.491929063868314032e+00 -2.974335573887213258e+00 -2.688930604052164774e+00 2.392664441357047478e-01 1.101817825766502779e+00 7.239826129448838632e-01 2.589860511761018724e+00 5.354242835764004838e+00 5.354242835764004838e+00 5.354242835764004838e+00 5.354242835764004838e+00
-1.045237703369828708e+01 -1.014725424229729711e+01 -9.845736034013789606e+00 -9.453373171956364729e+00 -8.959689499494412956e+00 -8.221483630187522706e+00 -7.060128506214919497e+00 -5.639453621593158772e+00 -3.811372442159296714e+00 -2.120654835006591910e+00 -1.089270747222323532e+00 7.370621899012623768e-01 2.409155561639963194e-01 2.804031580466218365e+00 5.027088573860442722e+00 5.027088573860442722e+00 5.027088573860442722e+00 5.027088573860442722e+00
-1.052594963235881842e+01 -1.016772770641806112e+01 -9.840725489637014434e+00 -9.482013735098140828e+00 -9.048323243174007047e+00 -8.310360448439215730e+00 -7.232539005304008839e+00 -5.850969724814019557e+00 -4.008237003147018029e+00 -2.948936110700658642e+00 -2.762434420725402795e+00 2.756209900137200908e-01 6.898065786975221547e-01 2.333712543007489426e+00 5.786965345219178047e+00 5.786965345219178047e+00 5.786965345219178047e+00 5.786965345219178047e+00
-1.050273171949487150e+01 -1.018427520371284345e+01 -9.910434261236034104e+00 -9.554261439090630859e+00 -9.078741496313119441e+00 -8.504984459287745935e+00 -7.352326504995291501e+00 -5.868894241272139212e+00 -4.557470437590580126e+00 -3.619099591893622403e+00 -2.721920558971233639e+00 2.575344213999100629e-01 1.315548359830185088e-01 2.471979926280925000e+00 6.060582225479498319e+00 6.060582225479498319e+00 6.060582225479498319e+00 6.060582225479498319e+00
-1.050681958010001438e+01 -1.022384080228090397e+01 -9.892152202493253554e+00 -9.568578312687900933e+00 -9.180712907061975514e+00 -8.504655238449956300e+00 -7.397229236840740185e+00 -5.934984015279821890e+00 -5.083569219937805528e+00 -2.824920708208690012e+00 -2.934678750208596920e+00 -1.310602896751727475e-01 5.887107470423723621e-01 2.483666070123224490e+00 5.683033073757641773e+00 5.683033073757641773e+00 5.683033073757641773e+00 5.683033073757641773e+00
-1.056952310674716600e+01 -1.027798528272365886e+01 -9.943471375697896519e+00 -9.586682597786149174e+00 -9.241365291450152952e+00 -8.582439937431599830e+00 -7.495719778538123990e+00 -5.884387967020499488e+00 -5.200408493599599780e+00 -3.241337136402706598e+00 -2.877306927595100650e+00 -3.072419005202884912e-01 5.021663490708996314e-01 2.402773362232812460e+00 5.494889840786276736e+00 5.494889840786276736e+00 5.494889840786276736e+00 5.494889840786276736e+00
-1.061274516675710089e+01 -1.030828169583438125e+01 -9.988305718319598014e+00 -9.635714630772563183e+00 -9.329228550219797356e+00 -8.766053035170740415e+00 -7.505950248201600061e+00 -5.809168904905963160e+00 -5.368764575310279952e+00 -3.760391037641557688e+00 -2.130467542851956608e+00 -6.471414301082409892e-01 2.557428633621537384e-01 2.430333066216601168e+00 5.244130053729197272e+00 5.244130053729197272e+00 5.244130053729197272e+00 5.244130053729197272e+00
