-1.033471394925024356e+01 -1.034658775481099013e+01 -9.982657123448195335e+00 -9.672691720019335193e+00 -9.359226690801618176e+00 -8.990824611163846569e+00 -8.348882615337938518e+00 -7.197394205401300482e+00 -4.880396483462156709e+00 -2.237204250525601346e+00 -2.373592697259246265e+00 -4.571926003735751198e-01 1.363189892821145000e+00 1.883591445431817668e+00 5.089870829514610229e+00 5.089870829514610229e+00 5.089870829514610229e+00 5.089870829514610229e+00
-1.027046234670287994e+01 -1.009641438385457590e+01 -9.992898742731503248e+00 -9.808251829560960644e+00 -9.500103114153283457e+00 -8.950072686920512055e+00 -8.200936580214655436e+00 -6.885271515759901817e+00 -4.300361761209444467e+00 -2.671671944524178333e+00 -2.033834773853521405e+00 -4.033305786774931678e-01 1.016284720986706080e+00 2.050861067138074034e+00 5.116234165842682202e+00 5.116234165842682202e+00 5.116234165842682202e+00 5.116234165842682202e+00
-1.035004761915634042e+01 -1.002092056464367609e+01 -9.807660731004579802e+00 -9.780279733650690588e+00 -9.647174436082188720e+00 -9.069413665114918643e+00 -8.132842189157138080e+00 -6.828561844560672611e+00 -3.363505472956423326e+00 -3.142528830011133145e+00 -9.656346644113036337e-01 -2.828714297011030721e-01 7.932916487415064832e-01 2.024604925696410263e+00 5.269811819781692108e+00 5.269811819781692108e+00 5.269811819781692108e+00 5.269811819781692108e+00
-1.030842991520156104e+01 -1.031159843182089553e+01 -9.850773017673830623e+00 -9.302603840938271418e+00 -9.227890207621005203e+00 -9.114830900251309487e+00 -8.253158668065141867e+00 -6.511651718739823735e+00 -2.631006200172010256e+00 -2.996396548458545972e+00 -2.758685107505174927e-01 -5.921390195822068964e-03 6.531002783337035433e-01 2.211516757166687164e+00 4.799160921698899962e+00 4.799160921698899962e+00 4.799160921698899962e+00 4.799160921698899962e+00
-1.052270944701228572e+01 -1.029406594620783544e+01 -9.946345608997640753e+00 -9.588269207113720327e+00 -9.082803283331804423e+00 -8.657478793988365950e+00 -8.204121157495025685e+00 -5.413907481428799073e+00 -2.925689338182258847e+00 -3.192557068515434526e+00 -6.733982332287564987e-02 3.583105517788348626e-01 1.938345318156235564e+00 2.360089671598629479e+00 4.660766769508466467e+00 4.660766769508466467e+00 4.660766769508466467e+00 4.660766769508466467e+00
-1.037883379676508966e+01 -1.007066338219418000e+01 -1.017538295995948339e+01 -9.863263253186229207e+00 -9.342014701212017158e+00 -8.618580944312673964e+00 -7.659492706102067672e+00 -3.868587048496326730e+00 -3.830168611457437144e+00 -1.923934161912328689e+00 2.353528427667506417e-01 3.110715443914717215e-01 1.347511513036168118e+00 2.148391208713076317e+00 4.441559959157960868e+00 4.441559959157960868e+00 4.441559959157960868e+00 4.441559959157960868e+00
-1.044644728665881139e+01 -1.029512058741651082e+01 -9.936215379430841210e+00 -9.779970088333719502e+00 -9.362936782221817467e+00 -8.541860622618180798e+00 -7.364345858269258471e+00 -2.746591443703919388e+00 -3.748700883344957102e+00 -4.551358014281685627e-01 4.652293225558827849e-01 1.690434359127006791e+00 1.599201021101107179e+00 3.344752542423348629e+00 4.680310437605397667e+00 4.680310437605397667e+00 4.680310437605397667e+00 4.680310437605397667e+00
-1.047701966669390572e+01 -1.011432108781899508e+01 -1.002554444681220325e+01 -9.764052074285404004e+00 -9.161391869393106901e+00 -8.246490215603580864e+00 -4.839229461613559380e+00 -3.084477791073462871e+00 -3.010173870021839893e+00 2.884330262893978203e-01 1.484685535851136606e+00 2.028479637869862628e+00 1.823088191814185022e+00 4.343626154754362645e+00 5.282359864095334423e+00 5.282359864095334423e+00 5.282359864095334423e+00 5.282359864095334423e+00
-1.043235215448415865e+01 -1.017224784276884009e+01 -9.549640073593288037e+00 -9.080211663694125690e+00 -8.239134808347895245e+00 -6.957625134008660339e+00 -3.555769960507605187e+00 -4.085010397083420841e+00 -1.239075280592411676e+00 1.255783790186456805e+00 2.055116028463276123e+00 2.700352471070735394e+00 3.342384304233886105e+00 4.752628915990035452e+00 5.269812292289143940e+00 5.269812292289143940e+00 5.269812292289143940e+00 5.269812292289143940e+00
-1.045503301680010111e+01 -1.006613577963981321e+01 -9.499798261852346215e+00 -8.442363128111544768e+00 -7.422881006286731420e+00 -5.385190504149016455e+00 -2.359275134991713152e+00 -3.573596192746927969e+00 1.865188254297017179e-01 2.108234875557962518e+00 3.071567980518356666e+00 3.488015509496126043e+00 4.928726991407712532e+00 4.978150538652204915e+00 5.282087573069937925e+00 5.282087573069937925e+00 5.282087573069937925e+00 5.282087573069937925e+00
-1.021286139948358240e+01 -9.479020322401165544e+00 -8.913362385813059063e+00 -8.353073235885940306e+00 -6.879324365966802191e+00 -3.791453091531846731e+00 -4.025612197020540073e+00 -1.360637999944518839e+00 1.135541243589238913e+00 3.088755023464671012e+00 3.130674158164606258e+00 4.646110656497428160e+00 2.810271157922708873e+00 2.237363903372981078e+00 5.556604381840618778e+00 5.556604381840618778e+00 5.556604381840618778e+00 5.556604381840618778e+00
-9.873392459593670623e+00 -9.012939888725037818e+00 -8.213782407357637538e+00 -7.682866066579586928e+00 -5.210046131100664724e+00 -2.346225591276993150e+00 -3.336325544265584142e+00 3.497232510026311858e-01 2.955657305292653803e+00 3.098178155640673559e+00 4.457846588470790294e+00 3.758742333743990471e+00 2.050090616298833712e+00 2.482325983047208418e+00 5.563722164172251183e+00 5.563722164172251183e+00 5.563722164172251183e+00 5.563722164172251183e+00
-9.476832557486563502e+00 -8.548217549702087581e+00 -7.803079191459671549e+00 -6.191357628986758677e+00 -3.938022672037448935e+00 -3.418696772783477389e+00 -2.297934972926339636e+00 1.851884218537018567e+00 3.232681768740508943e+00 4.132316132240379858e+00 4.771059441824323955e+00 1.914607043777470707e+00 5.280825239772002355e-01 2.347085779717989595e+00 5.355190572128575965e+00 5.355190572128575965e+00 5.355190572128575965e+00 5.355190572128575965e+00
-1.008385184871780993e+01 -7.806607772731663175e+00 -6.653193727440756433e+00 -4.993156531106670570e+00 -2.570787270850526607e+00 -3.118370373910627880e+00 1.833472895482466877e-02 2.969335664918598461e+00 3.330045342535282948e+00 5.049165754055349176e+00 3.289751547511440055e+00 -1.878195328227150407e+00 4.122383732016638991e-01 2.577003479606906566e+00 5.451058733671581891e+00 5.451058733671581891e+00 5.451058733671581891e+00 5.451058733671581891e+00
-9.392059846807160994e+00 -7.556232602646923979e+00 -5.669290791144296904e+00 -4.114451954179616955e+00 -2.118060419043130693e+00 -2.436835292419767818e+00 9.446873102730682925e-01 3.091132976115424036e+00 3.574943616544089320e+00 5.590714347927029593e+00 4.439262322720901821e+00 -9.318908071650789937e-01 9.650613048369496294e-01 2.554749927009472898e+00 5.262161504032390802e+00 5.262161504032390802e+00 5.262161504032390802e+00 5.262161504032390802e+00
-9.023511033967885453e+00 -6.859962715819685641e+00 -4.883298134782886102e+00 -2.992458465261430778e+00 -2.221274038419494445e+00 -1.155611431879074447e+00 3.013849788165445798e+00 3.015305021064445423e+00 4.202737106851233584e+00 6.231828661647998757e+00 6.011118240454763395e+00 1.929239169390436048e+00 6.698327204852795314e-01 2.682178720954628393e+00 5.201249193889143640e+00 5.201249193889143640e+00 5.201249193889143640e+00 5.201249193889143640e+00
-8.674559657715890992e+00 -6.457426054173987851e+00 -4.208491267787949575e+00 -2.092458692057656666e+00 -2.617107204634174344e+00 6.182654501759188292e-02 3.181000606704220246e+00 3.315757343222788034e+00 4.251657885835760098e+00 5.062623104157918164e+00 4.587038065630354211e+00 4.688752321288603753e+00 3.556480596074869105e+00 3.283348990181639504e+00 5.455461780278350048e+00 5.455461780278350048e+00 5.455461780278350048e+00 5.455461780278350048e+00
-7.802071356570360550e+00 -5.966949290599723454e+00 -3.887754810519186588e+00 -1.703097944679322406e+00 -1.868375120401068568e+00 2.170302724829675789e+00 3.572502756009158453e+00 3.867410621726870446e+00 4.096905462699242939e+00 3.262038890393859969e+00 3.302068697888463689e+00 3.169527808758690224e+00 3.976728913568530643e+00 5.117684128310328262e+00 5.463632940192033161e+00 5.463632940192033161e+00 5.463632940192033161e+00 5.463632940192033161e+00
-7.510745728334581095e+00 -6.064522710811248274e+00 -3.292129513318787115e+00 -1.655002955900005013e+00 -5.046924631018943064e-01 3.025130069383024534e+00 3.177393691738044978e+00 3.888996935608826977e+00 3.847657667896911438e+00 1.760884830589460659e+00 1.473829511903951950e+00 1.541645665115868757e+00 2.826426052563051350e+00 4.320326691392590845e+00 5.471266098276649892e+00 5.471266098276649892e+00 5.471266098276649892e+00 5.471266098276649892e+00
-8.198429134447653865e+00 -5.999400079481915782e+00 -3.278718251869372935e+00 -1.978466650756443901e+00 -1.523206009006942585e+00 3.094421211103623559e+00 3.102577458226028817e+00 4.089453827852578272e+00 3.104949191594080560e+00 1.558893338270668671e+00 1.949097099087815921e-01 8.938954521848321289e-01 2.020635374863970046e+00 3.636257382493652379e+00 5.344024106185735867e+00 5.344024106185735867e+00 5.344024106185735867e+00 5.344024106185735867e+00
-8.174813123352469901e+00 -6.096863414324845465e+00 -3.255187331436396825e+00 -1.478961452336037485e+00 -1.074061007377382193e+00 3.139359387773371424e+00 3.144462151596830957e+00 4.043086110610103034e+00 3.009951819918629035e+00 1.371701743647061100e+00 1.879510546906170559e-04 2.810379269052958873e-01 1.282997097037597900e+00 3.342334783521084596e+00 5.226172768207923092e+00 5.226172768207923092e+00 5.226172768207923092e+00 5.226172768207923092e+00
-8.113115027983495153e+00 -6.425999545270179247e+00 -3.486036880393927895e+00 -1.457199983352224448e+00 -5.746544226606628003e-01 3.176125308298339167e+00 3.250765396210350211e+00 4.131975164450166105e+00 2.789240250134701782e+00 1.140967554783196780e+00 -2.598561182025547645e+00 -1.711517695371439940e+00 1.198198238851177821e+00 3.202632049851497964e+00 5.165260458064676818e+00 5.165260458064676818e+00 5.165260458064676818e+00 5.165260458064676818e+00
-8.045059086563806972e+00 -7.064792351123469594e+00 -4.307864126589927345e+00 -2.641428066642879102e+00 -1.817828598488030689e+00 2.938856230342127063e+00 3.274326571644496475e+00 4.003702416756348192e+00 2.327217976717627756e+00 4.555061734793289796e-01 -2.689015831155423530e+00 -1.559156157297442835e+00 1.190180871214948866e+00 3.477334027326204335e+00 5.530734324971664506e+00 5.530734324971664506e+00 5.530734324971664506e+00 5.530734324971664506e+00
-8.044944182854219861e+00 -7.114513500384256339e+00 -5.041302276926916903e+00 -2.978764393358155349e+00 -1.734093623025530828e+00 3.388840268409135104e-01 3.149676708528488689e+00 3.800372811833532261e+00 2.136513231841580041e+00 -2.883887003467253241e+00 -2.785884883119465805e+00 -1.331096568013996784e+00 1.276114663531958682e+00 3.804823137809544509e+00 5.491473462881718781e+00 5.491473462881718781e+00 5.491473462881718781e+00 5.491473462881718781e+00
-7.865852952846603685e+00 -7.089097130957670245e+00 -5.311330558973371474e+00 -3.471718787450122079e+00 -1.604390115827427632e+00 -1.427802714678936935e+00 3.092346224869476856e+00 3.054988730180582479e+00 2.032235488668915568e+00 -3.907199324430398413e+00 -2.376951970969245043e+00 -4.831254281832743080e-01 1.538972932674626204e+00 3.765513640711349197e+00 5.366396294386728272e+00 5.366396294386728272e+00 5.366396294386728272e+00 5.366396294386728272e+00
-8.397183871752295303e+00 -7.644135184124396076e+00 -6.217169142045939623e+00 -4.570080206762231256e+00 -2.872184107437345091e+00 -2.233980762211104310e+00 3.525289069527214325e-01 2.797794341275082974e+00 1.355675997571301750e+00 -3.427940834569398909e+00 -2.315232161179255344e-01 1.035939578042349041e+00 1.891460965432977481e+00 4.116733097796124952e+00 5.304810905505066287e+00 5.304810905505066287e+00 5.304810905505066287e+00 5.304810905505066287e+00
-8.788811118031210512e+00 -7.881715710512901651e+00 -6.812405819781972127e+00 -5.445552389450433850e+00 -3.673014189936423257e+00 -2.111010403893846199e+00 -1.901899439409878934e+00 1.503008500545371939e+00 1.825551231867388324e+00 -3.268871961245756186e-01 2.477460972301301911e-01 3.320449551138635602e-01 2.195549269426830374e+00 4.622976626393159094e+00 5.190184032383464263e+00 5.190184032383464263e+00 5.190184032383464263e+00 5.190184032383464263e+00
-9.142524004741922283e+00 -8.289923149832905125e+00 -7.497504582312198629e+00 -6.325162007365312533e+00 -4.910236651992535784e+00 -3.407931793565774470e+00 -2.465890334108912896e+00 -6.203286522391799895e-01 1.283678605244559012e+00 1.268152589562486110e+00 1.123796626026019735e-01 3.456933357927615691e-01 1.824788371863464764e+00 4.752908608129593482e+00 5.286988597401094836e+00 5.286988597401094836e+00 5.286988597401094836e+00 5.286988597401094836e+00
-9.399676429132725275e+00 -8.611915631079064326e+00 -7.987532843891466783e+00 -7.314038968169585431e+00 -6.226648206312813905e+00 -4.757717956413518579e+00 -2.519492459948953211e+00 -2.262949611918333215e+00 4.466334686379690999e-01 7.655550572570246626e-01 1.701115850031054144e-02 1.195635887476328013e-01 1.265243883884324738e+00 4.102193652071915331e+00 5.399807119744799877e+00 5.399807119744799877e+00 5.399807119744799877e+00 5.399807119744799877e+00
-1.009370854642154924e+01 -9.068525954682062462e+00 -8.605273512658785151e+00 -8.169776605501089861e+00 -7.431573703142014153e+00 -6.502497847556387711e+00 -4.449292146733212050e+00 -2.481997265598991476e+00 -2.060445025385349016e+00 1.280639034993392489e+00 5.621393812280004454e-01 7.483411668314274845e-01 1.157149411541929240e-01 4.019811610356754272e+00 5.390646789967092900e+00 5.390646789967092900e+00 5.390646789967092900e+00 5.390646789967092900e+00
-1.032520778174963638e+01 -9.915525016302588313e+00 -9.391582155233493268e+00 -8.981118740017549840e+00 -8.378652265721285630e+00 -7.319154008154168167e+00 -5.613858904861527499e+00 -3.614253576011514202e+00 -2.313955933399417297e+00 -6.721227833655338824e-01 8.642429290686270971e-01 1.239884643188572610e+00 4.666843607784165737e-01 4.490042041539806128e+00 5.329734479823845739e+00 5.329734479823845739e+00 5.329734479823845739e+00 5.329734479823845739e+00
-1.044234792050384186e+01 -1.008426359324029420e+01 -9.607930914080263562e+00 -9.211868232605734619e+00 -8.689091951942629066e+00 -7.734536051905344323e+00 -6.385813446716243291e+00 -4.737383613638622926e+00 -2.559134778984320402e+00 -2.186492410598054992e+00 5.485473380451806324e-01 2.267487770918399093e-01 7.551088576974740452e-01 4.027882664648988253e+00 5.218902133032662150e+00 5.218902133032662150e+00 5.218902133032662150e+00 5.218902133032662150e+00
-1.042858308370396969e+01 -1.017861381911489715e+01 -9.775613325359440609e+00 -9.369995787636721474e+00 -8.912718639797613918e+00 -8.045103010509386365e+00 -6.673771778243054342e+00 -5.365120648977914186e+00 -3.574560704506801301e+00 -2.042175958689956605e+00 -1.453583125562856626e+00 3.846343621467150364e-01 6.922255047926190175e-01 3.021385832863409338e+00 5.218936410770757206e+00 5.218936410770757206e+00 5.218936410770757206e+00 5.218936410770757206e+00
-1.051321012031333346e+01 -1.020717693628126987e+01 -9.702583181489504938e+00 -9.486125903183543429e+00 -8.977413909185193219e+00 -8.180096256637732210e+00 -6.822225043851308790e+00 -5.651414350112736962e+00 -4.148709901786530985e+00 -2.980237818125548888e+00 -2.999112673503257387e+00 2.822423025852107137e-01 4.461165731212697327e-01 2.617346150869113153e+00 5.271670353218547156e+00 5.271670353218547156e+00 5.271670353218547156e+00 5.271670353218547156e+00
-1.045841643548386557e+01 -1.020940209892078876e+01 -9.932849575621659710e+00 -9.572108480840157085e+00 -9.103635839649147243e+00 -8.409132290316490455e+00 -7.032212365501989915e+00 -5.767137040835343953e+00 -4.932363205417124696e+00 -3.329773022935061277e+00 -2.726913277631856758e+00 -5.264668648226866754e-01 1.252139422283147230e-01 2.676049042377495191e+00 5.091891009589071260e+00 5.091891009589071260e+00 5.091891009589071260e+00 5.091891009589071260e+00
-1.054912775598639385e+01 -1.022331373383564213e+01 -9.926558161240073730e+00 -9.582690890640909842e+00 -9.197118166314993459e+00 -8.527465168234293458e+00 -7.199245244201200933e+00 -5.768609566648441600e+00 -5.294453351301680932e+00 -3.657592568889755036e+00 -2.296131413773018437e+00 -6.899663380655989275e-01 1.440195979806336846e-01 2.292268410556044245e+00 5.393523950969908221e+00 5.393523950969908221e+00 5.393523950969908221e+00 5.393523950969908221e+00
-1.054252192071165695e+01 -1.026496629008092398e+01 -9.947886065277746326e+00 -9.658859867264899535e+00 -9.230630639681631777e+00 -8.682641601953982047e+00 -7.358391125982766567e+00 -5.751733142524292575e+00 -5.071589528423347204e+00 -3.269934717914039446e+00 -3.150672049087380078e+00 -1.579864943439765801e+00 2.192920869996067001e-01 2.378853639878548698e+00 5.347554628521638875e+00 5.347554628521638875e+00 5.347554628521638875e+00 5.347554628521638875e+00
-1.055666778277051066e+01 -1.029566708023436128e+01 -9.970436457890244242e+00 -9.663065037473312913e+00 -9.323849799239749103e+00 -8.722956874088875878e+00 -7.433939575990381243e+00 -5.821052252828422979e+00 -5.117715202458600565e+00 -3.778255256653685557e+00 -2.749279411978916343e+00 -2.032416615374970537e+00 3.438493596191228852e-01 2.276874356680810507e+00 5.195296366822049094e+00 5.195296366822049094e+00 5.195296366822049094e+00 5.195296366822049094e+00
-1.062715618837071219e+01 -1.030181661966051188e+01 -1.000119430653338881e+01 -9.672489752921190842e+00 -9.323396819161121840e+00 -8.777413372074434506e+00 -7.565605196752168027e+00 -5.851416666964178503e+00 -5.163571572958202793e+00 -3.817937308452291401e+00 -3.935824388098088988e+00 -2.133944592071566504e+00 -2.721246620977562092e-01 2.189876384405648135e+00 5.175860556733634432e+00 5.175860556733634432e+00 5.175860556733634432e+00 5.175860556733634432e+00
-1.067905070805286627e+01 -1.035118105904330044e+01 -1.003275018356257320e+01 -9.721962579328867093e+00 -9.380869703672470195e+00 -8.955876231912787588e+00 -7.591885687574363217e+00 -5.840305912211489314e+00 -5.314352733135090823e+00 -3.720962158394077512e+00 -4.009494179626640786e+00 -1.835578312412662338e+00 -8.662308591940588443e-01 2.197861403876724573e+00 5.481430483821741362e+00 5.481430483821741362e+00 5.481430483821741362e+00 5.481430483821741362e+00
