-1.049600655273488314e+01 -1.031352201559374215e+01 -9.952314130923047841e+00 -9.618998607666622291e+00 -9.320844748304956795e+00 -8.927657801112429681e+00 -8.349361215446103657e+00 -7.057371670005046838e+00 -3.523768936708441490e+00 -3.618028974004714904e+00 -2.247955745372444802e+00 -5.711547499365423608e-01 6.185550236997779949e-01 2.077858323818935204e+00 5.254324917498459868e+00 5.254324917498459868e+00 5.254324917498459868e+00 5.254324917498459868e+00
-1.043714086422465925e+01 -1.023636128898013453e+01 -1.000780366600253757e+01 -9.767583774238095984e+00 -9.410749597866670868e+00 -8.878327183537486178e+00 -8.121076678128005710e+00 -6.697191647808768522e+00 -3.332989970867513918e+00 -4.236072476218944338e+00 -1.809462655342349180e+00 4.023183575290628644e-02 1.005429267482643718e+00 1.959695501632133574e+00 5.104339181678464676e+00 5.104339181678464676e+00 5.104339181678464676e+00 5.104339181678464676e+00
-1.025477121188776763e+01 -9.888216540997147419e+00 -9.852552210851882819e+00 -9.847414279450802610e+00 -9.599461526735989736e+00 -9.012346702522238573e+00 -8.083233232095262011e+00 -6.416490645024611084e+00 -2.939533801581747152e+00 -4.227286017542942531e+00 -6.541358291024353955e-01 1.828585569481266937e-02 1.790583940333652979e+00 2.003259100031776541e+00 5.265071306628773762e+00 5.265071306628773762e+00 5.265071306628773762e+00 5.265071306628773762e+00
-1.043721170662145603e+01 -1.023138885185371905e+01 -9.722862491870738921e+00 -9.362553173155367503e+00 -9.268277684015231443e+00 -9.232270920640990752e+00 -8.100907710528902683e+00 -5.856809673576716335e+00 -2.332148929650370572e+00 -3.856457690229968094e+00 -2.299029775363410633e-01 4.977230121980101285e-01 1.466269253755859259e+00 2.129251190440164532e+00 4.891333577724723547e+00 4.891333577724723547e+00 4.891333577724723547e+00 4.891333577724723547e+00
-1.054072439520325943e+01 -1.022512738037216451e+01 -9.976860010139784407e+00 -9.552617503994635939e+00 -8.997581338043588062e+00 -8.622206671215977281e+00 -7.963817078608061095e+00 -4.866915748727953073e+00 -2.489223783416046221e+00 -3.022455479297581515e+00 -1.724866519332735604e-01 8.933883070017405448e-01 1.489746589726649084e+00 2.301693452603469581e+00 4.828096741904711386e+00 4.828096741904711386e+00 4.828096741904711386e+00 4.828096741904711386e+00
-1.032379099286224289e+01 -1.013134694865161123e+01 -1.014700589284285925e+01 -9.832099747141452184e+00 -9.277873768298492863e+00 -8.463278838813675264e+00 -7.714929135786076309e+00 -3.629874437516406704e+00 -4.146561287287236830e+00 -1.385836136209184444e+00 1.704036265389964055e-01 1.120917874480960919e+00 1.637598593694584714e+00 2.103522474506765327e+00 4.456596714291316097e+00 4.456596714291316097e+00 4.456596714291316097e+00 4.456596714291316097e+00
-1.054213959626231656e+01 -1.025551857773201725e+01 -1.005712929100660524e+01 -9.789458117260398495e+00 -9.274396484877037494e+00 -8.466836696176944344e+00 -6.696721988038362383e+00 -2.695737550596414067e+00 -4.170734126084244764e+00 -3.396906541183706274e-01 9.374093471846423054e-01 1.865030930544017806e+00 1.698341588511140587e+00 3.067821142098771325e+00 4.411267248959617859e+00 4.411267248959617859e+00 4.411267248959617859e+00 4.411267248959617859e+00
-1.036836730696198039e+01 -1.014427827873227628e+01 -1.009950357259925369e+01 -9.687326639410052564e+00 -9.170289528720239502e+00 -8.237438098579699997e+00 -4.965594294093643946e+00 -3.391084712555430869e+00 -3.253568324472077222e+00 -1.132599998956634740e-01 1.453001508342006920e+00 2.008434223210388225e+00 1.862477972621478850e+00 4.285456291475632895e+00 5.258454949301925474e+00 5.258454949301925474e+00 5.258454949301925474e+00 5.258454949301925474e+00
-1.035310676475510938e+01 -1.006481212792762925e+01 -9.496333312369545254e+00 -9.214974409354381280e+00 -8.412369590078863979e+00 -7.008830100465574198e+00 -3.600310997526494194e+00 -4.344435137819961490e+00 -2.432844519794985061e+00 2.610171804464408440e-01 2.061491450794730174e+00 2.704479127699602525e+00 3.253179484061223370e+00 4.729529963259643921e+00 5.180827616549930070e+00 5.180827616549930070e+00 5.180827616549930070e+00 5.180827616549930070e+00
-1.053491579709012171e+01 -1.013838742261573778e+01 -9.331256830190126195e+00 -8.435762390303725766e+00 -7.485424703663262846e+00 -5.561166509910077771e+00 -2.328057745543424151e+00 -4.251987096012906697e+00 -3.794788946836892274e-01 1.797910773058607692e+00 2.802757001396966263e+00 3.393541328679429370e+00 4.926005761609244971e+00 4.998456314557221170e+00 5.394291139850677652e+00 5.394291139850677652e+00 5.394291139850677652e+00 5.394291139850677652e+00
-1.018923234549401080e+01 -9.583640595781528049e+00 -9.042843297645831058e+00 -8.386224977881925113e+00 -6.851563773405378477e+00 -4.017096451619182496e+00 -3.698430227446606100e+00 -2.778826603007404028e+00 2.319580598865800813e-01 2.756672817896978600e+00 2.979390535655618510e+00 4.583278140517603738e+00 3.048901032522610244e+00 2.349165521320032646e+00 5.628700768659181009e+00 5.628700768659181009e+00 5.628700768659181009e+00 5.628700768659181009e+00
-9.904191523638344208e+00 -9.094729875453381851e+00 -8.344237248281499930e+00 -8.052556600524821917e+00 -5.529475127417896374e+00 -2.950068659665539439e+00 -3.366119793445820463e+00 -1.317877492269818873e+00 1.468190268297065781e+00 3.190913832082108659e+00 4.349447303636359230e+00 3.753033750050546846e+00 2.104674075392737098e+00 2.394317319788692444e+00 5.368835960843404642e+00 5.368835960843404642e+00 5.368835960843404642e+00 5.368835960843404642e+00
-9.482493619515892647e+00 -8.658278852999968578e+00 -7.901836407379129845e+00 -6.506097144232555252e+00 -4.303720599902465693e+00 -3.270213219062783949e+00 -3.192385046664854897e+00 3.801037628768621501e-01 3.299573966554208759e+00 4.001808005444724259e+00 4.640258124570109999e+00 2.232173772077231888e+00 4.666294363501700682e-01 2.370587706740338696e+00 5.209759619935053543e+00 5.209759619935053543e+00 5.209759619935053543e+00 5.209759619935053543e+00
-1.002183557478332787e+01 -8.048292579032159111e+00 -6.904495515792136828e+00 -5.358835981604760157e+00 -3.012217397974173760e+00 -2.535194728859378799e+00 -2.757761459834633389e+00 7.338802640515862397e-01 3.285629588494359599e+00 4.985847763157267742e+00 3.356626420802873767e+00 -2.009133440100513202e+00 3.407975118914282620e-01 2.537665595150214060e+00 5.092019811925423411e+00 5.092019811925423411e+00 5.092019811925423411e+00 5.092019811925423411e+00
-9.514440456515936617e+00 -7.670709095110801456e+00 -6.024849330343085896e+00 -4.738821318601873500e+00 -2.278100985363953335e+00 -3.150500078114681024e+00 -8.276219128795727631e-01 2.628095792289692589e+00 3.473209615952629115e+00 5.446739349053104640e+00 4.386641199098967547e+00 -1.001857946306595526e+00 9.609781759502649123e-01 2.467354131889171409e+00 5.249451857004310718e+00 5.249451857004310718e+00 5.249451857004310718e+00 5.249451857004310718e+00
-9.077173718164566196e+00 -7.048482226413440799e+00 -5.327317284311339662e+00 -3.932031695318377373e+00 -1.843072792570813023e+00 -2.468216857823045896e+00 6.013652718654910467e-01 2.943727003460103742e+00 4.032450066186520132e+00 6.150158531898248349e+00 5.940099111751042216e+00 2.027196305143880828e+00 6.436141762328455584e-01 2.759688057344998668e+00 5.299605242533997007e+00 5.299605242533997007e+00 5.299605242533997007e+00 5.299605242533997007e+00
-8.808881012864652860e+00 -6.549413757529674029e+00 -4.777178819768430174e+00 -3.283754325489526948e+00 -1.988222092118478557e+00 -1.881059006661637945e+00 2.169152205596988292e+00 3.304538600030832551e+00 4.194126042292547041e+00 5.108382168472764384e+00 4.535502076094747537e+00 4.633216418020017713e+00 3.558683550233594950e+00 3.207503881518949829e+00 5.504931373706934750e+00 5.504931373706934750e+00 5.504931373706934750e+00 5.504931373706934750e+00
-8.118857785164058427e+00 -6.393717861348582332e+00 -4.437674832602315433e+00 -2.496916711629835195e+00 -2.619085856608945218e+00 -9.817518361660899640e-01 3.465022208060705822e+00 3.862328911912620288e+00 3.977978977678014338e+00 3.263531856672749143e+00 3.260123176583708648e+00 3.158660217472678777e+00 3.881523233002921458e+00 5.117490420602294421e+00 5.265243662003406655e+00 5.265243662003406655e+00 5.265243662003406655e+00 5.265243662003406655e+00
-7.588876847177823848e+00 -6.241709752559743585e+00 -4.234185279275186176e+00 -2.029882926232853713e+00 -2.749605950051635439e+00 4.620013881945570500e-01 2.926833764688794304e+00 3.772730991110131882e+00 3.746307404100178928e+00 1.844280056454096428e+00 1.564652282510866632e+00 1.592230088425854673e+00 2.755302599834488220e+00 4.298805685572231639e+00 5.003212007300906095e+00 5.003212007300906095e+00 5.003212007300906095e+00 5.003212007300906095e+00
-7.967086991751131997e+00 -6.149546990311135275e+00 -3.900712120058745125e+00 -1.781320914574899383e+00 -2.220563258562429976e+00 7.434051094722918807e-01 3.130472309397398512e+00 3.964532817152194966e+00 3.026648993278547195e+00 1.544859534491121122e+00 9.340585270592776101e-01 1.040211642039677198e+00 1.945913372547400266e+00 3.568357968425505344e+00 5.216962891807574110e+00 5.216962891807574110e+00 5.216962891807574110e+00 5.216962891807574110e+00
-8.202680819080361729e+00 -6.405544319633773576e+00 -4.052465554168723116e+00 -2.738194273288328873e+00 -2.004858445550880219e+00 -3.859088407001920462e-02 3.078827284965997446e+00 3.998947499379177373e+00 2.956921174181215139e+00 1.418458805571056747e+00 6.386654621168990076e-01 3.405329825895715423e-01 1.223204109522759042e+00 3.238151479512392239e+00 5.297729236224528293e+00 5.297729236224528293e+00 5.297729236224528293e+00 5.297729236224528293e+00
-8.177101370491731913e+00 -6.762636743501321490e+00 -4.064689304960849014e+00 -2.454996489344022592e+00 -1.813138763830355993e+00 -3.991584954205785185e-01 3.253080443813274769e+00 4.031343701056691486e+00 2.712886422155919242e+00 1.141824788743233565e+00 -2.288333608751762505e+00 -1.636555410533214516e+00 1.136199770322009917e+00 3.083185781143957360e+00 5.224467040403673046e+00 5.224467040403673046e+00 5.224467040403673046e+00 5.224467040403673046e+00
-8.201131444382610880e+00 -6.970917378258596919e+00 -4.904440547431658359e+00 -2.380602974343446032e+00 -1.851802845938447906e+00 -1.133992650213940134e+00 3.366200428989309046e+00 3.908684793049050921e+00 2.267560645422153076e+00 8.850699505734695993e-01 -2.478325010606793111e+00 -1.569652331087103558e+00 1.149755943344273224e+00 3.394942856485280380e+00 5.315388071430657391e+00 5.315388071430657391e+00 5.315388071430657391e+00 5.315388071430657391e+00
-8.177247976512193262e+00 -7.303818845114879110e+00 -5.423407800276002000e+00 -3.241930503676867303e+00 -2.041249764959605528e+00 -1.399094766055225758e+00 2.017639338517046799e+00 3.645074882502975289e+00 2.024373092969806720e+00 -1.166401027999904416e+00 -2.604673022001711136e+00 -1.315844606976571018e+00 1.186445876268329869e+00 3.621169192919811763e+00 4.939880355099930398e+00 4.939880355099930398e+00 4.939880355099930398e+00 4.939880355099930398e+00
-8.071277378754002640e+00 -7.187313192817196494e+00 -5.700770394944893127e+00 -4.322570465447027388e+00 -1.869418911367596081e+00 -1.836596797784249224e+00 3.433362602601743863e-01 2.745803393116045932e+00 2.277714011740756828e+00 -3.691400632963979689e+00 -2.311052075983256238e+00 -4.889131041300501801e-01 1.470386663509197556e+00 3.709350980705770073e+00 5.299358629061415193e+00 5.299358629061415193e+00 5.299358629061415193e+00 5.299358629061415193e+00
-8.346316278633787888e+00 -7.870955482371695844e+00 -6.559033488397429501e+00 -4.980651529641304087e+00 -3.328284570500968265e+00 -2.084444879681392138e+00 -1.825138907662875454e+00 1.499693930762748151e+00 2.092355095058915371e+00 -3.111579493705523447e+00 -6.613537981731096305e-02 1.049269282230598010e+00 1.866446306836011981e+00 4.197015387424645638e+00 5.442547724213684823e+00 5.442547724213684823e+00 5.442547724213684823e+00 5.442547724213684823e+00
-8.770240991424120836e+00 -7.881419245832898213e+00 -6.945368026383535565e+00 -5.646881067666091880e+00 -4.235839098467979014e+00 -2.244932887478158889e+00 -2.523030282783465417e+00 -8.631136383409325485e-02 1.504489506576739188e+00 -1.569723811745361297e-01 3.038195934494573522e-02 7.665682293085139820e-01 2.173066668040251948e+00 4.688177657339148929e+00 5.341407599348042545e+00 5.341407599348042545e+00 5.341407599348042545e+00 5.341407599348042545e+00
-9.106655613600658228e+00 -8.230461332746914493e+00 -7.427125199749861295e+00 -6.497099645258817446e+00 -5.185088389349022719e+00 -3.800715788983450416e+00 -2.271004028674926900e+00 -2.082584402511976407e+00 9.930510596678751023e-01 1.208132722776026569e+00 8.080058513719130531e-01 -2.831927761641660490e-01 1.758472993126283912e+00 4.762062827902441953e+00 5.268145403527191739e+00 5.268145403527191739e+00 5.268145403527191739e+00 5.268145403527191739e+00
-9.409270278677984933e+00 -8.512014755864001359e+00 -8.001824843635635176e+00 -7.249623937726796363e+00 -6.308608952320761354e+00 -5.088574800397573483e+00 -2.400605091073324093e+00 -2.420596710178527289e+00 -1.197496291261300194e-01 1.043075860867589633e+00 9.133938362315764392e-01 5.345365602057263743e-01 1.019615118261786080e+00 4.055708789693272642e+00 5.247203431290619946e+00 5.247203431290619946e+00 5.247203431290619946e+00 5.247203431290619946e+00
-9.911068412035303865e+00 -8.969436506218144700e+00 -8.527835012002070059e+00 -8.025067997823022381e+00 -7.332957154633050756e+00 -6.378994237841194348e+00 -4.037648628638201842e+00 -2.642846197802538377e+00 -2.153082793593240396e+00 9.360338346444703195e-01 8.058957351964769478e-01 9.416974645233240349e-01 2.723356956128265560e-01 3.943440188097767862e+00 5.337983114331795953e+00 5.337983114331795953e+00 5.337983114331795953e+00 5.337983114331795953e+00
-1.025635888977171994e+01 -9.801353492753673180e+00 -9.305682515512863517e+00 -8.804792977649858798e+00 -8.216227834947055442e+00 -7.156105897445824482e+00 -5.261629882503945588e+00 -3.184734173182253159e+00 -2.662153177012484662e+00 4.213438639249060813e-01 9.101407650457911114e-01 9.503850702418663587e-01 9.342236984942373090e-02 4.406396322611835004e+00 5.516889760468280279e+00 5.516889760468280279e+00 5.516889760468280279e+00 5.516889760468280279e+00
-1.037098196303174547e+01 -1.001988795357638473e+01 -9.537067667317383979e+00 -9.134754175843523782e+00 -8.535982904903995916e+00 -7.580292771006372554e+00 -6.344051769933217066e+00 -3.383954413473427625e+00 -2.763839539032057591e+00 -1.643523115415132185e+00 8.159472485556700239e-01 9.149689356940293727e-01 8.078518163739359936e-01 2.697432615312887805e+00 5.458348158292412933e+00 5.458348158292412933e+00 5.458348158292412933e+00 5.458348158292412933e+00
-1.046342014790093522e+01 -1.009407400636702867e+01 -9.740329929734798498e+00 -9.264656012567042964e+00 -8.780160509140490177e+00 -7.852858351122453229e+00 -6.647489220817034195e+00 -4.968574203639280817e+00 -2.212711770787032961e+00 -2.837167260162333005e+00 8.255337403898714843e-01 7.955566270015019814e-01 5.886213467943990363e-01 2.775129776642652590e+00 5.385085962471546139e+00 5.385085962471546139e+00 5.385085962471546139e+00 5.385085962471546139e+00
-1.045976624409760980e+01 -1.013754193643372226e+01 -9.791369660387774232e+00 -9.406404239158145941e+00 -8.845503851863275813e+00 -8.050440719334018169e+00 -6.924542356961271850e+00 -5.568509094909823709e+00 -3.237066526596554805e+00 -3.117419333188069075e+00 -9.360791970840277865e-02 7.761902072124277074e-01 7.867570987551100181e-01 2.659196328205143178e+00 5.311823766650711320e+00 5.311823766650711320e+00 5.311823766650711320e+00 5.311823766650711320e+00
-1.048298269982694109e+01 -1.016967870964819376e+01 -9.854007422225228296e+00 -9.463360297810094579e+00 -8.977632064457589323e+00 -8.287183259365692223e+00 -7.098851603393875109e+00 -5.739941296567582896e+00 -4.203161219180733710e+00 -3.046861280114073534e+00 -1.494341762854459965e+00 6.318159882382993198e-01 6.746507291286195362e-02 2.768080921309151510e+00 5.123344700174447652e+00 5.123344700174447652e+00 5.123344700174447652e+00 5.123344700174447652e+00
-1.053140784117388229e+01 -1.022475859085896666e+01 -9.850789473133810148e+00 -9.493875568327659664e+00 -9.065295370844008715e+00 -8.348193238623970558e+00 -7.213797935819176388e+00 -5.925125079989022936e+00 -4.544273747140121777e+00 -3.022192244679970941e+00 -2.598789782209287136e+00 3.112864741489489440e-01 5.530579729451154947e-01 2.423885898927377269e+00 5.591231796722872183e+00 5.591231796722872183e+00 5.591231796722872183e+00 5.591231796722872183e+00
-1.053972767124584919e+01 -1.019834866392737460e+01 -9.933378986476713024e+00 -9.559829046403903519e+00 -9.133060424764504859e+00 -8.535397373644626029e+00 -7.340342806414605015e+00 -5.906869778896617795e+00 -4.752607792099468931e+00 -3.306147616550920709e+00 -2.839673158242538520e+00 4.578466752824885688e-01 1.670414377540747342e-01 2.551094553505088403e+00 5.656740122751690691e+00 5.656740122751690691e+00 5.656740122751690691e+00 5.656740122751690691e+00
-1.052480443661712073e+01 -1.026959267358231997e+01 -9.911274335584581152e+00 -9.612272079863673824e+00 -9.207857604829264631e+00 -8.580155293681658080e+00 -7.370055863288023090e+00 -5.996681261105975658e+00 -5.057402939684396692e+00 -2.417429858266393783e+00 -3.070011362230660623e+00 -1.457048231510829350e-01 2.238013414907951137e-01 2.501188157613003060e+00 5.502026521415935179e+00 5.502026521415935179e+00 5.502026521415935179e+00 5.502026521415935179e+00
-1.061678573412147664e+01 -1.030819779665413094e+01 -9.985339996942327545e+00 -9.626256849126134441e+00 -9.280747771187167316e+00 -8.642013984632850310e+00 -7.517244747189087306e+00 -5.974594336234600789e+00 -5.260376901645932968e+00 -3.477380520166038824e+00 -2.806380931839060455e+00 -5.769603728945372767e-01 -1.251381520566738625e-01 2.499082435007665914e+00 5.428764325595070162e+00 5.428764325595070162e+00 5.428764325595070162e+00 5.428764325595070162e+00
-1.064802248964020315e+01 -1.034407614623253124e+01 -9.992387596190491550e+00 -9.631466168668053385e+00 -9.366401425665351610e+00 -8.798378082662837940e+00 -7.549357762920512194e+00 -5.815434899967154792e+00 -5.415639789202231213e+00 -3.935586770656059663e+00 -2.049180026227414242e+00 -9.607666960096686859e-01 -4.454424535962921983e-01 2.314996701724426398e+00 4.912563364102595642e+00 4.912563364102595642e+00 4.912563364102595642e+00 4.912563364102595642e+00
