-1.053213837693906640e+01 -1.030129045947166766e+01 -9.997045176027272717e+00 -9.638284707445041732e+00 -9.344172708099774738e+00 -8.987576962693466953e+00 -8.328243499771668112e+00 -6.922275164604673847e+00 -3.633864346788931776e+00 -4.123549802597706204e+00 -2.034222574834887887e+00 -4.544318392970317921e-01 1.496666474709708705e+00 2.074314071711711005e+00 5.596799467761321090e+00 5.596799467761321090e+00 5.596799467761321090e+00 5.596799467761321090e+00
-1.046656618760640001e+01 -1.020999936787303497e+01 -1.002001660081575096e+01 -9.815925573754137545e+00 -9.423654837306589371e+00 -8.878709453911898919e+00 -8.078328295649564339e+00 -6.365806393267245511e+00 -3.900372284126791378e+00 -4.453475619576921396e+00 -1.807112689386382032e+00 -1.645252027607089218e-01 1.702795668461501544e+00 1.963175468004822788e+00 5.741327264224789673e+00 5.741327264224789673e+00 5.741327264224789673e+00 5.741327264224789673e+00
-1.021943016702638474e+01 -1.002531857511566038e+01 -9.885155107234922411e+00 -9.928680415241116108e+00 -9.585205491780707021e+00 -9.006521813979457391e+00 -8.061788007199419681e+00 -6.147738770583236700e+00 -2.682899103050581768e+00 -4.312433099802907677e+00 -8.318437781351779581e-01 -3.477390781441211387e-02 2.102277233896024722e+00 2.078428464906374451e+00 5.596259314513568839e+00 5.596259314513568839e+00 5.596259314513568839e+00 5.596259314513568839e+00
-1.043020611812022302e+01 -1.021092294001049083e+01 -9.694862123891265782e+00 -9.386254207871251865e+00 -9.342837628922055160e+00 -9.036055300639986854e+00 -7.956692115928403197e+00 -5.314627774567286522e+00 -2.647067201948421378e+00 -3.721173714706338842e+00 -3.338342164623034902e-01 1.283874270249490968e-01 1.959967258106809718e+00 2.166297856766356666e+00 5.092702756602181857e+00 5.092702756602181857e+00 5.092702756602181857e+00 5.092702756602181857e+00
-1.055371659117382244e+01 -1.027068384597088979e+01 -9.923584974402455572e+00 -9.535222648485806474e+00 -8.967638060631987429e+00 -8.639112731302841297e+00 -7.613927085578938048e+00 -4.297569340437232377e+00 -2.950378927777203231e+00 -3.059122525623712008e+00 -3.482857541169155358e-01 1.253979508368256779e+00 1.621751309811886976e+00 2.327968396241530069e+00 4.967315780422630667e+00 4.967315780422630667e+00 4.967315780422630667e+00 4.967315780422630667e+00
-1.033736316848037440e+01 -1.017330663053294515e+01 -1.012676582549734050e+01 -9.821383771499327509e+00 -9.264274570808360920e+00 -8.378385006662085743e+00 -7.206147501353244778e+00 -4.148816400918439840e+00 -4.275067422104015691e+00 -1.765694520692675962e+00 5.635255443213678384e-02 1.424625741807628465e+00 1.618821399327329047e+00 2.152003109832863359e+00 4.598849838236496623e+00 4.598849838236496623e+00 4.598849838236496623e+00 4.598849838236496623e+00
-1.052418242108914015e+01 -1.023901691607541409e+01 -1.007105054552366497e+01 -9.743346895739222191e+00 -9.255415276151055082e+00 -8.365947742071622173e+00 -5.749233222986015690e+00 -4.247711536444048974e+00 -3.811994552665974201e+00 -1.203385942912424955e+00 6.682193843973379677e-01 1.881314481508202130e+00 1.711787095228756828e+00 3.013558754042972687e+00 4.440730366225508874e+00 4.440730366225508874e+00 4.440730366225508874e+00 4.440730366225508874e+00
-1.044086126249029078e+01 -1.017779945174484801e+01 -1.008598517765887337e+01 -9.647489494282961431e+00 -9.168350273427055441e+00 -8.140642676074861583e+00 -4.187707030801958830e+00 -4.248083129716972550e+00 -3.247614351084632478e+00 -2.147101670760875602e-01 1.215775346917705058e+00 1.974946815059260619e+00 1.897184571739126246e+00 4.287957393195091171e+00 5.491063920663448172e+00 5.491063920663448172e+00 5.491063920663448172e+00 5.491063920663448172e+00
-1.045359383204095849e+01 -9.946814543315658952e+00 -9.587433576508839650e+00 -9.400749797689355702e+00 -8.479835948711295757e+00 -6.941999019897554746e+00 -3.493724397193608944e+00 -4.590372939670659846e+00 -2.530411229394199157e+00 -2.335783547214391187e-01 2.168019176531528203e+00 2.649759611370885004e+00 3.233636551379595936e+00 4.717438154349482993e+00 5.566263829030940080e+00 5.566263829030940080e+00 5.566263829030940080e+00 5.566263829030940080e+00
-1.056621968901356468e+01 -1.016944834819121013e+01 -9.333946022679919352e+00 -8.446178352108038467e+00 -7.499242921584945876e+00 -5.623100520078756048e+00 -2.284552165272578428e+00 -4.558978466361280013e+00 -1.392458717269616786e+00 1.006074254262161904e+00 2.773862059525593615e+00 3.380597295912408207e+00 4.920378815151808638e+00 4.956223932654545195e+00 5.845274143822522639e+00 5.845274143822522639e+00 5.845274143822522639e+00 5.845274143822522639e+00
-1.018768006163763573e+01 -9.765705709143576385e+00 -9.022265081871843506e+00 -8.435269647301424811e+00 -6.845870081042425781e+00 -3.988471434980914054e+00 -3.462451369728893891e+00 -2.298688621529519693e+00 2.518194967298447717e-01 2.397710769833881095e+00 2.877424928383763181e+00 4.526061576412653054e+00 3.040853946641882466e+00 2.248978386765971837e+00 5.718785789422932808e+00 5.718785789422932808e+00 5.718785789422932808e+00 5.718785789422932808e+00
-9.905224308708007186e+00 -9.165364550129066146e+00 -8.448548233799726859e+00 -7.932254574377820333e+00 -5.787052627220689693e+00 -3.007138813933241117e+00 -3.476561113553381155e+00 -1.328518834995393805e+00 8.940630322868226010e-01 3.228254820142371972e+00 4.381805994068971977e+00 3.747101496433071333e+00 2.058142864318231346e+00 2.418203792305706035e+00 5.623538919770588507e+00 5.623538919770588507e+00 5.623538919770588507e+00 5.623538919770588507e+00
-9.536036971833485865e+00 -8.761223293559377012e+00 -7.963007142677528627e+00 -6.612244059804929464e+00 -4.804252978196060120e+00 -2.926013748712245732e+00 -3.988281228416831858e+00 -4.766443134771808365e-01 2.021080817506817784e+00 3.928812705945477823e+00 4.559096752660149576e+00 2.042982039538072225e+00 4.791563014729276482e-01 2.349328215721234514e+00 5.773977840374068471e+00 5.773977840374068471e+00 5.773977840374068471e+00 5.773977840374068471e+00
-9.975437788497572456e+00 -8.192447146794808788e+00 -7.079713236821576494e+00 -5.572324348619828172e+00 -3.518431848016982499e+00 -1.866094136479036658e+00 -2.735312439306734511e+00 8.808943326800078299e-02 3.287598368103501034e+00 4.881725423146060727e+00 3.292874080870899167e+00 -1.959257930336745002e+00 3.622506402441062479e-01 2.484951410867716426e+00 5.677843949937933843e+00 5.677843949937933843e+00 5.677843949937933843e+00 5.677843949937933843e+00
-9.653919298765190504e+00 -7.724509042938334957e+00 -6.169132695616608153e+00 -4.753093846681336387e+00 -2.410978384518533524e+00 -2.617813916252949014e+00 -9.374556348349772916e-01 1.645574492611570072e+00 3.397135494941388778e+00 5.491691050600037372e+00 4.311447509251543408e+00 -9.802489095687335618e-01 9.805640935838670913e-01 2.591216327415972298e+00 5.907741811788595143e+00 5.907741811788595143e+00 5.907741811788595143e+00 5.907741811788595143e+00
-9.067246345380191030e+00 -7.187163336594108998e+00 -5.503268851632023839e+00 -3.816064082444393879e+00 -2.558540976790573573e+00 -2.673858181565382353e+00 -3.058945193503820326e-02 2.873459451761393613e+00 3.960363877813898981e+00 6.046116920329401623e+00 5.857701499897154385e+00 1.864601236590253119e+00 6.645316821526040529e-01 2.608810078373378971e+00 5.839816879256014559e+00 5.839816879256014559e+00 5.839816879256014559e+00 5.839816879256014559e+00
-8.890486309425304157e+00 -6.712197688428183540e+00 -4.914910667498459063e+00 -2.979428241362076513e+00 -2.919256294356347592e+00 -2.735694009205260624e+00 6.573916347474202393e-01 3.360458226935520987e+00 4.168739515356863379e+00 5.036604147697085310e+00 4.524169487832452319e+00 4.597304864437873562e+00 3.643274622263567686e+00 3.280149881446502214e+00 5.754385791592222077e+00 5.754385791592222077e+00 5.754385791592222077e+00 5.754385791592222077e+00
-8.262305554928081719e+00 -6.519966820796419427e+00 -4.713702947295873358e+00 -2.429660154033427055e+00 -2.302270335165669479e+00 -2.423096002238744440e+00 1.165937586352210786e+00 3.831117982494699259e+00 3.928564544098030797e+00 3.242215133979741815e+00 3.311743550747068277e+00 3.141450098762106347e+00 3.881392466413659648e+00 5.102106951696289805e+00 5.800430967901725410e+00 5.800430967901725410e+00 5.800430967901725410e+00 5.800430967901725410e+00
-7.693053517552897347e+00 -6.419281586623720059e+00 -4.463442307559017941e+00 -2.341017733243167420e+00 -1.736665731597823559e+00 -1.426356319765873071e+00 1.838673332972839969e+00 3.747959239298327638e+00 3.700706597055778424e+00 1.783115100198379377e+00 1.604967053527007081e+00 1.647245867959511667e+00 2.797920267556639473e+00 4.267401593912522273e+00 5.922829821596481636e+00 5.922829821596481636e+00 5.922829821596481636e+00 5.922829821596481636e+00
-7.881107825692925672e+00 -6.252342901916625451e+00 -4.466989075658701402e+00 -2.269546873086075944e+00 -1.722915273729714425e+00 2.492852025001965344e-01 2.974302302149816946e+00 3.928254959218106634e+00 3.032462702648210051e+00 1.595191540807666675e+00 1.129920163302538416e+00 1.160513319607850757e+00 1.945549990683051789e+00 3.620887381450727638e+00 5.974414834610677794e+00 5.974414834610677794e+00 5.974414834610677794e+00 5.974414834610677794e+00
-8.258616810522550367e+00 -6.501598898267941351e+00 -4.376626384375210677e+00 -2.470119752625380194e+00 -1.586658618125794451e+00 -2.956845089548486571e-01 3.309915964934051047e+00 3.970292221588299864e+00 2.946704106894368458e+00 1.509239287066482138e+00 8.105557757751291614e-01 6.091351632999469912e-01 1.277526703260447150e+00 3.237941906577773032e+00 5.858453957885149777e+00 5.858453957885149777e+00 5.858453957885149777e+00 5.858453957885149777e+00
-8.259752484925190430e+00 -6.852780399204900341e+00 -4.487701855886327529e+00 -2.206948122736746676e+00 -1.840807197260588168e+00 -1.189552585279015640e+00 2.149966437655503881e+00 3.968757393123835797e+00 2.727396357036980579e+00 1.334085188868985972e+00 -1.648472420497522073e+00 -1.549947606521923316e+00 1.183314136916966852e+00 3.052311157239721240e+00 5.830738672592579164e+00 5.830738672592579164e+00 5.830738672592579164e+00 5.830738672592579164e+00
-8.236219511604316423e+00 -6.941166000204037623e+00 -5.056019849588948567e+00 -2.638324114156639588e+00 -1.903483544991749099e+00 -1.689034257671998329e+00 8.772706196849359150e-01 3.848542533236174457e+00 2.318462035265189236e+00 1.066659559977620741e+00 -2.400089479345941523e+00 -1.517510408108295517e+00 1.169256479519130476e+00 3.393508378772424727e+00 5.713811962391170063e+00 5.713811962391170063e+00 5.713811962391170063e+00 5.713811962391170063e+00
-8.164966942517475346e+00 -7.358106904035215834e+00 -5.366667869746551744e+00 -3.462357273044109007e+00 -1.659380402575987290e+00 -1.851709095157813678e+00 -9.971226855414902501e-02 3.556522305595514855e+00 2.176886864027541613e+00 2.184354070197917497e-01 -2.558146928155816902e+00 -1.171450169943770714e+00 1.221495683734201254e+00 3.709414852765189785e+00 5.876819489111371198e+00 5.876819489111371198e+00 5.876819489111371198e+00 5.876819489111371198e+00
-8.104679914276871955e+00 -7.240863593466997372e+00 -5.956313328493665793e+00 -4.393683938765270192e+00 -2.371228075385579892e+00 -2.055558721526856480e+00 -1.414392015503025180e+00 1.901866595142635896e+00 2.565986247710889234e+00 -3.578910103516937724e+00 -2.215053963335739784e+00 -5.622935888963278561e-01 1.484594728617613324e+00 3.724787557350214051e+00 6.094494385772682321e+00 6.094494385772682321e+00 6.094494385772682321e+00 6.094494385772682321e+00
-8.337829484468025854e+00 -7.809860745735245580e+00 -6.446037680945813975e+00 -5.009927203620275549e+00 -3.611574131458471282e+00 -1.989229275777674388e+00 -2.141126429690604294e+00 7.775165864481481393e-01 2.266105085478542946e+00 -2.976074815490046710e+00 3.291267875612678973e-01 9.916752874063688994e-01 1.856146832798110768e+00 4.193218260586906609e+00 5.986798700517265814e+00 5.986798700517265814e+00 5.986798700517265814e+00 5.986798700517265814e+00
-8.747471017859833609e+00 -7.870215306908789898e+00 -6.854695376906581927e+00 -5.732538998656917073e+00 -4.479973195082855852e+00 -2.326178049811624238e+00 -2.738589827700679713e+00 -1.240002574555551185e+00 1.470531255189310382e+00 4.556218213994775446e-01 3.540635969268782768e-01 8.665577831878887860e-01 2.141936380267245976e+00 4.786561621979616987e+00 5.821409305660427691e+00 5.821409305660427691e+00 5.821409305660427691e+00 5.821409305660427691e+00
-9.154619567833821137e+00 -8.187839680844220425e+00 -7.326864474800730775e+00 -6.389435428365493053e+00 -5.318039630963606434e+00 -3.991852193783710590e+00 -2.385153732934244708e+00 -2.614157319834886195e+00 5.439630669866822865e-01 1.520821958840749666e+00 9.674924402078354246e-01 1.235404972841400717e-01 1.750763747533850667e+00 4.932108303300680063e+00 5.767961435234131962e+00 5.767961435234131962e+00 5.767961435234131962e+00 5.767961435234131962e+00
-9.448185192127509069e+00 -8.519487886464258253e+00 -7.902127838196376430e+00 -7.216542101110203333e+00 -6.328292638787084812e+00 -5.117662141710475510e+00 -2.439709757656714384e+00 -2.726966112400569298e+00 -6.071387311454959912e-01 1.417727857999417251e+00 1.169747359323062730e+00 8.458380909726597174e-01 9.813777764145610316e-01 4.076648004146520954e+00 5.925466942274362658e+00 5.925466942274362658e+00 5.925466942274362658e+00 5.925466942274362658e+00
-9.838399606424061972e+00 -8.996219117055554548e+00 -8.447078602828524296e+00 -8.015916568570730760e+00 -7.351599096978472581e+00 -6.382342137319598763e+00 -3.858361347223742133e+00 -2.656034523992313989e+00 -2.186174249037764916e+00 8.153281834894017255e-01 1.257127470138766689e+00 1.070793718326034760e+00 3.607095405819785716e-01 3.988927672175469397e+00 6.168164952516042909e+00 6.168164952516042909e+00 6.168164952516042909e+00 6.168164952516042909e+00
-1.025309216226716558e+01 -9.796736234565816659e+00 -9.284521076013401597e+00 -8.762938032812538580e+00 -8.181085523370628110e+00 -7.137668977182073604e+00 -5.014749471831802197e+00 -2.447122558817027560e+00 -2.836278514141073792e+00 3.922158758116367494e-01 1.206757324386741548e+00 1.128426188298415678e+00 6.268683135057546707e-01 4.406436559437424627e+00 6.106245806245164331e+00 6.106245806245164331e+00 6.106245806245164331e+00 6.106245806245164331e+00
-1.041444771227170207e+01 -1.000467903063343833e+01 -9.545907559570842693e+00 -9.090386464791880172e+00 -8.488498213958475702e+00 -7.546710763456481175e+00 -6.234459549781910859e+00 -2.753782779827921523e+00 -2.908072219023152716e+00 -1.172237641622366322e+00 9.582778823921942468e-01 1.190900070145211931e+00 8.203869704484889613e-01 3.075422065661670423e+00 5.889642553421238880e+00 5.889642553421238880e+00 5.889642553421238880e+00 5.889642553421238880e+00
-1.047501989765715891e+01 -1.011742814855564276e+01 -9.697894633999018410e+00 -9.261040710616249783e+00 -8.720599415226452322e+00 -7.823551215617091437e+00 -6.619025626266695994e+00 -4.085050454958066624e+00 -3.202634950241969314e+00 -2.683559315166454962e+00 6.916463118686739797e-01 1.227668497517083512e+00 8.155643814106432465e-01 2.431300249686431769e+00 5.784364653435707382e+00 5.784364653435707382e+00 5.784364653435707382e+00 5.784364653435707382e+00
-1.047778977159970992e+01 -1.014114685577160913e+01 -9.774997087970760390e+00 -9.392567024727668468e+00 -8.823120714783376783e+00 -8.025259590857521275e+00 -6.881493720791246993e+00 -5.371565182157302942e+00 -2.705345022317791948e+00 -2.925544008923556039e+00 2.257925896630399998e-01 1.150746057580235071e+00 7.501446482742080146e-01 2.536138905665689336e+00 5.736047665269518703e+00 5.736047665269518703e+00 5.736047665269518703e+00 5.736047665269518703e+00
-1.047442702963733119e+01 -1.017949113090462632e+01 -9.906367246012914407e+00 -9.486495965194919222e+00 -8.963275538380916174e+00 -8.246584155386392112e+00 -7.121751037118050576e+00 -5.615316783818851576e+00 -2.968133296694602130e+00 -2.919861773269713634e+00 -3.040273085554172638e-01 8.203293698702676107e-01 2.469175398791850218e-01 2.775516131259158747e+00 5.931007866146872587e+00 5.931007866146872587e+00 5.931007866146872587e+00 5.931007866146872587e+00
-1.052819953930832320e+01 -1.017305258206033969e+01 -9.855894313280911589e+00 -9.513955936126237134e+00 -9.046817908562177379e+00 -8.302780465039596436e+00 -7.248258690590453135e+00 -5.891292790058905382e+00 -3.287082134508461095e+00 -3.169501015081383599e+00 -1.696095463535490122e+00 4.433174524439759123e-01 9.375166837744735027e-01 2.336138594910717625e+00 6.202139112722107939e+00 6.202139112722107939e+00 6.202139112722107939e+00 6.202139112722107939e+00
-1.051813913273673151e+01 -1.019639383585908732e+01 -9.905830481828303391e+00 -9.580777822432699153e+00 -9.049441111532683379e+00 -8.491026620675445002e+00 -7.385126392576619736e+00 -5.948981170111837358e+00 -4.103669931081672217e+00 -3.086229017576691547e+00 -2.506339198134439172e+00 3.054291461502481320e-01 6.524459078847223426e-01 2.450872032099336906e+00 6.118629672151756793e+00 6.118629672151756793e+00 6.118629672151756793e+00 6.118629672151756793e+00
-1.054543410632445699e+01 -1.024750538801952437e+01 -9.902244648215347667e+00 -9.589838744770329271e+00 -9.196811962351592484e+00 -8.508970693817852649e+00 -7.445374134840086811e+00 -6.038811329127518945e+00 -4.902768932048098272e+00 -2.591385189299428404e+00 -3.420342339952926913e+00 2.025874174838916963e-01 3.789720310890117294e-01 2.460774822855378741e+00 5.902026419327814466e+00 5.902026419327814466e+00 5.902026419327814466e+00 5.902026419327814466e+00
-1.059168557084590390e+01 -1.028570444187730182e+01 -9.972309432877938917e+00 -9.624018019477720287e+00 -9.241362772279369864e+00 -8.559617407010723156e+00 -7.552255925672582748e+00 -5.981339343771098882e+00 -5.097189708906553207e+00 -2.765727095387361167e+00 -3.717089662023687957e+00 8.022474582185262770e-02 4.129588442788243996e-01 2.487469009306878309e+00 5.794963179506522621e+00 5.794963179506522621e+00 5.794963179506522621e+00 5.794963179506522621e+00
-1.062063120676142702e+01 -1.033044997004294530e+01 -1.003715708743900237e+01 -9.689859736066441798e+00 -9.317954232173633500e+00 -8.764725129972362083e+00 -7.547846457486632410e+00 -5.915834897463369657e+00 -5.264123278534828643e+00 -3.218402341969028857e+00 -3.866902104104312343e+00 -3.141138454341875774e-01 3.691116994960136899e-01 2.612234091434589178e+00 6.179537263390917801e+00 6.179537263390917801e+00 6.179537263390917801e+00 6.179537263390917801e+00
