-1.049357158523724465e+01 -1.022535500711833478e+01 -9.935627794750161002e+00 -9.622410040271070386e+00 -9.283714008549242891e+00 -8.890522462999523867e+00 -8.168418222387357375e+00 -6.322038999500665390e+00 -4.082768559242033746e+00 -3.919243832000265826e+00 -2.801878302666237275e+00 -3.012330955051766290e-01 1.973821987575648862e+00 2.174724923345953354e+00 5.701446056921609440e+00 5.701446056921609440e+00 5.701446056921609440e+00 5.701446056921609440e+00
-1.047935075221568724e+01 -1.008609910069777982e+01 -9.949844042971834668e+00 -9.734831915130969904e+00 -9.357379412824231579e+00 -8.791512490473321506e+00 -7.906669906246952095e+00 -5.897118074253150155e+00 -3.933213056413851660e+00 -4.325846119145987601e+00 -1.895712229064544285e+00 -9.230636102694284029e-02 1.634356830393510762e+00 2.086889633358989915e+00 5.509383314486697714e+00 5.509383314486697714e+00 5.509383314486697714e+00 5.509383314486697714e+00
-1.015815662913102457e+01 -9.819346211813989811e+00 -9.959660290386977977e+00 -9.845344850190635100e+00 -9.482673786828735629e+00 -8.907157798902487045e+00 -7.829466717577616031e+00 -5.353516778964535483e+00 -2.945379031489776978e+00 -3.436040002156357964e+00 -9.743787957738667682e-01 -1.464762385318823801e-01 2.143554828713011506e+00 2.118437048097424835e+00 5.770456882864331227e+00 5.770456882864331227e+00 5.770456882864331227e+00 5.770456882864331227e+00
-1.039749229691806676e+01 -1.011799024095477506e+01 -9.688441828315388804e+00 -9.310713350295964474e+00 -9.331256767706678446e+00 -8.953693172865181182e+00 -7.666653760521887406e+00 -4.324912702220893301e+00 -3.070387332636252076e+00 -2.366966364488058083e+00 -7.112676182402029035e-01 4.604654457688374669e-01 2.122818082070427437e+00 2.148365148042467698e+00 5.325828710924032983e+00 5.325828710924032983e+00 5.325828710924032983e+00 5.325828710924032983e+00
-1.050937584996267660e+01 -1.016089169525436731e+01 -9.926831744800917789e+00 -9.428500968900962675e+00 -8.897014683921986133e+00 -8.601637788506998561e+00 -6.947873857720772151e+00 -4.169172347118566435e+00 -3.794918282553771949e+00 -2.932394924538069603e+00 -6.480841828853431963e-01 1.902563061746860962e+00 1.723470992936400048e+00 2.384115071541156539e+00 5.041896053816529388e+00 5.041896053816529388e+00 5.041896053816529388e+00 5.041896053816529388e+00
-1.018901809490242627e+01 -1.013883560152218699e+01 -1.014298550783781216e+01 -9.784769186046485601e+00 -9.205693652933428339e+00 -8.215601565703394726e+00 -6.453262101890223867e+00 -4.820155991706411847e+00 -4.017447373694632340e+00 -2.008626747778647470e+00 -3.656841987373518621e-01 1.493838724547913221e+00 1.597262295626344697e+00 2.139472249831898765e+00 4.720430421083354311e+00 4.720430421083354311e+00 4.720430421083354311e+00 4.720430421083354311e+00
-1.051287206539888786e+01 -1.017560762341735447e+01 -1.002126902788979557e+01 -9.675788279738480213e+00 -9.179337872999926873e+00 -8.184339633288759686e+00 -5.290355384689080509e+00 -5.066295832743904271e+00 -3.639026768820806890e+00 -1.555448195896204089e+00 1.417067064582847036e-01 1.872442531840651680e+00 1.715296916051139986e+00 3.018903369013735905e+00 4.345670777429126552e+00 4.345670777429126552e+00 4.345670777429126552e+00 4.345670777429126552e+00
-1.038354022443137481e+01 -1.021409763713206509e+01 -1.006077388304449016e+01 -9.583762139324297991e+00 -9.067288246233896842e+00 -7.860074787288130693e+00 -4.256795621458993928e+00 -4.584012568826885570e+00 -3.262240029906086747e+00 -9.094367760297807912e-01 1.137284347408761498e+00 2.021978828111091975e+00 1.904467832273460726e+00 4.262276222137946213e+00 5.789348007636790250e+00 5.789348007636790250e+00 5.789348007636790250e+00 5.789348007636790250e+00
-1.047818656673356408e+01 -9.967443942779535604e+00 -9.618197646584281557e+00 -9.534144571796456802e+00 -8.547372606841438625e+00 -6.869028779161210352e+00 -3.702721312824293065e+00 -4.756073730088143492e+00 -2.303915941796927491e+00 -4.123008164606420944e-01 1.844116372787712788e+00 2.595898702286310034e+00 3.191759768489971005e+00 4.726423410027495997e+00 5.566884608639139032e+00 5.566884608639139032e+00 5.566884608639139032e+00 5.566884608639139032e+00
-1.046577301507217506e+01 -1.010284008409108125e+01 -9.309417405706390980e+00 -8.425208310582924298e+00 -7.602325178997036303e+00 -5.554160966647664566e+00 -2.722739784336627444e+00 -3.948079029212596680e+00 -9.893492726167947282e-01 7.450674704729277620e-01 2.700116646856647318e+00 3.350920306202802124e+00 4.887190160983036158e+00 4.937922059365316585e+00 5.637653965067465300e+00 5.637653965067465300e+00 5.637653965067465300e+00 5.637653965067465300e+00
-1.026802676574579642e+01 -9.671514009390042688e+00 -8.927981243246915000e+00 -8.454394796294765868e+00 -6.796064306953987888e+00 -4.404006131271355429e+00 -3.532645353404812560e+00 -2.739471840354077870e+00 -1.177820706011230845e-01 1.951256308389043959e+00 2.807624610595275350e+00 4.490147117439927449e+00 3.114660064083056845e+00 2.187621359273439481e+00 5.673876708658161405e+00 5.673876708658161405e+00 5.673876708658161405e+00 5.673876708658161405e+00
-9.922064014802110421e+00 -9.146083137317186029e+00 -8.596436998553476982e+00 -7.732223680991447523e+00 -6.062471183930348673e+00 -3.421655022141006697e+00 -3.995408341205267000e+00 -2.473182288255159289e+00 1.321990963608598579e-01 3.077457055638300965e+00 4.268197258469944799e+00 3.683471325204619617e+00 1.960559811816726450e+00 2.508125292288649888e+00 5.662256043438353537e+00 5.662256043438353537e+00 5.662256043438353537e+00 5.662256043438353537e+00
-9.493874372671946560e+00 -8.824012686189830035e+00 -7.914440156685564887e+00 -6.853399389213148396e+00 -4.960095930549853094e+00 -2.345739926296965816e+00 -3.874278256782249130e+00 -8.181880897568212241e-01 1.507354053780234127e+00 3.907595194099641844e+00 4.451729301475884526e+00 2.014893300756522176e+00 1.774268899331087335e+00 2.377037013724434544e+00 5.456486144502326496e+00 5.456486144502326496e+00 5.456486144502326496e+00 5.456486144502326496e+00
-9.859515067837893554e+00 -8.186681325506167894e+00 -7.290349144436270024e+00 -5.791568126720905596e+00 -3.871841357803352146e+00 -2.098221766760470341e+00 -2.994154866910950119e+00 3.702638400606600433e-01 3.197535581321993448e+00 4.835563351056187287e+00 3.199695208040783889e+00 -1.957862149114693473e+00 3.279811880142260438e-01 2.461986298868358958e+00 5.591016060716125224e+00 5.591016060716125224e+00 5.591016060716125224e+00 5.591016060716125224e+00
-9.739574548055081493e+00 -7.791232308916150373e+00 -6.412856120299990081e+00 -4.833127222139806278e+00 -2.818566329702442363e+00 -2.184444432802600922e+00 -2.521070051797201117e+00 5.278358526243533966e-01 3.299697309225238850e+00 5.268645421333268075e+00 4.263743037420164583e+00 -1.098760392191900914e+00 9.906386366929114118e-01 2.474066676078071403e+00 5.534729748714530828e+00 5.534729748714530828e+00 5.534729748714530828e+00 5.534729748714530828e+00
-9.065713268427220584e+00 -7.342568041600535445e+00 -5.753574696902395758e+00 -4.049120771094028015e+00 -3.040813234680607824e+00 -2.319096830510579466e+00 -2.018046852843202732e+00 2.250965122198666180e+00 3.870681860018528653e+00 5.900069122157556301e+00 5.801581449410534219e+00 1.922869752160277779e+00 6.446274399127583932e-01 2.670854748728482608e+00 5.534861232951209686e+00 5.534861232951209686e+00 5.534861232951209686e+00 5.534861232951209686e+00
-8.905690560790382904e+00 -6.895115686461847915e+00 -5.146374005709630772e+00 -3.595906140111781113e+00 -3.588040261571001199e+00 -2.804490431245133308e+00 -1.275760725205016044e+00 2.943646846884522716e+00 4.084831660695305899e+00 4.914765515706113419e+00 4.565712139303996331e+00 4.536527403844951678e+00 3.401026337103149721e+00 3.286658210037052719e+00 5.581092569585782925e+00 5.581092569585782925e+00 5.581092569585782925e+00 5.581092569585782925e+00
-8.300889527606667428e+00 -6.675550218706154837e+00 -4.978537465699615971e+00 -2.998294688108466666e+00 -2.760441759464407063e+00 -3.170896389926011860e+00 8.253153127451484661e-02 3.834526231022022280e+00 3.851565558657040533e+00 3.197644354259740140e+00 3.190324384881492392e+00 3.130672271696140818e+00 3.820938235690112705e+00 5.081819152884770929e+00 5.478300114732478576e+00 5.478300114732478576e+00 5.478300114732478576e+00 5.478300114732478576e+00
-7.815954448835590540e+00 -6.628979095785659581e+00 -4.696106107345125125e+00 -2.980317720010753568e+00 -1.601646561527563906e+00 -1.978361210873242682e+00 5.988099246637459405e-01 3.669833717934574580e+00 3.633057170872008523e+00 1.800917684096769555e+00 1.621909709976812497e+00 1.682761773377583481e+00 2.748449414233427479e+00 4.254223850390567385e+00 5.414491577182412030e+00 5.414491577182412030e+00 5.414491577182412030e+00 5.414491577182412030e+00
-7.827824193800717367e+00 -6.509019714714906257e+00 -4.823004527177777945e+00 -2.977204299788653863e+00 -1.507831341191594010e+00 -1.152563569607921945e+00 2.160352005014875232e+00 3.883872933120412263e+00 3.015775881205122744e+00 1.594055240961304687e+00 1.243759862392914917e+00 1.230351689409452387e+00 1.949103786239027469e+00 3.585267020304439889e+00 5.280040220835675591e+00 5.280040220835675591e+00 5.280040220835675591e+00 5.280040220835675591e+00
-8.131706832796375295e+00 -6.382334523287299000e+00 -4.755681192987933237e+00 -3.019826838488191889e+00 -1.568182309542155206e+00 -2.775974845727749996e-01 3.013329427645112801e+00 3.907223314627860766e+00 2.891197786998978447e+00 1.521209591382027382e+00 9.714688564226967582e-01 7.781809013295314381e-01 1.287488079784057105e+00 3.188147298906231164e+00 5.451612628178933662e+00 5.451612628178933662e+00 5.451612628178933662e+00 5.451612628178933662e+00
-8.190850514955757333e+00 -7.010535118945877997e+00 -4.833611110313611015e+00 -2.897812680109630890e+00 -1.584824802496528129e+00 -9.821328207695242396e-01 1.968532322823220326e+00 3.954950319229529221e+00 2.653232970990813122e+00 1.365833312623526252e+00 -5.159988561640493909e-01 -1.506800290043965429e+00 1.146748941464840410e+00 3.026317760245796684e+00 5.432068500834946079e+00 5.432068500834946079e+00 5.432068500834946079e+00 5.432068500834946079e+00
-8.249876184196789808e+00 -7.093361864299910557e+00 -5.333881270838057631e+00 -3.183754783891922902e+00 -2.385394721477370084e+00 -1.343154575192276212e+00 4.956328006945461828e-01 3.792981071380377767e+00 2.264333748738335483e+00 1.213319284742158777e+00 -2.314362007347418704e+00 -1.435989386124687517e+00 1.139846280048420590e+00 3.396930183308672913e+00 5.451665278644266088e+00 5.451665278644266088e+00 5.451665278644266088e+00 5.451665278644266088e+00
-8.153785936362828224e+00 -7.382773862528632769e+00 -5.634366279021573831e+00 -3.946769241201483869e+00 -1.988972583827590235e+00 -1.526026006872719165e+00 -4.049762854307338289e-01 3.417029132720911022e+00 2.104979152692086242e+00 1.035781940556917746e+00 -2.468702296110072858e+00 -1.226786906444091052e+00 1.153635280763987803e+00 3.692068099896661515e+00 5.306909943541410435e+00 5.306909943541410435e+00 5.306909943541410435e+00 5.306909943541410435e+00
-8.181744934019139492e+00 -7.294959358400005200e+00 -6.004925100999485288e+00 -4.569491900476240431e+00 -3.015351639641437487e+00 -1.594779631109816131e+00 -1.447879686922165510e+00 4.854036059582450546e-01 2.360453371224391361e+00 -3.276984798799035037e+00 -2.314988091787260061e+00 -3.631856686100883302e-01 1.437653960951303489e+00 3.682377900311405217e+00 5.137333375633682309e+00 5.137333375633682309e+00 5.137333375633682309e+00 5.137333375633682309e+00
-8.335176324028340744e+00 -7.671446291217970170e+00 -6.386034693257185424e+00 -5.161435963779146263e+00 -3.888842286714023544e+00 -2.127429335934436949e+00 -2.098864487027808590e+00 -5.929832811911296409e-01 2.206080574235946390e+00 -2.809737299595651550e+00 1.724481207240824987e-01 9.639673593100021032e-01 1.819124396785340991e+00 4.346443309356337714e+00 5.459271249162831907e+00 5.459271249162831907e+00 5.459271249162831907e+00 5.459271249162831907e+00
-8.743340713996234470e+00 -7.852762084088420025e+00 -6.854832174522990762e+00 -5.788440973490581065e+00 -4.719945128422327940e+00 -3.265012804975388150e+00 -1.766929501271116809e+00 -2.217621133669652078e+00 9.082092883945785955e-01 1.313636631328768622e+00 1.840874531057800079e-01 8.840869661347364739e-01 2.104935554180786372e+00 4.840051514810975952e+00 5.368495507643342712e+00 5.368495507643342712e+00 5.368495507643342712e+00 5.368495507643342712e+00
-9.120111317417263663e+00 -8.191721239861490034e+00 -7.320811258465536042e+00 -6.342713816976914387e+00 -5.448712712649875556e+00 -4.299648454750931492e+00 -2.104452691187621127e+00 -3.300464160576309425e+00 -3.814706818025013768e-01 1.628056743098203141e+00 1.084901743509149696e+00 3.923161964794499301e-01 1.643290701315268887e+00 5.022049979463366398e+00 5.329275768718687800e+00 5.329275768718687800e+00 5.329275768718687800e+00 5.329275768718687800e+00
-9.410420424829066377e+00 -8.526218045508109356e+00 -7.815031142544457410e+00 -7.144109893591741312e+00 -6.364507078888081537e+00 -5.261384446900030376e+00 -2.798138734899063618e+00 -2.625683118444204212e+00 -2.023948997232566605e+00 1.406239735229124488e+00 1.271743073831104631e+00 9.788068284165383215e-01 1.017472860971181614e+00 4.051563127306645029e+00 5.268018895687801795e+00 5.268018895687801795e+00 5.268018895687801795e+00 5.268018895687801795e+00
-9.776736663425664275e+00 -8.931684181924364196e+00 -8.402825213658640990e+00 -7.899076758371345264e+00 -7.288546036171626774e+00 -6.347028397594026039e+00 -3.957632338720134868e+00 -2.992146942625150352e+00 -2.381901284899028415e+00 4.443044948130062677e-01 1.364183677439901654e+00 1.124834785345220300e+00 2.580913763563340568e-01 3.851280905270826338e+00 5.005320678993832040e+00 5.005320678993832040e+00 5.005320678993832040e+00 5.005320678993832040e+00
-1.020390684652228686e+01 -9.698004395688986534e+00 -9.165201858519775868e+00 -8.673596508550124540e+00 -8.058895273636110801e+00 -7.041093086940456658e+00 -4.906200915782722660e+00 -2.897951331057679880e+00 -3.310203710408324174e+00 1.593936189487731858e-01 1.412232594009919628e+00 1.196368547467915766e+00 6.247747549199751393e-01 4.634504418515444257e+00 5.429853711440539854e+00 5.429853711440539854e+00 5.429853711440539854e+00 5.429853711440539854e+00
-1.037470067826777864e+01 -9.964553651946985724e+00 -9.435694337821978195e+00 -9.036600364192745261e+00 -8.403526169595869177e+00 -7.421771483031911032e+00 -6.026877527670384538e+00 -2.793410423318903213e+00 -3.288605919662800581e+00 -1.579534814545099364e+00 1.159762306825221412e+00 1.247330229683892622e+00 9.106023406174286183e-01 3.033367829303146301e+00 5.339077969921055988e+00 5.339077969921055988e+00 5.339077969921055988e+00 5.339077969921055988e+00
-1.046152994556157623e+01 -1.008339267521506599e+01 -9.682324721711102811e+00 -9.214837401526729366e+00 -8.655960833852653025e+00 -7.733872940737525070e+00 -6.496094660518340724e+00 -3.536816558893133955e+00 -2.821103629348240993e+00 -2.774391932146443640e+00 8.943062318881066508e-01 1.265503513379436784e+00 9.620668019543978655e-01 1.988119593902237803e+00 5.285378387107748210e+00 5.285378387107748210e+00 5.285378387107748210e+00 5.285378387107748210e+00
-1.044710551623047579e+01 -1.011582914717338433e+01 -9.769181265099199152e+00 -9.349159508475491265e+00 -8.774702654213445641e+00 -7.962108007320324532e+00 -6.808392027745763464e+00 -4.914384084726989954e+00 -2.058849895533727103e+00 -3.783385386907123227e+00 3.563917053275466040e-01 1.235536833767394205e+00 1.007347122037401288e+00 2.276502442060957865e+00 5.231678804294445762e+00 5.231678804294445762e+00 5.231678804294445762e+00 5.231678804294445762e+00
-1.044260405111387513e+01 -1.014700180374810756e+01 -9.851186306322246011e+00 -9.416173588464856081e+00 -8.880087798271219413e+00 -8.161842533202312566e+00 -7.055919010357550647e+00 -5.292919477563952313e+00 -2.825552759802478775e+00 -4.039939805371968617e+00 1.543161747063663269e-01 1.176811039055981611e+00 9.317781716601776232e-01 2.688372608729352464e+00 4.890069498658523806e+00 4.890069498658523806e+00 4.890069498658523806e+00 4.890069498658523806e+00
-1.049559428263649608e+01 -1.014809948877814350e+01 -9.829668807970717737e+00 -9.465343675421388880e+00 -8.998668580530782890e+00 -8.282808777214532014e+00 -7.176658823535400522e+00 -5.780902622437010585e+00 -3.282148797311699173e+00 -4.661137018343196381e+00 -1.119920431692321472e+00 9.668828059686378484e-01 9.615028953904747322e-01 2.212421455025759709e+00 5.400436173718249577e+00 5.400436173718249577e+00 5.400436173718249577e+00 5.400436173718249577e+00
-1.051888892613180104e+01 -1.017278349452969799e+01 -9.882312479160514584e+00 -9.520231553381824696e+00 -9.059374881877744201e+00 -8.419265783159023186e+00 -7.345253931044277707e+00 -5.949951462590475693e+00 -3.222383315523190017e+00 -3.149521009625632750e+00 -2.871521860364232293e+00 5.914510754533566228e-01 9.812288576765678672e-01 2.366947032669172390e+00 5.346736590904947128e+00 5.346736590904947128e+00 5.346736590904947128e+00 5.346736590904947128e+00
-1.050580565018000456e+01 -1.021806560779018547e+01 -9.879233585750899493e+00 -9.541980234618575807e+00 -9.132459752519444862e+00 -8.468393529576340839e+00 -7.451008277139534286e+00 -6.080519018704448442e+00 -3.827948482085811399e+00 -3.661892613697104615e+00 -3.225259899369197658e+00 1.598979124152250797e-01 9.958018188587263175e-01 2.327602873852889775e+00 5.255960849385465039e+00 5.255960849385465039e+00 5.255960849385465039e+00 5.255960849385465039e+00
-1.058390165046502318e+01 -1.024572564252527229e+01 -9.946084161133212476e+00 -9.590436026963690352e+00 -9.215525278308383861e+00 -8.514384340384529182e+00 -7.537457309623145640e+00 -6.040613677475201726e+00 -3.981193997914384219e+00 -3.886133324220185870e+00 -3.374211739588904191e+00 -1.891396993705312946e-01 8.161012810254892891e-01 2.423908256369853298e+00 5.202261266572147491e+00 5.202261266572147491e+00 5.202261266572147491e+00 5.202261266572147491e+00
-1.062816200629241692e+01 -1.029537488979017112e+01 -9.967642813757905174e+00 -9.630586421300968425e+00 -9.285495486640904517e+00 -8.697893125734523778e+00 -7.605090683333362911e+00 -6.044490277741161322e+00 -4.745043733236514072e+00 -3.695191307698800109e+00 -3.123864675134341962e+00 -5.396366098945848400e-01 9.197048307870503425e-01 2.552623049673097277e+00 4.761053146063471075e+00 4.761053146063471075e+00 4.761053146063471075e+00 4.761053146063471075e+00
