-1.032811978824930499e+01 -1.026380171895621807e+01 -1.004015866591407402e+01 -9.664146252777175761e+00 -9.378104952672101646e+00 -9.059584243975486118e+00 -8.520730964789297701e+00 -7.478410163655210496e+00 -5.628441739765933427e+00 -4.229699050861504439e+00 -2.908066998023336680e+00 -2.416050585362260694e+00 -2.177347450476878610e-01 2.192520267870204265e+00 5.446758648696992999e+00 5.446758648696992999e+00 5.446758648696992999e+00 5.446758648696992999e+00
-1.032058844516505758e+01 -9.976012014200858147e+00 -1.005400106232170998e+01 -9.853026973052262605e+00 -9.617279630585642280e+00 -9.011170689611356366e+00 -8.387497478091873404e+00 -7.223954169641524814e+00 -5.516544794836907073e+00 -3.856669904590773523e+00 -2.933935007389544936e+00 -2.259870353636864948e+00 -3.302910139947187185e-01 2.397728281099838377e+00 5.243916416596022145e+00 5.243916416596022145e+00 5.243916416596022145e+00 5.243916416596022145e+00
-1.042348126473141434e+01 -1.002796053414053645e+01 -9.775688505738482803e+00 -9.562381590752266902e+00 -9.531817878695894919e+00 -9.225017078620020072e+00 -8.177283073276349512e+00 -7.140023924257738130e+00 -5.310162860262078510e+00 -3.101010184452970719e+00 -3.166426552944870743e+00 -1.890340359433736683e+00 5.051000597982796547e-02 2.416517405419289943e+00 5.262756729764740626e+00 5.262756729764740626e+00 5.262756729764740626e+00 5.262756729764740626e+00
-1.029234995733984093e+01 -1.004577332949239121e+01 -9.994334824343280133e+00 -9.372090274130162157e+00 -9.236457718703844577e+00 -9.146250333057395210e+00 -8.267432766682981438e+00 -6.902445033124762652e+00 -5.228692923229662171e+00 -2.459327224776847842e+00 -2.040686868120991093e+00 -8.114774349155728927e-01 8.864466598042135548e-01 2.324955826621256882e+00 5.722715161597603739e+00 5.722715161597603739e+00 5.722715161597603739e+00 5.722715161597603739e+00
-1.046173820599929982e+01 -1.028252116492160084e+01 -1.006040345022209515e+01 -9.612454911576532979e+00 -9.119830874037290869e+00 -8.755002487942658007e+00 -8.257996228394059557e+00 -6.817355620404441652e+00 -4.994140839935434784e+00 -2.125963084112667101e+00 -2.224353914771231455e+00 3.467146617543421794e-01 1.025016864232072722e+00 2.464439906155261539e+00 5.507783411761334236e+00 5.507783411761334236e+00 5.507783411761334236e+00 5.507783411761334236e+00
-1.052481320799749653e+01 -1.016056441712866487e+01 -1.007628408840960255e+01 -9.982778983511639836e+00 -9.502274467505504418e+00 -8.783459860968680033e+00 -8.000539794653121817e+00 -6.389766100385202208e+00 -3.213673002946145552e+00 -2.399119520463156796e+00 -4.142129421614000884e-01 1.531236163445126031e-01 8.169866391307631925e-01 2.229719834944174028e+00 6.114797594744588061e+00 6.114797594744588061e+00 6.114797594744588061e+00 6.114797594744588061e+00
-1.040415307898096131e+01 -1.027222119572212122e+01 -1.003618016551753911e+01 -9.791199317404942093e+00 -9.494726138603938992e+00 -8.747058390914334680e+00 -7.817001372048149932e+00 -6.038444781616246537e+00 -2.174471503697162245e+00 -1.839552464329418768e+00 5.904696206114796730e-01 1.290996015512259065e+00 1.555657695148855213e+00 3.347428935776591175e+00 5.986582156763006424e+00 5.986582156763006424e+00 5.986582156763006424e+00 5.986582156763006424e+00
-1.039315065834883001e+01 -1.006669976535951605e+01 -9.948635036168539614e+00 -9.906303637196813838e+00 -9.324042717439303019e+00 -8.166466881668336342e+00 -6.568551042404779494e+00 -2.868791762597225237e+00 -2.460890697961546802e+00 8.296115154371733191e-02 1.403762325204623629e+00 2.019713169583942758e+00 1.614114506151993034e+00 4.394220349269323478e+00 6.086104324470081650e+00 6.086104324470081650e+00 6.086104324470081650e+00 6.086104324470081650e+00
-1.036204334022474782e+01 -1.033568746529996574e+01 -9.709134078524527922e+00 -9.241953173661382692e+00 -8.007247065542701492e+00 -7.199277901998199169e+00 -4.028357673475347234e+00 -2.169649318472487654e+00 -5.557625804278449877e-01 1.254622169504085338e+00 2.128149165901196405e+00 2.825799211283709589e+00 3.400797847778122218e+00 4.778926597895087447e+00 6.396427968374267969e+00 6.396427968374267969e+00 6.396427968374267969e+00 6.396427968374267969e+00
-1.016483774052562872e+01 -9.949732744252699490e+00 -9.591530606224310418e+00 -8.502326134830635596e+00 -7.550022974239150031e+00 -4.900946640619147310e+00 -2.094196688118438843e+00 -1.141195920082103799e+00 1.301165070146957481e+00 2.478127826256026012e+00 3.115365872197250141e+00 3.524025906238045902e+00 4.988167733649594204e+00 4.952533984632152553e+00 6.169958014176842198e+00 6.169958014176842198e+00 6.169958014176842198e+00 6.169958014176842198e+00
-1.026552829492229613e+01 -9.418446494677038316e+00 -8.619109336232508412e+00 -8.507482288453129371e+00 -6.858034654257402885e+00 -2.394298651308954806e+00 -9.855483893728553824e-01 5.970418238181787185e-01 2.689391522099155551e+00 3.160719050046323808e+00 3.136184199611147250e+00 4.655774135529902935e+00 2.761870431093750078e+00 2.367916260787517047e+00 6.264354909659194171e+00 6.264354909659194171e+00 6.264354909659194171e+00 6.264354909659194171e+00
-9.526589586330093340e+00 -8.776191547793089853e+00 -8.076911057668212379e+00 -7.570488079280154992e+00 -3.418109636436212906e+00 -2.252268498205161507e+00 -9.645123775613276274e-02 2.106696893784801627e+00 2.972643231430424748e+00 3.277455344109235114e+00 4.615095518306067568e+00 3.520356726520099233e+00 5.438876628759991005e-01 2.507288033620471701e+00 6.577969769780671605e+00 6.577969769780671605e+00 6.577969769780671605e+00 6.577969769780671605e+00
-9.661158303551564686e+00 -8.369767076674296646e+00 -7.253390482275838380e+00 -5.367514101191996900e+00 -2.795037819838450677e+00 -8.306239904881954628e-01 1.505155460216499375e+00 3.224724949092975468e+00 3.358274279296773024e+00 4.191470473511563100e+00 4.771160067195820531e+00 -2.318262659875853504e-01 4.791387844072390600e-01 2.482361970453676570e+00 6.456714421854422348e+00 6.456714421854422348e+00 6.456714421854422348e+00 6.456714421854422348e+00
-9.980734841144258240e+00 -7.767440608579436301e+00 -6.023620312507535601e+00 -3.036707805488485512e+00 -2.077459632372685050e+00 -6.535406504871002498e-02 2.896865396317639618e+00 3.158970274159337510e+00 3.368376514214160622e+00 5.072403558110897492e+00 2.958301596037457237e+00 -1.977003064872015603e+00 3.619998199579342879e-01 2.723183941794395935e+00 6.765797112647705447e+00 6.765797112647705447e+00 6.765797112647705447e+00 6.765797112647705447e+00
-9.317314214420783003e+00 -7.224738761695494560e+00 -4.320568166322100723e+00 -1.761839394940465375e+00 -1.151502534331241723e+00 1.762170390515141571e+00 3.177623339219247445e+00 3.323877438840890264e+00 3.705903784642082144e+00 5.734154596010615279e+00 4.426797958975543068e+00 -9.232620791676353633e-01 4.598109045888847390e-01 2.712352944776674768e+00 6.649962410892838349e+00 6.649962410892838349e+00 6.649962410892838349e+00 6.649962410892838349e+00
-9.115669016748022102e+00 -6.445829437103238746e+00 -3.163914793893983557e+00 -1.746577017928848452e+00 4.176046966723653830e-01 2.963205447424035022e+00 3.132276451920363858e+00 3.211063741518353165e+00 4.305628318275389610e+00 6.328306129295793170e+00 6.115239917952854043e+00 1.426250252295764742e+00 9.923202254320906412e-01 2.819038019066801404e+00 6.455718927709483523e+00 6.455718927709483523e+00 6.455718927709483523e+00 6.455718927709483523e+00
-8.458959122587755175e+00 -5.266000013572939231e+00 -2.680922163017734228e+00 -1.519504889669413439e+00 1.339333527260935019e+00 3.064617675654137230e+00 3.322455862842137009e+00 3.317994522991333461e+00 4.242898578750864402e+00 5.022288113648354368e+00 4.643132590120453429e+00 4.795673947851939900e+00 3.675531574041250416e+00 3.376622478959506957e+00 6.313202220070218473e+00 6.313202220070218473e+00 6.313202220070218473e+00 6.313202220070218473e+00
-7.481762658755203077e+00 -5.080992280296656283e+00 -2.238899493079299585e+00 -1.470969976563143433e+00 1.834343124837328975e+00 2.755282179010474231e+00 3.583727280902393453e+00 3.933970796692221494e+00 4.170370222590190856e+00 3.235962460950872810e+00 3.254216990213437466e+00 3.207035382810910384e+00 4.018047184031908081e+00 5.233851154756494317e+00 6.653684914014688090e+00 6.653684914014688090e+00 6.653684914014688090e+00 6.653684914014688090e+00
-7.363149671936625396e+00 -5.178122663811254078e+00 -1.617213835339082362e+00 -2.936818114009481229e-01 2.506598119258029111e+00 3.197865071285046490e+00 3.276150226100670970e+00 4.060976431783644536e+00 3.863959842974090897e+00 1.694647918192854430e+00 1.234117878749268371e+00 1.449460804221888832e+00 2.781403980946585808e+00 4.411883888498354445e+00 6.519112215598031668e+00 6.519112215598031668e+00 6.519112215598031668e+00 6.519112215598031668e+00
-8.062837265645656615e+00 -5.164152119443659039e+00 -1.519350286265433336e+00 -1.777430220283530149e-01 2.600273192430879732e+00 3.159285374992833351e+00 3.211390940657706139e+00 4.137119088229674446e+00 3.095878147738193586e+00 1.473352703129706232e+00 -1.011495384104559969e+00 9.158199081442928158e-01 1.993192647354644187e+00 3.669898684541738731e+00 6.465886005836933847e+00 6.465886005836933847e+00 6.465886005836933847e+00 6.465886005836933847e+00
-7.989714177983060495e+00 -5.672799410949862065e+00 -2.425402565723941972e+00 -8.392857994277675981e-01 2.513990026584218107e+00 3.148046985575646772e+00 3.251674255065427399e+00 4.133232750604634020e+00 3.051903158185673703e+00 1.353474888686913236e+00 -1.122892997563170514e+00 8.456905833893725577e-03 1.264962972759122728e+00 3.414616994185404319e+00 6.715888698298511095e+00 6.715888698298511095e+00 6.715888698298511095e+00 6.715888698298511095e+00
-7.912075070739183147e+00 -6.343112173260607278e+00 -2.454994009133431909e+00 -7.494543858080067178e-01 1.962103011094739724e+00 3.248926829173141684e+00 3.277908301207706376e+00 4.267861956357189790e+00 2.725972596799506764e+00 8.240783963577429372e-01 -2.772616453743707687e+00 -1.740067534825686657e+00 1.263384268825617607e+00 3.228099716614300618e+00 6.569824297210498543e+00 6.569824297210498543e+00 6.569824297210498543e+00 6.569824297210498543e+00
-7.981060818709880600e+00 -6.449312490373730000e+00 -2.798355846723273643e+00 -1.103343690848259007e+00 1.649768795748224992e+00 3.219105540941019861e+00 3.302632915693142657e+00 4.116190243111208957e+00 2.331523356617690723e+00 -9.865887133688252542e-01 -2.867857885117100825e+00 -1.757076692818915653e+00 1.308683468273415196e+00 3.542255026260922257e+00 6.544200315545732671e+00 6.544200315545732671e+00 6.544200315545732671e+00 6.544200315545732671e+00
-7.940329795977223881e+00 -6.728556225752601705e+00 -2.817899281967283898e+00 -1.508222280552444561e+00 9.337351463645284788e-01 3.167815944542279105e+00 3.256470338153075517e+00 3.855905964736480840e+00 2.104759489986366638e+00 -4.074091647008978079e+00 -3.117408213161450004e+00 -1.270014319406935321e+00 1.351029958681059018e+00 3.729013039033751031e+00 6.486047214326227106e+00 6.486047214326227106e+00 6.486047214326227106e+00 6.486047214326227106e+00
-7.987976258156530562e+00 -7.351443021746868922e+00 -3.391936535347319204e+00 -2.678696286743257104e+00 1.425090769172979166e-01 2.941821907896828403e+00 3.241136447338312188e+00 3.162172385857741741e+00 1.662026104884159583e+00 -4.341439768681185640e+00 -2.751067235060821403e+00 -7.254727485545819921e-01 1.538521598047233763e+00 3.805167673414120877e+00 6.611655273512033304e+00 6.611655273512033304e+00 6.611655273512033304e+00 6.611655273512033304e+00
-8.293465908996203950e+00 -7.767792422347067571e+00 -5.687510893266360057e+00 -1.888829896208859438e+00 -1.477718428307201792e+00 1.525472975863170211e+00 3.058646600154537154e+00 2.838035119526479910e+00 1.216805536515320529e+00 -4.228781205533763909e+00 -2.261499957652841175e+00 1.215999355548835537e+00 1.964663964654773221e+00 4.089798577637915322e+00 6.587335790348774367e+00 6.587335790348774367e+00 6.587335790348774367e+00 6.587335790348774367e+00
-8.818038070834123943e+00 -7.708100370565595938e+00 -6.657146825832207071e+00 -3.639224854661394559e+00 -2.014725761208790988e+00 -1.570068754167183167e-01 1.294966853986740496e+00 1.857781248993814804e+00 1.228646184291070309e+00 -1.992221303733231252e+00 -1.743230231855624535e+00 4.849885582126328698e-01 2.248512916497994674e+00 4.369482077695025168e+00 6.662739633653904647e+00 6.662739633653904647e+00 6.662739633653904647e+00 6.662739633653904647e+00
-8.997478574562716602e+00 -8.446043869439936458e+00 -7.369191612206349440e+00 -5.400814218960972468e+00 -2.573470306970203847e+00 -1.606848952744412973e+00 -5.296572634518893485e-01 7.621574105659110199e-01 1.003601120966437943e+00 7.147487496759465930e-01 -2.179988215221126069e+00 -3.161380412415033536e-01 1.897741151639887658e+00 4.435690132801142660e+00 6.894476271048722182e+00 6.894476271048722182e+00 6.894476271048722182e+00 6.894476271048722182e+00
-9.278865480923926157e+00 -8.507534396385951325e+00 -8.099058973354777535e+00 -7.441529558490197260e+00 -5.773261356613192952e+00 -3.180301575465076525e+00 -1.976791609906296099e+00 -2.428796964159138483e+00 1.209447587730504425e-01 7.338410926344225427e-01 -2.757716876019751684e+00 -5.173223068707337724e-01 1.353788834450817102e+00 4.128357215706238037e+00 6.776778738233272925e+00 6.776778738233272925e+00 6.776778738233272925e+00 6.776778738233272925e+00
-1.030371152694557146e+01 -8.930193667330414087e+00 -8.651946032590863922e+00 -8.336368167511684746e+00 -7.529652109554247907e+00 -6.704512889707398671e+00 -4.603537517022350478e+00 -2.426139819739608683e+00 -2.482760566420580517e+00 -1.480140613225121804e+00 -7.110228976773932397e-01 -6.931059949887019567e-01 8.144320468675237956e-01 4.071977697233707616e+00 6.678805235630175474e+00 6.678805235630175474e+00 6.678805235630175474e+00 6.678805235630175474e+00
-1.037157590476106073e+01 -1.007381990778780789e+01 -9.593838182592538288e+00 -9.180793615885242787e+00 -8.850694753480627952e+00 -7.302865235043676684e+00 -5.687061796941545566e+00 -5.309234984537949842e+00 -3.786315588085776618e+00 -3.092769050473711090e+00 -1.707616460498065480e+00 -1.458496555606799472e+00 3.189403874633575664e-01 4.369513960301545374e+00 6.665888463887114312e+00 6.665888463887114312e+00 6.665888463887114312e+00 6.665888463887114312e+00
-1.054597513475602533e+01 -1.012870586855346389e+01 -9.780297974676173567e+00 -9.493846395372035118e+00 -9.141420055549739132e+00 -7.881389147970748965e+00 -6.148688838483288954e+00 -5.782638678819779443e+00 -4.725278186813652859e+00 -3.690900203694027049e+00 -2.839092833363697999e+00 -1.340965044110459470e+00 -5.857644919823012941e-02 4.272021354463895193e+00 6.766820159355040332e+00 6.766820159355040332e+00 6.766820159355040332e+00 6.766820159355040332e+00
-1.049454287075360881e+01 -1.032647041000070232e+01 -9.964668321465900647e+00 -9.524346482533941227e+00 -9.255795581772556346e+00 -8.284910764453780274e+00 -6.255672637069100261e+00 -5.786498905706798368e+00 -5.096140957324591270e+00 -3.314354885446805454e+00 -2.698392658673069100e+00 -2.263193074033585717e+00 -3.112856439492926730e-02 3.487072991380367526e+00 6.641022718917478862e+00 6.641022718917478862e+00 6.641022718917478862e+00 6.641022718917478862e+00
-1.049451156362772153e+01 -1.036195689787387053e+01 -1.001141761521487084e+01 -9.569827718413932871e+00 -9.267149088060062212e+00 -8.435428779894937890e+00 -6.393795994069185085e+00 -6.056018443647031013e+00 -5.215518398566379332e+00 -3.432632654813942086e+00 -3.382068527352976250e+00 -2.190732343527177051e+00 -4.129543670926111854e-01 3.244012565236861878e+00 6.668436007866032078e+00 6.668436007866032078e+00 6.668436007866032078e+00 6.668436007866032078e+00
-1.054469367079751230e+01 -1.033888187678539339e+01 -1.003239206292636965e+01 -9.695530965695512648e+00 -9.349724411558170800e+00 -8.730358118727632899e+00 -6.893729895920630568e+00 -5.977487344180083539e+00 -5.560368494340231393e+00 -3.731490463888353482e+00 -3.230049486808018067e+00 -2.683277229277542197e+00 -1.452827573898052560e-01 3.229418105700633035e+00 7.048263475870236050e+00 7.048263475870236050e+00 7.048263475870236050e+00 7.048263475870236050e+00
-1.062162947992580797e+01 -1.033585459385012228e+01 -1.003188209837154510e+01 -9.735585733761016769e+00 -9.454037133561326911e+00 -8.917990486944772144e+00 -7.209429531954744341e+00 -5.869164741096021487e+00 -5.765454360960520219e+00 -4.364333933613862015e+00 -3.742894572586940694e+00 -2.767580509068045203e+00 -1.101196961723978351e-01 2.950969329596794921e+00 6.774005888928238406e+00 6.774005888928238406e+00 6.774005888928238406e+00 6.774005888928238406e+00
-1.065675054684526835e+01 -1.035255907062443725e+01 -1.007049033153542084e+01 -9.778627693466834359e+00 -9.454028465523402147e+00 -9.023502669294099832e+00 -7.618096612393978617e+00 -5.747618020024549246e+00 -5.575884669998862009e+00 -4.640923869526835333e+00 -3.331919268071474427e+00 -2.749719512267158272e+00 -4.116288948380694146e-01 2.984856991203119314e+00 6.979675168718241451e+00 6.979675168718241451e+00 6.979675168718241451e+00 6.979675168718241451e+00
-1.066826831606692139e+01 -1.041280245161352980e+01 -1.002763459370993004e+01 -9.721714096612675604e+00 -9.370620466102149493e+00 -8.957400120244649599e+00 -7.692266788091597363e+00 -6.028876062792610568e+00 -5.685432901476598744e+00 -4.639246072460655235e+00 -3.739561385880173283e+00 -2.144721335551188268e+00 7.456182999604987760e-02 2.761300449263887735e+00 6.830990881742543763e+00 6.830990881742543763e+00 6.830990881742543763e+00 6.830990881742543763e+00
-1.076054476141957394e+01 -1.041250074147790272e+01 -1.008195712051691650e+01 -9.793454141146245462e+00 -9.405513829135264459e+00 -8.971719975947337389e+00 -7.948472734029594200e+00 -6.060676759870250230e+00 -5.713579425343620066e+00 -4.905081936337841952e+00 -3.908137745831052889e+00 -2.262086097081673852e+00 -1.218082500099959553e-02 3.013112753527559029e+00 7.008485905888325540e+00 7.008485905888325540e+00 7.008485905888325540e+00 7.008485905888325540e+00
-1.072093916868851515e+01 -1.041485455291786977e+01 -1.013608432770200807e+01 -9.878271698916149646e+00 -9.477056249656817144e+00 -9.105908511943145101e+00 -8.046660071712823381e+00 -5.855420769589162688e+00 -5.902460330294561075e+00 -4.812369912502662217e+00 -3.972618329443423413e+00 -1.555107915612813585e+00 -2.166096945353934711e-02 2.916466206727289290e+00 6.468494621031846137e+00 6.468494621031846137e+00 6.468494621031846137e+00 6.468494621031846137e+00
