-1.049009825383624950e+01 -1.030445750390719617e+01 -9.942013551086017031e+00 -9.615776258840202928e+00 -9.328077974668515182e+00 -8.962894132352330345e+00 -8.382062744780679253e+00 -7.084093155066217840e+00 -3.629513531250289748e+00 -3.699645489399685516e+00 -1.843935538945222552e+00 -4.150515045196380703e-01 1.432145518204588130e+00 2.040190229134760003e+00 5.356492213627776167e+00 5.356492213627776167e+00 5.356492213627776167e+00 5.356492213627776167e+00
-1.044215642910944020e+01 -1.024779895319779044e+01 -1.000318895912577588e+01 -9.753823331543973296e+00 -9.398071252264475817e+00 -8.885366634728924851e+00 -8.092460411921223340e+00 -6.636593420808129196e+00 -3.397247423947686862e+00 -4.284083113884892491e+00 -1.640150953476825491e+00 -7.134206768283556377e-01 1.164922395666349697e+00 1.909444802340639846e+00 5.234296011226626355e+00 5.234296011226626355e+00 5.234296011226626355e+00 5.234296011226626355e+00
-1.014023516603482378e+01 -9.908025040817353357e+00 -9.894216985796287389e+00 -9.811296385185062974e+00 -9.567175507873923124e+00 -9.027895131500878634e+00 -8.093483730991291480e+00 -6.368434613638155994e+00 -3.044281453193076192e+00 -4.424775261841714880e+00 -7.258682777463825175e-01 -6.409983680697753927e-01 1.635798384328777999e+00 2.005345610543644685e+00 4.818749277718357149e+00 4.818749277718357149e+00 4.818749277718357149e+00 4.818749277718357149e+00
-1.044077841839303922e+01 -1.022092296155495461e+01 -9.701200483182393697e+00 -9.349431118500140414e+00 -9.314344474237708837e+00 -9.094216632721234816e+00 -8.087520736627391571e+00 -5.823593830400277227e+00 -2.321266626441377490e+00 -3.885681250108712792e+00 -1.993458627696707841e-01 -1.615293955692673755e-01 1.515401491587984983e+00 2.135316870644757614e+00 4.967644481384727584e+00 4.967644481384727584e+00 4.967644481384727584e+00 4.967644481384727584e+00
-1.050556402974627623e+01 -1.022741288374773738e+01 -9.940056925162350510e+00 -9.535203137771565807e+00 -8.955622485746632222e+00 -8.599624968743350806e+00 -7.913158060756808609e+00 -4.805415062004823490e+00 -2.628259588879699571e+00 -3.070543217904046163e+00 2.961723622524162214e-02 1.491471780748884868e+00 1.474248885988753699e+00 2.337385703816827753e+00 4.797742913208739246e+00 4.797742913208739246e+00 4.797742913208739246e+00 4.797742913208739246e+00
-1.030076858631534442e+01 -1.020443759779895743e+01 -1.016082467701117231e+01 -9.835198634971732190e+00 -9.288768489764640535e+00 -8.448032609078383715e+00 -7.746787267792601739e+00 -3.395867466746624874e+00 -3.988030578157354622e+00 -1.505503081265171517e+00 1.761327645841389289e-01 1.499998859975533394e+00 1.608002349092473304e+00 2.095546679923086852e+00 4.496068490187282940e+00 4.496068490187282940e+00 4.496068490187282940e+00 4.496068490187282940e+00
-1.051106882205131221e+01 -1.022685181075411087e+01 -1.008179028918531728e+01 -9.765586491629711929e+00 -9.260563186600132113e+00 -8.435208185386684931e+00 -6.692227610963931816e+00 -2.831839333261575220e+00 -4.141592648259195819e+00 -6.456105321536567132e-01 8.371356046003793905e-01 1.859983114575629148e+00 1.671446943380213934e+00 3.110962517899151791e+00 4.369672349742829809e+00 4.369672349742829809e+00 4.369672349742829809e+00 4.369672349742829809e+00
-1.033673679992968353e+01 -1.013606030607491881e+01 -1.007771037185837670e+01 -9.680376184492443414e+00 -9.159265252184374262e+00 -8.218949108662284786e+00 -4.973853145752642035e+00 -3.485898517650676709e+00 -3.291936814235467246e+00 -2.199815458752877040e-01 1.891645285386192477e+00 1.973256784057150437e+00 1.857171126779673109e+00 4.263541155777379466e+00 5.088025930987901901e+00 5.088025930987901901e+00 5.088025930987901901e+00 5.088025930987901901e+00
-1.034575075297209956e+01 -9.984852685800463590e+00 -9.544480310691874081e+00 -9.291208709577023939e+00 -8.401810130047692837e+00 -7.041749245460589890e+00 -3.630823763458304043e+00 -4.355042539350799657e+00 -2.294944232792146988e+00 2.575391911944224788e-01 2.030221366162638041e+00 2.689310136403680218e+00 3.256519900131666034e+00 4.694318911797070726e+00 4.766712733732351381e+00 4.766712733732351381e+00 4.766712733732351381e+00 4.766712733732351381e+00
-1.056106026702627254e+01 -1.010757094521530597e+01 -9.322503504017900511e+00 -8.424462996908246737e+00 -7.414757895417410261e+00 -5.720394827350839151e+00 -2.403036164029984878e+00 -4.140402893401223139e+00 -5.530374197187957197e-01 1.820038575930690739e+00 2.733913076654248542e+00 3.372807542929777025e+00 4.853963079429350458e+00 4.959664162648633301e+00 5.212951020869573071e+00 5.212951020869573071e+00 5.212951020869573071e+00 5.212951020869573071e+00
-1.022023547186283210e+01 -9.608648296966849855e+00 -9.014223570705837574e+00 -8.371205412423373460e+00 -6.786542213869556583e+00 -4.192518609511147076e+00 -3.566033747525576558e+00 -2.725293704427021790e+00 2.463482464583453824e-01 2.720638724348878323e+00 2.963685088904221665e+00 4.537147905994714847e+00 3.061794175714863897e+00 2.292045495940488564e+00 5.200586129837853733e+00 5.200586129837853733e+00 5.200586129837853733e+00 5.200586129837853733e+00
-9.897514679182876307e+00 -9.105182740425162180e+00 -8.353586893816155268e+00 -8.033288076095676189e+00 -5.531593611840998292e+00 -2.706954143643151678e+00 -3.354762375713613132e+00 -1.347282015371387143e+00 1.333053932230598093e+00 3.170997815001363129e+00 4.329193844401491909e+00 3.727129837404591584e+00 2.064978049563620743e+00 2.480003912539838318e+00 5.211720933113320520e+00 5.211720933113320520e+00 5.211720933113320520e+00 5.211720933113320520e+00
-9.519383689806481641e+00 -8.692836996737836941e+00 -7.879827289247048228e+00 -6.551730806564171949e+00 -4.639160514691493375e+00 -3.160042747277292730e+00 -3.379451184097307159e+00 -1.136215667065642171e-01 3.240784098620213438e+00 3.978068425405325570e+00 4.622806278718710971e+00 2.120447596125964118e+00 4.850024242458099155e-01 2.394340850202414828e+00 5.200675479338798368e+00 5.200675479338798368e+00 5.200675479338798368e+00 5.200675479338798368e+00
-1.000139498951977934e+01 -8.073171386060273846e+00 -6.939258121800818913e+00 -5.337204819714774118e+00 -3.227558610492489155e+00 -2.303549470313579040e+00 -2.830729451645194406e+00 2.400722520368850921e-01 3.231774813709180627e+00 4.910565755573861324e+00 3.324687074933129427e+00 -1.975259441738721033e+00 3.730915458016128006e-01 2.506918599240570256e+00 4.761797750619773062e+00 4.761797750619773062e+00 4.761797750619773062e+00 4.761797750619773062e+00
-9.563113040304891399e+00 -7.618449584290946319e+00 -6.058891417387186173e+00 -4.839167706599345919e+00 -2.345751669136858286e+00 -3.171634599140274791e+00 -7.911376851028811830e-01 2.534577041452036550e+00 3.432585453062118930e+00 5.410599910386906686e+00 4.366889420728973015e+00 -9.365302660554342129e-01 9.953112477146069947e-01 2.473887047853679189e+00 5.371450756148549388e+00 5.371450756148549388e+00 5.371450756148549388e+00 5.371450756148549388e+00
-9.044188679084685489e+00 -7.066446791541995509e+00 -5.390372448408695227e+00 -4.046035781382018470e+00 -1.806127519992765773e+00 -2.533187250826439474e+00 4.843520894379387265e-01 2.933397484542286104e+00 4.001531473636094738e+00 6.101424501832088509e+00 5.887184798339565539e+00 1.898488356510700914e+00 6.792363872130652291e-01 2.662469360034882104e+00 5.230906732978687579e+00 5.230906732978687579e+00 5.230906732978687579e+00 5.230906732978687579e+00
-8.783835085077452476e+00 -6.551479422713629042e+00 -4.775858773838887572e+00 -3.297502716978769843e+00 -2.340902039109372446e+00 -2.200587485181527470e+00 1.950641291350595274e+00 3.323271327414366372e+00 4.180128542875537256e+00 5.122462964307437083e+00 4.555603281432745177e+00 4.604440880813521098e+00 3.432433867244747638e+00 3.160509430641683437e+00 5.069768565580410780e+00 5.069768565580410780e+00 5.069768565580410780e+00 5.069768565580410780e+00
-8.090748789846218259e+00 -6.379597321532030740e+00 -4.527303367519212252e+00 -2.485536144978155892e+00 -2.473178313969655928e+00 -1.660602210846661375e+00 3.379938565337578638e+00 3.858799052469591651e+00 3.982907438466434691e+00 3.219966453867402212e+00 3.191601460249057443e+00 3.145005341952341382e+00 3.871567595432286790e+00 5.070842776188636769e+00 5.049039114241481663e+00 5.049039114241481663e+00 5.049039114241481663e+00 5.049039114241481663e+00
-7.597258894048209754e+00 -6.251488787272571734e+00 -4.236901029838509913e+00 -2.208180082487955165e+00 -2.552970315350878039e+00 -6.439657303177331871e-01 2.789086825307615314e+00 3.779077163747634138e+00 3.717454866517651446e+00 1.760254263570304900e+00 1.544767316221949072e+00 1.585763516288600350e+00 2.720601296064689478e+00 4.272974810429161607e+00 4.756882767507168985e+00 4.756882767507168985e+00 4.756882767507168985e+00 4.756882767507168985e+00
-7.794651070555568495e+00 -6.076712368087238580e+00 -4.083428634926253409e+00 -1.697909754294613105e+00 -2.549585046950403555e+00 1.178410395596130554e-02 3.085983762188848178e+00 3.995506672131814430e+00 3.074918514961496374e+00 1.588907941234497967e+00 1.033011831194411645e+00 1.099353225589183358e+00 1.989465291885052389e+00 3.597276834216243557e+00 4.825856693110674556e+00 4.825856693110674556e+00 4.825856693110674556e+00 4.825856693110674556e+00
-8.249259302257598847e+00 -6.424047682894121536e+00 -4.223015373411117324e+00 -2.586683628874681951e+00 -1.678549598475554960e+00 -1.008367623704655935e+00 3.098449954695196684e+00 4.041051480498991211e+00 2.990437875092335496e+00 1.466009912786841562e+00 8.088863398885355327e-01 5.067522316784230929e-01 1.265867520349069242e+00 3.276862467421409075e+00 5.415470998214152232e+00 5.415470998214152232e+00 5.415470998214152232e+00 5.415470998214152232e+00
-8.118604842730038129e+00 -6.749939585834952460e+00 -4.226144058886198707e+00 -2.170623598118829989e+00 -2.122658801599601297e+00 -1.277621403479013429e+00 3.188709075529227555e+00 4.063345877250101879e+00 2.729379648406935477e+00 1.216227871235651348e+00 -1.599253712599003396e+00 -1.579999277603598262e+00 1.169588064814873540e+00 3.105223224231474344e+00 5.249221118393966101e+00 5.249221118393966101e+00 5.249221118393966101e+00 5.249221118393966101e+00
-8.188057575468006277e+00 -6.930411660188264378e+00 -4.754079947745701418e+00 -2.419889816287886575e+00 -1.686522807287560877e+00 -1.765249741046796883e+00 3.309187465611922452e+00 3.846123514372591146e+00 2.326193296516268827e+00 9.309870519682654777e-01 -2.408153739817386008e+00 -1.590054480288000782e+00 1.164603609796108108e+00 3.431636643717732138e+00 4.917139541895180876e+00 4.917139541895180876e+00 4.917139541895180876e+00 4.917139541895180876e+00
-8.152525686529584092e+00 -7.251557432712717244e+00 -5.307312756105714513e+00 -3.436501790511908627e+00 -1.741377172434284581e+00 -1.818157760595094263e+00 1.172533163888753505e+00 3.624595588592323114e+00 2.156159715106007013e+00 4.852844012100750865e-02 -2.555413111905471268e+00 -1.172271376243352314e+00 1.210587795446498527e+00 3.713055594570409568e+00 4.882288102561136434e+00 4.882288102561136434e+00 4.882288102561136434e+00 4.882288102561136434e+00
-8.060934146168126091e+00 -7.159616582778390637e+00 -5.782370416969052407e+00 -4.143671079317194028e+00 -2.170867111157038565e+00 -1.667416119872732860e+00 -1.141374012609215560e+00 2.690023025353233344e+00 2.315039917534374769e+00 -3.657563709033881505e+00 -2.277575040562266562e+00 -4.759989587415017209e-01 1.468014533862448179e+00 3.732978875111604644e+00 4.766476396077641731e+00 4.766476396077641731e+00 4.766476396077641731e+00 4.766476396077641731e+00
-8.277355267727848798e+00 -7.804963074960964420e+00 -6.415408181318706937e+00 -4.907602098663671697e+00 -3.618390313189086882e+00 -1.738872739773823284e+00 -1.991763370486109075e+00 1.711715753528832318e+00 2.131189875906490450e+00 -2.999254373546101249e+00 1.282246357293902461e-01 1.035452908555855922e+00 1.856271874607538175e+00 4.183044440963247901e+00 5.495719859512776750e+00 5.495719859512776750e+00 5.495719859512776750e+00 5.495719859512776750e+00
-8.752593603940999500e+00 -7.811854256693891330e+00 -6.920108681442940224e+00 -5.687753098159944010e+00 -4.339041694025052465e+00 -2.449958462152997729e+00 -2.057287668727946439e+00 -6.052399050349296372e-01 1.586561855324484460e+00 -1.181204689909987060e-02 1.559075582260421311e-01 7.822101591453687330e-01 2.166180707068049660e+00 4.761621812008959509e+00 5.435965504092809653e+00 5.435965504092809653e+00 5.435965504092809653e+00 5.435965504092809653e+00
-9.090102907240263264e+00 -8.178025188363722719e+00 -7.434087889379667580e+00 -6.304963583724264353e+00 -5.297598217280770960e+00 -3.973552680006826598e+00 -1.783628754027016594e+00 -2.347504003653081206e+00 1.024148861529474930e+00 1.225332219643253895e+00 7.521839431843044821e-01 -3.894252968585628083e-01 1.688969326485479039e+00 4.878391123763219817e+00 5.269715624272601318e+00 5.269715624272601318e+00 5.269715624272601318e+00 5.269715624272601318e+00
-9.368000294058759891e+00 -8.489315057510411933e+00 -7.926731052067464312e+00 -7.173587804903284848e+00 -6.294924689922442695e+00 -5.048864228055061965e+00 -2.789051070842774038e+00 -2.520524313771101976e+00 5.441754393415149799e-02 1.501965190075266410e+00 9.587471564668766932e-01 7.189877998830546124e-01 9.251492958602461902e-01 4.078249907741785307e+00 4.935581515603844061e+00 4.935581515603844061e+00 4.935581515603844061e+00 4.935581515603844061e+00
-9.838896677013229564e+00 -8.975199356394227834e+00 -8.477425490730418289e+00 -7.959695681434538983e+00 -7.300075424874133745e+00 -6.345846281330419281e+00 -4.049023566909538907e+00 -1.897443110180342396e+00 -2.205475379087763699e+00 9.362192297552723863e-01 1.017528330846357187e+00 9.369984023166250120e-01 5.163438324949797265e-01 3.895579728561779032e+00 4.706292956806695571e+00 4.706292956806695571e+00 4.706292956806695571e+00 4.706292956806695571e+00
-1.018439737478468921e+01 -9.743533481341330571e+00 -9.279078128377211243e+00 -8.723666450797139760e+00 -8.187228996185496044e+00 -7.141438609705646812e+00 -4.942999156149354256e+00 -3.423678526594943872e+00 -2.622089333836763458e+00 2.988362918586274786e-01 1.162526472171027780e+00 9.689801743355250796e-01 1.885470036565409513e-01 4.427121740624778923e+00 5.464556417606260652e+00 5.464556417606260652e+00 5.464556417606260652e+00 5.464556417606260652e+00
-1.035580331689594935e+01 -1.001435577439657187e+01 -9.516669792582902687e+00 -9.098201354698652210e+00 -8.501892686584367809e+00 -7.538423963332411049e+00 -6.240786077844419744e+00 -2.966054484739114372e+00 -2.713703896404606297e+00 -1.418639953696336997e+00 9.555123608914170008e-01 9.217473526337064405e-01 8.282186216467706252e-01 3.209866615420276847e+00 5.622709889791662974e+00 5.622709889791662974e+00 5.622709889791662974e+00 5.622709889791662974e+00
-1.047044980498810496e+01 -1.010677167648153585e+01 -9.721724533892615483e+00 -9.257083377228473964e+00 -8.726407511964218600e+00 -7.832467937093179344e+00 -6.642428424122956976e+00 -4.907498439026277026e+00 -2.516278855390500446e+00 -2.456011300606316006e+00 7.945989798996723197e-01 9.024407599226451637e-01 7.246296029459378119e-01 2.759251588962961410e+00 5.456460009971456415e+00 5.456460009971456415e+00 5.456460009971456415e+00 5.456460009971456415e+00
-1.043176475595998731e+01 -1.015229666389284091e+01 -9.752585520177381895e+00 -9.378912907644947339e+00 -8.823131185930819242e+00 -8.002329679008832741e+00 -6.854931658679882744e+00 -5.503662623835871237e+00 -3.246509343427351535e+00 -2.680428207642072458e+00 1.983787659442885765e-01 1.094056795527623249e+00 7.352401762789543271e-01 2.592095910343183540e+00 5.290210130151266732e+00 5.290210130151266732e+00 5.290210130151266732e+00 5.290210130151266732e+00
-1.044795342719043241e+01 -1.013229892783957631e+01 -9.847908815780387570e+00 -9.448536069036581608e+00 -8.954382255063757512e+00 -8.224258215697519248e+00 -7.053721992091445792e+00 -5.635044915694695788e+00 -3.970715399569864079e+00 -1.958651724632243019e+00 -1.232854661365241133e+00 7.263226892572408611e-01 3.059432922513226627e-01 2.807944796087822770e+00 4.641462491857548223e+00 4.641462491857548223e+00 4.641462491857548223e+00 4.641462491857548223e+00
-1.053861296764900857e+01 -1.017643821967542905e+01 -9.845308822282172301e+00 -9.476190076150997399e+00 -9.054833416655998946e+00 -8.308265925949202213e+00 -7.230468994528394866e+00 -5.845429174990826482e+00 -4.144710426352353316e+00 -3.191310054322788137e+00 -2.712566567488587044e+00 2.654701209635649262e-01 6.492432657477077429e-01 2.296901335329482929e+00 5.433392975699709027e+00 5.433392975699709027e+00 5.433392975699709027e+00 5.433392975699709027e+00
-1.049809069850182119e+01 -1.018634856003059497e+01 -9.923112458609164577e+00 -9.560933167145368117e+00 -9.096009114677460872e+00 -8.509611105832128430e+00 -7.343293475663683623e+00 -5.852126910466874499e+00 -4.639518834828410654e+00 -3.604187983543652773e+00 -2.671553035209628835e+00 3.240432904225614696e-01 1.597005503184501796e-01 2.495693843850503857e+00 5.977007688418263243e+00 5.977007688418263243e+00 5.977007688418263243e+00 5.977007688418263243e+00
-1.050355093147167018e+01 -1.022070320629658902e+01 -9.904168424906986345e+00 -9.572654185285603745e+00 -9.181538606385771573e+00 -8.508479066570018290e+00 -7.397604115091268362e+00 -5.918016628916420885e+00 -5.099619645113953048e+00 -2.664657885229887224e+00 -3.033495947653130909e+00 -3.852167646285087899e-01 1.013375481698369329e+00 2.477896500604359620e+00 5.643204395670331941e+00 5.643204395670331941e+00 5.643204395670331941e+00 5.643204395670331941e+00
-1.057742348622218387e+01 -1.027592623278972361e+01 -9.949700517123201138e+00 -9.576960915018069898e+00 -9.246760421771645255e+00 -8.594896978955492983e+00 -7.494305834787216014e+00 -5.880413198945474207e+00 -5.221889263899003097e+00 -3.354534951576781943e+00 -2.730602448486702638e+00 -4.741543640401188475e-01 6.611279242201331119e-01 2.415068372300639865e+00 5.476954515850121830e+00 5.476954515850121830e+00 5.476954515850121830e+00 5.476954515850121830e+00
-1.063297360868181585e+01 -1.031823180105526383e+01 -9.985368274767564500e+00 -9.616879318455421100e+00 -9.333182867192030940e+00 -8.777484541181463484e+00 -7.478954463341952241e+00 -5.806454545230003816e+00 -5.385307238977204314e+00 -3.968595473118369910e+00 -1.816169329379639041e+00 -6.773384747166034670e-01 1.234051104402717619e-01 2.319111046313115043e+00 4.596362464807891790e+00 4.596362464807891790e+00 4.596362464807891790e+00 4.596362464807891790e+00
