-1.050619550972400695e+01 -1.028941353496185940e+01 -9.981188493270057194e+00 -9.620890026112258298e+00 -9.337973475277394186e+00 -9.023521655533119912e+00 -8.357682477347974981e+00 -7.032988596464269548e+00 -3.463526003599612046e+00 -3.937142475423099697e+00 -2.331968067688988455e+00 -7.094322688487438855e-01 1.704471973159683795e+00 2.071363464987875602e+00 5.442308790024447340e+00 5.442308790024447340e+00 5.442308790024447340e+00 5.442308790024447340e+00
-1.044032516753101092e+01 -1.019843519884680738e+01 -1.001244584529898951e+01 -9.781730490823559165e+00 -9.410969421384768552e+00 -8.897110037773275693e+00 -8.122528527483854788e+00 -6.573316722423152569e+00 -3.208674136262340326e+00 -4.545220430557149527e+00 -2.016847524623153642e+00 -7.569685658500333592e-01 1.424182601263692005e+00 1.919469983547443137e+00 5.741375176949503611e+00 5.741375176949503611e+00 5.741375176949503611e+00 5.741375176949503611e+00
-1.021450054138994012e+01 -9.967556504999844691e+00 -9.854848080363327156e+00 -9.843282586919690047e+00 -9.554220001871051693e+00 -9.003520075245512899e+00 -8.100370614594140761e+00 -6.330528008305128296e+00 -2.571226816168723950e+00 -4.489905510348742190e+00 -6.140583517012210280e-01 -4.381178906344165291e-01 1.889781749526967092e+00 2.026208136477956501e+00 5.534581491591652025e+00 5.534581491591652025e+00 5.534581491591652025e+00 5.534581491591652025e+00
-1.042675987182484043e+01 -1.023109773905296294e+01 -9.724184949652432408e+00 -9.367382483201639687e+00 -9.307696846659814227e+00 -9.114687633747298179e+00 -8.114909889411533683e+00 -5.779864018254926350e+00 -2.694808240293146806e+00 -4.142676104203026455e+00 -5.873084146026118224e-02 -2.196785030660320936e-01 1.520572758163776683e+00 2.152540356823330558e+00 5.090261981081377840e+00 5.090261981081377840e+00 5.090261981081377840e+00 5.090261981081377840e+00
-1.051922948582567940e+01 -1.021232925023635651e+01 -9.927675947735240314e+00 -9.553602680797439461e+00 -8.975734830661632913e+00 -8.672215767196465919e+00 -7.917165607718665399e+00 -4.327805513193260012e+00 -3.209759141215201339e+00 -3.172440005834261445e+00 -1.057381931076710885e-01 1.428757892530421403e+00 1.484274609720613425e+00 2.329107335808815016e+00 4.900339846444152769e+00 4.900339846444152769e+00 4.900339846444152769e+00 4.900339846444152769e+00
-1.031899917687137247e+01 -1.018567811673158729e+01 -1.014262932050988297e+01 -9.847476095028666165e+00 -9.276999209928936452e+00 -8.464426402990923748e+00 -7.627615342701096424e+00 -3.128668131821751519e+00 -4.209037778263517104e+00 -1.547660100249314663e+00 -2.958162669365008851e-02 1.470747128531372683e+00 1.617118859196172265e+00 2.124039129636178469e+00 4.552464103488892633e+00 4.552464103488892633e+00 4.552464103488892633e+00 4.552464103488892633e+00
-1.054456641152220087e+01 -1.023344145074218581e+01 -1.005555498118544477e+01 -9.741307946918157157e+00 -9.258505451007106757e+00 -8.451215428385310702e+00 -6.605222866767451073e+00 -2.949254734339934458e+00 -4.228860160921845690e+00 -6.833498092075270813e-01 6.159286318606244093e-01 1.845788633473094853e+00 1.658468958987799891e+00 3.016268510207485321e+00 4.400039913725008134e+00 4.400039913725008134e+00 4.400039913725008134e+00 4.400039913725008134e+00
-1.041555289172348431e+01 -1.015166257085102686e+01 -1.009028808790731446e+01 -9.669806646330975752e+00 -9.204454777630264317e+00 -8.208271239720568602e+00 -4.809821566207549637e+00 -3.665941290200728453e+00 -3.446274538980651947e+00 -8.673525125447367756e-02 1.521275255674472415e+00 1.972910890868881939e+00 1.883113755592053851e+00 4.286976802297884248e+00 5.598392122863902642e+00 5.598392122863902642e+00 5.598392122863902642e+00 5.598392122863902642e+00
-1.042567190286369438e+01 -9.992710386984969162e+00 -9.546534459889977953e+00 -9.261986762073098234e+00 -8.463179311144930494e+00 -7.056108152571974657e+00 -3.652330656427697608e+00 -4.656012124554587572e+00 -2.511063286694834140e+00 2.128721943576977194e-01 2.159150452560617328e+00 2.680001089603313513e+00 3.243279392598110267e+00 4.743240805960238227e+00 5.464154282957990105e+00 5.464154282957990105e+00 5.464154282957990105e+00 5.464154282957990105e+00
-1.055420686495045501e+01 -1.013071588568901049e+01 -9.314775877656568781e+00 -8.449092938250892360e+00 -7.456860260292978992e+00 -5.750811112732963082e+00 -2.374047262558626858e+00 -4.414755653761347709e+00 -4.602345571132829827e-01 1.309082890731837256e+00 2.785152644281017942e+00 3.389387581903899882e+00 4.901754643620624741e+00 4.952507776224425839e+00 5.764310257132101434e+00 5.764310257132101434e+00 5.764310257132101434e+00 5.764310257132101434e+00
-1.016380528546148021e+01 -9.666751798251661754e+00 -9.066990125905086018e+00 -8.382286027742344103e+00 -6.875692290269830309e+00 -4.070192845228556955e+00 -3.416263433402935590e+00 -2.568048613838522787e+00 3.021646500377890288e-01 2.624345974059177244e+00 2.909851070807979667e+00 4.520286515657256032e+00 3.040317373250799537e+00 2.257447319640123240e+00 5.603419795374805723e+00 5.603419795374805723e+00 5.603419795374805723e+00 5.603419795374805723e+00
-9.882952802759120914e+00 -9.135058478712192453e+00 -8.381901779978107925e+00 -8.000047773531830941e+00 -5.619444407684490272e+00 -2.814592963403512726e+00 -3.522099418303877627e+00 -1.382714527391978976e+00 1.152686567091536718e+00 3.228191178824672658e+00 4.333352306141524224e+00 3.753753007692214538e+00 2.070623101046980441e+00 2.479975041256571089e+00 5.523830944794026365e+00 5.523830944794026365e+00 5.523830944794026365e+00 5.523830944794026365e+00
-9.538495829620362798e+00 -8.718986010409835785e+00 -7.895472517261171497e+00 -6.580841544130603182e+00 -4.746085926725118753e+00 -2.657885608559554580e+00 -3.739423365431481905e+00 -1.612644159043807868e-01 2.698443412797431940e+00 3.964219015946096381e+00 4.597530956733054452e+00 2.034132667604235056e+00 4.725201220573144734e-01 2.358839146807437004e+00 5.931518220813559061e+00 5.931518220813559061e+00 5.931518220813559061e+00 5.931518220813559061e+00
-1.000999538861174543e+01 -8.114193904255515122e+00 -6.975969585291915465e+00 -5.398622443992318942e+00 -3.220423198690014921e+00 -2.095987105257478333e+00 -2.886304686398363017e+00 6.119447108567538374e-01 3.316864167171267752e+00 4.908312196947965056e+00 3.311201173778399287e+00 -1.944755114710607913e+00 3.590690037398697187e-01 2.503010316825009074e+00 5.726281108848079171e+00 5.726281108848079171e+00 5.726281108848079171e+00 5.726281108848079171e+00
-9.577832592758682040e+00 -7.683560616063632942e+00 -6.096265880424036609e+00 -4.828044244396529905e+00 -2.321464444054771814e+00 -3.050662228443397517e+00 -7.937368636267997379e-01 2.194570088689654863e+00 3.444098471277510232e+00 5.392400157703136188e+00 4.330961102241014160e+00 -9.792356162177406897e-01 9.687932479351796244e-01 2.573495904207413254e+00 5.792666364622661490e+00 5.792666364622661490e+00 5.792666364622661490e+00 5.792666364622661490e+00
-9.082573416860824977e+00 -7.083041398309797287e+00 -5.427936699236737716e+00 -4.008027807961189737e+00 -2.050074394058261973e+00 -2.629162159711398772e+00 3.449571854361321299e-01 2.946021731152809409e+00 3.968341324211750454e+00 6.077313999961335256e+00 5.872895099541941555e+00 1.874813707889804171e+00 6.554069560637243441e-01 2.675089012656132414e+00 5.698533817547141389e+00 5.698533817547141389e+00 5.698533817547141389e+00 5.698533817547141389e+00
-8.776738244616689499e+00 -6.612098780092175332e+00 -4.760556527192308707e+00 -3.380899065095323675e+00 -2.513909089197250424e+00 -2.401744495596686235e+00 1.321620072623774789e+00 3.376378466710213910e+00 4.196278065301436655e+00 5.035077780422867022e+00 4.534723275022145117e+00 4.594912912643701830e+00 3.519722803045291837e+00 3.234211072805727838e+00 5.598857813569345865e+00 5.598857813569345865e+00 5.598857813569345865e+00 5.598857813569345865e+00
-8.186878044602316606e+00 -6.410011714750784684e+00 -4.555187223962812837e+00 -2.488781080143938507e+00 -2.447872311872231865e+00 -1.897318958959937740e+00 2.558206293259988939e+00 3.825831269825149317e+00 3.949000221856620030e+00 3.217055496465720310e+00 3.302633951797200762e+00 3.141500479068247920e+00 3.879312667834900363e+00 5.111869246372071629e+00 5.796437870418879257e+00 5.796437870418879257e+00 5.796437870418879257e+00 5.796437870418879257e+00
-7.665687806576443997e+00 -6.287073685794208444e+00 -4.246498750990356008e+00 -2.278290850511825116e+00 -2.148980435766121744e+00 -9.961046063012602980e-01 2.691742680165265078e+00 3.764309227408300096e+00 3.706682246597996944e+00 1.763888259699620153e+00 1.551649630347407438e+00 1.599408521334615196e+00 2.778585172782094936e+00 4.285050102575696407e+00 5.832834583329187694e+00 5.832834583329187694e+00 5.832834583329187694e+00 5.832834583329187694e+00
-7.846910745503563156e+00 -6.123454515476387527e+00 -4.124465633521242403e+00 -1.823446776106746547e+00 -2.495841318219037319e+00 -3.456482784571019568e-02 3.245589215287827400e+00 3.953966573712742072e+00 3.051838535434180155e+00 1.590675625439960772e+00 1.087516389112867632e+00 1.106075200696152283e+00 1.972823697581021607e+00 3.608360388853619760e+00 5.679833039635799885e+00 5.679833039635799885e+00 5.679833039635799885e+00 5.679833039635799885e+00
-8.209744286204658792e+00 -6.472061857898892434e+00 -4.190943933127176280e+00 -2.584676108992123300e+00 -1.917645605363079930e+00 -9.608241260181519250e-01 3.379294008963210860e+00 4.007174784035913540e+00 2.972318086961051709e+00 1.498711898062500936e+00 7.884208717006757627e-01 5.337841309545811042e-01 1.251121997809223174e+00 3.250773533085200118e+00 5.683928922217308610e+00 5.683928922217308610e+00 5.683928922217308610e+00 5.683928922217308610e+00
-8.193017088733881792e+00 -6.733646083183975506e+00 -4.221831855742532724e+00 -2.199792514774298269e+00 -2.145304338109984776e+00 -4.805072190278577571e-01 2.953975726743959029e+00 4.004315388804021048e+00 2.749208974467416411e+00 1.266297441761041753e+00 -2.259361579065201742e+00 -1.575978573957088624e+00 1.160505039209527522e+00 3.080190079006915660e+00 5.636482292929489546e+00 5.636482292929489546e+00 5.636482292929489546e+00 5.636482292929489546e+00
-8.201334697099692761e+00 -6.973720813597755530e+00 -4.821285488919489381e+00 -2.461570408576534863e+00 -1.828565034839035208e+00 -1.934361765664168953e+00 2.128698912699186430e+00 3.865776084735527363e+00 2.313206843734448626e+00 9.281285169705854043e-01 -2.449519628221846546e+00 -1.551628946730058578e+00 1.164122261736504793e+00 3.401513307587542556e+00 5.494793443954570478e+00 5.494793443954570478e+00 5.494793443954570478e+00 5.494793443954570478e+00
-8.144586904311152509e+00 -7.245252626170977983e+00 -5.263753105903556495e+00 -3.374523335771250743e+00 -1.792789020055213900e+00 -1.930179292908108746e+00 7.655396140995720522e-01 3.607044021642710874e+00 2.162504120695659893e+00 5.369518609596703185e-02 -2.617399098776935329e+00 -1.152152650433343473e+00 1.244745397437693413e+00 3.655388121957101166e+00 5.933078906131671104e+00 5.933078906131671104e+00 5.933078906131671104e+00 5.933078906131671104e+00
-8.066656694007919626e+00 -7.172486218378928413e+00 -5.793444100750372527e+00 -4.235368512298858690e+00 -2.327291426293145005e+00 -1.666857933645764733e+00 -1.308870104981862514e+00 2.511828344201966434e+00 2.544251720987893428e+00 -3.620048349562168699e+00 -2.234399417241048624e+00 -6.940482183495149116e-01 1.468369444018037928e+00 3.720753862833432457e+00 5.839187393484237987e+00 5.839187393484237987e+00 5.839187393484237987e+00 5.839187393484237987e+00
-8.306752783774168591e+00 -7.816997409403771968e+00 -6.477219050738008299e+00 -4.936008719775814235e+00 -3.576243574193071151e+00 -1.635760096359006877e+00 -2.175933762137972405e+00 1.299464845969592552e+00 2.213412969542389419e+00 -3.022553364165548651e+00 2.465881037595579472e-01 1.038751118671480400e+00 1.837642474359354683e+00 4.210400266922100343e+00 5.842633870757249603e+00 5.842633870757249603e+00 5.842633870757249603e+00 5.842633870757249603e+00
-8.758462900695324294e+00 -7.830872268625016730e+00 -6.935141734276698777e+00 -5.691485387324467737e+00 -4.405017684514047183e+00 -2.414082525865177686e+00 -2.305799201259869591e+00 -8.827989609801840665e-01 1.713915422225397611e+00 8.369873567165907191e-02 2.905033714964149194e-01 7.942193998148256995e-01 2.149761108560340972e+00 4.790175919122241055e+00 5.594325726293362777e+00 5.594325726293362777e+00 5.594325726293362777e+00 5.594325726293362777e+00
-9.119799122107806966e+00 -8.193208328684434605e+00 -7.366664917695309178e+00 -6.374853476794937635e+00 -5.292734638878575204e+00 -3.961929466091906438e+00 -1.966648064210245739e+00 -2.538952564216107266e+00 9.756934355171474893e-01 1.375444232606392481e+00 8.657148763949407133e-01 -4.408606276835569937e-01 1.759509354394981795e+00 4.962617733054845992e+00 5.495011855095373932e+00 5.495011855095373932e+00 5.495011855095373932e+00 5.495011855095373932e+00
-9.429595191477375238e+00 -8.505254305709158302e+00 -7.917090303132909845e+00 -7.206005015792005253e+00 -6.306855955907793465e+00 -5.084009262143305286e+00 -2.629391529527737692e+00 -2.296082853632817944e+00 6.473316248901939129e-02 1.550428719385585241e+00 9.526391494447690178e-01 7.898191606439868284e-01 9.261958104868648345e-01 4.078790800754265256e+00 5.880148278217990132e+00 5.880148278217990132e+00 5.880148278217990132e+00 5.880148278217990132e+00
-9.836839367546597046e+00 -9.003863045949058730e+00 -8.467037143686532374e+00 -8.064191447295449677e+00 -7.317593240833160095e+00 -6.386407668624581646e+00 -4.062344063527703497e+00 -2.089598907140268302e+00 -2.250774962674315649e+00 9.462709636790918033e-01 1.133618794420627296e+00 9.650195948040668492e-01 4.791619004861118469e-01 3.967503344286338329e+00 5.923083518569541184e+00 5.923083518569541184e+00 5.923083518569541184e+00 5.923083518569541184e+00
-1.023617303927143674e+01 -9.805307216228690947e+00 -9.283048948292593749e+00 -8.749850620173891258e+00 -8.192655281741851425e+00 -7.139131389294353980e+00 -5.038388368503905923e+00 -2.693285818995102332e+00 -2.739196978071060329e+00 4.261064353397867599e-01 1.210141680620325788e+00 9.914224188282522165e-01 5.192086518250361715e-01 4.470169454441459855e+00 6.008695948227261496e+00 6.008695948227261496e+00 6.008695948227261496e+00 6.008695948227261496e+00
-1.039988056306691000e+01 -1.001023829204712534e+01 -9.547454759131300150e+00 -9.110628061604813865e+00 -8.493242143024531288e+00 -7.550208567951372629e+00 -6.243562746786936124e+00 -3.046596453318973108e+00 -2.649221450730146810e+00 -1.482801403138877427e+00 9.204240412281124994e-01 1.047582667430412062e+00 8.252540306834527106e-01 3.066511747457513870e+00 5.708506304897742467e+00 5.708506304897742467e+00 5.708506304897742467e+00 5.708506304897742467e+00
-1.046909229419504328e+01 -1.012115233202870357e+01 -9.716294416609411400e+00 -9.277286380815224831e+00 -8.732238410738869305e+00 -7.849512041278875252e+00 -6.631273975357619754e+00 -4.602259883040139776e+00 -3.028052206861419737e+00 -2.655369203636528397e+00 6.207828470983380864e-01 1.082465519677907384e+00 7.472869481308601625e-01 2.633538814854495591e+00 5.504722530369418720e+00 5.504722530369418720e+00 5.504722530369418720e+00 5.504722530369418720e+00
-1.045400662423116600e+01 -1.014443292482403791e+01 -9.776493459606506065e+00 -9.398731259777894920e+00 -8.816423712287871695e+00 -8.013611392005662637e+00 -6.862127516516125070e+00 -5.481885836399325029e+00 -2.714364860861051110e+00 -2.704843310936790868e+00 2.730859734894426349e-01 1.103554715417107701e+00 7.141559204777394587e-01 2.588923925922478553e+00 5.415750593726960105e+00 5.415750593726960105e+00 5.415750593726960105e+00 5.415750593726960105e+00
-1.045722455845354304e+01 -1.016219669872145204e+01 -9.843770826214779390e+00 -9.458254900023160161e+00 -8.965170327969442354e+00 -8.219957869012120000e+00 -7.067049016372161319e+00 -5.645533489966355845e+00 -3.663419638048043936e+00 -2.294709971090449052e+00 -9.568788199425490859e-01 7.456273455955362284e-01 1.745887047619412435e-01 2.799584988179706357e+00 5.403783926031134222e+00 5.403783926031134222e+00 5.403783926031134222e+00 5.403783926031134222e+00
-1.051373334955974492e+01 -1.016027525624830830e+01 -9.836448275908082906e+00 -9.487888226315494222e+00 -9.042295648552878262e+00 -8.313072147320863081e+00 -7.234217480132816291e+00 -5.857680363498230847e+00 -3.885095914587417099e+00 -2.714561769441557360e+00 -2.808005551244261433e+00 2.861279099752684352e-01 7.268099694793929144e-01 2.371116168888369291e+00 6.127282399082057296e+00 6.127282399082057296e+00 6.127282399082057296e+00 6.127282399082057296e+00
-1.050790467065316847e+01 -1.018251019637116173e+01 -9.898515520655326583e+00 -9.547873271711642573e+00 -9.062919838096883396e+00 -8.501028192704438879e+00 -7.360896296329046962e+00 -5.885876141354328794e+00 -4.481169242863297875e+00 -3.628015772245654968e+00 -2.772998244213250807e+00 1.964359989148715124e-01 1.048194482007675510e-01 2.450332371916714713e+00 6.134643715291985266e+00 6.134643715291985266e+00 6.134643715291985266e+00 6.134643715291985266e+00
-1.051031885821555889e+01 -1.022770806472897220e+01 -9.880808955460457454e+00 -9.565394568357074689e+00 -9.180394322335576618e+00 -8.502284065872601104e+00 -7.396379883397801613e+00 -5.952583688903663628e+00 -5.067495130303630191e+00 -2.973487822100322475e+00 -2.841004750529067202e+00 1.158169833758884992e-01 1.692613958695840526e-01 2.489588955553662775e+00 5.718532465832193878e+00 5.718532465832193878e+00 5.718532465832193878e+00 5.718532465832193878e+00
-1.056268413552006358e+01 -1.028052652778901965e+01 -9.938161255634064162e+00 -9.596841922515297441e+00 -9.236821795631570353e+00 -8.571389785322107713e+00 -7.497478727530972442e+00 -5.889862440950289546e+00 -5.180590817271057524e+00 -3.135476483549944682e+00 -3.018695058800440201e+00 -1.497506290006735408e-01 3.364017634447510341e-01 2.392536192738881073e+00 5.511150115697416751e+00 5.511150115697416751e+00 5.511150115697416751e+00 5.511150115697416751e+00
-1.059370470116467011e+01 -1.029924498218362316e+01 -9.991234880240236649e+00 -9.653954050689955935e+00 -9.326046659488813617e+00 -8.755513925033154621e+00 -7.532975085568603291e+00 -5.811920111826454516e+00 -5.353515043385842276e+00 -3.561061499825153742e+00 -2.434636844015892088e+00 -6.233738965735418081e-01 3.719159020732553111e-01 2.536426131743537038e+00 5.868095308647019337e+00 5.868095308647019337e+00 5.868095308647019337e+00 5.868095308647019337e+00
