-1.015492559777967507e+01 -1.011960011811566140e+01 -1.004328398366364716e+01 -9.733167474008943998e+00 -9.416275252798511630e+00 -9.123524398929948376e+00 -8.628101398050519677e+00 -7.554666549230137029e+00 -5.839287566267589824e+00 -4.363668449933161497e+00 -4.100735871018147627e+00 -2.198234496916754654e+00 -8.408511246755399071e-01 2.473085886914625942e+00 5.129244264364231753e+00 5.129244264364231753e+00 5.129244264364231753e+00 5.129244264364231753e+00
-1.018534296909827930e+01 -1.013135360182256406e+01 -9.947983302961141305e+00 -9.824609688500242299e+00 -9.529230328073591494e+00 -9.069995022461348810e+00 -8.395620854491189888e+00 -7.306820836262743590e+00 -5.666493169439189792e+00 -4.500302756238926172e+00 -4.013837778381851962e+00 -2.165616814052636840e+00 -6.820012404234945258e-01 2.627825094690791730e+00 5.260591673639077648e+00 5.260591673639077648e+00 5.260591673639077648e+00 5.260591673639077648e+00
-1.025522761827314078e+01 -1.013698955930161993e+01 -9.859892290186060393e+00 -9.619475929288892502e+00 -9.552475203817099469e+00 -9.260569732587615732e+00 -8.248434725008417345e+00 -7.231406224194649290e+00 -5.679862480918330014e+00 -4.340332636573854153e+00 -3.569310974474825926e+00 -2.246934831934861876e+00 -4.081881074665564824e-01 2.588225920913735933e+00 5.249797916284856925e+00 5.249797916284856925e+00 5.249797916284856925e+00 5.249797916284856925e+00
-1.032589213832817698e+01 -1.017297873985259749e+01 -1.003835133547133296e+01 -9.540546369162900220e+00 -9.358671478164625412e+00 -9.202584609487185929e+00 -8.379298651311602342e+00 -6.984543398681987370e+00 -5.565629291990451755e+00 -4.304071404285773284e+00 -2.603426028859472829e+00 -2.221500175422068235e+00 -2.723617110301544686e-02 2.441052757636679171e+00 5.327329461296257840e+00 5.327329461296257840e+00 5.327329461296257840e+00 5.327329461296257840e+00
-1.030340402032545022e+01 -1.027551682370854103e+01 -1.006470511414653934e+01 -9.723520742737703060e+00 -9.217891767176704221e+00 -8.896579035779936362e+00 -8.333905549927564493e+00 -6.892410791665790626e+00 -5.567643460388080889e+00 -3.412496949155682913e+00 -2.087736100451302423e+00 -6.831584645819697155e-01 5.233619647481533299e-01 2.675090056827383656e+00 5.195569129017675536e+00 5.195569129017675536e+00 5.195569129017675536e+00 5.195569129017675536e+00
-1.033582390317998367e+01 -1.011474555999248714e+01 -1.004508440887781795e+01 -9.926496619187448189e+00 -9.543222794256696062e+00 -8.897482392501308013e+00 -8.074581782633968530e+00 -6.836553352880647694e+00 -5.017773625979441654e+00 -1.900599811000339256e+00 -9.942512893341967084e-01 -2.086734948401143819e-01 7.299036775368864527e-01 2.450564873509166297e+00 5.133456448267607719e+00 5.133456448267607719e+00 5.133456448267607719e+00 5.133456448267607719e+00
-1.032533929583367005e+01 -1.021320980446558480e+01 -1.004900951877695547e+01 -9.747762110405183478e+00 -9.492832959064745779e+00 -8.731968863392825853e+00 -7.820958438144855585e+00 -6.700544141687731603e+00 -2.199936093033113327e+00 -1.579922737959337020e+00 2.538598853281058831e-01 1.427327059100911510e+00 1.506259453148546701e+00 3.549101035105107993e+00 5.003201338445451007e+00 5.003201338445451007e+00 5.003201338445451007e+00 5.003201338445451007e+00
-1.049083838196371943e+01 -1.010663181893898077e+01 -9.943859840134331662e+00 -9.778190777575865411e+00 -9.312972062736108114e+00 -7.959547578966724934e+00 -7.007237001301295898e+00 -2.272747222683564772e+00 -1.419385938337212494e+00 2.069305331703469031e-01 1.477596322817054553e+00 2.277553237662384156e+00 1.565474381991930342e+00 4.494180057625110081e+00 5.390715225680256850e+00 5.390715225680256850e+00 5.390715225680256850e+00 5.390715225680256850e+00
-1.055796514241537665e+01 -1.031757011768605103e+01 -9.733635421116602515e+00 -9.204486148494325448e+00 -7.907762246410581675e+00 -7.780782098929923229e+00 -3.238999099767191137e+00 -1.863653547582359904e+00 1.802190379265328768e-01 1.812255544003450680e+00 2.248860232679211535e+00 3.069185089081416518e+00 3.512503999093427254e+00 4.934664068976537088e+00 7.215085202912631779e+00 7.215085202912631779e+00 7.215085202912631779e+00 7.215085202912631779e+00
-1.027265664587183558e+01 -9.880681696228238664e+00 -9.430406731981232582e+00 -8.369756055582612930e+00 -7.815784812403746784e+00 -4.414083945193969960e+00 -1.982687248172701810e+00 -9.240607462839310615e-02 1.959754531389555909e+00 2.479931332720344717e+00 3.255991238956744915e+00 3.592622806992880502e+00 5.111420255859854933e+00 5.112469435566739051e+00 6.338632679836198491e+00 6.338632679836198491e+00 6.338632679836198491e+00 6.338632679836198491e+00
-1.023900290184784190e+01 -9.366929215092813621e+00 -8.500027887248894132e+00 -8.501895250892289368e+00 -7.600982458752618243e+00 -2.081859681053482181e+00 -3.729228609392195581e-01 2.075490641313957774e+00 2.819645119915387799e+00 3.306713020688892612e+00 3.300455085631570640e+00 4.791124959117712301e+00 3.378773509396780561e+00 2.460628945036972492e+00 5.213031869591959300e+00 5.213031869591959300e+00 5.213031869591959300e+00 5.213031869591959300e+00
-9.334656460945943479e+00 -8.736621588083089307e+00 -7.914352146719000558e+00 -7.802654707756515151e+00 -3.193574784222917184e+00 -1.575748798781811955e+00 6.590300000973414729e-01 2.338232177066432271e+00 3.198524068817895749e+00 3.338133153033053357e+00 4.716015758596947549e+00 2.437991685524243834e+00 6.295992309400149090e-01 2.573278077289222754e+00 5.147220639145691834e+00 5.147220639145691834e+00 5.147220639145691834e+00 5.147220639145691834e+00
-9.818360540977259632e+00 -8.307865976440297118e+00 -7.216909981939707563e+00 -5.951749622800751816e+00 -2.261228333872603358e+00 2.962323628640288475e-02 2.378663228180661449e+00 3.274856268724975816e+00 3.480153049099798057e+00 4.325096488753701784e+00 4.745393580689830415e+00 -2.023786684881777043e-01 3.904445944069792618e-01 2.555118862072117469e+00 5.598027778593975157e+00 5.598027778593975157e+00 5.598027778593975157e+00 5.598027778593975157e+00
-9.840983653694294730e+00 -7.640458671182804196e+00 -5.592562876844259456e+00 -2.241281358330041495e+00 -1.116139403520343798e+00 1.702391038074463125e+00 3.160273324612899337e+00 3.387367835208765499e+00 3.541394666593183249e+00 5.121215232680047080e+00 2.251107569112393403e+00 -1.766010042815170822e+00 2.807488510277930116e-01 2.782817316386868356e+00 5.369808251501869911e+00 5.369808251501869911e+00 5.369808251501869911e+00 5.369808251501869911e+00
-9.512632614531776554e+00 -7.604650760606181059e+00 -3.261236090663620413e+00 -2.384444838192837590e+00 4.470265724066526669e-01 2.712088153863394080e+00 3.266311162333752183e+00 3.340560959748718250e+00 3.783920514032466098e+00 5.906898384063070218e+00 4.360083529203476971e+00 -7.020807832220061773e-01 4.704863222846062953e-01 2.830265071753468753e+00 5.590311043673392710e+00 5.590311043673392710e+00 5.590311043673392710e+00 5.590311043673392710e+00
-9.256302437483364898e+00 -5.993078168329017075e+00 -2.877398146019601199e+00 -1.466111607479332557e+00 1.539679415393557127e+00 3.169173236874957666e+00 3.255156887899888662e+00 3.269422976759236654e+00 4.325393081770974923e+00 6.121309975648213886e+00 6.192070951615428420e+00 1.735407979084731434e+00 4.518468803520414023e-01 2.852744364739009164e+00 6.193334704709834604e+00 6.193334704709834604e+00 6.193334704709834604e+00 6.193334704709834604e+00
-8.385552637717937685e+00 -4.812123900617085503e+00 -1.673828623112434189e+00 -1.939552944291412784e-01 1.737978956352653093e+00 3.324026133363835456e+00 3.385812407962025539e+00 3.483315632485378011e+00 4.342158224806416555e+00 4.975006170937345651e+00 4.691165800604282232e+00 4.902638996004905714e+00 4.264508078887592646e+00 2.978051844454534525e+00 5.828483320905715637e+00 5.828483320905715637e+00 5.828483320905715637e+00 5.828483320905715637e+00
-7.225119411044980566e+00 -4.391467632514008734e+00 -1.362261975531080971e+00 1.749949872957581865e-01 2.437150413928254711e+00 2.840154996242136409e+00 3.534106021220199789e+00 3.992515715597733550e+00 4.315838341870421146e+00 3.320710784079487166e+00 3.268574875094796717e+00 3.274783523951724007e+00 4.094352875284338111e+00 5.275006804978034758e+00 6.096541302087544523e+00 6.096541302087544523e+00 6.096541302087544523e+00 6.096541302087544523e+00
-7.896704869244818958e+00 -4.587279365308807755e+00 -1.549149341476659947e+00 6.952531234112013792e-01 2.767406589915185844e+00 3.393168557017103737e+00 3.442393517755097054e+00 4.191340873793721222e+00 3.961114441005144648e+00 1.795468520627358178e+00 1.060946087974294239e+00 1.493201371051155801e+00 2.873973443083555512e+00 4.557190803467317863e+00 6.042261404147197368e+00 6.042261404147197368e+00 6.042261404147197368e+00 6.042261404147197368e+00
-7.922721610835712802e+00 -4.994728662043144141e+00 -1.450647414932590751e+00 7.803048229524693902e-01 2.882122837407476101e+00 3.382074980446514001e+00 3.422633690636170289e+00 4.348558904323324370e+00 3.240295006124401578e+00 1.431269280659753118e+00 -1.040432538960177622e+00 8.636797458788171289e-01 2.048518553969585376e+00 3.713046980970771127e+00 5.981433770508276737e+00 5.981433770508276737e+00 5.981433770508276737e+00 5.981433770508276737e+00
-7.832131955316950389e+00 -5.526296573007376089e+00 -1.761930855843860000e+00 7.813041916223557593e-01 2.838091238060732824e+00 3.334019532283685194e+00 3.361275590672680558e+00 4.333485987388517202e+00 3.132622312524834474e+00 1.377969141357098026e+00 -1.040835617163710980e+00 6.828777354886508832e-02 1.323599980047940106e+00 3.483624503931560756e+00 6.047112240771732594e+00 6.047112240771732594e+00 6.047112240771732594e+00 6.047112240771732594e+00
-7.847469550080008460e+00 -6.347687426554070811e+00 -1.655604925177491582e+00 9.310106113520498772e-01 2.549822373548516374e+00 3.472313934390395929e+00 3.450227018687102021e+00 4.420192223880722970e+00 2.816986381788170846e+00 5.903934894810650702e-01 -2.850955595732338477e+00 -1.821979066955357718e+00 1.223336571181419474e+00 3.326699662647102151e+00 5.997752298329670495e+00 5.997752298329670495e+00 5.997752298329670495e+00 5.997752298329670495e+00
-8.098804672614589251e+00 -6.048497811511474254e+00 -1.679480051939328034e+00 6.692665503744072986e-01 2.522092367380980082e+00 3.416929637815464993e+00 3.458675700256889307e+00 4.307219046247648286e+00 2.393425546644240232e+00 -1.190063345051741051e+00 -2.866088961148510084e+00 -1.726438287355182899e+00 1.339237713881923586e+00 3.595547110736889707e+00 5.969943921681295507e+00 5.969943921681295507e+00 5.969943921681295507e+00 5.969943921681295507e+00
-7.854260048503849845e+00 -6.855749790676490818e+00 -2.375217875869287454e+00 1.500990133034199869e-01 2.237949664251413395e+00 3.358735104329845900e+00 3.404421647415117214e+00 4.030800368127272826e+00 2.029306662544803075e+00 -4.193461280573849592e+00 -3.150537299784102352e+00 -1.305441712334020288e+00 1.255792282435474583e+00 3.855645321259610458e+00 5.924140520272711541e+00 5.924140520272711541e+00 5.924140520272711541e+00 5.924140520272711541e+00
-8.135603129024184810e+00 -7.486517982452911113e+00 -3.266053286314405835e+00 -5.859618900644939510e-01 1.962555779053192673e+00 3.263260401437908076e+00 3.405205840661536865e+00 3.313916237767589923e+00 1.584852163520719781e+00 -4.379196195942777869e+00 -2.867258323523219410e+00 -1.020169090380346866e+00 1.625911456666949029e+00 3.845159844567361596e+00 5.851280941936355617e+00 5.851280941936355617e+00 5.851280941936355617e+00 5.851280941936355617e+00
-8.167820779136732767e+00 -7.689076214604379622e+00 -5.146476995814462718e+00 -1.184722521609011148e+00 6.961292839741795024e-01 2.650027772599095499e+00 3.227154735592964840e+00 2.946069646272009290e+00 1.031545169067976220e+00 -4.369071022528114412e+00 -2.163221159821905548e+00 1.026494938274414626e+00 2.000442111221602204e+00 4.191597504087854809e+00 5.814740064820187904e+00 5.814740064820187904e+00 5.814740064820187904e+00 5.814740064820187904e+00
-8.804380992801718264e+00 -7.676956693893612460e+00 -7.079888911484575331e+00 -2.553387109325892190e+00 -6.688480135496678303e-01 7.778170947920510780e-01 1.962825821754226707e+00 1.839986313939336871e+00 1.022143827023575868e+00 -2.311983614061694947e+00 -2.451035042094637628e+00 4.580767351683259769e-01 2.399620314037723912e+00 4.350744515309982852e+00 5.702828889149071934e+00 5.702828889149071934e+00 5.702828889149071934e+00 5.702828889149071934e+00
-9.073637428921959014e+00 -8.551510853565529757e+00 -7.473678094833843488e+00 -4.909547991242005693e+00 -2.018857144223193512e+00 -1.131352301920382608e+00 -6.314329917888833466e-01 3.180681360721803186e-01 1.745129569536656711e-01 -3.135981915707346079e+00 -2.571515568091339077e+00 -1.410693775753771861e+00 1.964537554516278428e+00 4.449147246545529732e+00 5.694353979798625787e+00 5.694353979798625787e+00 5.694353979798625787e+00 5.694353979798625787e+00
-9.314340947275935534e+00 -8.722314786604547621e+00 -8.028009996888144428e+00 -7.414101612281643661e+00 -6.026815991270590089e+00 -3.951502261242971770e+00 -1.972251743299114235e+00 -1.389200294430679383e+00 -1.591726446359976954e+00 -1.608325663711075437e+00 -3.557290505041640127e+00 -1.006370383415969183e+00 1.620230373329338835e+00 4.157378164128433973e+00 5.558902208744171070e+00 5.558902208744171070e+00 5.558902208744171070e+00 5.558902208744171070e+00
-1.040717341677046015e+01 -9.011805616647928119e+00 -8.853829867304304102e+00 -8.484733838494173952e+00 -7.619990325321280622e+00 -6.667902307274900409e+00 -5.724707211252932026e+00 -4.651980945119165156e+00 -4.468796681122610082e+00 -4.128353745105322936e+00 -2.801863711350061070e+00 -1.367356762003280934e+00 8.029806779382606674e-01 4.179660588061381965e+00 5.416892983888768498e+00 5.416892983888768498e+00 5.416892983888768498e+00 5.416892983888768498e+00
-1.049137786789886206e+01 -1.005557619362874533e+01 -9.632629921072741297e+00 -9.243171902921524463e+00 -8.866482655128589130e+00 -7.237015525857220410e+00 -5.725608477411599395e+00 -5.765070202120831766e+00 -5.132915010356861707e+00 -4.665396712044936223e+00 -3.045468783651460232e+00 -1.871071160624098173e+00 5.453197322657078461e-01 4.484580850427770216e+00 5.262231638574871972e+00 5.262231638574871972e+00 5.262231638574871972e+00 5.262231638574871972e+00
-1.060844889255617574e+01 -1.026567365929872722e+01 -9.846186148189419285e+00 -9.631436506112132534e+00 -9.254341873607343061e+00 -7.935940572090424361e+00 -5.925424303933170656e+00 -5.980583750868865067e+00 -5.138404804115210389e+00 -4.903149664960924525e+00 -2.825568479731237481e+00 -2.445708795191133156e+00 3.255933187767484638e-01 4.324906088243687385e+00 5.448753949397079133e+00 5.448753949397079133e+00 5.448753949397079133e+00 5.448753949397079133e+00
-1.062934414913329029e+01 -1.027940699030161475e+01 -9.993636389803082665e+00 -9.722039502797887423e+00 -9.387964508581255529e+00 -8.409511320741472673e+00 -6.010131151386321591e+00 -5.767045971193483389e+00 -5.299854601569600199e+00 -4.687198233770231148e+00 -3.138409759588040693e+00 -1.976814675322049908e+00 7.255353609433803364e-01 3.559186521302001527e+00 5.143231029011309019e+00 5.143231029011309019e+00 5.143231029011309019e+00 5.143231029011309019e+00
-1.053218006730825707e+01 -1.036065283214880139e+01 -9.921474037577915794e+00 -9.716863329987297959e+00 -9.404180228965664412e+00 -8.643112261940494534e+00 -6.165082651882054954e+00 -6.227026899539619187e+00 -5.430833674125150168e+00 -4.582454599705827469e+00 -3.086804322646637733e+00 -1.733624718873913118e+00 7.241859906545449199e-01 3.426313200739578235e+00 5.510916359676173215e+00 5.510916359676173215e+00 5.510916359676173215e+00 5.510916359676173215e+00
-1.053491241771263454e+01 -1.039723875530723873e+01 -9.979219355969075167e+00 -9.813434665471893581e+00 -9.432073380564567344e+00 -8.801065316125008309e+00 -6.720810865824590863e+00 -6.089918533439356629e+00 -5.619131674474536986e+00 -4.646586382273387272e+00 -3.052955855000037744e+00 -2.688551308908665227e+00 4.902124380980679708e-01 3.517790001576016401e+00 5.670530074502456053e+00 5.670530074502456053e+00 5.670530074502456053e+00 5.670530074502456053e+00
-1.066076539089898212e+01 -1.029473195687377896e+01 -1.002475133615178393e+01 -9.735791622547187885e+00 -9.423143268635623571e+00 -8.976724862387747805e+00 -6.938703834467287557e+00 -5.932521152575067624e+00 -5.916207051242857951e+00 -5.037108461539868465e+00 -2.949608990036753919e+00 -2.933788251201592256e+00 4.551306470830227546e-01 3.124665669460195971e+00 5.475691313182632136e+00 5.475691313182632136e+00 5.475691313182632136e+00 5.475691313182632136e+00
-1.064208885370451441e+01 -1.033831903259638274e+01 -1.007582830358175841e+01 -9.781595357234033727e+00 -9.458476067333840831e+00 -9.041138974025740183e+00 -7.481227630562573339e+00 -5.883670825076208644e+00 -5.677853600182025673e+00 -5.323393077569414267e+00 -3.485664135462495761e+00 -2.664454214431354995e+00 7.403736920138095368e-01 3.146126561580278924e+00 5.540159484627865005e+00 5.540159484627865005e+00 5.540159484627865005e+00 5.540159484627865005e+00
-1.070089078481254852e+01 -1.041548449455694758e+01 -1.007126959756384110e+01 -9.795270431364080821e+00 -9.516995989504481557e+00 -8.955513196615482840e+00 -7.756413237075183709e+00 -6.207562700531594757e+00 -5.904932413345002296e+00 -5.377105200295503984e+00 -3.861923755174618389e+00 -2.812423026797546743e+00 6.365891862481359853e-01 3.022859586132366161e+00 5.345320723308041089e+00 5.345320723308041089e+00 5.345320723308041089e+00 5.345320723308041089e+00
-1.073217272156574964e+01 -1.039131083682491408e+01 -1.006093431171156460e+01 -9.887302568625816690e+00 -9.585589590053665177e+00 -9.050986702040351162e+00 -7.922014763057934950e+00 -6.063900743274539096e+00 -5.967999729159758182e+00 -5.476405756108635892e+00 -3.585285045740190579e+00 -2.317805108825756744e+00 7.256320201488775101e-02 3.086007491081164122e+00 5.304318784464526537e+00 5.304318784464526537e+00 5.304318784464526537e+00 5.304318784464526537e+00
-1.070780476845806817e+01 -1.041422321202729329e+01 -1.008739825094426834e+01 -9.820901797822106261e+00 -9.577203854185100340e+00 -9.166066307153222681e+00 -8.151593840400245483e+00 -5.872918734825109510e+00 -5.960962483199326201e+00 -5.352589192776195048e+00 -3.266926456485102825e+00 -2.252685927724845882e+00 -2.048130617558112099e-01 3.032428878833700381e+00 5.255529064176971410e+00 5.255529064176971410e+00 5.255529064176971410e+00 5.255529064176971410e+00
