-1.039805656792316313e+01 -1.032878714643974938e+01 -9.980515284673883158e+00 -9.665140225581051681e+00 -9.381407023467632555e+00 -9.002414829904816784e+00 -8.339077355339266973e+00 -7.255704834587888286e+00 -4.851398047690597792e+00 -3.157610540009529565e+00 -1.917132186855184051e+00 -1.333039480440979974e+00 5.328616291919130443e-01 1.811750022253994175e+00 4.982769533573579324e+00 4.982769533573579324e+00 4.982769533573579324e+00 4.982769533573579324e+00
-1.040228408821898043e+01 -1.010169071605128366e+01 -1.003534939171119866e+01 -9.883659283805362961e+00 -9.446028633498887217e+00 -8.983122954261215654e+00 -8.250942512618340885e+00 -6.934341190234587060e+00 -4.614414301081374070e+00 -2.350603680651464522e+00 -2.412075157693278626e+00 -2.770268287323703893e-01 5.331727347026828934e-01 2.055251092292618154e+00 4.934121335079642456e+00 4.934121335079642456e+00 4.934121335079642456e+00 4.934121335079642456e+00
-1.040429198379000653e+01 -1.005312040676529683e+01 -9.707990079084140689e+00 -9.765451816022489240e+00 -9.623490885762908675e+00 -9.137131912817185508e+00 -8.212409704648537812e+00 -6.942135495503874765e+00 -4.274862834344419937e+00 -2.087925788218214507e+00 -2.809562993678890841e+00 1.714985687066729048e-01 -3.801157459070806863e-03 2.052705101989111380e+00 5.094723760832113868e+00 5.094723760832113868e+00 5.094723760832113868e+00 5.094723760832113868e+00
-1.027751882567970831e+01 -1.021392150662009257e+01 -9.957025169184362312e+00 -9.324938475003509808e+00 -9.202099588216615444e+00 -9.095584736456093111e+00 -8.213070418605250111e+00 -6.778775414076536165e+00 -3.354654350324896228e+00 -2.536043215914603799e+00 -1.547680909034525820e+00 4.303396245793913999e-02 7.562509230224614409e-01 2.294469558275369359e+00 4.743505033804193971e+00 4.743505033804193971e+00 4.743505033804193971e+00 4.743505033804193971e+00
-1.052185156705273528e+01 -1.030015059061019755e+01 -9.941447204872520871e+00 -9.607035697794234608e+00 -9.084198468931869996e+00 -8.661637955615343998e+00 -8.097159170656201610e+00 -6.017524196429764771e+00 -2.755709924186038329e+00 -3.171710507440736571e+00 -4.660392465726401756e-01 8.616640626833646510e-02 1.484217991237338552e+00 2.404826786265165772e+00 4.683941954448284761e+00 4.683941954448284761e+00 4.683941954448284761e+00 4.683941954448284761e+00
-1.044696054919577044e+01 -9.955906923062277869e+00 -1.021769900406920151e+01 -9.931602981909991357e+00 -9.355418057524381936e+00 -8.683041818792034405e+00 -7.825802069213774637e+00 -5.114153520711455236e+00 -2.526106671288445682e+00 -2.333418274855560970e+00 -2.770544157849759159e-01 4.829749103285857492e-01 1.210038831936189663e+00 2.174473630666709845e+00 4.464153565487970710e+00 4.464153565487970710e+00 4.464153565487970710e+00 4.464153565487970710e+00
-1.046980371175856206e+01 -1.032238258844286527e+01 -1.007785010684271754e+01 -9.835507025492301381e+00 -9.357042017438917725e+00 -8.672212131698881166e+00 -7.634529429071664097e+00 -3.628190795370254129e+00 -3.313715362810416565e+00 -9.271434422892751437e-01 2.923995396344438724e-01 1.695767947822097943e+00 1.590825193828088624e+00 3.376860488075112521e+00 4.256404183575858369e+00 4.256404183575858369e+00 4.256404183575858369e+00 4.256404183575858369e+00
-1.054234483952524570e+01 -1.011211487262140452e+01 -1.000343811130752059e+01 -9.833487159869344296e+00 -9.271161244727093020e+00 -8.316147937969867954e+00 -5.731597166904267127e+00 -2.205202584305484770e+00 -2.812964593353462828e+00 9.956236370843207784e-02 1.570872357574637945e+00 2.043472739722073328e+00 1.755743681120591981e+00 4.354751921642857404e+00 5.317844539363841605e+00 5.317844539363841605e+00 5.317844539363841605e+00 5.317844539363841605e+00
-1.044424088516064231e+01 -1.032910988535100749e+01 -9.620445281824657968e+00 -9.090984066759677518e+00 -8.168740363233222723e+00 -7.020415868788973945e+00 -3.832164615754066084e+00 -3.202039479796129129e+00 -9.225746391285776227e-01 9.295380608025269886e-01 2.071901808839172521e+00 2.738164355874276090e+00 3.427930641720757343e+00 4.801127968991508510e+00 5.298844711022900889e+00 5.298844711022900889e+00 5.298844711022900889e+00 5.298844711022900889e+00
-1.023934371719017555e+01 -1.003624032585478254e+01 -9.543688294910603886e+00 -8.529419848935122062e+00 -7.416338742044447763e+00 -5.143284849881774257e+00 -2.429186403698721186e+00 -3.116676986137130179e+00 -1.107353297482025628e-01 2.065863368516875465e+00 3.080604792074075782e+00 3.478545347754848471e+00 4.962060714228740288e+00 4.962547237157525437e+00 5.179921841842225483e+00 5.179921841842225483e+00 5.179921841842225483e+00 5.179921841842225483e+00
-1.019923453700964089e+01 -9.435489857641645273e+00 -8.811627221069503690e+00 -8.574335295742972818e+00 -6.787510256761439820e+00 -3.422859193266948985e+00 -3.487793430602728062e+00 -8.691115899740018413e-01 1.797449335957816974e+00 3.106077950484046113e+00 3.137247886720351264e+00 4.626647793024643462e+00 3.036041285339904139e+00 2.271033506114505496e+00 5.528913154711846190e+00 5.528913154711846190e+00 5.528913154711846190e+00 5.528913154711846190e+00
-9.925463983932807821e+00 -9.054468812379443676e+00 -8.167233314146617573e+00 -7.584675970798453903e+00 -4.857888808478461051e+00 -2.478488875909206079e+00 -2.776156244307058429e+00 -5.025692366010373058e-02 2.912917598494727756e+00 3.165006977141901601e+00 4.437096526397141361e+00 3.792491693787223728e+00 1.687083759992538790e+00 2.471967082195059895e+00 5.226581121173151878e+00 5.226581121173151878e+00 5.226581121173151878e+00 5.226581121173151878e+00
-9.535233717386249808e+00 -8.553428187728762566e+00 -7.616407719060399373e+00 -6.007853021913419411e+00 -3.275765374514505002e+00 -3.484504786440630664e+00 -5.246098384317057217e-01 3.019356887626906349e+00 3.257423224607050916e+00 4.070151032312873340e+00 4.735360943023006364e+00 1.322053996734130210e-01 4.649398818352250551e-01 2.413481896038410124e+00 4.944121764430853716e+00 4.944121764430853716e+00 4.944121764430853716e+00 4.944121764430853716e+00
-1.016705425686185826e+01 -7.953007241346980116e+00 -6.450353273496880036e+00 -4.503239362979410743e+00 -2.371046487436124561e+00 -2.458908723503845373e+00 9.934234397228136615e-01 3.121416334077726784e+00 3.357121245371414986e+00 5.028057439798416794e+00 3.366378291211338247e+00 -1.897644690303731618e+00 3.351860286376459608e-01 2.613052395196636901e+00 5.521965489554867546e+00 5.521965489554867546e+00 5.521965489554867546e+00 5.521965489554867546e+00
-9.395856741879500262e+00 -7.472356160064011377e+00 -5.321377379819090869e+00 -3.247202376677365887e+00 -2.944728367247583023e+00 -3.500055932080206045e-01 3.083163790969233098e+00 3.154275593241592013e+00 3.637509028104509490e+00 5.611980946598931652e+00 4.528599735749725852e+00 -9.211579413873356437e-01 9.162769975727131921e-01 2.659962377780376475e+00 5.336301143949288672e+00 5.336301143949288672e+00 5.336301143949288672e+00 5.336301143949288672e+00
-9.118526906510853181e+00 -6.813251968407506354e+00 -4.336983451190760341e+00 -2.135698887697889958e+00 -2.201989528777668514e+00 6.663460131804526121e-01 3.013642359490753542e+00 3.083897914693821463e+00 4.191905182594162227e+00 6.202846870787315225e+00 6.156130493993427599e+00 1.923301636819673366e+00 5.598679911256689845e-01 2.753707028418034053e+00 5.314353173368820293e+00 5.314353173368820293e+00 5.314353173368820293e+00 5.314353173368820293e+00
-8.754063128570852115e+00 -6.105771478350098036e+00 -3.686663201846350546e+00 -2.421112430450409025e+00 -1.060635767172665833e+00 2.727543314116335882e+00 3.232452923553955415e+00 3.291319333486689480e+00 4.237683598460963985e+00 5.112395597741531184e+00 4.682228283956354709e+00 4.726850543175734387e+00 3.690957807133997903e+00 3.348925482197198100e+00 5.521630395326873497e+00 5.521630395326873497e+00 5.521630395326873497e+00 5.521630395326873497e+00
-7.807561521492926815e+00 -5.710550972955589444e+00 -3.247073275221664446e+00 -2.162859069054394734e+00 -8.522085694016992563e-02 2.707642452577309289e+00 3.550842156813638351e+00 3.903637015732148718e+00 4.088694164349182536e+00 3.285340973452780311e+00 3.322556967391849803e+00 3.196233224779755577e+00 4.002811097409201935e+00 5.200487461842393522e+00 5.199183003993905317e+00 5.199183003993905317e+00 5.199183003993905317e+00 5.199183003993905317e+00
-7.440101627292804665e+00 -5.831221677457266495e+00 -2.944590737003568215e+00 -1.926223711148895124e+00 5.288554757597664635e-02 3.123950264233496199e+00 3.130735218372686646e+00 3.938188043855027409e+00 3.813260693808104396e+00 1.784144486837422994e+00 1.410726774221289670e+00 1.483161959492123039e+00 2.847802281083260389e+00 4.366789378274944511e+00 5.423694819351924323e+00 5.423694819351924323e+00 5.423694819351924323e+00 5.423694819351924323e+00
-8.194612739736950147e+00 -5.792327486325661745e+00 -2.726136882476393630e+00 -1.508460536601547108e+00 1.181087923205318857e+00 3.044921056605277343e+00 3.119451896693560045e+00 4.073244165777120784e+00 3.204848702205558730e+00 1.555599218477592416e+00 -3.360975813506270060e-01 8.725099393322517383e-01 2.002684166028481538e+00 3.645431421855250598e+00 5.543303878928572459e+00 5.543303878928572459e+00 5.543303878928572459e+00 5.543303878928572459e+00
-8.104525501061868198e+00 -5.740576406538863807e+00 -2.967214049937418885e+00 -1.469416487162144236e+00 1.273564146270541597e+00 3.120329697430086924e+00 3.208141205512420768e+00 4.083277666474477208e+00 3.008661625087677649e+00 1.464464393826338195e+00 -9.157705110307366725e-02 1.422282091557356409e-01 1.276733866730263456e+00 3.322765130736480721e+00 5.501248997383410000e+00 5.501248997383410000e+00 5.501248997383410000e+00 5.501248997383410000e+00
-8.231278106484875678e+00 -6.141848495526209817e+00 -3.396694706843138789e+00 -1.860896807508695572e+00 1.251136594805987157e-01 3.187780600310825108e+00 3.237525510839620591e+00 4.198033857962138349e+00 2.767493937281696681e+00 1.173990273757823610e+00 -2.663598781708123031e+00 -1.620428842321860685e+00 1.241045961440098155e+00 3.158838884772687816e+00 5.425608118157948745e+00 5.425608118157948745e+00 5.425608118157948745e+00 5.425608118157948745e+00
-8.139262826640361936e+00 -6.889873651758005479e+00 -3.760411879087201648e+00 -2.308469987978092774e+00 -2.195510436964251966e-01 3.169047393283690006e+00 3.241721288323062833e+00 4.032015154456649597e+00 2.350163123109745289e+00 3.131874498519930383e-01 -2.698843329213738595e+00 -1.631244432544646905e+00 1.237816060273799312e+00 3.465606982009319381e+00 5.615789304646702007e+00 5.615789304646702007e+00 5.615789304646702007e+00 5.615789304646702007e+00
-8.100652055622990844e+00 -7.045716780289819070e+00 -4.648018539576058927e+00 -2.407270925648363313e+00 -7.773928236424891836e-01 2.309864145112439537e+00 3.215095660070307559e+00 3.759295748614228216e+00 2.142406722949535602e+00 -3.803146020333884714e+00 -2.910598079192017629e+00 -1.353942214282835677e+00 1.322789966427374342e+00 3.701106271410221638e+00 5.327083863143755593e+00 5.327083863143755593e+00 5.327083863143755593e+00 5.327083863143755593e+00
-7.843191057591189619e+00 -7.160091799060110063e+00 -5.247103732041312085e+00 -3.302482486447519960e+00 -1.203319189317819227e+00 5.514101631597871922e-01 3.210623916850751769e+00 3.005483640796679179e+00 1.984808091291431431e+00 -4.082604345542671709e+00 -2.516316456007848590e+00 -7.793743073619794348e-01 1.544568284841099537e+00 3.746186995824374311e+00 5.756141015388424265e+00 5.756141015388424265e+00 5.756141015388424265e+00 5.756141015388424265e+00
-8.484967147611310878e+00 -7.672964429433770661e+00 -6.250209871683288121e+00 -4.120365121635102490e+00 -2.570863706564097129e+00 -8.516559825185726629e-01 1.111727754496536047e+00 2.789947258784494899e+00 1.397185571708733143e+00 -3.711964439099568303e+00 -1.942198422422565685e+00 1.090751368928879028e+00 1.839664754269825897e+00 4.148379964047398616e+00 5.753009838772586093e+00 5.753009838772586093e+00 5.753009838772586093e+00 5.753009838772586093e+00
-8.918812387953790832e+00 -7.895078404886481493e+00 -6.824212375018996468e+00 -5.252836048267930380e+00 -3.493255157898065288e+00 -1.792317231631038066e+00 -9.092332178843443025e-01 -3.404236778009449016e-01 1.832063474831805205e+00 -7.938862170992808664e-01 -4.220321859184639202e-01 -5.508601725281950939e-04 2.155331688507318599e+00 4.524963589704311673e+00 5.673740276177642983e+00 5.673740276177642983e+00 5.673740276177642983e+00 5.673740276177642983e+00
-9.132636788848643050e+00 -8.424477709970179973e+00 -7.518507063737833285e+00 -6.106387682716357901e+00 -4.512925342279384466e+00 -3.214288525707948097e+00 -1.570881754600172986e+00 -1.071170853235529519e+00 -5.769912882413137378e-01 1.434476288803811173e+00 -4.489096727620178195e-01 3.264141370753108617e-01 1.834313471139767060e+00 4.630380856154323155e+00 5.686567732652624940e+00 5.686567732652624940e+00 5.686567732652624940e+00 5.686567732652624940e+00
-9.356457971941885887e+00 -8.557394083391161033e+00 -8.028199756529978970e+00 -7.360467652117593573e+00 -6.161219302362538564e+00 -4.435711954559344861e+00 -2.769559219048641996e+00 -1.861877672942812811e+00 -1.424024150299647573e+00 1.141600609107025210e+00 5.221047206265355678e-01 -2.484056853943714671e-01 1.457742878332634051e+00 4.106615540893235661e+00 5.181511928899892538e+00 5.181511928899892538e+00 5.181511928899892538e+00 5.181511928899892538e+00
-1.010294659729422051e+01 -9.032415648298847799e+00 -8.707274743806175721e+00 -8.291098000656523581e+00 -7.467189649854926614e+00 -6.651893493896601228e+00 -4.273093907723379381e+00 -2.219461173835906465e+00 -1.753139049283223283e+00 -8.851438244890115215e-01 1.361498418916446962e+00 3.534594725575584961e-01 -5.402449981033901061e-01 4.020186658033098048e+00 5.972510923956877882e+00 5.972510923956877882e+00 5.972510923956877882e+00 5.972510923956877882e+00
-1.032893568314866783e+01 -9.958587330932054726e+00 -9.437061900958923388e+00 -9.035091633790905519e+00 -8.474331313722871073e+00 -7.433872386833360935e+00 -5.705344911700685806e+00 -3.392441744129034653e+00 -2.732515475344118094e+00 -1.942365109521426270e+00 -3.725447414798008228e-02 1.123731799285926369e+00 -1.239922800987056789e-01 4.484172313563280277e+00 5.982877156985603406e+00 5.982877156985603406e+00 5.982877156985603406e+00 5.982877156985603406e+00
-1.037515627680228647e+01 -1.005126051724837843e+01 -9.608736292405106738e+00 -9.255995678269254512e+00 -8.800543972454550001e+00 -7.774845308082202422e+00 -6.374250313738262896e+00 -4.791659995624650392e+00 -3.421616532888940299e+00 -2.606290085360767783e+00 -1.819719282682705330e+00 7.763759488008454834e-01 -2.613225297226830501e-01 3.935100927291096173e+00 5.831409138677424053e+00 5.831409138677424053e+00 5.831409138677424053e+00 5.831409138677424053e+00
-1.042413225593126747e+01 -1.015509749838735765e+01 -9.796802186114705435e+00 -9.376815011943614664e+00 -8.990972116898127808e+00 -8.080816877748757676e+00 -6.679606293214673585e+00 -5.580414453346103976e+00 -3.878821132316335962e+00 -3.020032773612137511e+00 -2.637263280017398070e+00 4.937485064773297627e-02 4.772434497262585396e-01 3.098993370083249044e+00 5.491249779817293231e+00 5.491249779817293231e+00 5.491249779817293231e+00 5.491249779817293231e+00
-1.042393551080140135e+01 -1.015411027588120341e+01 -9.845189423972481535e+00 -9.497890046240343054e+00 -9.054376057558002344e+00 -8.238266557378855381e+00 -6.866029877764086464e+00 -5.762979968967615108e+00 -4.567979059314407841e+00 -2.669392789288919765e+00 -2.392203241785015866e+00 -2.391475695229239307e-03 6.906351081078483389e-01 2.815281425778385582e+00 5.054496862675115665e+00 5.054496862675115665e+00 5.054496862675115665e+00 5.054496862675115665e+00
-1.045112159920834216e+01 -1.018157615594273935e+01 -9.956952467837869136e+00 -9.539049950043882120e+00 -9.147030458423317967e+00 -8.493665506140848365e+00 -7.127222555727039222e+00 -5.860658504312146633e+00 -5.442850229896170511e+00 -3.481801277620475421e+00 -1.669924726501071266e+00 -7.168523984650054803e-01 4.933811334616409749e-01 2.679155772461849772e+00 5.240780726819433966e+00 5.240780726819433966e+00 5.240780726819433966e+00 5.240780726819433966e+00
-1.057904251403993001e+01 -1.022482084738910046e+01 -9.910884777596663753e+00 -9.556807063754217069e+00 -9.192271454246236928e+00 -8.565403314122317369e+00 -7.306081327851689622e+00 -5.901012990143818193e+00 -5.749890361506695413e+00 -4.176900616992710980e+00 -2.262042904698858159e+00 -1.623699534115162990e+00 -1.698912750303369634e-01 2.112561211340903355e+00 5.398833262337818795e+00 5.398833262337818795e+00 5.398833262337818795e+00 5.398833262337818795e+00
-1.053808391129166822e+01 -1.022517707901679351e+01 -9.986056285565389601e+00 -9.646559396659121433e+00 -9.207520962988606783e+00 -8.714916720180649889e+00 -7.471487616487610950e+00 -5.785730974697154139e+00 -5.363424988724456277e+00 -4.151145970878160618e+00 -2.390827407368106616e+00 -2.566968572460905484e+00 -2.380010885460562553e-01 2.181711557542460156e+00 5.118925097733972862e+00 5.118925097733972862e+00 5.118925097733972862e+00 5.118925097733972862e+00
-1.055865595787471811e+01 -1.028190397246057941e+01 -9.966009712690716782e+00 -9.646009356895476117e+00 -9.312902470022022428e+00 -8.729800781533139542e+00 -7.483926538042724452e+00 -5.923916861232565445e+00 -5.291724884353982361e+00 -3.863520011317215008e+00 -4.896674328070037774e+00 -1.888475442927951331e+00 -4.763796595922907828e-01 2.058427095244502070e+00 4.720210480803193498e+00 4.720210480803193498e+00 4.720210480803193498e+00 4.720210480803193498e+00
-1.060707063026358199e+01 -1.030015592135972469e+01 -9.957416436039157048e+00 -9.633502220124276150e+00 -9.350404124703958431e+00 -8.785781516194600016e+00 -7.604529325796814732e+00 -5.944558080004223477e+00 -5.358641493805030187e+00 -3.601571009536572276e+00 -3.962478951071757294e+00 -2.606550403392311921e+00 -6.804969945032561807e-01 2.267653947735865483e+00 4.941561507634773420e+00 4.941561507634773420e+00 4.941561507634773420e+00 4.941561507634773420e+00
-1.065832241972931627e+01 -1.035765526766421551e+01 -9.982137839817966096e+00 -9.668373636058008813e+00 -9.400757466136981932e+00 -8.934885053363197827e+00 -7.610714992960273761e+00 -5.746362531512318128e+00 -5.382683592559904362e+00 -3.685655796420365782e+00 -4.059332008534518366e+00 -2.294172918095379377e+00 -7.831063314930242214e-01 2.267956575017269660e+00 4.720887809573901528e+00 4.720887809573901528e+00 4.720887809573901528e+00 4.720887809573901528e+00
