-1.048492216718947212e+01 -1.047220550111827286e+01 -9.996225696660577142e+00 -9.640431294912852778e+00 -9.343761338433166586e+00 -8.988169861494142765e+00 -8.393660191003602833e+00 -7.059556446028268262e+00 -3.506308456225524228e+00 -3.654713988383261114e+00 -1.767700741957594968e+00 1.381646859191173193e-01 4.102335145697526553e-01 2.062356018324735363e+00 5.161241426389021392e+00 5.161241426389021392e+00 5.161241426389021392e+00 5.161241426389021392e+00
-1.046912742937263197e+01 -1.025240500906710217e+01 -1.006689720476596506e+01 -9.795601826512505994e+00 -9.423376014392719213e+00 -8.914414187823778590e+00 -8.149400486763102691e+00 -6.712819926386004887e+00 -2.877373139371679489e+00 -4.086445389075349155e+00 -1.788735332634277642e+00 1.075677612586115051e-01 1.121087365470500696e+00 1.991430812739871437e+00 5.166374318549525668e+00 5.166374318549525668e+00 5.166374318549525668e+00 5.166374318549525668e+00
-1.028113897212498706e+01 -9.984667771632926403e+00 -9.860200116204518750e+00 -9.898477225953062231e+00 -9.637332299988754514e+00 -9.063865074374646724e+00 -8.128557931138770343e+00 -6.462624250806388027e+00 -2.885969773582405917e+00 -4.114786437580452372e+00 -8.700319482501512880e-01 -1.206974146568503548e-01 1.962082705909165670e+00 2.038638165392051782e+00 5.278318833314675551e+00 5.278318833314675551e+00 5.278318833314675551e+00 5.278318833314675551e+00
-1.043867637455007014e+01 -1.032127782949475936e+01 -9.720992240806182849e+00 -9.390342322010202025e+00 -9.276169610144942013e+00 -9.270210452907868159e+00 -8.123102661890861498e+00 -5.874798762411461261e+00 -2.391202388845941496e+00 -3.818105982266565501e+00 -1.043181370542242581e+00 4.922634980925709725e-01 1.420522408916396806e+00 2.119720606208843172e+00 4.832996032146467336e+00 4.832996032146467336e+00 4.832996032146467336e+00 4.832996032146467336e+00
-1.055311610596638339e+01 -1.028604016898869666e+01 -9.956964472957814394e+00 -9.584824812139329353e+00 -9.083915695715315763e+00 -8.651987415009566362e+00 -8.026444703575149830e+00 -5.110994547340596661e+00 -2.129240044470512405e+00 -3.004038718396633278e+00 -2.993034334278696362e-01 7.878538245616129032e-01 1.504767283107040443e+00 2.292908144136938997e+00 4.776275085267082332e+00 4.776275085267082332e+00 4.776275085267082332e+00 4.776275085267082332e+00
-1.032259323597573974e+01 -1.016178539595922992e+01 -1.013246918442311184e+01 -9.852760326653655198e+00 -9.340511644031318284e+00 -8.527199045433796698e+00 -7.853444077451689154e+00 -3.834953491296689165e+00 -4.397252477606113708e+00 -1.309842824397045247e+00 3.060548769817004744e-01 1.098478756550811175e+00 1.652592438251058615e+00 2.132305887439063685e+00 4.474632020507135266e+00 4.474632020507135266e+00 4.474632020507135266e+00 4.474632020507135266e+00
-1.056420497523434321e+01 -1.021519303394032363e+01 -1.003791049716445016e+01 -9.865215935207199749e+00 -9.288049666942360005e+00 -8.472360723656235493e+00 -6.759961225501943893e+00 -2.658442105598440630e+00 -4.231566129088813355e+00 -7.555427635115499196e-01 9.018933896998466704e-01 1.901485271573942093e+00 1.714953060021513931e+00 3.086125679691874790e+00 4.398013549273706246e+00 4.398013549273706246e+00 4.398013549273706246e+00 4.398013549273706246e+00
-1.042188339324041202e+01 -1.022545599944773365e+01 -1.013677829998802871e+01 -9.761284917265420802e+00 -9.224127898769713951e+00 -8.285240719910163421e+00 -4.965410045697473684e+00 -3.362598231829907469e+00 -3.206611955639095513e+00 -1.825758422791659008e-01 1.301294840912828876e+00 2.021459464589481669e+00 1.876401657227114939e+00 4.278620470110757523e+00 5.176897689883566578e+00 5.176897689883566578e+00 5.176897689883566578e+00 5.176897689883566578e+00
-1.034599438976238694e+01 -1.014553179985622577e+01 -9.468543414567934136e+00 -9.211228730296486589e+00 -8.414877610977725908e+00 -7.024590427731925324e+00 -3.267116654563068767e+00 -4.311335799600863439e+00 -2.307817391086679049e+00 6.692829072427978199e-01 2.049403601057389057e+00 2.716229324609958695e+00 3.249148864619571420e+00 4.757162426315058923e+00 5.263271698313948477e+00 5.263271698313948477e+00 5.263271698313948477e+00 5.263271698313948477e+00
-1.057341622943472181e+01 -1.018855054065723564e+01 -9.373841959757985620e+00 -8.466017611501921891e+00 -7.522629076965142936e+00 -5.480477427458327000e+00 -3.015337116683620700e+00 -4.256172629240891681e+00 -2.302843562710960024e-01 1.569422013882356026e+00 2.843459665883700360e+00 3.387725113331013116e+00 4.921863045065984821e+00 4.955756702452822182e+00 5.431872947527430107e+00 5.431872947527430107e+00 5.431872947527430107e+00 5.431872947527430107e+00
-1.021606670187596677e+01 -9.592198959488541732e+00 -9.061868137420031388e+00 -8.487743625351766852e+00 -6.952187426411905236e+00 -3.887090641135246383e+00 -3.805987807035261739e+00 -3.021179605686537428e+00 4.948131931195529631e-01 2.784491476910526231e+00 2.932940762134656598e+00 4.560006061524532583e+00 2.984521805358819613e+00 2.296222583992635347e+00 5.780764025350924484e+00 5.780764025350924484e+00 5.780764025350924484e+00 5.780764025350924484e+00
-9.870738031289434389e+00 -9.113047707174697365e+00 -8.353982507486389153e+00 -8.074695579966098435e+00 -5.516505842598888876e+00 -2.426910060937283564e+00 -3.412282607978342597e+00 -6.353297557505535043e-01 1.606238026522042839e+00 3.228492181571799957e+00 4.363899046990040276e+00 3.715315963460915416e+00 2.076806761145163271e+00 2.446212567039447450e+00 5.198824102887608767e+00 5.198824102887608767e+00 5.198824102887608767e+00 5.198824102887608767e+00
-9.481728635050938436e+00 -8.685321355826264522e+00 -7.978959765529894277e+00 -6.443981403908353833e+00 -4.019957403688374953e+00 -3.499053747410707960e+00 -3.147422750970199967e+00 -8.007247571721706758e-03 3.372419209948857688e+00 3.971999344726562242e+00 4.704085756509741145e+00 2.217128795683859011e+00 4.834512193883351294e-01 2.340409097525761872e+00 4.934355689450137916e+00 4.934355689450137916e+00 4.934355689450137916e+00 4.934355689450137916e+00
-1.006862075715355154e+01 -8.059115954713352181e+00 -6.894030156364532758e+00 -5.359853218304660771e+00 -2.717598301197662991e+00 -2.449482690860169676e+00 -2.102707973067047487e+00 8.343956872663689239e-01 3.246858135316038396e+00 4.903373595396396389e+00 3.239813994169593592e+00 -1.992419803468453265e+00 3.926048738733903809e-01 2.525028590465881795e+00 5.157408405414775743e+00 5.157408405414775743e+00 5.157408405414775743e+00 5.157408405414775743e+00
-9.549286964768441521e+00 -7.737194930358494815e+00 -5.971765641060195584e+00 -4.512112583330044835e+00 -2.128421797881495436e+00 -2.966485720821809391e+00 -2.311116715789674481e-01 2.692926689690114284e+00 3.468965058283506320e+00 5.528749321590984422e+00 4.348006246819788423e+00 -7.034340457428571725e-01 9.711482777600435323e-01 2.530450722111886375e+00 5.283011326600739466e+00 5.283011326600739466e+00 5.283011326600739466e+00 5.283011326600739466e+00
-9.124099286676008447e+00 -7.077241169357836981e+00 -5.204606775886976067e+00 -3.715619250526345674e+00 -1.768444083317301629e+00 -2.380009098291321123e+00 4.739579133092102770e-01 2.944084219016867010e+00 4.097738818037923281e+00 6.114293017450313172e+00 5.876669922443626071e+00 2.036143948623043265e+00 6.982304204852066709e-01 2.734245978156896850e+00 5.356410369355578460e+00 5.356410369355578460e+00 5.356410369355578460e+00 5.356410369355578460e+00
-8.851232828942585229e+00 -6.582823550927489720e+00 -4.731271172672624203e+00 -3.203761035278377189e+00 -2.369606877746815332e+00 -1.169539751254733861e+00 2.361203894836176431e+00 3.267252485120329730e+00 4.155867816894327937e+00 5.023606572219163624e+00 4.501970786375428801e+00 4.606093508768212885e+00 3.516138178196524855e+00 3.205155303654302568e+00 5.705301447179060403e+00 5.705301447179060403e+00 5.705301447179060403e+00 5.705301447179060403e+00
-8.148865888883754849e+00 -6.364002319074067771e+00 -4.236781145291502959e+00 -2.188572781350945906e+00 -2.806479845774064508e+00 -1.421230551347071880e-01 3.533421842816919511e+00 3.826675322718814165e+00 3.939079200253351232e+00 3.214571537235180188e+00 3.156058161280859586e+00 3.090550301650941467e+00 3.901398917791959686e+00 5.098258354059230335e+00 5.249954207905617842e+00 5.249954207905617842e+00 5.249954207905617842e+00 5.249954207905617842e+00
-7.626145145834252403e+00 -6.248080384487650463e+00 -4.236967076710620894e+00 -1.775420324768328673e+00 -2.688051721743770273e+00 3.804724830077766407e-01 2.974260686708719348e+00 3.716998655723336320e+00 3.689594787884709515e+00 1.804217644272545495e+00 1.525913409129846743e+00 1.560760630530193316e+00 2.766630490114843077e+00 4.261446216643722806e+00 5.051545112515624325e+00 5.051545112515624325e+00 5.051545112515624325e+00 5.051545112515624325e+00
-8.022749817526646510e+00 -6.209406412027371758e+00 -3.741764456209368817e+00 -1.635744384454260292e+00 -2.093161033806777205e+00 6.487246141548745904e-01 3.175925567248078618e+00 3.937824116106019900e+00 3.006889768712255329e+00 1.515939814920165052e+00 8.599444233534526694e-01 9.938561602349895718e-01 1.923626580900548610e+00 3.581307426486660006e+00 5.382686998982147308e+00 5.382686998982147308e+00 5.382686998982147308e+00 5.382686998982147308e+00
-8.258544082423375343e+00 -6.418610770067394000e+00 -4.059019150156695233e+00 -2.903506593911239886e+00 -1.999910520889164989e+00 3.871926661166130157e-01 3.094794020883992580e+00 4.022040540181448520e+00 2.958187499776247620e+00 1.371197378834067671e+00 5.329098660889076688e-01 3.909273089201399376e-01 1.221853557094367160e+00 3.203505317388656959e+00 5.321140285493432209e+00 5.321140285493432209e+00 5.321140285493432209e+00 5.321140285493432209e+00
-8.213956634248525290e+00 -6.650953932045883477e+00 -3.972511498989240497e+00 -2.710542850335190934e+00 -2.209339902555839341e+00 3.992955676533384013e-01 3.290386077666500597e+00 3.989088185155268196e+00 2.736713737298177129e+00 1.091700388474995176e+00 -2.468123523732256075e+00 -1.668695059832972394e+00 1.149626833854165531e+00 3.077590927597184667e+00 5.287256582842017494e+00 5.287256582842017494e+00 5.287256582842017494e+00 5.287256582842017494e+00
-8.213444191615328904e+00 -6.963856679843303255e+00 -4.757405419286219406e+00 -2.286988272688895041e+00 -2.056607035619220092e+00 2.561885270003546045e-01 3.418124866051516442e+00 3.905847940600576162e+00 2.258541027532826817e+00 6.943430263817165216e-01 -2.530885798098657880e+00 -1.565901891997533379e+00 1.134136334271185209e+00 3.376814840289489084e+00 5.478599530296214049e+00 5.478599530296214049e+00 5.478599530296214049e+00 5.478599530296214049e+00
-8.182658503244203629e+00 -7.295145098071164291e+00 -5.139946204045717337e+00 -2.739873640855155390e+00 -2.162719967652772191e+00 -1.818211166452859406e-01 2.191731660294212070e+00 3.601256503268439157e+00 1.968075658258343630e+00 -1.323145433310089381e+00 -2.636851630862899309e+00 -1.361773698912855712e+00 1.179421594320379407e+00 3.694816019762185988e+00 4.945681819616448038e+00 4.945681819616448038e+00 4.945681819616448038e+00 4.945681819616448038e+00
-8.073167569820423495e+00 -7.204320254988406447e+00 -5.691676344079564132e+00 -4.156493769757446444e+00 -2.162427602046224084e+00 -1.678692194269553406e+00 6.598060952775992583e-01 2.755661433210423450e+00 2.296922842508341667e+00 -3.719383730081112116e+00 -2.321414419957948727e+00 -5.143837866215356103e-01 1.448148268745647060e+00 3.676919208861747279e+00 5.462114841811914978e+00 5.462114841811914978e+00 5.462114841811914978e+00 5.462114841811914978e+00
-8.371690969184236053e+00 -7.861521603732178676e+00 -6.635852432605387818e+00 -4.840584246041006899e+00 -3.056514172193436352e+00 -2.051882076638889441e+00 -9.973912098438756368e-01 1.232528076470257528e+00 2.138434096344269619e+00 -3.177945116844484996e+00 -2.183131833383589737e-01 1.002916482365137529e+00 1.838799421250342903e+00 4.263014754520094485e+00 5.434662441467495775e+00 5.434662441467495775e+00 5.434662441467495775e+00 5.434662441467495775e+00
-8.773206402783415570e+00 -7.876496245502909943e+00 -7.058096561839142247e+00 -5.643431563173060717e+00 -4.042830772991993449e+00 -2.297867135588195886e+00 -2.515689764237114101e+00 2.944653148375211416e-01 1.425471492091218373e+00 -6.103136767404623159e-02 2.019293509408622289e-01 7.718928987555311316e-01 2.200944287482925699e+00 4.695344317473834295e+00 5.359269244386130282e+00 5.359269244386130282e+00 5.359269244386130282e+00 5.359269244386130282e+00
-9.117549214269388358e+00 -8.187328552864098441e+00 -7.368639755852924189e+00 -6.624180387321178642e+00 -5.138466301772699474e+00 -3.573601304158599667e+00 -2.522118347464540111e+00 -2.125186227892053026e+00 2.994481383215406023e-01 1.184128211558643118e+00 6.432200393013794981e-01 -3.779556572098003997e-01 1.736106734557204989e+00 4.866154962215876623e+00 5.325385541734714678e+00 5.325385541734714678e+00 5.325385541734714678e+00 5.325385541734714678e+00
-9.429779099184134594e+00 -8.521559125564596826e+00 -7.998342484414989961e+00 -7.291123187556930674e+00 -6.316271909818342856e+00 -4.996864889027792245e+00 -2.625552030435958528e+00 -2.851134170942085877e+00 -3.158817944247828136e-01 9.357111642732351964e-01 9.576617139140265467e-01 7.911239443805723193e-01 1.036445039419308989e+00 4.042343921357913317e+00 4.899598887521486645e+00 4.899598887521486645e+00 4.899598887521486645e+00 4.899598887521486645e+00
-9.902255529910730658e+00 -9.004294512184475963e+00 -8.522488260942857607e+00 -8.064914436635572059e+00 -7.358849772039208759e+00 -6.419262600764064075e+00 -4.100315504236565545e+00 -2.537920000543571586e+00 -2.039507343302586317e+00 4.374280424936073386e-01 8.450245277894941065e-01 9.736122534210693846e-01 2.015854790439881306e-01 3.905089077410601295e+00 5.529459379116037354e+00 5.529459379116037354e+00 5.529459379116037354e+00 5.529459379116037354e+00
-1.030173279810793474e+01 -9.869472261055054929e+00 -9.350640183326472510e+00 -8.852664228830436244e+00 -8.270698500683288046e+00 -7.182831690295052418e+00 -5.399666919601778581e+00 -2.665299911865498306e+00 -2.792230362714600567e+00 -7.778146669270233349e-02 8.625141223631370702e-01 9.464087430373562260e-01 2.565509024314913678e-01 4.365381980341656032e+00 5.506675103011597905e+00 5.506675103011597905e+00 5.506675103011597905e+00 5.506675103011597905e+00
-1.039653187924595379e+01 -1.003182815885842238e+01 -9.574465492657985521e+00 -9.157926388400586148e+00 -8.558450575021669948e+00 -7.625548508697717942e+00 -6.332916888339338968e+00 -3.591847207829919952e+00 -2.770384708716622235e+00 -1.212800516493393266e+00 6.485041647716688340e-01 9.059246757875292211e-01 7.982373913340231608e-01 3.038539881343865545e+00 5.431281905930239517e+00 5.431281905930239517e+00 5.431281905930239517e+00 5.431281905930239517e+00
-1.052401159940227870e+01 -1.013162105674355651e+01 -9.744120808434670877e+00 -9.293823726466090562e+00 -8.830344880371580274e+00 -7.913052890359785430e+00 -6.662991779156437921e+00 -4.939590629398596278e+00 -2.328705924700478658e+00 -2.817614597134322274e+00 2.645814052657452509e-01 8.149932042386655029e-01 5.880786331908480769e-01 2.746425462568534925e+00 5.397398203278821249e+00 5.397398203278821249e+00 5.397398203278821249e+00 5.397398203278821249e+00
-1.048516493411469419e+01 -1.018522377219313846e+01 -9.802586792595620935e+00 -9.433283450141718873e+00 -8.921788911294477487e+00 -8.090704670816569077e+00 -6.939922622963536014e+00 -5.562430205883122980e+00 -2.938150079568218054e+00 -3.242736626712440007e+00 -2.939684205879078971e-01 6.414242440248872912e-01 8.185916104947014160e-01 2.665830808654033657e+00 4.818423408588257573e+00 4.818423408588257573e+00 4.818423408588257573e+00 4.818423408588257573e+00
-1.050075249408716971e+01 -1.019975046483339298e+01 -9.878566898062160817e+00 -9.512902461247414010e+00 -9.014505473746000419e+00 -8.310970856782907035e+00 -7.130153228256479458e+00 -5.722466675343076403e+00 -4.254932880976693532e+00 -3.282383445364582819e+00 -1.298654975634095488e+00 3.203473687123521985e-01 3.447311158531068953e-01 2.813305405389173064e+00 5.057895295018473902e+00 5.057895295018473902e+00 5.057895295018473902e+00 5.057895295018473902e+00
-1.053564539872042438e+01 -1.023993964981732674e+01 -9.886252555276128007e+00 -9.511166783434266137e+00 -9.105940115046861294e+00 -8.388864364442209620e+00 -7.240060640760090038e+00 -5.867167656262831876e+00 -4.733113043266759412e+00 -2.823934235392879799e+00 -2.532813989942637178e+00 3.975050709477977867e-02 5.188387403158541966e-01 2.484128111940838934e+00 5.578687764555708917e+00 5.578687764555708917e+00 5.578687764555708917e+00 5.578687764555708917e+00
-1.055188942326838841e+01 -1.022290260190996314e+01 -9.942354643289322169e+00 -9.584299615160563945e+00 -9.152258529223077588e+00 -8.555901672087383503e+00 -7.341736481190817010e+00 -5.897593463418711046e+00 -4.837768203268936418e+00 -2.535045520508560468e+00 -2.833868113706951686e+00 -1.988841124510925540e-01 6.110676589823878235e-02 2.516785053590224308e+00 5.544804061904292425e+00 5.544804061904292425e+00 5.544804061904292425e+00 5.544804061904292425e+00
-1.056466267893825872e+01 -1.027815465501891623e+01 -9.937895757673093300e+00 -9.609696432616660289e+00 -9.231613483672482801e+00 -8.583975062093758268e+00 -7.406143334087750496e+00 -5.949433203204900877e+00 -5.064395645309080152e+00 -2.570082606921941348e+00 -3.054331736563229871e+00 -1.756469768866189829e-01 -8.992402198617596709e-02 2.504247131042098395e+00 5.469410864822930485e+00 5.469410864822930485e+00 5.469410864822930485e+00 5.469410864822930485e+00
-1.061847801491538945e+01 -1.031357288397341065e+01 -9.975589743008658417e+00 -9.641206540954518900e+00 -9.301566750530916750e+00 -8.648582510488212804e+00 -7.541709470021564776e+00 -5.911327964968472237e+00 -5.212876370098802781e+00 -3.477942665464138994e+00 -2.941061293792339715e+00 -3.867384715859570332e-01 -5.381710570400333182e-02 2.463300739089575142e+00 4.853053585093196176e+00 4.853053585093196176e+00 4.853053585093196176e+00 4.853053585093196176e+00
-1.062971747158945135e+01 -1.035523092119045785e+01 -1.000729084644695455e+01 -9.668049617422786568e+00 -9.370118749182500650e+00 -8.838681719006803661e+00 -7.571899107692587449e+00 -5.809962637115885897e+00 -5.385175634395793054e+00 -3.813329888668169687e+00 -2.634462560616188664e+00 -1.153046969339905248e+00 -3.197321982840486410e-01 2.321213392566157996e+00 5.048648068128846589e+00 5.048648068128846589e+00 5.048648068128846589e+00 5.048648068128846589e+00
