-1.056865043891463252e+01 -1.022965130329790284e+01 -9.971409844699261171e+00 -9.611490150250000752e+00 -9.301811408739810716e+00 -8.940224556954795787e+00 -8.227014929091005513e+00 -6.578980010662265343e+00 -3.927536099741358200e+00 -3.859329956410164186e+00 -2.492492056536276035e+00 -2.928099063841060890e-01 1.447824676324344972e+00 2.093160156818164364e+00 5.463466345230126642e+00 5.463466345230126642e+00 5.463466345230126642e+00 5.463466345230126642e+00
-1.043157086518425913e+01 -1.011908610534041841e+01 -9.994480231079393207e+00 -9.760223710852924839e+00 -9.391470432412127423e+00 -8.844520952750126952e+00 -7.971707676040043822e+00 -6.020384660254431530e+00 -4.078286446813002009e+00 -4.234783029787104525e+00 -1.784163096275064975e+00 1.241650484214026767e-01 1.774765363296356924e+00 2.063311851538163211e+00 5.306883677706569991e+00 5.306883677706569991e+00 5.306883677706569991e+00 5.306883677706569991e+00
-1.036720999352566608e+01 -9.910487009337911601e+00 -9.913271683137008239e+00 -9.884913366757730913e+00 -9.500230787550938416e+00 -8.923149871929719978e+00 -7.933731828395250041e+00 -5.758222536505408939e+00 -2.859584529713854462e+00 -3.714332295841901832e+00 -9.702288940008251261e-01 2.404818701386642887e-01 2.156540089096974366e+00 2.099246111978180895e+00 5.692003928670733792e+00 5.692003928670733792e+00 5.692003928670733792e+00 5.692003928670733792e+00
-1.041942040353969823e+01 -1.016510438716933962e+01 -9.702945558731888909e+00 -9.412508602441265637e+00 -9.375431617779661053e+00 -9.039243024447747743e+00 -7.821879709246990942e+00 -4.714792018314949651e+00 -2.769488956039473759e+00 -2.528811069747154860e+00 -6.264655581462801326e-01 5.840779495482889550e-01 2.181525106674941483e+00 2.112221052452671888e+00 4.974023949040439874e+00 4.974023949040439874e+00 4.974023949040439874e+00 4.974023949040439874e+00
-1.052302663353165002e+01 -1.020992705111075693e+01 -9.962264308473782748e+00 -9.481430961725669349e+00 -8.922978055045813761e+00 -8.588418471920473252e+00 -7.177547813803105470e+00 -4.049452617142104138e+00 -3.488639079492802608e+00 -3.504123922756892995e+00 -6.505059439872014071e-01 1.199756667126574694e+00 1.672608877433120700e+00 2.328730110477867044e+00 4.972050896466422287e+00 4.972050896466422287e+00 4.972050896466422287e+00 4.972050896466422287e+00
-1.026822983549832813e+01 -1.016641906307146748e+01 -1.015739439004739353e+01 -9.781321534357481084e+00 -9.221885954973025434e+00 -8.283051579797380271e+00 -6.738593851580287897e+00 -4.813587080581979372e+00 -3.986709440685040740e+00 -2.284346448546421104e+00 -1.396278291124556925e-01 1.355340696536971423e+00 1.606141504113115737e+00 2.128226280472904630e+00 4.607893862370249671e+00 4.607893862370249671e+00 4.607893862370249671e+00 4.607893862370249671e+00
-1.048397276271372824e+01 -1.020376938010841528e+01 -1.002706695699748352e+01 -9.706697741980820027e+00 -9.208865014583226483e+00 -8.269389157765838050e+00 -5.283750377969663958e+00 -5.029260997354836782e+00 -3.594685172374396664e+00 -1.446977229844791379e+00 8.418404449138674472e-01 1.897059635085727836e+00 1.742179169769995095e+00 3.014388554743628656e+00 4.442834079418970461e+00 4.442834079418970461e+00 4.442834079418970461e+00 4.442834079418970461e+00
-1.037359881320936950e+01 -1.020101287779066723e+01 -1.007696463218539051e+01 -9.638429179663329904e+00 -9.107567860839079543e+00 -7.967237432259023144e+00 -4.022642300493162182e+00 -4.599859372636505128e+00 -3.055695208571284294e+00 -7.882312656600205525e-01 1.182129364836786989e+00 1.951757318983097234e+00 1.905615660383644716e+00 4.280113729278873791e+00 5.344396686154566645e+00 5.344396686154566645e+00 5.344396686154566645e+00 5.344396686154566645e+00
-1.042128231688973727e+01 -1.000388264125859905e+01 -9.615017413678975444e+00 -9.509385531921122237e+00 -8.425438299656983432e+00 -6.869744919847279974e+00 -3.656697700034509779e+00 -4.789688586544922799e+00 -2.216528952713826328e+00 -4.622789232854550567e-01 1.975365871058662792e+00 2.607243484117626409e+00 3.233294570229527487e+00 4.676702343340914503e+00 5.592629821737986617e+00 5.592629821737986617e+00 5.592629821737986617e+00 5.592629821737986617e+00
-1.060564894473478148e+01 -1.012131885359872285e+01 -9.221851945221498426e+00 -8.442459434569244081e+00 -7.532312307380814254e+00 -5.540637314225859811e+00 -2.557510844939637984e+00 -4.018761959525381400e+00 -8.406892130782137595e-01 6.796188298762640967e-01 2.714406661734929394e+00 3.356578946423288912e+00 4.873308647583045605e+00 4.938411380217364588e+00 5.563149972192433346e+00 5.563149972192433346e+00 5.563149972192433346e+00 5.563149972192433346e+00
-1.027900783942704344e+01 -9.699893629426775021e+00 -8.971331610950462832e+00 -8.483698720143113547e+00 -6.768820996824467251e+00 -4.237756228599518060e+00 -3.728655521330657585e+00 -2.243658771892931725e+00 -6.174009521463021816e-02 2.101562271378500935e+00 2.815850678690678954e+00 4.530242909537483875e+00 3.053030462268275791e+00 2.213162297507344611e+00 5.593192352173439019e+00 5.593192352173439019e+00 5.593192352173439019e+00 5.593192352173439019e+00
-9.927349356733062180e+00 -9.177273931403648888e+00 -8.500939599094989418e+00 -7.835755196074638107e+00 -5.853568749637287461e+00 -3.038256223083671159e+00 -3.648481801052871454e+00 -2.379171141405892254e+00 5.209193193387320342e-01 3.148017265149145594e+00 4.363292625211903086e+00 3.700792733040224380e+00 2.038508296525291641e+00 2.491103647992734427e+00 5.673741261903580302e+00 5.673741261903580302e+00 5.673741261903580302e+00 5.673741261903580302e+00
-9.550501104642682648e+00 -8.804990093918100058e+00 -7.921595274542116094e+00 -6.704007414275527488e+00 -4.975684394462122739e+00 -2.344117156150906212e+00 -4.055361612978728658e+00 -5.842756359440272051e-01 1.690264268920993906e+00 3.886200141036503020e+00 4.519263389683430887e+00 2.052796966900390263e+00 8.012901068218052369e-01 2.368629797752982213e+00 5.560180487262525340e+00 5.560180487262525340e+00 5.560180487262525340e+00 5.560180487262525340e+00
-9.904633276868226588e+00 -8.152723787314391402e+00 -7.203909762302632913e+00 -5.748686090592720177e+00 -3.649931201348220799e+00 -2.028859407952314342e+00 -2.928221673690496019e+00 2.351945317378924538e-01 3.228424069798855989e+00 4.836341141310837699e+00 3.236238174658340405e+00 -1.935049206306866942e+00 4.215469992999588134e-01 2.443174913876579257e+00 5.585299589636393058e+00 5.585299589636393058e+00 5.585299589636393058e+00 5.585299589636393058e+00
-9.723412239568643756e+00 -7.744242145043925163e+00 -6.300140527074019836e+00 -4.822012166165828617e+00 -2.732551199913507922e+00 -2.086700599023769698e+00 -2.060126188407907399e+00 1.286134783167775852e+00 3.349463081666479880e+00 5.437708400882126369e+00 4.327342351968114897e+00 -1.010667677129323261e+00 9.890306700655635552e-01 2.446636013831771983e+00 5.502569066761710204e+00 5.502569066761710204e+00 5.502569066761710204e+00 5.502569066761710204e+00
-9.012402561194640782e+00 -7.273389936321358107e+00 -5.681691998046010994e+00 -3.816816120980828675e+00 -3.304790609961383741e+00 -2.286904976816416024e+00 -1.305589540499686896e+00 2.705456166321493328e+00 3.960099156196788428e+00 5.978448485957949643e+00 5.836865986354869307e+00 1.941423824091349948e+00 7.390018818991243021e-01 2.630611132353725345e+00 5.477111677590903227e+00 5.477111677590903227e+00 5.477111677590903227e+00 5.477111677590903227e+00
-8.885232429801178000e+00 -6.832844065087768648e+00 -5.109706520226927395e+00 -3.024579733730278441e+00 -3.319693446653863234e+00 -2.750260626301009204e+00 -4.636562681360557603e-01 3.307533900754950462e+00 4.122451866836828849e+00 5.008720374541043796e+00 4.509241508956079336e+00 4.556091133682242500e+00 3.549963060762279632e+00 3.108409484008904489e+00 5.466694940135981895e+00 5.466694940135981895e+00 5.466694940135981895e+00 5.466694940135981895e+00
-8.262833339077229056e+00 -6.588886356294524127e+00 -4.923722220485097445e+00 -2.979292739934964018e+00 -2.492032254781578082e+00 -3.097358710005293059e+00 1.127177197410705045e-01 3.801303438605095675e+00 3.884133373034244219e+00 3.175968374477248890e+00 3.200092029943883531e+00 3.116803470756137173e+00 3.886051023642646651e+00 5.049708043944497682e+00 5.534910478535589817e+00 5.534910478535589817e+00 5.534910478535589817e+00 5.534910478535589817e+00
-7.734915906117154627e+00 -6.581495994610268241e+00 -4.750037243061215442e+00 -2.929587852749643950e+00 -1.675925560644940582e+00 -2.193512041822399894e+00 1.048577783606266856e+00 3.732149836892853401e+00 3.671007365894712215e+00 1.788248195683554753e+00 1.634536691902180650e+00 1.678886174976943702e+00 2.725398379730276766e+00 4.256810064439441099e+00 5.456273378593301970e+00 5.456273378593301970e+00 5.456273378593301970e+00 5.456273378593301970e+00
-7.817833364262670948e+00 -6.383896067614410086e+00 -4.827746787676280960e+00 -2.770144630254723239e+00 -1.192023388941244155e+00 -5.395811732936941496e-01 2.577663368496655671e+00 3.890788590464407726e+00 3.013295252828488202e+00 1.588380176262406351e+00 1.172306571267043074e+00 1.211410871370426134e+00 1.936775080881741662e+00 3.604659071555935235e+00 5.471341088202265723e+00 5.471341088202265723e+00 5.471341088202265723e+00 5.471341088202265723e+00
-8.352214430533729583e+00 -6.485137556950198778e+00 -4.638374244728264983e+00 -2.557401443764548699e+00 -1.386119189516524131e+00 -4.344353205008567587e-01 3.197681521984995001e+00 3.940607728317446767e+00 2.918726802517393359e+00 1.499365874661525710e+00 9.002415535054932860e-01 6.725436554631505359e-01 1.282084030150863807e+00 3.228605454533290064e+00 5.439850442419702503e+00 5.439850442419702503e+00 5.439850442419702503e+00 5.439850442419702503e+00
-8.178954028849300784e+00 -6.933896638375008692e+00 -4.752037926819039804e+00 -2.563085159735672747e+00 -1.928486382441063629e+00 -1.392939633343932115e+00 1.590204394668761401e+00 3.955836105939587899e+00 2.678087312599965131e+00 1.353348573487643147e+00 -1.916544823681778142e+00 -1.566662375863761447e+00 1.187927529152884354e+00 3.073939337372470604e+00 5.414393053248896415e+00 5.414393053248896415e+00 5.414393053248896415e+00 5.414393053248896415e+00
-8.237607775843386548e+00 -6.991793614901016696e+00 -5.226075160100213779e+00 -2.964139686942681262e+00 -2.229401537846549264e+00 -1.567146531823405020e+00 1.636214295487652959e-01 3.811817805750650212e+00 2.273740772984929936e+00 1.099829510235189378e+00 -2.363529236211648676e+00 -1.467146324934500257e+00 1.157862068773313879e+00 3.399102842475130615e+00 5.393322489620556937e+00 5.393322489620556937e+00 5.393322489620556937e+00 5.393322489620556937e+00
-8.173906457575544238e+00 -7.373488298878919878e+00 -5.497579525118716504e+00 -3.718844913787221262e+00 -2.088057321667519339e+00 -1.450708802166722933e+00 -1.227136728831893731e+00 3.506692313365213032e+00 2.108592569807390404e+00 6.259693903070402410e-01 -2.471132434460693084e+00 -1.025161831683971680e+00 1.199904638981791560e+00 3.646848529333340139e+00 5.386952186535763687e+00 5.386952186535763687e+00 5.386952186535763687e+00 5.386952186535763687e+00
-8.191784568844571623e+00 -7.295926595202187670e+00 -6.034723050350592644e+00 -4.638487133177141786e+00 -2.935159862707446443e+00 -1.391618577547941715e+00 -1.729115744378665553e+00 1.488831530593944574e+00 2.455298473770618717e+00 -3.272486075581255704e+00 -2.209276882190994939e+00 -4.968090993381597542e-01 1.456146225929196625e+00 3.721769984493028094e+00 5.468330042567711047e+00 5.468330042567711047e+00 5.468330042567711047e+00 5.468330042567711047e+00
-8.324794639382030681e+00 -7.763050160854016113e+00 -6.393882930660399033e+00 -5.170902288570424332e+00 -3.933499953501676583e+00 -1.959794919049645312e+00 -2.217904078112254318e+00 3.018131216576136477e-01 2.260040201684336836e+00 -2.849056398448859717e+00 2.413283309688193934e-01 1.022911164878571588e+00 1.808481509681430399e+00 4.194998791456282738e+00 5.439284266980328297e+00 5.439284266980328297e+00 5.439284266980328297e+00 5.439284266980328297e+00
-8.753640060561334479e+00 -7.867267639259535983e+00 -6.827526443889516905e+00 -5.782553329269465081e+00 -4.651670811991119869e+00 -2.998458460589958019e+00 -2.688201189858212548e+00 -1.887709744749364704e+00 1.415198654400449563e+00 1.072027852660582425e+00 2.366226143095013223e-01 8.964688966386062940e-01 2.138684444503293758e+00 4.779140558064135291e+00 5.377131818077691250e+00 5.377131818077691250e+00 5.377131818077691250e+00 5.377131818077691250e+00
-9.110967584307394063e+00 -8.200402584290122476e+00 -7.298093033558661347e+00 -6.376342854610790312e+00 -5.387486067937544476e+00 -4.253436711513887580e+00 -2.098029683008642898e+00 -2.575703069328366457e+00 3.654772723739045936e-01 1.581108041722359525e+00 1.012414420416001715e+00 4.681283377717285199e-01 1.739478918747006331e+00 4.909549687712233990e+00 5.351674428906883385e+00 5.351674428906883385e+00 5.351674428906883385e+00 5.351674428906883385e+00
-9.413454362009785470e+00 -8.524751926503588706e+00 -7.843154557985356767e+00 -7.186096211776296094e+00 -6.379122024513725009e+00 -5.176314296697690942e+00 -2.642660788432041663e+00 -2.988369677576309336e+00 -1.353646449534362306e+00 1.408457370393397134e+00 1.314722952807546363e+00 8.817238550088351001e-01 9.920078732009010025e-01 4.064256347331234309e+00 5.313303375433666709e+00 5.313303375433666709e+00 5.313303375433666709e+00 5.313303375433666709e+00
-9.798681921158689079e+00 -8.945796782072076070e+00 -8.436999318463087150e+00 -7.961715832300686024e+00 -7.304075053113000315e+00 -6.375290035983732118e+00 -4.040144412793209128e+00 -2.103600392293470733e+00 -2.288305686734696476e+00 7.220397865510891355e-01 1.337488539015175171e+00 1.145915124798604801e+00 5.713136256703624238e-02 3.905922086805010185e+00 5.268762184824389294e+00 5.268762184824389294e+00 5.268762184824389294e+00 5.268762184824389294e+00
-1.020350441141614617e+01 -9.759124997298819437e+00 -9.246281547183725635e+00 -8.706906085067156909e+00 -8.125337399596837429e+00 -7.108554195918468821e+00 -5.051486660696708597e+00 -2.151392929337586413e+00 -3.130141154518073066e+00 3.744604191072529176e-01 1.233513992854975427e+00 1.213643670263626628e+00 5.517614054095261178e-01 4.460861138337500975e+00 5.400908945886638612e+00 5.400908945886638612e+00 5.400908945886638612e+00 5.400908945886638612e+00
-1.037640339561698966e+01 -9.970357791356128985e+00 -9.486443543569096803e+00 -9.060733846489853249e+00 -8.476152282672321903e+00 -7.494017332042058221e+00 -6.135248811476512465e+00 -2.844377858521827562e+00 -3.239682833978751120e+00 -1.393888468637259459e+00 1.224047149737093498e+00 1.230797093087553140e+00 8.608687205477643101e-01 2.925996463278963677e+00 5.339870582906486973e+00 5.339870582906486973e+00 5.339870582906486973e+00 5.339870582906486973e+00
-1.044689790908534555e+01 -1.009948831592537388e+01 -9.686011410261137655e+00 -9.263735391925269624e+00 -8.698815657707182680e+00 -7.840037038905599331e+00 -6.576804316361090308e+00 -3.803740981368606278e+00 -3.039758778446388643e+00 -2.812392520341808311e+00 8.776410189983686605e-01 1.243910675838049817e+00 9.228439849455746247e-01 2.266516209611302735e+00 5.314413193735681773e+00 5.314413193735681773e+00 5.314413193735681773e+00 5.314413193735681773e+00
-1.045236753579156996e+01 -1.014334738993455964e+01 -9.758067903169740376e+00 -9.372180933374718137e+00 -8.795727177290538989e+00 -7.976570306368239827e+00 -6.833469589390251286e+00 -4.992461665471817689e+00 -2.878367224468950436e+00 -3.420587307293246671e+00 4.262292701134797746e-01 1.142938545510358672e+00 9.362015979740416771e-01 2.365878578604805327e+00 5.288955804564871244e+00 5.288955804564871244e+00 5.288955804564871244e+00 5.288955804564871244e+00
-1.047029235548923154e+01 -1.017046862315576305e+01 -9.863186370826115379e+00 -9.448629639758333809e+00 -8.934786546100573545e+00 -8.231183918537270827e+00 -7.087245318434365338e+00 -5.317913057742606142e+00 -2.534319797095308413e+00 -3.533128618994298531e+00 1.780740570876425399e-02 1.034889377327606663e+00 7.970043263768528119e-01 2.709441305160180669e+00 5.231500949653188570e+00 5.231500949653188570e+00 5.231500949653188570e+00 5.231500949653188570e+00
-1.051081292477129558e+01 -1.017031051426275390e+01 -9.855107838049736557e+00 -9.488569010185599950e+00 -9.040949057948949985e+00 -8.282101127798384255e+00 -7.185228376399767747e+00 -5.803505134798204068e+00 -3.391460605855030064e+00 -3.530166469805985585e+00 -1.610047811235495452e+00 1.006410774866322910e+00 9.831371237082944248e-01 2.205077434104161682e+00 5.324620580984999130e+00 5.324620580984999130e+00 5.324620580984999130e+00 5.324620580984999130e+00
-1.048763993475807688e+01 -1.017569171798430894e+01 -9.874709291052180760e+00 -9.530917726245029087e+00 -9.086322054872731258e+00 -8.465506906993329750e+00 -7.351094856112099230e+00 -5.940365180707871673e+00 -3.326388381661962157e+00 -3.060483758769776852e+00 -2.739732475335015849e+00 7.339285208299689556e-01 9.498629268927736291e-01 2.406964124386451687e+00 5.315523012037694173e+00 5.315523012037694173e+00 5.315523012037694173e+00 5.315523012037694173e+00
-1.052934095923320967e+01 -1.022927069247074705e+01 -9.893964711857222483e+00 -9.561868273083025116e+00 -9.158871782967294095e+00 -8.470363261308589742e+00 -7.447304866339199414e+00 -6.054309434541553792e+00 -3.904241324331947371e+00 -3.304605763437669985e+00 -3.577684163473620504e+00 3.022717023478588838e-01 7.939296593522887635e-01 2.389286785448615280e+00 5.277151958564481937e+00 5.277151958564481937e+00 5.277151958564481937e+00 5.277151958564481937e+00
-1.055207851867813851e+01 -1.026377693979362959e+01 -9.966916589432980089e+00 -9.594949550224779244e+00 -9.245426508655794962e+00 -8.543836895145570764e+00 -7.542487496983273587e+00 -6.020001768793671104e+00 -4.580212653150466551e+00 -3.240359288257713910e+00 -3.632099984126383241e+00 6.703514093094808945e-02 6.411969219560023081e-01 2.443374687959141145e+00 5.251694569393674072e+00 5.251694569393674072e+00 5.251694569393674072e+00 5.251694569393674072e+00
-1.058984589330534121e+01 -1.028838452622383670e+01 -9.987891302223381729e+00 -9.638284044013330387e+00 -9.324239637893885657e+00 -8.726978827873979938e+00 -7.585210369236463634e+00 -6.036259107930277423e+00 -5.076001207568065610e+00 -3.203194901336185119e+00 -4.226770878499724660e+00 -2.548826746300817403e-01 3.747023239032429842e-01 2.578248083121217338e+00 5.124474524357165883e+00 5.124474524357165883e+00 5.124474524357165883e+00 5.124474524357165883e+00
