-1.041085048406226221e+01 -1.038294180094146490e+01 -1.001259268880344422e+01 -9.696764366308746830e+00 -9.379701732699455619e+00 -9.002316853059483037e+00 -8.385429307164399049e+00 -7.242936958294402316e+00 -4.759683129165042992e+00 -2.573432921531465301e+00 -1.784039297259371271e+00 -7.578630478794520231e-01 6.250474878946947754e-01 1.956037535650632542e+00 4.952784999721469461e+00 4.952784999721469461e+00 4.952784999721469461e+00 4.952784999721469461e+00
-1.039059685970096680e+01 -1.015129799562155632e+01 -9.985352385842650946e+00 -9.834587326311634570e+00 -9.527230408104509607e+00 -8.978744767829969220e+00 -8.197221694659875268e+00 -6.919727667128132254e+00 -4.242500719053063918e+00 -3.019226764256670137e+00 -2.473154369931884755e+00 -3.949498266472413754e-01 8.820608130679958858e-01 1.966998576661855402e+00 4.829486649032419976e+00 4.829486649032419976e+00 4.829486649032419976e+00 4.829486649032419976e+00
-1.039453194540111980e+01 -1.009211805770821258e+01 -9.726544607066994530e+00 -9.837417137613376994e+00 -9.731711515453875805e+00 -9.158126988218141307e+00 -8.162588135527220956e+00 -6.852157751562614862e+00 -3.104129663752963619e+00 -2.768545652981973415e+00 -1.737881188913730668e+00 -8.890686625990544545e-02 2.273568687324413196e-01 2.019612136136755609e+00 4.927935571529340031e+00 4.927935571529340031e+00 4.927935571529340031e+00 4.927935571529340031e+00
-1.031866867164698398e+01 -1.027757786381089922e+01 -9.854230698481744710e+00 -9.279640824712394931e+00 -9.186624968305586947e+00 -9.238553524519478088e+00 -8.222629417693472220e+00 -6.597423510822796544e+00 -2.685000986648414578e+00 -2.464203815406798448e+00 -4.624558795942739220e-01 -2.725454587626054970e-01 8.985362471301757692e-01 2.259227704961634942e+00 4.844486641604273558e+00 4.844486641604273558e+00 4.844486641604273558e+00 4.844486641604273558e+00
-1.054557445552461026e+01 -1.033654101224906086e+01 -9.923034214531808672e+00 -9.576162595517281773e+00 -9.056509282910900183e+00 -8.653983441660795251e+00 -8.162116317745979899e+00 -5.636453927677137266e+00 -2.997370985172787883e+00 -3.237715956119973093e+00 -1.703738712428829460e-01 5.278579318800037390e-01 2.078009825947235711e+00 2.370767015938036959e+00 4.730442999830700934e+00 4.730442999830700934e+00 4.730442999830700934e+00 4.730442999830700934e+00
-1.040837370997001798e+01 -1.006942908774201939e+01 -1.018230042375503253e+01 -9.919963502586064408e+00 -9.425174027232625207e+00 -8.657794012240580983e+00 -7.733066021989558614e+00 -3.938821349841052033e+00 -3.847022331767000924e+00 -2.285661311294395315e+00 -1.615748462254405216e-01 2.654147186260696900e-01 1.255668683335969149e+00 2.163606277955242518e+00 4.426080101271916867e+00 4.426080101271916867e+00 4.426080101271916867e+00 4.426080101271916867e+00
-1.044513613773452043e+01 -1.030418319820711837e+01 -9.994068689787599880e+00 -9.880974365998833164e+00 -9.378453995755037909e+00 -8.630943071343017081e+00 -7.472122418138869904e+00 -2.763157414305578818e+00 -3.787012679597567377e+00 -4.499516177212919410e-01 5.903187491067367620e-01 1.880562521117061570e+00 1.623388975273237333e+00 3.358269231505146557e+00 4.351350350031611747e+00 4.351350350031611747e+00 4.351350350031611747e+00 4.351350350031611747e+00
-1.053704328716763428e+01 -1.014390771073292541e+01 -1.003511216475898671e+01 -9.819386453754532340e+00 -9.298294048931857958e+00 -8.320930144128885431e+00 -5.029298202567736631e+00 -3.299380450711382640e+00 -2.936062868683399163e+00 5.869665832614487377e-02 1.602273403163644305e+00 2.027294097052568578e+00 1.859096387742567469e+00 4.405074164838229223e+00 4.889144460911825973e+00 4.889144460911825973e+00 4.889144460911825973e+00 4.889144460911825973e+00
-1.035619676606316730e+01 -1.022293969331564334e+01 -9.540459233073701029e+00 -9.124922985061962422e+00 -8.281741143252952853e+00 -6.969977517982955284e+00 -3.293859406457183781e+00 -3.798338307299380823e+00 -1.095137484723762933e+00 9.767431207097487800e-01 2.103783652237926738e+00 2.745024533111277254e+00 3.468714767998558379e+00 4.777048325118781413e+00 4.992902799539631786e+00 4.992902799539631786e+00 4.992902799539631786e+00 4.992902799539631786e+00
-1.042550344084668090e+01 -1.003632537075120190e+01 -9.534172239735154264e+00 -8.438281808314822996e+00 -7.443670260056709509e+00 -5.311311277903646655e+00 -2.722033127140102593e+00 -3.449871827612782660e+00 -2.380059767658000355e-02 2.198106287124827585e+00 3.038466046082135108e+00 3.488110964259840241e+00 4.985060671226789530e+00 4.925650184720083757e+00 5.136978938222311442e+00 5.136978938222311442e+00 5.136978938222311442e+00 5.136978938222311442e+00
-1.022873320338111824e+01 -9.503071944299941620e+00 -8.875173599511464673e+00 -8.484262248334365708e+00 -6.838586699062955354e+00 -3.354117923852391492e+00 -4.114744958683471232e+00 -1.357243790523807947e+00 1.255501271594165136e+00 3.097486980055325745e+00 3.047955474438438728e+00 4.581694981663277488e+00 2.947315843268190516e+00 2.173383902638180931e+00 5.333691104686891116e+00 5.333691104686891116e+00 5.333691104686891116e+00 5.333691104686891116e+00
-9.913077691468226149e+00 -9.032405681412573273e+00 -8.209785810849950849e+00 -7.645714147410249240e+00 -5.151632853231683740e+00 -2.551256194555469481e+00 -3.331766109159747469e+00 1.721378249239453317e-01 3.004766854779326035e+00 3.110264086583049092e+00 4.491976408224457096e+00 3.778226426184518871e+00 1.897844912391112748e+00 2.537988288861515951e+00 5.164691151323053120e+00 5.164691151323053120e+00 5.164691151323053120e+00 5.164691151323053120e+00
-9.564619772844926260e+00 -8.490911919586620726e+00 -7.714196035825387376e+00 -6.159410348730623319e+00 -3.419652333638290020e+00 -3.646718608233155301e+00 -1.456373893254049090e+00 1.963878679489220680e+00 3.251207964424331465e+00 4.019011152841875933e+00 4.718157058047475871e+00 5.426852691512481508e-01 4.216270524052997404e-01 2.332218480074547795e+00 4.949372144182858868e+00 4.949372144182858868e+00 4.949372144182858868e+00 4.949372144182858868e+00
-1.007281075193114006e+01 -7.858069113807123252e+00 -6.569248491235814669e+00 -4.871474355532439127e+00 -2.409283402383882944e+00 -2.998064128645505200e+00 2.751187809511549953e-01 3.033763006740044510e+00 3.338381318367185102e+00 4.997487648068323907e+00 3.368779020032466320e+00 -1.967633314126904454e+00 3.780895914885802345e-01 2.603797406007365645e+00 5.046685438800830426e+00 5.046685438800830426e+00 5.046685438800830426e+00 5.046685438800830426e+00
-9.419313665349985598e+00 -7.590394714315213065e+00 -5.673334112685022745e+00 -3.544368668227631414e+00 -3.285009348303169485e+00 -1.872300024160308718e+00 1.758847499082038190e+00 3.116972002471097625e+00 3.602683153370435765e+00 5.614963296932129921e+00 4.506891696622110643e+00 -9.536067633388143339e-01 9.955249817498114107e-01 2.631541942570282178e+00 5.046455000972146721e+00 5.046455000972146721e+00 5.046455000972146721e+00 5.046455000972146721e+00
-9.015164776032412064e+00 -6.910449544871675620e+00 -4.737580115843480044e+00 -2.308893843608869734e+00 -3.175735786317441800e+00 8.562796229719525642e-03 3.085485858750647292e+00 3.061062277170341961e+00 4.141475816214329697e+00 6.164933337448964323e+00 6.106241933173672365e+00 1.963111406122407754e+00 6.376012261247793189e-01 2.728329579734513732e+00 5.008429871446273829e+00 5.008429871446273829e+00 5.008429871446273829e+00 5.008429871446273829e+00
-8.605024521468939369e+00 -6.339395587754245831e+00 -4.139435662323310616e+00 -1.817371448046684046e+00 -2.438309106778981050e+00 1.220270000035986291e+00 3.142272558825992324e+00 3.288140819640172463e+00 4.196491985378917100e+00 5.082291797492884733e+00 4.661720371169268518e+00 4.762233572657502911e+00 3.736892373655957389e+00 3.315963755662368673e+00 5.112814501986452598e+00 5.112814501986452598e+00 5.112814501986452598e+00 5.112814501986452598e+00
-7.802675141382007240e+00 -5.880188126949675187e+00 -3.492158885684258696e+00 -1.730575083514582557e+00 -1.208995877266286323e+00 2.520806505633703676e+00 3.530631592187457368e+00 3.894051945878916676e+00 4.086228921960999294e+00 3.310949221055896619e+00 3.383714532623029569e+00 3.232005641279980690e+00 3.970965757583767353e+00 5.210885448135256226e+00 4.974886110048712062e+00 4.974886110048712062e+00 4.974886110048712062e+00 4.974886110048712062e+00
-7.500026878643431871e+00 -5.991843495143907461e+00 -2.943960034482092869e+00 -1.802091348348777045e+00 -1.936250707755290679e-01 3.103987280750683198e+00 3.178494989155587813e+00 3.868908100469552913e+00 3.789236978159374658e+00 1.824420493109367936e+00 1.453673847952631215e+00 1.501039100805753534e+00 2.822539538563685113e+00 4.357791508234283739e+00 5.068036597322155501e+00 5.068036597322155501e+00 5.068036597322155501e+00 5.068036597322155501e+00
-8.053920779864158774e+00 -5.970656014910791676e+00 -3.145491250261847949e+00 -2.519939863273746194e+00 -4.688484368238615696e-02 3.037611657903755535e+00 3.079864190388670320e+00 4.053819170078044820e+00 3.123248519560692493e+00 1.536217844099669882e+00 -1.302139481475003691e-01 8.709122957016854905e-01 2.009213716216678769e+00 3.673197170067930895e+00 5.051839499345824436e+00 5.051839499345824436e+00 5.051839499345824436e+00 5.051839499345824436e+00
-8.093327089385063289e+00 -6.145521358031176717e+00 -3.091591809958476489e+00 -1.456095867580016190e+00 5.980585626990414516e-01 3.123406061082435237e+00 3.157637520377590601e+00 4.115527767550267946e+00 2.989055355104234923e+00 1.482414310912586908e+00 1.653912865871815241e-01 2.177850047678556999e-01 1.261419061979762501e+00 3.310510438540263500e+00 4.987566867073751631e+00 4.987566867073751631e+00 4.987566867073751631e+00 4.987566867073751631e+00
-8.097472026119101329e+00 -6.378287043959690372e+00 -3.198376492326246989e+00 -1.555117519595926368e+00 -1.972557853561689514e-02 3.189826816749161242e+00 3.238093972119190589e+00 4.167661295583671155e+00 2.768595327030573205e+00 1.168305852170001602e+00 -2.617722165756545483e+00 -1.656966150611292710e+00 1.188867077009326811e+00 3.162074020320816636e+00 4.949541737547878739e+00 4.949541737547878739e+00 4.949541737547878739e+00 4.949541737547878739e+00
-8.066418089602439778e+00 -6.944599295361209457e+00 -4.438811182520708165e+00 -2.438477679152999844e+00 -1.149221729808613146e+00 3.154662081244157257e+00 3.155638798852685056e+00 3.992490729322220488e+00 2.376378324449167856e+00 5.734733702088078422e-01 -2.601445567803443382e+00 -1.630758608583258829e+00 1.206326026656542094e+00 3.468363269927035475e+00 4.992074461225497473e+00 4.992074461225497473e+00 4.992074461225497473e+00 4.992074461225497473e+00
-8.075928428063475550e+00 -7.006670893221532026e+00 -5.049404595326220324e+00 -2.289181251047880838e+00 -2.105940048204294701e+00 1.282474073389504809e+00 3.204106895142156741e+00 3.767307754337248404e+00 2.176909987672673186e+00 -3.681417898249223608e+00 -2.788761253446296884e+00 -1.164376024046172464e+00 1.306721194237227213e+00 3.717598184379384385e+00 5.068917410653846822e+00 5.068917410653846822e+00 5.068917410653846822e+00 5.068917410653846822e+00
-7.926258145439971869e+00 -7.060718659997146318e+00 -5.476309996096741628e+00 -3.096639174607491718e+00 -2.534814098462633947e+00 3.116393374732880361e-01 3.166315454188138645e+00 2.965839002112319989e+00 2.033604663703025839e+00 -4.029940814191661502e+00 -2.681011032001948013e+00 -7.327643550690247087e-01 1.542378850924534417e+00 3.681272090987011580e+00 5.030976494973304014e+00 5.030976494973304014e+00 5.030976494973304014e+00 5.030976494973304014e+00
-8.388745715588585838e+00 -7.658580013806127518e+00 -6.287710677619358535e+00 -4.387154835600824754e+00 -2.160427310626801045e+00 -1.797360831085166533e+00 9.205783490437986494e-01 2.805169186901433687e+00 1.431854763867129066e+00 -3.555901049757165477e+00 -1.472309476160359454e+00 1.128537432235128701e+00 1.896638238378578478e+00 4.198118809786647532e+00 4.992951365447429346e+00 4.992951365447429346e+00 4.992951365447429346e+00 4.992951365447429346e+00
-8.852943980106475763e+00 -7.808776899185137843e+00 -6.804004307836231114e+00 -5.453408373248583629e+00 -3.588814876082900618e+00 -2.406406998401221298e+00 -5.721054120272728305e-01 6.886173912176412060e-01 1.882667693993758995e+00 -4.904669307327174099e-01 -3.342286695655976025e-01 2.202438604504823871e-01 2.222634032425336414e+00 4.568601381851258303e+00 4.928678733175361870e+00 4.928678733175361870e+00 4.928678733175361870e+00 4.928678733175361870e+00
-9.115592956436756822e+00 -8.317155310927269340e+00 -7.508242943817284853e+00 -6.222496717843893244e+00 -4.792286176125181818e+00 -3.168881693476351291e+00 -2.327656516456981350e+00 -9.706511118527665072e-02 1.168066738087663037e-01 1.421011270114736602e+00 1.221160535191278679e-01 4.113217223418165758e-01 1.845677046883488215e+00 4.602627087302550990e+00 5.013425619746785245e+00 5.013425619746785245e+00 5.013425619746785245e+00 5.013425619746785245e+00
-9.412085962181745202e+00 -8.530088467083755788e+00 -7.973634953932410951e+00 -7.354330301244551116e+00 -6.127578907060486024e+00 -4.730364264708619260e+00 -2.341036459893573785e+00 -2.298094036452990263e+00 1.629719952784830506e-01 1.324690148312855364e-01 3.641222373658690725e-01 8.128208213236917667e-02 1.389078136067786629e+00 4.097759157886285308e+00 5.037158510374657006e+00 5.037158510374657006e+00 5.037158510374657006e+00 5.037158510374657006e+00
-1.005988930102825663e+01 -9.051730718350901483e+00 -8.658015034554464862e+00 -8.268976258401632862e+00 -7.409153661658966605e+00 -6.561204807264058303e+00 -4.469853522848472593e+00 -2.181510860969861909e+00 -1.780217746656509004e+00 -1.772370207019872412e-01 6.989786249669674989e-01 7.868775712664091149e-01 -1.345068832400750092e-01 4.006746274932805996e+00 5.010113490600782704e+00 5.010113490600782704e+00 5.010113490600782704e+00 5.010113490600782704e+00
-1.039709850227133714e+01 -9.893268364524615777e+00 -9.463428744551141136e+00 -8.960372751847540229e+00 -8.442240371742631311e+00 -7.325240200841065530e+00 -5.648615184700448211e+00 -3.632803817607786812e+00 -2.204972045487908261e+00 -1.927386583711637291e+00 -1.969913020084141514e-02 1.273939424392747544e+00 7.846184101898251440e-01 4.389816199260981655e+00 4.972088361074908036e+00 4.972088361074908036e+00 4.972088361074908036e+00 4.972088361074908036e+00
-1.039934865296990196e+01 -1.008410205044361518e+01 -9.608853422733963257e+00 -9.240831106225307678e+00 -8.725064364939981942e+00 -7.762161662513570093e+00 -6.391201661138767420e+00 -4.748164211234671583e+00 -2.166872404873580571e+00 -2.630456170312649000e+00 -9.453294129756791842e-01 6.564175565710285154e-01 8.723500945367782533e-01 3.950364717912446366e+00 4.908579904244382952e+00 4.908579904244382952e+00 4.908579904244382952e+00 4.908579904244382952e+00
-1.044701227696419821e+01 -1.022217961994826041e+01 -9.819238241141817980e+00 -9.430627912324879958e+00 -9.008922611889992993e+00 -8.050493143872550661e+00 -6.721118284104964147e+00 -5.412263647912870290e+00 -3.417843199016469047e+00 -2.710969599004214192e+00 -2.081785377953438765e+00 -1.065709028609867354e-01 7.963107798124723358e-01 3.026855790871554319e+00 4.882828740333504669e+00 4.882828740333504669e+00 4.882828740333504669e+00 4.882828740333504669e+00
-1.052549829037381635e+01 -1.021199296628132025e+01 -9.784652665796080839e+00 -9.519500642225454001e+00 -9.024272880336749125e+00 -8.225903439271199602e+00 -6.825812198468791614e+00 -5.637423315249362687e+00 -3.857033431839456128e+00 -2.567323648690571058e+00 -2.611773857137195787e+00 -8.268879118619169022e-01 5.408178305270819886e-01 2.689790544722829413e+00 5.053355930311228761e+00 5.053355930311228761e+00 5.053355930311228761e+00 5.053355930311228761e+00
-1.047813613110916009e+01 -1.017323039043179911e+01 -9.897753425167955754e+00 -9.570820021234457187e+00 -9.121936775317477597e+00 -8.358991721871307234e+00 -7.027310069605958276e+00 -5.801174273016166616e+00 -4.890888821294140598e+00 -3.653050435698903087e+00 -2.510005976081151502e+00 -8.414828548074209102e-01 -4.845600303483832416e-01 2.651089793002407990e+00 5.015497988974460419e+00 5.015497988974460419e+00 5.015497988974460419e+00 5.015497988974460419e+00
-1.056272897809354028e+01 -1.024253598666008358e+01 -9.931028656981590430e+00 -9.587454960707228580e+00 -9.225033697324661830e+00 -8.504174978911741789e+00 -7.163079288670076039e+00 -5.776055256075490085e+00 -5.398417970959955348e+00 -3.751423658320920396e+00 -2.827327044813778389e+00 -7.288104655815966781e-01 3.504487553537117828e-01 2.274067017631140608e+00 4.959052516480106476e+00 4.959052516480106476e+00 4.959052516480106476e+00 4.959052516480106476e+00
-1.053908584070510202e+01 -1.029797806095544566e+01 -9.988251302825840838e+00 -9.674541801517358763e+00 -9.303870173969205126e+00 -8.725787862571324993e+00 -7.365248144989333667e+00 -5.712641624844967403e+00 -5.138889464015999664e+00 -3.274651135621485576e+00 -3.085337511186887482e+00 -8.992841176826422700e-01 -1.789384646140941559e-01 2.331069452253632157e+00 4.924036738642811883e+00 4.924036738642811883e+00 4.924036738642811883e+00 4.924036738642811883e+00
-1.059201029000440109e+01 -1.029984138489156642e+01 -1.002115275846972153e+01 -9.648900876389985726e+00 -9.316148789294585342e+00 -8.697725729128290340e+00 -7.433118707653488144e+00 -5.817046850877520825e+00 -5.122304920525890815e+00 -3.895662730909681848e+00 -2.899433885788366805e+00 -1.826711460601153636e+00 -2.823648820916775937e-01 2.212962908748495661e+00 4.852185562837664001e+00 4.852185562837664001e+00 4.852185562837664001e+00 4.852185562837664001e+00
-1.066731853094226068e+01 -1.029881476535769025e+01 -1.001568719317554468e+01 -9.669578817700141826e+00 -9.372510331143498519e+00 -8.778793918966636411e+00 -7.603653684460059736e+00 -5.885045942208754433e+00 -5.213002043796651996e+00 -3.845041874765921630e+00 -3.938184904511613293e+00 -2.787453670896048230e+00 -3.827216426148007944e-01 2.210647062572959065e+00 5.031462924521818536e+00 5.031462924521818536e+00 5.031462924521818536e+00 5.031462924521818536e+00
-1.070833275961117259e+01 -1.033175024487147198e+01 -1.006010462341645173e+01 -9.721214588996463846e+00 -9.402548645727472731e+00 -8.987739447776915469e+00 -7.601849434030254926e+00 -5.791189389886374883e+00 -5.352040982078563047e+00 -3.616440642751331591e+00 -4.011765346209691607e+00 -1.532586912966307224e+00 -5.091602422791505766e-01 2.220558460668056178e+00 4.998716342613608532e+00 4.998716342613608532e+00 4.998716342613608532e+00 4.998716342613608532e+00
