-1.034394091659485149e+01 -1.039694531454490800e+01 -1.009098733635732792e+01 -9.709379168992953169e+00 -9.429329944506502414e+00 -9.121935854744450012e+00 -8.600409843126247011e+00 -7.518053660565032104e+00 -5.823757401263847555e+00 -4.492991289758984763e+00 -2.657438671076013836e+00 -2.483314148017013778e+00 -4.610350609924578347e-01 2.264976907648082793e+00 4.864768208521359938e+00 4.864768208521359938e+00 4.864768208521359938e+00 4.864768208521359938e+00
-1.042569240512333550e+01 -1.022110246092088559e+01 -9.978317329076807241e+00 -9.861326187660964138e+00 -9.578624346043334015e+00 -9.046653682050742162e+00 -8.446493840784272678e+00 -7.364190365381624304e+00 -5.764260547154272274e+00 -4.501634246812782791e+00 -2.717004334408596122e+00 -2.384481514470695007e+00 3.723070431809583775e-02 2.468884877365023822e+00 4.679075563163101137e+00 4.679075563163101137e+00 4.679075563163101137e+00 4.679075563163101137e+00
-1.044742274932486481e+01 -9.996402300816132680e+00 -9.799522579998090066e+00 -9.603149827043191422e+00 -9.561692310472055922e+00 -9.249883007173583138e+00 -8.175124250070634702e+00 -7.232624719419351145e+00 -5.489535793214481707e+00 -3.774720742038129018e+00 -3.353592900118741227e+00 -2.297857074882875050e+00 2.154338027969583402e-01 2.456877162591203145e+00 4.798334930218341121e+00 4.798334930218341121e+00 4.798334930218341121e+00 4.798334930218341121e+00
-1.037661268954531302e+01 -1.020940994934129087e+01 -1.002280470478599739e+01 -9.443036049349828431e+00 -9.338261685386250122e+00 -9.155257808718040735e+00 -8.369671286605431249e+00 -6.975543264440100977e+00 -5.511441395583592140e+00 -2.954315064275544689e+00 -2.349322269980848255e+00 -1.682683113552836174e+00 7.643415796349644076e-01 2.342734368182683991e+00 5.298413523410808068e+00 5.298413523410808068e+00 5.298413523410808068e+00 5.298413523410808068e+00
-1.050602644331838853e+01 -1.036392546452952246e+01 -1.012257089799683030e+01 -9.677429637250503092e+00 -9.234153643202041906e+00 -8.849232921753005243e+00 -8.375925218826722585e+00 -7.033315139649777059e+00 -5.449156501290572940e+00 -1.960333451703929697e+00 -2.389124135536927707e+00 -9.169529473594209001e-01 9.716341157043457688e-01 2.439818888731706714e+00 5.091016575287492074e+00 5.091016575287492074e+00 5.091016575287492074e+00 5.091016575287492074e+00
-1.063364055339538616e+01 -9.924054428305208120e+00 -1.005019104903804461e+01 -9.990772899446689337e+00 -9.521408850993015704e+00 -8.826036552626010945e+00 -7.965900011264377412e+00 -6.491671539580341488e+00 -3.942982947424257034e+00 -2.252861341381692029e+00 -5.561481677190407424e-01 -4.394646014929584066e-01 5.141086907610461498e-01 2.261255185054631411e+00 4.877169523574290011e+00 4.877169523574290011e+00 4.877169523574290011e+00 4.877169523574290011e+00
-1.032531395952493725e+01 -1.029939628277159613e+01 -1.003633182921298861e+01 -9.800491377745489174e+00 -9.477030429387273358e+00 -8.692873299318266689e+00 -7.752157351643944594e+00 -6.248788585593500144e+00 -2.287943897663668569e+00 -1.823940337622921737e+00 3.686425560353119302e-01 1.240834062879206723e+00 1.552464158021523488e+00 3.360999122376024051e+00 4.694252965710994374e+00 4.694252965710994374e+00 4.694252965710994374e+00 4.694252965710994374e+00
-1.040737927344901337e+01 -1.003239712320196020e+01 -9.950220205363002890e+00 -9.895509253288443219e+00 -9.334660573828250207e+00 -7.981243280576731713e+00 -6.652761906784832036e+00 -2.521838187347522187e+00 -2.113448337433299962e+00 1.618881754673401341e-01 1.404275605012086592e+00 2.073509226275505934e+00 1.611459515093522032e+00 4.412455594280210391e+00 5.646603088453495900e+00 5.646603088453495900e+00 5.646603088453495900e+00 5.646603088453495900e+00
-1.050177839197109364e+01 -1.034788787643219443e+01 -9.713005671180368950e+00 -9.256086660982516534e+00 -7.952606336210236826e+00 -7.399942788545661898e+00 -3.800958068705406312e+00 -2.345346695618982125e+00 -2.320996329955731241e-01 1.620682143620087778e+00 2.092806313236923899e+00 2.874880220027728583e+00 3.423002013536539323e+00 4.805958173215710616e+00 5.584067019367118689e+00 5.584067019367118689e+00 5.584067019367118689e+00 5.584067019367118689e+00
-1.025606784706108421e+01 -9.883777271569138989e+00 -9.533130562908475270e+00 -8.398615004822787000e+00 -7.618152456248878046e+00 -4.789908835976680379e+00 -2.140841694134944184e+00 -1.099945194698796813e+00 2.039053699010342946e+00 2.471159537958810493e+00 3.110007265243888153e+00 3.506028804299128332e+00 4.984458936135497176e+00 4.941493225030438197e+00 5.423607087541559402e+00 5.423607087541559402e+00 5.423607087541559402e+00 5.423607087541559402e+00
-1.032456146910784511e+01 -9.378836683083797254e+00 -8.600545991098586640e+00 -8.486334128531758836e+00 -7.023297489666296300e+00 -2.352917069230020974e+00 -6.935875072020201149e-01 9.371632712480818528e-01 2.689554352144671423e+00 3.171789747020066663e+00 3.155527494740960837e+00 4.692347053186720629e+00 2.840167547913571955e+00 2.370248343945044134e+00 5.586179883562798487e+00 5.586179883562798487e+00 5.586179883562798487e+00 5.586179883562798487e+00
-9.474152850181795316e+00 -8.728645696809397947e+00 -8.097469669972030104e+00 -7.681199302308916899e+00 -3.148556959912443443e+00 -1.943094028699992926e+00 3.271623679142872665e-01 2.182941764847540433e+00 3.052534583804576762e+00 3.306923283220801313e+00 4.605185709252610060e+00 3.223553857976771297e+00 8.418050718344070038e-01 2.486373881003418163e+00 5.809986600714339922e+00 5.809986600714339922e+00 5.809986600714339922e+00 5.809986600714339922e+00
-9.739243807553174648e+00 -8.372626416591428367e+00 -7.206745093611760744e+00 -5.408632648111654007e+00 -2.706464733853134241e+00 -5.181907707588576661e-01 2.229715985134774758e+00 3.213829967816287159e+00 3.410353901915205821e+00 4.211053429449700403e+00 4.872842618622289734e+00 -1.762092804613883124e-01 5.100629656320343486e-01 2.515916170903262472e+00 5.752711564104762587e+00 5.752711564104762587e+00 5.752711564104762587e+00 5.752711564104762587e+00
-9.927447718564526014e+00 -7.716832729826354154e+00 -5.742899254098593254e+00 -2.760974738433178644e+00 -2.006388656692535744e+00 3.188637357537528194e-01 2.776079430639768475e+00 3.250194152648570700e+00 3.437862476314284876e+00 5.129743503727432596e+00 2.721001766098313901e+00 -2.021917314745159899e+00 3.766045430008185813e-01 2.760445449164165677e+00 5.666620181778968757e+00 5.666620181778968757e+00 5.666620181778968757e+00 5.666620181778968757e+00
-9.341752491658089852e+00 -7.249397887578860278e+00 -4.012692252860594166e+00 -2.285067112073274398e+00 -5.113767477531248051e-01 2.538868893431487805e+00 3.242094855170586598e+00 3.441612050546448032e+00 3.675866623246955012e+00 5.726725792229174772e+00 4.385975435431358704e+00 -1.031004347098795071e+00 9.049305186710280280e-01 2.800000879390800890e+00 5.557387279922078704e+00 5.557387279922078704e+00 5.557387279922078704e+00 5.557387279922078704e+00
-9.214965227345768284e+00 -6.304035334830063064e+00 -3.021805783311409144e+00 -1.628606492202904654e+00 5.052030848751443148e-01 3.112298910583937595e+00 3.174852146523376994e+00 3.261915832779710200e+00 4.319353341047611039e+00 6.482468379426962635e+00 6.107947327035916807e+00 1.380933384907734318e+00 1.014476133068964003e+00 2.811486017537250692e+00 5.472726654624981535e+00 5.472726654624981535e+00 5.472726654624981535e+00 5.472726654624981535e+00
-8.312816759437904324e+00 -5.182419415124650541e+00 -2.368792831151171896e+00 -9.780928751969427681e-01 1.834451765984348226e+00 3.181680991747185328e+00 3.361791477369632020e+00 3.385003141646214964e+00 4.273303888542719697e+00 5.015801853737463567e+00 4.677999784636790892e+00 4.804638589120127534e+00 3.976443107421478551e+00 3.314339260270110277e+00 5.678583605951761371e+00 5.678583605951761371e+00 5.678583605951761371e+00 5.678583605951761371e+00
-7.327997058480857362e+00 -4.925534928508616517e+00 -1.533210948198648005e+00 -8.626551395238641895e-01 2.271656775404792050e+00 2.782015519088273159e+00 3.605993849479390612e+00 3.951695084068307384e+00 4.183387625613704586e+00 3.262335540046295002e+00 3.269802698594331147e+00 3.198821407559569785e+00 4.043873670504455120e+00 5.204227123110757525e+00 5.642531872827614592e+00 5.642531872827614592e+00 5.642531872827614592e+00 5.642531872827614592e+00
-7.458208522214975211e+00 -5.024924644655252237e+00 -1.182160091522380219e+00 3.909260458897728663e-01 2.643463071359271943e+00 3.279118702828147214e+00 3.287485512371068452e+00 4.145763105448156516e+00 3.854873718662870985e+00 1.704532100344911205e+00 1.174053678917062582e+00 1.433197260572705023e+00 2.830456943127185987e+00 4.461272750719530222e+00 5.520622036905991514e+00 5.520622036905991514e+00 5.520622036905991514e+00 5.520622036905991514e+00
-8.000914636406687208e+00 -4.949828224010040856e+00 -1.322225293237783816e+00 1.774425387218366568e-01 2.676655868630422486e+00 3.234717360005362696e+00 3.231254185444072835e+00 4.147332970142223907e+00 3.133819904269943724e+00 1.442742040269151094e+00 -9.387441333508074193e-01 9.401019310410578811e-01 2.009379483231847452e+00 3.678466740647650113e+00 5.467467726998561872e+00 5.467467726998561872e+00 5.467467726998561872e+00 5.467467726998561872e+00
-7.854747394728455845e+00 -5.339228287611093471e+00 -2.422769010386398580e+00 -1.907939368697690874e-01 2.684058529443403174e+00 3.185776748119451440e+00 3.236458105796343077e+00 4.171570896570663045e+00 2.982440984820964758e+00 1.343395786764245869e+00 -1.096949268621430384e+00 -5.485668137533115940e-02 1.266046883981602811e+00 3.422353419288151510e+00 5.336853399492326844e+00 5.336853399492326844e+00 5.336853399492326844e+00 5.336853399492326844e+00
-7.844891991614268534e+00 -6.091060612353410342e+00 -2.241033826860213019e+00 -2.034707192982499468e-01 2.438863019008739030e+00 3.338926543986139972e+00 3.300581451123794086e+00 4.301932564359274735e+00 2.733093659236961237e+00 9.072388260291475159e-01 -2.843690947220122833e+00 -1.785620818335025284e+00 1.245777065305021747e+00 3.261832906167955404e+00 5.250762017166534790e+00 5.250762017166534790e+00 5.250762017166534790e+00 5.250762017166534790e+00
-7.920932926749349789e+00 -6.214683076023649555e+00 -2.131025993017191311e+00 -7.234055604445455145e-01 2.416977462171395530e+00 3.324861663597524331e+00 3.372125323147323606e+00 4.157275914094006986e+00 2.333890580343585430e+00 -9.682747197002373740e-01 -2.875606567896101140e+00 -1.695296277198438784e+00 1.252653472870372875e+00 3.561255797758589914e+00 5.423261499428313925e+00 5.423261499428313925e+00 5.423261499428313925e+00 5.423261499428313925e+00
-7.947510381289817794e+00 -6.604464587659628627e+00 -2.430435866170519432e+00 -1.840396241161346591e+00 2.039666944261124826e+00 3.235642086196264700e+00 3.340059369892750318e+00 3.898845810899313591e+00 2.124329476188699939e+00 -4.067282198851075670e+00 -3.259740265880803900e+00 -1.257778314544141685e+00 1.272492555426075533e+00 3.762752152786177362e+00 5.366412787822216757e+00 5.366412787822216757e+00 5.366412787822216757e+00 5.366412787822216757e+00
-8.087814098012994890e+00 -7.526526051544314200e+00 -3.066534535876312972e+00 -2.502573819443059566e+00 8.102386594042031431e-01 3.198892773499270703e+00 3.332126621827430579e+00 3.202680864021668405e+00 1.603053096031853864e+00 -4.406069780935501612e+00 -2.768546041222181842e+00 -7.683272730343304602e-01 1.578042363508899149e+00 3.745514357316475973e+00 5.278783058503854875e+00 5.278783058503854875e+00 5.278783058503854875e+00 5.278783058503854875e+00
-8.128595954332825002e+00 -7.600504970522587556e+00 -5.506133115741633333e+00 -1.862467472179320183e+00 -3.463078495817893954e-01 2.582300283706502331e+00 3.124728321826597544e+00 2.916138976448045650e+00 1.180983168599624378e+00 -4.280568944023976918e+00 -2.223490430148983954e+00 1.264950702019002282e+00 1.956067348916944226e+00 4.212834379572182542e+00 5.179790872176709193e+00 5.179790872176709193e+00 5.179790872176709193e+00 5.179790872176709193e+00
-8.742415312648670778e+00 -7.666639266111980433e+00 -6.676606160502245757e+00 -2.917929117136156769e+00 -1.843526041811953009e+00 6.441865769602376224e-01 1.948185588612647789e+00 1.677028259789743236e+00 1.128293158714823052e+00 -1.297817673610023093e+00 -2.021987246313030173e+00 4.446154085554688828e-01 2.342706842025203962e+00 4.324252371106561910e+00 5.142797660874578014e+00 5.142797660874578014e+00 5.142797660874578014e+00 5.142797660874578014e+00
-8.958961223583024491e+00 -8.456007562239445718e+00 -7.460804541855407201e+00 -5.198243347732927511e+00 -2.124194458669471430e+00 -2.165655123101715152e+00 8.704560260279949058e-02 6.221430879811149506e-01 6.371385714863389005e-01 4.387480236933966604e-01 -2.418490997893040895e+00 -4.968584725037748506e-01 1.805191169119153116e+00 4.466000723777572290e+00 5.227422486432239168e+00 5.227422486432239168e+00 5.227422486432239168e+00 5.227422486432239168e+00
-9.217484034116843361e+00 -8.473644507244610935e+00 -8.035199660086750129e+00 -7.425503952338861069e+00 -5.698127201012313847e+00 -2.871392264370364433e+00 -2.636936444260159718e+00 -1.961209918632252025e+00 4.229810917080419758e-02 1.557851091648703723e-01 -3.219455630379916666e+00 -8.125077746206348372e-01 1.163488112294843946e+00 4.089346698432994920e+00 5.297738145469045534e+00 5.297738145469045534e+00 5.297738145469045534e+00 5.297738145469045534e+00
-1.036743870224698760e+01 -8.937604754076385660e+00 -8.743691312768104851e+00 -8.404653424074645329e+00 -7.722889833078713018e+00 -6.669914586369361409e+00 -5.343644124637337178e+00 -2.814455916491370502e+00 -2.435106831388773152e+00 -2.140810186762600154e+00 -1.281548643215501215e+00 -1.550519967738323235e+00 6.509911894986316616e-01 4.163347906159494904e+00 5.179649528463150077e+00 5.179649528463150077e+00 5.179649528463150077e+00 5.179649528463150077e+00
-1.038469420831377121e+01 -1.003237704664066854e+01 -9.650548533356936076e+00 -9.173225939766695092e+00 -8.874403557943143284e+00 -7.310645939709761620e+00 -5.746697433100645291e+00 -5.687653663556569761e+00 -4.918457648923978631e+00 -3.809060520877181943e+00 -2.624973163638697482e+00 -2.399986715404508697e+00 4.335089715386936104e-01 4.574763350075939705e+00 5.080657342135998178e+00 5.080657342135998178e+00 5.080657342135998178e+00 5.080657342135998178e+00
-1.056388450851779304e+01 -1.021855190424367166e+01 -9.829626525493242895e+00 -9.528418363595548612e+00 -9.204856851095909676e+00 -7.859656394684817471e+00 -6.056453572529851392e+00 -5.849946272542592141e+00 -5.070857441918931841e+00 -4.367068353104926359e+00 -2.789076919973220825e+00 -2.362785171378991578e+00 3.230058942571645275e-01 4.429608615521837045e+00 4.954112992379860358e+00 4.954112992379860358e+00 4.954112992379860358e+00 4.954112992379860358e+00
-1.054782868501888515e+01 -1.029968135607162516e+01 -1.001521193410258093e+01 -9.601735452126716197e+00 -9.321955310865551070e+00 -8.258839234945805075e+00 -6.168204165658013771e+00 -5.896489211221492610e+00 -5.053838487415149849e+00 -4.052063650178350684e+00 -2.580921886393376941e+00 -2.910354532684698903e+00 3.002024516569128387e-01 3.525585608636144563e+00 4.866483263061487818e+00 4.866483263061487818e+00 4.866483263061487818e+00 4.866483263061487818e+00
-1.051746905267599530e+01 -1.048361119660445340e+01 -9.927601763019948677e+00 -9.636730800722038026e+00 -9.355730297115799843e+00 -8.540395249790140753e+00 -6.317188454516069918e+00 -6.090695112134719480e+00 -5.217678752786831353e+00 -3.874148968228236178e+00 -3.487726900589446011e+00 -2.768461826095848011e+00 1.401198616994030199e-01 3.347508137491962188e+00 5.000985537010176785e+00 5.000985537010176785e+00 5.000985537010176785e+00 5.000985537010176785e+00
-1.052241851872524059e+01 -1.041449178647275353e+01 -9.972194945576447367e+00 -9.700706490829539064e+00 -9.371729887058094732e+00 -8.671278751631286141e+00 -6.855741869001148459e+00 -6.057572672036743100e+00 -5.532836913576732130e+00 -4.247794214202924579e+00 -3.575070674863241038e+00 -2.452163035036338368e+00 2.113670671212004026e-01 3.447991097377376413e+00 5.108068161851421429e+00 5.108068161851421429e+00 5.108068161851421429e+00 5.108068161851421429e+00
-1.059010583055289167e+01 -1.028342316918380739e+01 -9.951684564077098116e+00 -9.696985594802635333e+00 -9.391219023859942894e+00 -8.905848221043701329e+00 -7.102951150437410099e+00 -5.920310701413886711e+00 -5.897283866546080056e+00 -4.827745441480127297e+00 -3.337445865352431706e+00 -2.804324834005734957e+00 -6.580267148130837518e-02 3.149678725877299357e+00 4.981523812095291603e+00 4.981523812095291603e+00 4.981523812095291603e+00 4.981523812095291603e+00
-1.059351189464312526e+01 -1.028767303787416942e+01 -1.000473264998774958e+01 -9.741117164300391096e+00 -9.405302772317867266e+00 -9.002711629086492806e+00 -7.466816238768828384e+00 -5.811139240103370796e+00 -5.665684273778152757e+00 -5.444825284731700243e+00 -2.602630412238378987e+00 -2.673777798864998445e+00 -1.279812732775976181e-01 3.102043027712607870e+00 4.893894082776919063e+00 4.893894082776919063e+00 4.893894082776919063e+00 4.893894082776919063e+00
-1.072197387840778759e+01 -1.047221240088050109e+01 -1.000586005733522654e+01 -9.730584648248001400e+00 -9.433689172116331179e+00 -8.978835080614103958e+00 -7.699739279475949161e+00 -6.115258004886488408e+00 -5.836141656129048449e+00 -5.433889111720212384e+00 -3.337277039688776092e+00 -2.634703442933384210e+00 1.580000823669013843e-01 2.933437026335545816e+00 4.767349733020781244e+00 4.767349733020781244e+00 4.767349733020781244e+00 4.767349733020781244e+00
-1.075587964059425694e+01 -1.041742284595553514e+01 -1.002558184094649540e+01 -9.827626224728399862e+00 -9.463028646661681975e+00 -8.982324821255801339e+00 -7.910868748152553920e+00 -6.147416847335263945e+00 -5.849248156184357228e+00 -5.495312862159781986e+00 -3.450806340620208523e+00 -2.505375654877113334e+00 2.602394522418541301e-01 3.057414791916658547e+00 4.805146524014086040e+00 4.805146524014086040e+00 4.805146524014086040e+00 4.805146524014086040e+00
-1.071532504629389138e+01 -1.038748218330492357e+01 -1.000501080185772551e+01 -9.867343894733542342e+00 -9.479312962220980410e+00 -9.158349133712095025e+00 -7.970515178206663442e+00 -5.757748148838144786e+00 -5.967248482532525600e+00 -5.019197756724946835e+00 -3.277792112633060029e+00 -1.939587696728963362e+00 2.612904147352124729e-01 2.968231736620357442e+00 4.875462183050907505e+00 4.875462183050907505e+00 4.875462183050907505e+00 4.875462183050907505e+00
