-1.048890215540673054e+01 -1.030883730295289169e+01 -1.003525145639022753e+01 -9.714899198757942500e+00 -9.414334774378401605e+00 -9.069502290572550862e+00 -8.330257107530227856e+00 -7.316545742367262406e+00 -4.834652406980220363e+00 -3.069624428984197184e+00 -1.937838508718761288e+00 -1.954725739094356651e+00 4.075446652177728835e-01 1.836412308733448961e+00 4.661785652953370551e+00 4.661785652953370551e+00 4.661785652953370551e+00 4.661785652953370551e+00
-1.052913783351833565e+01 -1.021894296364745891e+01 -1.008227592289416030e+01 -9.925100108172374647e+00 -9.510429784586365898e+00 -9.008213514136699018e+00 -8.303048477273202721e+00 -7.043571477975981487e+00 -4.831047244593522194e+00 -2.056945004377959130e+00 -2.096709325586394890e+00 -3.068243782910791695e-01 4.979789017106616700e-01 2.079796020481744723e+00 4.976696723167847836e+00 4.976696723167847836e+00 4.976696723167847836e+00 4.976696723167847836e+00
-1.045035877170006700e+01 -1.009036423788631609e+01 -9.710907164108306233e+00 -9.690433199023260613e+00 -9.627999325521845009e+00 -9.126877746652841239e+00 -8.224756394041753182e+00 -6.976618399508756951e+00 -4.323403746222746591e+00 -2.143878149987739956e+00 -3.064222754434549056e+00 -1.259787335585024481e-01 -2.458977839849035008e-01 2.137430317724128503e+00 4.941436716456896860e+00 4.941436716456896860e+00 4.941436716456896860e+00 4.941436716456896860e+00
-1.027902208941844009e+01 -1.023909785845367182e+01 -9.985622405864491569e+00 -9.328210208198687070e+00 -9.205077475302489987e+00 -9.090444225604148443e+00 -8.273504556707429458e+00 -6.740907791338014654e+00 -3.195594653042336475e+00 -2.848829684272812468e+00 -1.665098894343202351e+00 3.026680442418924200e-01 3.227568877222681820e-01 2.315459402183709159e+00 4.674840375639126577e+00 4.674840375639126577e+00 4.674840375639126577e+00 4.674840375639126577e+00
-1.064946775963754177e+01 -1.029110163255011656e+01 -9.987786851523477338e+00 -9.609356799098652147e+00 -9.109044980496591393e+00 -8.679861448860346940e+00 -8.251242976678334173e+00 -6.285283741761698906e+00 -2.431554651170444448e+00 -2.823453412661304007e+00 -4.438657141198978362e-01 -1.027456696608039649e-01 1.296673516024996475e+00 2.389218172042042898e+00 4.424217254013447231e+00 4.424217254013447231e+00 4.424217254013447231e+00 4.424217254013447231e+00
-1.058552427180175748e+01 -9.975582307023495687e+00 -1.026334670320366627e+01 -9.901342496047611519e+00 -9.344676214645410539e+00 -8.728751087754908156e+00 -7.931369036410280238e+00 -5.067629479394503811e+00 -2.774082758809830462e+00 -2.606585146254222884e+00 3.224000029212908958e-02 1.124753308458138257e+00 1.170051842807934506e+00 2.164231373889493604e+00 4.402300086750861041e+00 4.402300086750861041e+00 4.402300086750861041e+00 4.402300086750861041e+00
-1.043799285388857356e+01 -1.036830226602385707e+01 -9.949404817346344743e+00 -9.664978369165456940e+00 -9.349002005721688491e+00 -8.685723391090133916e+00 -7.714951614616627040e+00 -3.580445896958185159e+00 -3.242933218149773644e+00 -1.073145195369910709e+00 -1.634761144487814066e-01 1.349824363029140217e+00 1.575865814537446674e+00 3.317508524713203677e+00 4.176957381761754462e+00 4.176957381761754462e+00 4.176957381761754462e+00 4.176957381761754462e+00
-1.048282933441281273e+01 -1.018621633294696593e+01 -9.947516288343274837e+00 -9.808533010012029152e+00 -9.241835923703586531e+00 -8.299810439673240836e+00 -5.943323747597180073e+00 -2.186764043986767714e+00 -2.552986913263555202e+00 9.888059433287521571e-03 1.449639695947358753e+00 2.083729901568688980e+00 1.791702431253529237e+00 4.309727658970324171e+00 4.944547004100239285e+00 4.944547004100239285e+00 4.944547004100239285e+00 4.944547004100239285e+00
-1.053796385286349846e+01 -1.030539829783377215e+01 -9.679980743613130656e+00 -9.148285392293518115e+00 -8.220462223061804963e+00 -7.078532996155256996e+00 -3.741500370342401460e+00 -3.335785919464986371e+00 -7.560473506650295938e-01 7.329392193881936191e-01 2.122722766369106395e+00 2.754992767562904010e+00 3.414467947211899279e+00 4.792089029741593897e+00 4.627368445410688480e+00 4.627368445410688480e+00 4.627368445410688480e+00 4.627368445410688480e+00
-1.025621912164633009e+01 -1.001591072026390705e+01 -9.597747448288362904e+00 -8.531281052412984067e+00 -7.399559330073351759e+00 -5.142128925302442255e+00 -2.404794446756470805e+00 -2.786120287076035318e+00 1.646049234221279023e-01 2.081604200080508615e+00 3.095742894795455058e+00 3.480557395651338481e+00 4.911484258254519730e+00 4.938413593531037371e+00 5.130662485682295326e+00 5.130662485682295326e+00 5.130662485682295326e+00 5.130662485682295326e+00
-1.026358131647110383e+01 -9.537619483612177262e+00 -8.802122170191902129e+00 -8.451634696509929157e+00 -6.841833347253068354e+00 -3.319271564884988646e+00 -3.451012995138864170e+00 -7.559698502445252322e-01 1.981889604427982121e+00 3.067054237918900306e+00 3.069229198251549384e+00 4.608172393764717434e+00 2.772036776520836909e+00 2.278005557478310905e+00 5.194119659112740095e+00 5.194119659112740095e+00 5.194119659112740095e+00 5.194119659112740095e+00
-9.874030441864722007e+00 -9.004943111703951786e+00 -8.102128823739464636e+00 -7.541226832173131278e+00 -4.648302780670945822e+00 -2.280674251515196538e+00 -2.212522406801485708e+00 6.641018245402456888e-01 2.940769734262414392e+00 3.181143871818793656e+00 4.469981388945054590e+00 3.719577658968983513e+00 9.009224980673271599e-01 2.500726739453713598e+00 4.894176742728444829e+00 4.894176742728444829e+00 4.894176742728444829e+00 4.894176742728444829e+00
-9.629714261329729297e+00 -8.656220990082415412e+00 -7.505443763048088357e+00 -5.993023757056906931e+00 -3.049889230791161587e+00 -3.232701936825713496e+00 -2.600830034016751724e-01 3.111790020700535120e+00 3.317797040847743073e+00 4.108309272020391312e+00 4.788890093977975937e+00 -8.991601420436499958e-02 5.254771443037804524e-01 2.377235339859598007e+00 4.753969956719155121e+00 4.753969956719155121e+00 4.753969956719155121e+00 4.753969956719155121e+00
-1.010277900538042317e+01 -8.022072194753194552e+00 -6.481804083119056870e+00 -4.125281144476922179e+00 -2.535370740162833147e+00 -1.830219804877706746e+00 1.435527179051764968e+00 3.094862373451272575e+00 3.334891288273917898e+00 5.071345760968284822e+00 3.320156941669855311e+00 -1.982187020341016348e+00 3.709306078213480684e-01 2.602084001395331914e+00 4.652059034654611125e+00 4.652059034654611125e+00 4.652059034654611125e+00 4.652059034654611125e+00
-9.468701598140112807e+00 -7.472057594307544903e+00 -5.231427701679918663e+00 -2.541096537870388250e+00 -2.545597360001158549e+00 -6.560280566816026337e-02 3.163766523091966931e+00 3.219766184260008934e+00 3.574279070449993601e+00 5.670006861687175714e+00 4.524866627210148096e+00 -1.041496383654802793e+00 9.131382103629812619e-01 2.558802767654774879e+00 4.680150970605549077e+00 4.680150970605549077e+00 4.680150970605549077e+00 4.680150970605549077e+00
-9.197475443347292057e+00 -6.896128409995142761e+00 -4.225994492021258431e+00 -2.350216476686713296e+00 -1.400888960205004086e+00 1.741952976741399928e+00 3.043512252447147404e+00 3.063336819336034633e+00 4.168084394404361070e+00 6.339661666058548306e+00 6.078156439488248353e+00 1.856265546584487947e+00 6.822223570665190140e-01 2.755996405057005383e+00 4.874284981705194753e+00 4.874284981705194753e+00 4.874284981705194753e+00 4.874284981705194753e+00
-8.693740459774591756e+00 -5.955649744864944140e+00 -3.497201300144500813e+00 -2.334263395630640225e+00 -1.369850898614978219e+00 3.011796196414164406e+00 3.283705907492382003e+00 3.373818265646062464e+00 4.241129230441035958e+00 5.042706292953370806e+00 4.586189499127659275e+00 4.732674972054123685e+00 3.814672201054279288e+00 3.330214195187689796e+00 5.008308590710315755e+00 5.008308590710315755e+00 5.008308590710315755e+00 5.008308590710315755e+00
-7.823161944924527766e+00 -5.729161000408786286e+00 -3.086361889739036357e+00 -1.664267604144431312e+00 -6.151615469089832811e-01 2.701435985726077238e+00 3.557855976895870853e+00 3.869090014458135496e+00 4.095532884438526366e+00 3.196723965489206343e+00 3.254447775975254586e+00 3.140247423464637144e+00 3.985308378119668316e+00 5.138449452271601103e+00 4.643856589271392110e+00 4.643856589271392110e+00 4.643856589271392110e+00 4.643856589271392110e+00
-7.550048104918289482e+00 -5.788962085216535769e+00 -2.851652398113325937e+00 -1.165877366500743140e+00 7.797604428533282395e-01 3.103900071907588210e+00 3.197274842748766055e+00 3.868946033649380389e+00 3.797708239100082039e+00 1.777466909770594183e+00 1.317690643188993427e+00 1.436072991087909312e+00 2.783959976248775448e+00 4.391644115801183190e+00 4.654575915736868907e+00 4.654575915736868907e+00 4.654575915736868907e+00 4.654575915736868907e+00
-8.260637423880787367e+00 -5.826580828043046445e+00 -2.473813193366801055e+00 -9.327155061371296130e-01 1.664160174389991864e+00 3.088917572545847978e+00 3.178719989964648107e+00 4.070123885578710521e+00 3.119206099733880855e+00 1.512358171159096987e+00 -9.097735165135052426e-01 8.150019908296556315e-01 1.940049003384629156e+00 3.596218279977649424e+00 4.651954015259065933e+00 4.651954015259065933e+00 4.651954015259065933e+00 4.651954015259065933e+00
-8.103404677637797704e+00 -5.968156619587347222e+00 -3.538137761622100363e+00 -1.484282998251103436e+00 1.155963956601065545e+00 3.122274079715347650e+00 3.180944903002564494e+00 4.090076482334997543e+00 3.025991306073829712e+00 1.390690366022227620e+00 -7.989687212228051560e-01 1.899274826209759737e-02 1.273996718650602045e+00 3.354311102895857655e+00 4.732273624877702645e+00 4.732273624877702645e+00 4.732273624877702645e+00 4.732273624877702645e+00
-8.141749239569506358e+00 -6.375315874590141263e+00 -3.293263710905772079e+00 -2.625626798137247420e+00 -2.270949697961042318e-02 3.219228929842602671e+00 3.259671007131471399e+00 4.162106367821706954e+00 2.711106083665011379e+00 1.142212107994521109e+00 -2.708167878475832069e+00 -1.675085353293635393e+00 1.212148740623180121e+00 3.180801354321722840e+00 4.641914455707086162e+00 4.641914455707086162e+00 4.641914455707086162e+00 4.641914455707086162e+00
-8.051745887990232831e+00 -6.740277761408734136e+00 -3.886540462767257509e+00 -1.806641936337906706e+00 -3.537928444094856073e-01 3.166234177690938179e+00 3.232063624537561797e+00 4.034302884483055962e+00 2.342338746505141955e+00 8.879995488547308413e-02 -2.855376870804190670e+00 -1.655444477136832404e+00 1.188214564503932147e+00 3.440033524930766973e+00 4.543370289081424929e+00 4.543370289081424929e+00 4.543370289081424929e+00 4.543370289081424929e+00
-8.083158742686217479e+00 -7.107166167872382090e+00 -4.425529332981863462e+00 -2.256525338792623181e+00 -4.995947324556202496e-01 2.371119099393226293e+00 3.200142332330679018e+00 3.798307302365897087e+00 2.090371427445623986e+00 -3.863031225324290219e+00 -3.009821523977538771e+00 -1.111605079674298890e+00 1.275809012406711851e+00 3.703151254893993105e+00 4.612305440371198273e+00 4.612305440371198273e+00 4.612305440371198273e+00 4.612305440371198273e+00
-7.924026662336856930e+00 -7.267965836170436233e+00 -5.302843534091825184e+00 -3.044290388692627136e+00 -8.273481810976821560e-01 6.221321089424521056e-02 3.176443060761052983e+00 3.077774227194697509e+00 1.992070069498102614e+00 -4.238479821125594960e+00 -2.718294632282347134e+00 -5.924847671134438887e-01 1.508113312626649272e+00 3.729924948323817269e+00 4.539106783243760823e+00 4.539106783243760823e+00 4.539106783243760823e+00 4.539106783243760823e+00
-8.452090576495672636e+00 -7.676326444372820745e+00 -6.332771915656793205e+00 -3.954648644084053366e+00 -1.903016315089900878e+00 -6.072708181129287119e-01 8.255512656983781117e-01 2.752759842308849514e+00 1.367415055048856631e+00 -3.808291167944004574e+00 -1.675716075662346372e+00 1.076683860533544923e+00 1.886475074300103749e+00 4.076382159960084905e+00 4.652522118783912752e+00 4.652522118783912752e+00 4.652522118783912752e+00 4.652522118783912752e+00
-8.906743222823362061e+00 -7.933722609479643140e+00 -6.974115060707658742e+00 -5.182300635951518686e+00 -3.274584541915955160e+00 -1.555323267883012228e+00 -1.027124848333180296e+00 9.171129822454785474e-01 1.967073388493676189e+00 -1.325978670264152282e+00 -4.323252980698129577e-01 -4.084598843514313238e-01 2.131435841478999116e+00 4.334733330142194418e+00 4.562631416255248595e+00 4.562631416255248595e+00 4.562631416255248595e+00 4.562631416255248595e+00
-9.188594620497958942e+00 -8.462899160927360498e+00 -7.640102285454346109e+00 -6.143890000655915173e+00 -4.419626729043700131e+00 -2.897301226947323727e+00 -1.619488038865461998e+00 -1.929237234980542004e+00 1.692670645427125420e+00 1.471504640749017545e+00 -5.505743892891103997e-01 -1.000119923673322558e-01 1.841790729062086296e+00 4.389694616718776032e+00 4.470710176568617022e+00 4.470710176568617022e+00 4.470710176568617022e+00 4.470710176568617022e+00
-9.352969726956674279e+00 -8.564977324753751731e+00 -8.065537800737860863e+00 -7.416777433262819130e+00 -6.123555867028052546e+00 -4.378879139240041241e+00 -2.395891707058575903e+00 -2.401724430869725868e+00 -5.454739615238107797e-01 1.099926930362819633e+00 -3.602180117823919892e-01 -2.828535940886759970e-01 1.547639186661018851e+00 4.070173254636848981e+00 4.518568670347624661e+00 4.518568670347624661e+00 4.518568670347624661e+00 4.518568670347624661e+00
-1.022296097292965200e+01 -9.079452974175033830e+00 -8.780811022185764259e+00 -8.323727323412725809e+00 -7.501591492182785537e+00 -6.682595453570604249e+00 -4.089643091042693968e+00 -2.988731439883437702e+00 -1.825795906300204940e+00 -5.621611822840951733e-01 1.012190830209924508e+00 1.771227159092901848e-01 -5.192660181178681000e-01 4.049700866879502925e+00 4.639030377360575663e+00 4.639030377360575663e+00 4.639030377360575663e+00 4.639030377360575663e+00
-1.048490567773982640e+01 -1.003315003137887018e+01 -9.567320614483087127e+00 -9.124252652180150136e+00 -8.691613448308576295e+00 -7.473655205085644404e+00 -5.762054359814262838e+00 -2.943142220649236585e+00 -2.861077306690829047e+00 -2.964578352060832866e+00 -5.760613578265295631e-01 8.712366013638832563e-01 -8.002596467238453082e-01 4.401307849772964076e+00 4.630138273420164374e+00 4.630138273420164374e+00 4.630138273420164374e+00 4.630138273420164374e+00
-1.052580748750281181e+01 -1.015495439951282819e+01 -9.751522591066260404e+00 -9.384698869205156058e+00 -8.958542104429945141e+00 -7.947110827828543833e+00 -6.317025890175690606e+00 -4.943538136972613017e+00 -3.563373112835017231e+00 -3.105561444231176083e+00 -2.191508128871717087e+00 3.587792848183420924e-01 -1.075473836065269806e+00 3.809857812782770026e+00 4.491023955361182374e+00 4.491023955361182374e+00 4.491023955361182374e+00 4.491023955361182374e+00
-1.053547107111448788e+01 -1.020203497807286652e+01 -9.889082550386243398e+00 -9.492106608193452644e+00 -9.200394084688950258e+00 -8.230009917534271580e+00 -6.811301752244862229e+00 -5.589491625290684773e+00 -3.698920250987453251e+00 -3.054518848966179867e+00 -2.818930187699815626e+00 -1.586492284213510406e-01 1.833249838880877947e-01 3.118014321366739061e+00 4.413938980682948099e+00 4.413938980682948099e+00 4.413938980682948099e+00 4.413938980682948099e+00
-1.053808732587601682e+01 -1.026334132104350694e+01 -9.916644640710627456e+00 -9.591245406123180217e+00 -9.197860964368778980e+00 -8.452037515557108804e+00 -7.026433431536797336e+00 -5.702669194088978877e+00 -4.764650228808984700e+00 -2.443680901943904082e+00 -2.630839934751633802e+00 -4.810354338503668448e-01 4.143325529475914148e-01 2.672955734885619883e+00 4.521492794705988416e+00 4.521492794705988416e+00 4.521492794705988416e+00 4.521492794705988416e+00
-1.057062383728844068e+01 -1.025644680276300846e+01 -1.002320677607503896e+01 -9.637675848729452710e+00 -9.240578891536712192e+00 -8.646587359602008860e+00 -7.214304128394738669e+00 -5.837939142272403181e+00 -5.472963165342084935e+00 -3.234292941100593399e+00 -1.613637361298055906e+00 -2.023972566042441024e+00 4.136701809880975467e-01 2.472628568852800690e+00 4.416928229359234237e+00 4.416928229359234237e+00 4.416928229359234237e+00 4.416928229359234237e+00
-1.063304647205398012e+01 -1.030531201022608734e+01 -1.002188222655768435e+01 -9.669113641161549921e+00 -9.347261471347719564e+00 -8.719641302298979824e+00 -7.485467086369343548e+00 -5.902589734565983015e+00 -5.707805812345972285e+00 -4.024180594910926168e+00 -1.864374406970380704e+00 -2.436853249500060326e+00 8.897901055021856589e-03 2.109936691678904186e+00 4.550855233968325031e+00 4.550855233968325031e+00 4.550855233968325031e+00 4.550855233968325031e+00
-1.062640689982870512e+01 -1.026870141313120577e+01 -1.004206947844508591e+01 -9.740788349704434523e+00 -9.343948827230038390e+00 -8.829231753229580093e+00 -7.564782516845625970e+00 -5.810958264895772274e+00 -5.385597268834567686e+00 -4.083092233125678483e+00 -2.462988615647503821e+00 -1.513465794722959279e+00 -1.540128191674045577e-01 2.221934836890369525e+00 4.469520684881322481e+00 4.469520684881322481e+00 4.469520684881322481e+00 4.469520684881322481e+00
-1.064981030314416799e+01 -1.035919215724549858e+01 -1.002355325188331037e+01 -9.719624264153999604e+00 -9.400567790063302454e+00 -8.833984298365235688e+00 -7.591227683672928883e+00 -5.987467973947825151e+00 -5.335942638826940865e+00 -3.966749302390951470e+00 -4.985476692077539518e+00 -2.250828887703345327e+00 -1.334696702434907123e-01 2.161047857925729510e+00 4.344629605497581259e+00 4.344629605497581259e+00 4.344629605497581259e+00 4.344629605497581259e+00
-1.069379308458687383e+01 -1.032758763825292725e+01 -1.001241624449348144e+01 -9.748618573793491393e+00 -9.446482355757694904e+00 -8.889866352607981526e+00 -7.677900042239566680e+00 -5.996115002062535559e+00 -5.331874460825885897e+00 -3.750450517995166155e+00 -3.837547317859365759e+00 -2.569750102038545592e+00 -6.681245062617158226e-01 2.315221998167835693e+00 4.452183419520642893e+00 4.452183419520642893e+00 4.452183419520642893e+00 4.452183419520642893e+00
-1.072396225346670029e+01 -1.036000983406820097e+01 -1.004211605404658769e+01 -9.781257443547257679e+00 -9.483038021990505939e+00 -9.043811448144840170e+00 -7.709045865387569307e+00 -5.900065700362078225e+00 -5.341353251458748730e+00 -3.881724122228698448e+00 -3.787574367022429556e+00 -1.678911608360062591e+00 -9.000349931394611147e-01 2.350911617343069082e+00 4.423646697666312910e+00 4.423646697666312910e+00 4.423646697666312910e+00 4.423646697666312910e+00
