-1.018944657483907257e+01 -1.017046313211834274e+01 -1.005330986624607625e+01 -9.730054859287225355e+00 -9.419799856359549750e+00 -9.122978788722088339e+00 -8.624432213506292300e+00 -7.548717967580942378e+00 -5.837035289893425904e+00 -4.393450180657883841e+00 -3.848457897706947684e+00 -2.251352015174838073e+00 -7.879417016964460618e-01 2.438152549012169601e+00 5.059429735288945018e+00 5.059429735288945018e+00 5.059429735288945018e+00 5.059429735288945018e+00
-1.023257904415196862e+01 -1.015160609314030005e+01 -9.954871080839405195e+00 -9.834291137195350530e+00 -9.536329449874569875e+00 -9.067119783855019932e+00 -8.405369840814501003e+00 -7.317951524946691322e+00 -5.682573904027491629e+00 -4.510772668562148091e+00 -3.773723041252825983e+00 -2.205695839439530737e+00 -5.645966437329442700e-01 2.600323011343312452e+00 5.134957547347588580e+00 5.134957547347588580e+00 5.134957547347588580e+00 5.134957547347588580e+00
-1.028619113969414478e+01 -1.011407532244646212e+01 -9.851124973976290278e+00 -9.618790971378896160e+00 -9.556457150078049523e+00 -9.262036427763467472e+00 -8.235723120313689805e+00 -7.233415225736474774e+00 -5.652174295580158159e+00 -4.249352774237359576e+00 -3.536041933273987414e+00 -2.252718050704041186e+00 -3.127812791211964094e-01 2.563587675407955402e+00 5.141584017055674138e+00 5.141584017055674138e+00 5.141584017055674138e+00 5.141584017055674138e+00
-1.034180861749963576e+01 -1.018601827966822526e+01 -1.003580467768466278e+01 -9.524724406013415745e+00 -9.357278556162631489e+00 -9.195013641660503723e+00 -8.379787065448972783e+00 -6.984512168802218923e+00 -5.559280757273798557e+00 -4.081992318683756338e+00 -2.589327243583402272e+00 -2.137545392542927747e+00 1.067636307582682798e-01 2.426304241989641231e+00 5.303615053203839302e+00 5.303615053203839302e+00 5.303615053203839302e+00 5.303615053203839302e+00
-1.033528348753559456e+01 -1.029183131563651976e+01 -1.007374823976197042e+01 -9.718378803825707735e+00 -9.222459608129213393e+00 -8.889081818407699842e+00 -8.342202276090702640e+00 -6.922104528806050538e+00 -5.544112363117960740e+00 -3.179045417299704024e+00 -2.133862965151680058e+00 -7.761422097455505931e-01 5.920351916537601733e-01 2.633880414005328685e+00 5.155679591332629208e+00 5.155679591332629208e+00 5.155679591332629208e+00 5.155679591332629208e+00
-1.038376000877114613e+01 -1.008110372184923698e+01 -1.004566409389734005e+01 -9.939606266951944491e+00 -9.539156502043827146e+00 -8.885829518663255655e+00 -8.054154093094934908e+00 -6.783380135694208057e+00 -4.846201799532553700e+00 -1.964518380593662350e+00 -9.157266919367873514e-01 -2.504131761137106116e-01 6.903220422129180411e-01 2.418315614621901144e+00 5.037773500888955702e+00 5.037773500888955702e+00 5.037773500888955702e+00 5.037773500888955702e+00
-1.032008534521241927e+01 -1.022540056174365830e+01 -1.004731353203352207e+01 -9.753826166263461772e+00 -9.489069471847605186e+00 -8.722966572096265025e+00 -7.806444643236453373e+00 -6.623010196074175404e+00 -2.215552052275426398e+00 -1.640937640218981919e+00 2.591043503099528245e-01 1.396238894484355564e+00 1.513052226223259300e+00 3.521133468618292461e+00 4.893284981882862539e+00 4.893284981882862539e+00 4.893284981882862539e+00 4.893284981882862539e+00
-1.047648367146627280e+01 -1.009200330268452639e+01 -9.943675907685243232e+00 -9.796867134429136925e+00 -9.317334658841692985e+00 -7.961111383118486096e+00 -6.948152570133256489e+00 -2.293644474198897054e+00 -1.526307519533616652e+00 1.910497214567318802e-01 1.459266493302328715e+00 2.243567504797491452e+00 1.572312764804609131e+00 4.480008904363510069e+00 5.397408347828285713e+00 5.397408347828285713e+00 5.397408347828285713e+00 5.397408347828285713e+00
-1.054919934729885256e+01 -1.032265355458570255e+01 -9.730027853328920173e+00 -9.212408251820750849e+00 -7.915217607332655447e+00 -7.724824302549951227e+00 -3.322641160492019630e+00 -1.957505382064357757e+00 1.147768119340174531e-01 1.775370032312450164e+00 2.223652484983277500e+00 3.036499682458789096e+00 3.497002336179306781e+00 4.914001568621671368e+00 6.917864460165285223e+00 6.917864460165285223e+00 6.917864460165285223e+00 6.917864460165285223e+00
-1.027127737257462314e+01 -9.876404187327874951e+00 -9.444310403428161749e+00 -8.369867907861054945e+00 -7.783647865224921247e+00 -4.476273033831903447e+00 -2.026423202468087048e+00 -2.431937112927559652e-01 1.979222659732487788e+00 2.476774949130115644e+00 3.228819221028175868e+00 3.576040779453129925e+00 5.089855144261682618e+00 5.082601172874868567e+00 6.158389764420626022e+00 6.158389764420626022e+00 6.158389764420626022e+00 6.158389764420626022e+00
-1.025204691036584492e+01 -9.368044255721999392e+00 -8.516802827475192572e+00 -8.494661583517135739e+00 -7.512217240967503429e+00 -2.130617283885818392e+00 -4.372650905864229331e-01 1.888010817503437799e+00 2.800066959993504412e+00 3.285286712122085895e+00 3.277262077055831835e+00 4.775984402566137099e+00 3.296435263672341076e+00 2.445187369382945342e+00 5.235948000069194030e+00 5.235948000069194030e+00 5.235948000069194030e+00 5.235948000069194030e+00
-9.358279307972496852e+00 -8.736796235102451291e+00 -7.944196499093759023e+00 -7.784351488207243541e+00 -3.185375391207928342e+00 -1.628464916222085890e+00 6.089873010389075247e-01 2.316728850184515132e+00 3.174542005689375390e+00 3.332240578245075469e+00 4.696530897167496832e+00 2.559489330142544539e+00 6.733525564494651228e-01 2.557857039093651697e+00 5.232310846231063017e+00 5.232310846231063017e+00 5.232310846231063017e+00 5.232310846231063017e+00
-9.806921296730076065e+00 -8.318592209553376193e+00 -7.217185211272682643e+00 -5.866744509865509549e+00 -2.332100127446498306e+00 -6.641882046883312851e-02 2.354887443323133933e+00 3.264780819406324586e+00 3.468089413936476184e+00 4.305028904269775580e+00 4.770508552145270365e+00 -1.936955727413930128e-01 4.128826352617268602e-01 2.550303606431537418e+00 5.595011633982702293e+00 5.595011633982702293e+00 5.595011633982702293e+00 5.595011633982702293e+00
-9.855170896885434573e+00 -7.653199691613825628e+00 -5.616551152206451292e+00 -2.328667734030198666e+00 -1.251948710270341270e+00 1.475765320229712296e+00 3.096427448147609063e+00 3.366087146116974793e+00 3.526690921977755799e+00 5.122230534065769447e+00 2.330002305767908677e+00 -1.806241496701417315e+00 2.995858405857738105e-01 2.779739149911332419e+00 5.390600465055992885e+00 5.390600465055992885e+00 5.390600465055992885e+00 5.390600465055992885e+00
-9.486940287243877279e+00 -7.547992222971490861e+00 -3.380123224824030270e+00 -2.404173719765450912e+00 3.084016067400949246e-01 2.681904071620198060e+00 3.264019543570482185e+00 3.358390975076974705e+00 3.763691990445559465e+00 5.876534184353213064e+00 4.364707497623212973e+00 -7.587941469462078370e-01 5.602091988863062699e-01 2.826130249285836005e+00 5.553782451739997406e+00 5.553782451739997406e+00 5.553782451739997406e+00 5.553782451739997406e+00
-9.252906437012232033e+00 -6.043037231716117397e+00 -2.902459480186895924e+00 -1.492994203282480115e+00 1.361025859301645546e+00 3.161628469794352636e+00 3.242296074348542945e+00 3.267397580193704520e+00 4.322821891993485544e+00 6.183400140396193123e+00 6.177843280891404554e+00 1.684250128869980712e+00 5.317643945291798957e-01 2.845116263955513425e+00 6.044141708711775252e+00 6.044141708711775252e+00 6.044141708711775252e+00 6.044141708711775252e+00
-8.369553251423672791e+00 -4.873911684027308233e+00 -1.787043888188898144e+00 -2.984936316054291328e-01 1.756371763099982664e+00 3.302420527668714634e+00 3.382675719586507590e+00 3.467058876417949520e+00 4.330021842310618041e+00 4.982823801017247867e+00 4.690582279652662834e+00 4.884705158842483463e+00 4.229722558168126589e+00 3.030179972096016083e+00 5.786855384677719982e+00 5.786855384677719982e+00 5.786855384677719982e+00 5.786855384677719982e+00
-7.236738118539095765e+00 -4.472414418457937302e+00 -1.381535094079319848e+00 2.026966735406124376e-02 2.407830850010639345e+00 2.830405376947135565e+00 3.545910392052427085e+00 3.983997251203498013e+00 4.290936154968214566e+00 3.311949668756147158e+00 3.268150765447590977e+00 3.259685152977180422e+00 4.084150619576361940e+00 5.261886766396626669e+00 6.005132988276503880e+00 6.005132988276503880e+00 6.005132988276503880e+00 6.005132988276503880e+00
-7.826713723208232665e+00 -4.659233354169373342e+00 -1.473666225131119223e+00 6.502019862917698401e-01 2.748574024041432029e+00 3.377456617829700303e+00 3.417374922731183151e+00 4.184673606851941230e+00 3.944018474476586267e+00 1.782488932562051875e+00 1.078513569171720476e+00 1.481837242172457714e+00 2.867322023963785771e+00 4.543632448289471881e+00 5.937565083426307844e+00 5.937565083426307844e+00 5.937565083426307844e+00 5.937565083426307844e+00
-7.934958418541580016e+00 -4.986019743468314225e+00 -1.431240337297436493e+00 6.870170423978450014e-01 2.849108750904339793e+00 3.360544522819970847e+00 3.392120942906057035e+00 4.315240102711826786e+00 3.225883015948801447e+00 1.432432623948341588e+00 -1.020117182930313060e+00 8.757425663549880390e-01 2.041040652368856456e+00 3.705745860183130347e+00 5.872738831091036005e+00 5.872738831091036005e+00 5.872738831091036005e+00 5.872738831091036005e+00
-7.828905905405616039e+00 -5.498134162926898938e+00 -1.855324333014142457e+00 6.598588863756050804e-01 2.813423583806380357e+00 3.309015182841577918e+00 3.339599621964166154e+00 4.306273575558212663e+00 3.107481055250878921e+00 1.374939628896680865e+00 -1.046416637504217872e+00 4.579372138247339574e-02 1.314451309446827310e+00 3.471988025386851362e+00 5.904575515875447600e+00 5.904575515875447600e+00 5.904575515875447600e+00 5.904575515875447600e+00
-7.850998508663785458e+00 -6.307889227490102613e+00 -1.738042297351689580e+00 7.585607960466734800e-01 2.529285753957458915e+00 3.451764817190606571e+00 3.424099517359454392e+00 4.399456834233218316e+00 2.803538184515555365e+00 6.547857431343597767e-01 -2.850399836129731135e+00 -1.819099544851961348e+00 1.225510298694875377e+00 3.315510771491498865e+00 5.849658925163700118e+00 5.849658925163700118e+00 5.849658925163700118e+00 5.849658925163700118e+00
-8.067481555602627807e+00 -6.077494927334325503e+00 -1.742100023095286110e+00 4.647457285189331433e-01 2.506023375195465253e+00 3.404001858487694321e+00 3.445820052566104685e+00 4.282511657214804757e+00 2.385184810996432425e+00 -1.163899902165329570e+00 -2.865502836703467615e+00 -1.720489175767852874e+00 1.320664198636998687e+00 3.588459533828359582e+00 5.869739333661256886e+00 5.869739333661256886e+00 5.869739333661256886e+00 5.869739333661256886e+00
-7.873513146704095078e+00 -6.815591071915635624e+00 -2.398130477758947166e+00 -1.868304459837849540e-01 2.210939246325692054e+00 3.340610859221632811e+00 3.396116649904268758e+00 4.010987201200806318e+00 2.047171908249485472e+00 -4.171044836927930710e+00 -3.170714475068448834e+00 -1.299691007686271105e+00 1.254430033495109287e+00 3.840637280465652559e+00 5.823968134178450384e+00 5.823968134178450384e+00 5.823968134178450384e+00 5.823968134178450384e+00
-8.130678358171707032e+00 -7.495833952365330788e+00 -3.221641834921068703e+00 -8.991681209383219908e-01 1.774717576499339700e+00 3.254871729761853683e+00 3.395326811013169799e+00 3.296245810793867026e+00 1.589248613878621930e+00 -4.386402829609486353e+00 -2.851899841795275226e+00 -9.804785430283180503e-01 1.615967964618375774e+00 3.823478706201592026e+00 5.749085331051290382e+00 5.749085331051290382e+00 5.749085331051290382e+00 5.749085331051290382e+00
-8.155621942988592110e+00 -7.667364513080970667e+00 -5.206090644637329845e+00 -1.314490261111460168e+00 5.588538507667868416e-01 2.636762275644647158e+00 3.212093666383984303e+00 2.942397036477406136e+00 1.056048796679843749e+00 -4.355296154060338765e+00 -2.172747683746358849e+00 1.065600799100852925e+00 1.989866821286714549e+00 4.199266175612191176e+00 5.704558457302200125e+00 5.704558457302200125e+00 5.704558457302200125e+00 5.704558457302200125e+00
-8.792822630313438026e+00 -7.676170823380472186e+00 -7.011481628097255836e+00 -2.600103151937994461e+00 -8.578724436629838745e-01 7.452620697865668387e-01 1.961475131459271548e+00 1.812285297780334536e+00 1.038004853700691399e+00 -2.126156637536289917e+00 -2.395301816551824725e+00 4.544695454128805934e-01 2.392120037055793347e+00 4.344882055023656875e+00 5.588821126288971541e+00 5.588821126288971541e+00 5.588821126288971541e+00 5.588821126288971541e+00
-9.060336410974636934e+00 -8.540361156599871606e+00 -7.476415514993044908e+00 -4.959567271152593548e+00 -2.025725306656554814e+00 -1.327683318214548880e+00 -5.068543030221448475e-01 3.513812996131006061e-01 2.433214295162155483e-01 -2.546508672895907655e+00 -2.550649368416436857e+00 -1.266583673444281910e+00 1.933684347786929436e+00 4.452093212896232721e+00 5.604113144430903581e+00 5.604113144430903581e+00 5.604113144430903581e+00 5.604113144430903581e+00
-9.298666650335356110e+00 -8.683923702571945569e+00 -8.030981721283616537e+00 -7.414427675478059143e+00 -5.970799646832543495e+00 -3.765856987812811418e+00 -2.114260210118648065e+00 -1.460759025724547966e+00 -1.327150581146174124e+00 -1.341111297753523779e+00 -3.500385096434271315e+00 -9.799365743919293825e-01 1.541878656136083547e+00 4.143996869971534380e+00 5.510254763268920719e+00 5.510254763268920719e+00 5.510254763268920719e+00 5.510254763268920719e+00
-1.040325840071918329e+01 -9.001942403591577602e+00 -8.840572146849833501e+00 -8.474666324891119373e+00 -7.641823200220647649e+00 -6.666455408051947806e+00 -5.666657025356821364e+00 -4.343547581676713065e+00 -4.131504945111626803e+00 -3.800395914015817667e+00 -2.547948936469274450e+00 -1.412037195530275513e+00 7.841828630843277192e-01 4.182381068518324696e+00 5.371145752643823990e+00 5.371145752643823990e+00 5.371145752643823990e+00 5.371145752643823990e+00
-1.047612189861690979e+01 -1.005105589393285115e+01 -9.639134590403120484e+00 -9.233092843088417823e+00 -8.868035182007060868e+00 -7.248973547095746817e+00 -5.731208488714868210e+00 -5.751558612783680857e+00 -5.097335030490615537e+00 -4.534530562797225883e+00 -2.993797596469623734e+00 -1.947424872570778120e+00 5.339208122677403523e-01 4.507275365010023904e+00 5.227891323386182343e+00 5.227891323386182343e+00 5.227891323386182343e+00 5.227891323386182343e+00
-1.060283804372837935e+01 -1.026131527400934651e+01 -9.846784433145026938e+00 -9.617823975690331650e+00 -9.249384242425250591e+00 -7.923017216800485762e+00 -5.948005184839071369e+00 -5.958400485330425767e+00 -5.128002107240168250e+00 -4.821334341541186674e+00 -2.820851523060175836e+00 -2.436872218051135075e+00 3.256235973073901557e-01 4.346977261882886800e+00 5.361590936307674582e+00 5.361590936307674582e+00 5.361590936307674582e+00 5.361590936307674582e+00
-1.061609471135608729e+01 -1.027840731931779139e+01 -9.998528928719135678e+00 -9.705071515486826783e+00 -9.378399846909513116e+00 -8.380623900076772159e+00 -6.038250472368312138e+00 -5.788437416422937076e+00 -5.253945045121390045e+00 -4.583266731710519792e+00 -3.034791364864839469e+00 -2.137352937330888381e+00 6.607766504258961726e-01 3.554869326032648935e+00 5.092243250273542188e+00 5.092243250273542188e+00 5.092243250273542188e+00 5.092243250273542188e+00
-1.052917870669804756e+01 -1.038056323690024563e+01 -9.922659218958409966e+00 -9.704865734796923604e+00 -9.398908755713140550e+00 -8.629384277638468603e+00 -6.192343245133811180e+00 -6.203956555255120797e+00 -5.398827319521487311e+00 -4.468525544791904558e+00 -3.150915389193797544e+00 -1.904309459482004474e+00 6.383115413802780136e-01 3.412934067424174156e+00 5.434864830719487117e+00 5.434864830719487117e+00 5.434864830719487117e+00 5.434864830719487117e+00
-1.053007671871050732e+01 -1.040305689741587258e+01 -9.977232890556500422e+00 -9.795837027742308578e+00 -9.423237515084693428e+00 -8.774913626513805909e+00 -6.746384656758403153e+00 -6.083524355852023113e+00 -5.605558104347292847e+00 -4.583881168405876672e+00 -3.134067947651518971e+00 -2.647524580358732837e+00 4.511283748908579971e-01 3.510918287517672542e+00 5.576486273380406367e+00 5.576486273380406367e+00 5.576486273380406367e+00 5.576486273380406367e+00
-1.064708086513608443e+01 -1.029235613604301491e+01 -1.001198867969070605e+01 -9.730212299715175206e+00 -9.417906390556485263e+00 -8.965879646649725032e+00 -6.965302257711120326e+00 -5.930655554167402421e+00 -5.916887648236873964e+00 -5.003325031562430247e+00 -3.003373653409373123e+00 -2.922292408220148907e+00 3.754938316449895619e-01 3.131430664112703877e+00 5.391436333466767650e+00 5.391436333466767650e+00 5.391436333466767650e+00 5.391436333466767650e+00
-1.063187203345797016e+01 -1.032949248383329710e+01 -1.006448524562709679e+01 -9.774653466503306021e+00 -9.448793561434658983e+00 -9.034560153624438428e+00 -7.477354780428425940e+00 -5.870493245216981570e+00 -5.677288212169294468e+00 -5.339419891493260906e+00 -3.325740077463014366e+00 -2.652877082922764806e+00 5.923403876465601625e-01 3.142404524698849677e+00 5.431334933142130339e+00 5.431334933142130339e+00 5.431334933142130339e+00 5.431334933142130339e+00
-1.070900636186544830e+01 -1.042839707896501800e+01 -1.006010121752890640e+01 -9.783598479691248073e+00 -9.503972247853413435e+00 -8.960136047925850278e+00 -7.752011384906970726e+00 -6.192430162909779767e+00 -5.895986285448300279e+00 -5.386089171829717692e+00 -3.776524023112428630e+00 -2.787313454407758240e+00 5.574654518967206984e-01 3.012207615121367699e+00 5.246284993228492510e+00 5.246284993228492510e+00 5.246284993228492510e+00 5.246284993228492510e+00
-1.073470901945214528e+01 -1.039710778309742167e+01 -1.005388970566952977e+01 -9.876124724141940092e+00 -9.565382678740917299e+00 -9.038594480037513534e+00 -7.918601912314862545e+00 -6.080753799700563178e+00 -5.948252755411034265e+00 -5.478744693320335202e+00 -3.556721114544283413e+00 -2.353314072149406133e+00 1.003651919462905107e-01 3.073613691237326861e+00 5.226903903184314970e+00 5.226903903184314970e+00 5.226903903184314970e+00 5.226903903184314970e+00
-1.071074757988792570e+01 -1.040924463535172961e+01 -1.007067031989800299e+01 -9.826187434749320104e+00 -9.560635140150758104e+00 -9.163165360256460445e+00 -8.119092665771207251e+00 -5.852718860756343844e+00 -5.962938502119461859e+00 -5.291473099321685858e+00 -3.261294354095719772e+00 -2.227743739035090709e+00 -1.259773371089065730e-01 3.020312942166724746e+00 5.205479474902129589e+00 5.205479474902129589e+00 5.205479474902129589e+00 5.205479474902129589e+00
