-1.036271735083262335e+01 -1.025225251732459952e+01 -1.003776145581474566e+01 -9.647406309233724997e+00 -9.365235973017764337e+00 -9.019152398133391202e+00 -8.484698049724563873e+00 -7.455771649445336990e+00 -5.516774977218545928e+00 -4.181817788957174820e+00 -2.863193847962636873e+00 -2.455834467901339746e+00 -1.929893679464998180e-01 2.140053177122392736e+00 5.458185537161711842e+00 5.458185537161711842e+00 5.458185537161711842e+00 5.458185537161711842e+00
-1.035643313853941727e+01 -9.900691691566315455e+00 -1.012275306498707117e+01 -9.894144745068985003e+00 -9.627393979783887445e+00 -9.002257913021599833e+00 -8.370230433884895405e+00 -7.162651190873678075e+00 -5.370537333120605439e+00 -3.604691457265895238e+00 -2.719457523121175946e+00 -2.238464280634673287e+00 -5.560070513945372106e-01 2.337951770442125987e+00 5.197740471697371412e+00 5.197740471697371412e+00 5.197740471697371412e+00 5.197740471697371412e+00
-1.040189035425074238e+01 -1.004871548944806570e+01 -9.776017447327182808e+00 -9.563428128751207069e+00 -9.545263157835194079e+00 -9.250901783290050417e+00 -8.170048682833765952e+00 -7.108092811167567859e+00 -5.249008913072675142e+00 -2.726613627211851743e+00 -3.082878769757265491e+00 -1.617070398744216320e+00 -1.348583941065706893e-01 2.353950946082394857e+00 5.107713217621183688e+00 5.107713217621183688e+00 5.107713217621183688e+00 5.107713217621183688e+00
-1.033816061917715778e+01 -1.003799308213888253e+01 -9.977584450343442768e+00 -9.332525871439347753e+00 -9.200965203525814928e+00 -9.143435867544333462e+00 -8.233082841824728604e+00 -6.877471131560700002e+00 -5.093711528689585322e+00 -2.160821830847324598e+00 -2.206240264561859288e+00 -3.534583101773952629e-01 1.009482850688375510e+00 2.332001994094170083e+00 5.734509327310995275e+00 5.734509327310995275e+00 5.734509327310995275e+00 5.734509327310995275e+00
-1.041809694627009009e+01 -1.025708888834146570e+01 -1.001790840307242192e+01 -9.604611984930842894e+00 -9.076185577353319545e+00 -8.702797987431633686e+00 -8.205921351503240757e+00 -6.772382563602843852e+00 -4.673896763185656056e+00 -2.286359253724646656e+00 -2.084729509437554196e+00 4.056306105237908466e-01 9.945369208751833057e-01 2.446449943264435767e+00 5.467795623021055818e+00 5.467795623021055818e+00 5.467795623021055818e+00 5.467795623021055818e+00
-1.044842343142704166e+01 -1.027091440155651370e+01 -1.008844359672345092e+01 -1.001026391310504593e+01 -9.484859467314707970e+00 -8.759271390122732370e+00 -7.988452621245389018e+00 -6.372998815918415438e+00 -2.844270935314579418e+00 -2.562193004174016409e+00 -2.472362477301615069e-01 4.548081025757060303e-01 9.436491276144814977e-01 2.196364786546946668e+00 6.170842862936885886e+00 6.170842862936885886e+00 6.170842862936885886e+00 6.170842862936885886e+00
-1.038460765102991346e+01 -1.023148216151538037e+01 -1.004094578589338482e+01 -9.753044405634021530e+00 -9.490456145794453846e+00 -8.746530758269667416e+00 -7.814779615573945293e+00 -5.871759900019091205e+00 -2.122119409463230966e+00 -2.112716328072939298e+00 5.502229059114622789e-01 1.314717643619358611e+00 1.547554346961021787e+00 3.376128705206878688e+00 6.004564478634826230e+00 6.004564478634826230e+00 6.004564478634826230e+00 6.004564478634826230e+00
-1.037652362074891776e+01 -1.005622336553803464e+01 -9.932226936735435885e+00 -9.905314272204860160e+00 -9.327868837119625667e+00 -8.250745944713511193e+00 -6.507616095228625497e+00 -2.821889302642214048e+00 -2.577652958644133463e+00 -7.057405052107031118e-02 1.324196767242956874e+00 1.981802776830277057e+00 1.606721591310943831e+00 4.373950486251047209e+00 5.900900953811536453e+00 5.900900953811536453e+00 5.900900953811536453e+00 5.900900953811536453e+00
-1.028525338065827732e+01 -1.032981209482157858e+01 -9.704067473948263967e+00 -9.226677912518180591e+00 -8.040705020587138208e+00 -7.163441760703529226e+00 -4.054144870368581621e+00 -2.251860772580306147e+00 -7.186507317686887664e-01 9.698718728233803876e-01 2.154236751689624807e+00 2.786913015506422120e+00 3.377507470398258160e+00 4.768852850893580353e+00 6.505579961379496012e+00 6.505579961379496012e+00 6.505579961379496012e+00 6.505579961379496012e+00
-1.012786283938371312e+01 -9.928419980834792824e+00 -9.588734206311269048e+00 -8.505333445439079654e+00 -7.513671713303075705e+00 -4.972688313924379599e+00 -2.290488095577194017e+00 -9.812853188667569615e-01 9.463769789558796885e-01 2.460625814395847044e+00 3.078164892785559381e+00 3.504867116860184595e+00 4.981280361168307635e+00 4.936414245707746673e+00 6.232883484457573786e+00 6.232883484457573786e+00 6.232883484457573786e+00 6.232883484457573786e+00
-1.021801115915767966e+01 -9.431271770240750030e+00 -8.633504595146767713e+00 -8.461038873647513725e+00 -6.836951906928098843e+00 -2.472360203744102591e+00 -1.305403917370365319e+00 3.886254554261283634e-01 2.711718480987062030e+00 3.163313624997113216e+00 3.132325858264227048e+00 4.647726317538415586e+00 2.792315282028284162e+00 2.358942540017608280e+00 6.182033717507243509e+00 6.182033717507243509e+00 6.182033717507243509e+00 6.182033717507243509e+00
-9.566650576483432644e+00 -8.822982463957039556e+00 -8.061994967861863870e+00 -7.525692049269625983e+00 -3.567207174469672282e+00 -2.339296372510383026e+00 -2.907990219829397760e-01 2.111932194421414000e+00 2.925262877762519587e+00 3.250360758600669975e+00 4.604715114685425270e+00 3.601573720355205399e+00 4.801306379456834472e-01 2.505119600257184054e+00 6.732947975198559476e+00 6.732947975198559476e+00 6.732947975198559476e+00 6.732947975198559476e+00
-9.634543270158930639e+00 -8.369260612795882182e+00 -7.305443597187714744e+00 -5.395662889784132332e+00 -2.819326232299861790e+00 -1.092116758725713677e+00 1.085549922790793875e+00 3.230454860991550881e+00 3.319890375726789244e+00 4.162966990797716704e+00 4.763863133901299562e+00 -2.094320108370940070e-01 4.961272754502636939e-01 2.482954488823148509e+00 6.514807220046929359e+00 6.514807220046929359e+00 6.514807220046929359e+00 6.514807220046929359e+00
-1.001211750614235640e+01 -7.799889827978442547e+00 -6.180760857872499514e+00 -3.225636145030704505e+00 -1.989063227153457181e+00 -2.858343607221010552e-01 2.958548382355024930e+00 3.120690244411789216e+00 3.356215370388286878e+00 5.033672708491020664e+00 3.120543062087796748e+00 -1.928000006357149854e+00 3.924143383045156086e-01 2.708658873572966641e+00 7.063371464012513812e+00 7.063371464012513812e+00 7.063371464012513812e+00 7.063371464012513812e+00
-9.332635570272783454e+00 -7.231161307023999285e+00 -4.445980872658537919e+00 -1.906717427365925310e+00 -1.293879945799024878e+00 1.281228982295086194e+00 3.160742492749391008e+00 3.269921576485644632e+00 3.692307223745245892e+00 5.728672936250746694e+00 4.455619816526486865e+00 -8.937467951954858325e-01 4.285248063043048949e-01 2.671066032938313128e+00 6.903512720716788564e+00 6.903512720716788564e+00 6.903512720716788564e+00 6.903512720716788564e+00
-9.099707066839503256e+00 -6.515840592172927437e+00 -3.264927369339260643e+00 -1.818860855451812419e+00 2.548091105784606736e-01 2.897688970694961341e+00 3.111193842909770524e+00 3.171026779044610056e+00 4.277619805626379446e+00 6.272425486213945689e+00 6.114304630353595726e+00 1.541705376437945585e+00 8.223380196143810217e-01 2.812738323838363641e+00 6.647526265802325085e+00 6.647526265802325085e+00 6.647526265802325085e+00 6.647526265802325085e+00
-8.494201006436998824e+00 -5.327897444536293214e+00 -2.854234741195957881e+00 -1.534571748252851808e+00 1.078936510777966262e+00 3.017671395555997726e+00 3.309378542062360928e+00 3.276938524337603464e+00 4.214451776938069827e+00 5.040227540195374445e+00 4.642408286628221248e+00 4.767144846012414838e+00 3.655294008058296740e+00 3.374586304463405462e+00 6.473832408344378564e+00 6.473832408344378564e+00 6.473832408344378564e+00 6.473832408344378564e+00
-7.506216576496456128e+00 -5.088000530753082451e+00 -2.545129257509554765e+00 -1.633471096669172340e+00 1.548859750651355283e+00 2.736911213157462885e+00 3.570593591364410457e+00 3.900613830906554114e+00 4.122914760122203148e+00 3.230744276094522416e+00 3.237125336413878784e+00 3.178796762146936850e+00 3.978667340647578765e+00 5.232466979899015769e+00 7.038678135425393556e+00 7.038678135425393556e+00 7.038678135425393556e+00 7.038678135425393556e+00
-7.332182719069261445e+00 -5.269930884752771050e+00 -1.682422615456952153e+00 -6.363331039698958413e-01 2.444825250748189127e+00 3.187802410533425501e+00 3.274668093157028892e+00 4.021150049349406785e+00 3.873694319612527082e+00 1.713375050781834386e+00 1.256982745441432181e+00 1.440015337897867509e+00 2.758629532391701389e+00 4.410279476692466005e+00 6.869103393860648055e+00 6.869103393860648055e+00 6.869103393860648055e+00 6.869103393860648055e+00
-8.091858897770597636e+00 -5.273953144266826598e+00 -1.656960491804425395e+00 -3.159527780226428217e-01 2.564199029090258541e+00 3.148252792759307805e+00 3.211088820364083940e+00 4.127534907368080930e+00 3.112118499985296438e+00 1.482367829657879943e+00 -1.008880148601395410e+00 8.953731117544894147e-01 1.970374483486767359e+00 3.644380963622124714e+00 6.749593839874286516e+00 6.749593839874286516e+00 6.749593839874286516e+00 6.749593839874286516e+00
-7.982055539244404585e+00 -5.902035941313268808e+00 -2.236712967452595624e+00 -7.418694195939042890e-01 2.421321558649163652e+00 3.117362680435853850e+00 3.245756362165344022e+00 4.102650563069552447e+00 3.086844160281902560e+00 1.392771611055017900e+00 -1.092474861993400381e+00 1.719461092163860824e-02 1.268105960151245215e+00 3.390179243072951820e+00 7.204167177403061118e+00 7.204167177403061118e+00 7.204167177403061118e+00 7.204167177403061118e+00
-8.001559692927651568e+00 -6.521460453717847550e+00 -2.409124049819009628e+00 -8.981362877867694605e-01 1.651163304450595337e+00 3.212755117997567744e+00 3.244873831497379513e+00 4.231105870843843597e+00 2.725861713835687539e+00 9.308005156831262727e-01 -2.738641539961428784e+00 -1.752071504910135413e+00 1.254760182541950542e+00 3.201375050596875660e+00 7.028633775193857680e+00 7.028633775193857680e+00 7.028633775193857680e+00 7.028633775193857680e+00
-7.989881377160042319e+00 -6.609535585207108710e+00 -3.047638522919294601e+00 -1.023924214027011281e+00 1.211392134927319120e+00 3.184173971831469885e+00 3.278627161527988498e+00 4.090780372143163035e+00 2.349444245123194719e+00 -1.126526120161426281e+00 -2.836211504186195054e+00 -1.783049043410662948e+00 1.286891487879870954e+00 3.512664999880000138e+00 7.074923937294984810e+00 7.074923937294984810e+00 7.074923937294984810e+00 7.074923937294984810e+00
-7.985761426573782629e+00 -6.815702896061558214e+00 -3.221286600867275585e+00 -1.439568170677880454e+00 3.500615728495026224e-01 3.154002540025541812e+00 3.235570765629722345e+00 3.853849842901659883e+00 2.121721371288099789e+00 -4.056694345497596998e+00 -3.061625365161710466e+00 -1.303379014326562668e+00 1.345738827023881257e+00 3.712138349752657440e+00 7.039249421240226567e+00 7.039249421240226567e+00 7.039249421240226567e+00 7.039249421240226567e+00
-7.965779708478194721e+00 -7.282595180576327820e+00 -3.437404762397030744e+00 -2.764359249506978422e+00 -2.350751065402584272e-01 2.817367355821154717e+00 3.214063439865079808e+00 3.145694268308145247e+00 1.714613511744166985e+00 -4.338452585589179122e+00 -2.751421352676347354e+00 -7.210181988786186214e-01 1.488911168933638507e+00 3.773382715823137445e+00 7.295922205830269291e+00 7.295922205830269291e+00 7.295922205830269291e+00 7.295922205830269291e+00
-8.318343083928501969e+00 -7.776320898296337880e+00 -5.801813961857255286e+00 -2.137406064593157407e+00 -1.719603079322526318e+00 8.739499829024686139e-01 3.041708849771830536e+00 2.807520647411854142e+00 1.237583175445621908e+00 -4.207694251662704055e+00 -2.279318969297651876e+00 1.186524415176921865e+00 1.928300796131987127e+00 4.069776963114911439e+00 7.344287706456529286e+00 7.344287706456529286e+00 7.344287706456529286e+00 7.344287706456529286e+00
-8.845278605096938307e+00 -7.744038735368341975e+00 -6.617976282867720883e+00 -3.899992918545958975e+00 -2.067602546039031264e+00 -7.641663103105240662e-01 9.222378385804761436e-01 1.952664041544786899e+00 1.268212638717187479e+00 -2.159147892022412751e+00 -1.763781598194552602e+00 4.912457334243434115e-01 2.216078482665185589e+00 4.377149251385517914e+00 7.282965529438259367e+00 7.282965529438259367e+00 7.282965529438259367e+00 7.282965529438259367e+00
-9.089855718157021869e+00 -8.497220472905063104e+00 -7.376165123285742808e+00 -5.553538944040846914e+00 -2.707613751617910403e+00 -1.610721923035380865e+00 -8.106858321851748705e-01 6.356603599613634970e-01 1.130141009846538758e+00 9.103063937094320046e-01 -2.092683627424532400e+00 -2.839558127937303333e-01 1.893325914769248053e+00 4.420033928486471808e+00 7.708479233906281536e+00 7.708479233906281536e+00 7.708479233906281536e+00 7.708479233906281536e+00
-9.318003240040388491e+00 -8.558238980243260130e+00 -8.159359622883791019e+00 -7.431524575578105640e+00 -5.791803082876847419e+00 -3.258109298066060422e+00 -2.000913126252338969e+00 -2.423511521790607137e+00 1.208485023856231272e-01 7.930458795490153978e-01 -2.466731647735142641e+00 -4.108481209370302700e-01 1.423860301609616963e+00 4.123544725265460897e+00 7.578074940312538033e+00 7.578074940312538033e+00 7.578074940312538033e+00 7.578074940312538033e+00
-1.029891529603058764e+01 -8.955027309107666866e+00 -8.658510539510569259e+00 -8.334817095237118778e+00 -7.477682361761379681e+00 -6.702568837680083824e+00 -4.223045113129237471e+00 -2.111647945931311110e+00 -2.468059726221607519e+00 -1.069026372970223182e+00 -3.195903305919368664e-01 -3.704816934740670642e-01 9.885545385434389987e-01 4.085993986855597448e+00 7.479049785692954977e+00 7.479049785692954977e+00 7.479049785692954977e+00 7.479049785692954977e+00
-1.039228430086957822e+01 -1.008934622426978578e+01 -9.605208591047549760e+00 -9.202959394160934892e+00 -8.839860486093003900e+00 -7.296622941015574959e+00 -5.678750706713842966e+00 -5.075528481882752629e+00 -3.112654538809080496e+00 -2.792029907622972651e+00 -1.384295944561906078e+00 -7.701038401141807599e-01 3.388923321215951967e-01 4.347601662336056272e+00 7.545555963578628678e+00 7.545555963578628678e+00 7.545555963578628678e+00 7.545555963578628678e+00
-1.055687910629213455e+01 -1.011816833858105547e+01 -9.792934255997522541e+00 -9.514999246127105792e+00 -9.143826887554949323e+00 -7.889203883136092443e+00 -6.216652927492963165e+00 -5.733603087935500220e+00 -4.529728599522805155e+00 -3.369423500277069827e+00 -2.884698861719042995e+00 -7.973480610827409221e-01 -2.783242386255381229e-01 4.240390691675042234e+00 7.762970896799330944e+00 7.762970896799330944e+00 7.762970896799330944e+00 7.762970896799330944e+00
-1.046474000829705453e+01 -1.028777626805765166e+01 -9.951811331204076794e+00 -9.513679727952883525e+00 -9.232733148260590994e+00 -8.248035994883663236e+00 -6.334656925426122243e+00 -5.723262812563685742e+00 -5.051616310626174666e+00 -2.882773570166207833e+00 -2.615501438244334231e+00 -1.972367059722963445e+00 -1.630217181556192774e-01 3.479424159740127642e+00 7.619680386534046335e+00 7.619680386534046335e+00 7.619680386534046335e+00 7.619680386534046335e+00
-1.047356236556705156e+01 -1.028658352083356675e+01 -1.006320177107674319e+01 -9.544887723328587370e+00 -9.248603599570646594e+00 -8.412907702380515218e+00 -6.467886252192114327e+00 -6.026867003362401221e+00 -5.251897470744222751e+00 -3.201464935108146115e+00 -3.298067241137370598e+00 -1.859249465724981398e+00 -6.135856720009261744e-01 3.177300909910172777e+00 7.750348024610907771e+00 7.750348024610907771e+00 7.750348024610907771e+00 7.750348024610907771e+00
-1.052278009551461224e+01 -1.033181264965537771e+01 -1.005746712644830332e+01 -9.703935728900844992e+00 -9.350216145393297040e+00 -8.704255223042217438e+00 -6.959271310884867390e+00 -5.916513176302060195e+00 -5.584122689983313848e+00 -3.461272279380823491e+00 -2.968122698438643958e+00 -2.791920530373084297e+00 -2.716735979614223750e-01 3.158054442208002133e+00 8.173336159613890928e+00 8.173336159613890928e+00 8.173336159613890928e+00 8.173336159613890928e+00
-1.061400846763385708e+01 -1.036029695816220020e+01 -1.006961436533800835e+01 -9.768369498652775818e+00 -9.491212552459140639e+00 -8.935132895371145523e+00 -7.267718458288436878e+00 -5.840694417686716378e+00 -5.735265247647549636e+00 -4.097927155220481232e+00 -3.857639966514490482e+00 -2.868807469859391279e+00 -6.211573109893718525e-02 2.867037956841827384e+00 7.793859052636965323e+00 7.793859052636965323e+00 7.793859052636965323e+00 7.793859052636965323e+00
-1.066588244252106144e+01 -1.038445695962233017e+01 -1.011349616174339161e+01 -9.797061525456342679e+00 -9.470821395483007166e+00 -9.032388912675969550e+00 -7.688508229696512153e+00 -5.694091869639348324e+00 -5.540867393833100785e+00 -4.116638828980671683e+00 -3.574556433552396051e+00 -2.629472923852000932e+00 -6.481143416081440733e-01 2.959896561644744573e+00 8.177901960915534119e+00 8.177901960915534119e+00 8.177901960915534119e+00 8.177901960915534119e+00
-1.069516233625948587e+01 -1.042303416115025527e+01 -1.003509090383184521e+01 -9.703221538311476380e+00 -9.341584766595785183e+00 -8.954734665474042288e+00 -7.749612668982749142e+00 -5.978108878953140248e+00 -5.625954187336867918e+00 -4.165416877997289546e+00 -3.986550061146490354e+00 -1.906434884882132641e+00 1.833650864578661999e-02 2.710341470049140611e+00 7.998200558430471396e+00 7.998200558430471396e+00 7.998200558430471396e+00 7.998200558430471396e+00
-1.074622122179529171e+01 -1.042861259768271509e+01 -1.009964346381172362e+01 -9.755874567837604872e+00 -9.370457482542262184e+00 -8.951352577922154552e+00 -7.950753209030834157e+00 -6.048994528154727490e+00 -5.630256633157571855e+00 -4.546669626911103990e+00 -4.096682533463193110e+00 -2.177704318687840868e+00 -2.110803976391956716e-01 2.889943148644317894e+00 8.367634593412031307e+00 8.367634593412031307e+00 8.367634593412031307e+00 8.367634593412031307e+00
-1.074577421451298243e+01 -1.042361877909448609e+01 -1.017320554534252253e+01 -9.855262073571319448e+00 -9.469461029812496378e+00 -9.054337849875137678e+00 -8.056737589657632981e+00 -5.896870137172786741e+00 -5.876067955260421805e+00 -4.609781570038982146e+00 -4.289777106169848864e+00 -1.661259955666990473e+00 -1.597441567951098651e-01 2.866023090916518523e+00 7.565399330662068600e+00 7.565399330662068600e+00 7.565399330662068600e+00 7.565399330662068600e+00
