-1.027104489983607394e+01 -1.038392512570459303e+01 -1.000704461464143691e+01 -9.657983385580866553e+00 -9.334833259478376277e+00 -8.999029968522354039e+00 -8.300160576158145176e+00 -7.324072653794526211e+00 -4.681393831049630805e+00 -3.523138671334565153e+00 -2.688758391494570077e+00 -2.609880707466853078e+00 -5.833224962315117779e-01 1.857948594614470261e+00 5.180615745791459226e+00 5.180615745791459226e+00 5.180615745791459226e+00 5.180615745791459226e+00
-1.026084538955749181e+01 -1.030337353472848427e+01 -1.017920664980810308e+01 -1.001595908163783832e+01 -9.567402580470933060e+00 -8.951971307020524904e+00 -8.270140592958217240e+00 -7.052574878883101306e+00 -4.738748274042395181e+00 -2.200257018794298247e+00 -2.065255477959562214e+00 -9.491404605890608748e-01 -5.806270711301247944e-01 2.124101152139045823e+00 5.408287607600659186e+00 5.408287607600659186e+00 5.408287607600659186e+00 5.408287607600659186e+00
-1.023916345778897252e+01 -1.012633875611368595e+01 -9.719160709700009448e+00 -9.700881220598496668e+00 -9.755517408390113943e+00 -9.217509691934456129e+00 -8.173827138166046780e+00 -6.970348918634849511e+00 -4.490116103624572474e+00 -2.214329542614648982e+00 -3.047204085035461141e+00 -3.922978808967965136e-01 -1.774106273638778875e-01 2.157518110597065775e+00 5.516457929161560969e+00 5.516457929161560969e+00 5.516457929161560969e+00 5.516457929161560969e+00
-1.029579649040149825e+01 -1.018810235775920958e+01 -9.962888160770763335e+00 -9.293561420412100205e+00 -9.218650823413028661e+00 -9.245618280140417866e+00 -8.318354298450483242e+00 -6.784089081829717927e+00 -3.389744832970485344e+00 -2.141113454693361451e+00 -1.985784227229594245e+00 -6.020132156288361680e-03 5.209882009689019711e-01 2.311662490505030920e+00 5.316487592777594529e+00 5.316487592777594529e+00 5.316487592777594529e+00 5.316487592777594529e+00
-1.052329311085499342e+01 -1.032388161516785630e+01 -9.996029002913232375e+00 -9.639941034410707488e+00 -9.102844857745925111e+00 -8.708418956264141642e+00 -8.211325036521438747e+00 -6.410533574104174015e+00 -2.550290569305952992e+00 -2.696548460174000184e+00 -5.321973606332519591e-01 3.310886200901850263e-01 1.301848801347896156e+00 2.414839593697120979e+00 5.198823852875683826e+00 5.198823852875683826e+00 5.198823852875683826e+00 5.198823852875683826e+00
-1.049848652274698679e+01 -9.999962474489993980e+00 -1.026537049460182516e+01 -1.002298144969548765e+01 -9.424127894955530493e+00 -8.711285334122308655e+00 -7.850880453850042073e+00 -5.341150515721117209e+00 -2.817577764135053897e+00 -2.747876658406384287e+00 -3.033883499718122989e-01 1.121257954827000525e+00 1.131290772033419767e+00 2.168620343827836194e+00 5.279798268592826638e+00 5.279798268592826638e+00 5.279798268592826638e+00 5.279798268592826638e+00
-1.037505521149558874e+01 -1.046547682170415428e+01 -9.993983898116059805e+00 -9.701481470975650723e+00 -9.426990478721718247e+00 -8.700261291438479816e+00 -7.688658588032844854e+00 -3.552481472666516815e+00 -2.892966311967660964e+00 -1.303538617842792346e+00 -3.637061266773137236e-01 1.382884457364573105e+00 1.549462501226416933e+00 3.341569583565327406e+00 5.244176671777857734e+00 5.244176671777857734e+00 5.244176671777857734e+00 5.244176671777857734e+00
-1.065219483090648822e+01 -1.016283062994086173e+01 -9.993704005232114440e+00 -9.989480118641051121e+00 -9.322573658973313471e+00 -8.307665801778412629e+00 -6.076531434779550267e+00 -2.712999824168277119e+00 -2.699493441508218794e+00 -1.502659542684817717e-01 1.169159068868709461e+00 2.115495491700673192e+00 1.808946006057513545e+00 4.326474085689691051e+00 5.621327352363769236e+00 5.621327352363769236e+00 5.621327352363769236e+00 5.621327352363769236e+00
-1.058152585414072178e+01 -1.028318770110891123e+01 -9.668560910155001409e+00 -9.089932573248667325e+00 -8.179966040196365640e+00 -7.060423161034792727e+00 -3.448992592769874577e+00 -3.171398257588266212e+00 -6.895546366361818835e-01 6.154093623831609072e-01 2.176783470012512822e+00 2.769433748125032846e+00 3.411682468791608080e+00 4.763931679791959084e+00 5.740675520241837582e+00 5.740675520241837582e+00 5.740675520241837582e+00 5.740675520241837582e+00
-1.015815902523634762e+01 -9.931626767314591930e+00 -9.549970378360272960e+00 -8.495398237935628316e+00 -7.391754115422711102e+00 -4.977330185720395761e+00 -2.971164239550349251e+00 -2.250544679907652945e+00 1.257079872574783097e-01 2.120547562852336032e+00 3.049241713678889187e+00 3.452730931871163200e+00 4.927592430547699465e+00 4.945649116845032722e+00 6.033188672983238021e+00 6.033188672983238021e+00 6.033188672983238021e+00 6.033188672983238021e+00
-1.019071234698627926e+01 -9.511335388237707633e+00 -8.732880247276865404e+00 -8.513434925550884103e+00 -6.803908698604921312e+00 -2.848000140473998965e+00 -3.108900313326773635e+00 2.336908546281338261e-02 2.065218130460977797e+00 3.071896269544784452e+00 3.078431318765186386e+00 4.603543537099839433e+00 2.790182073574745569e+00 2.349849640468827605e+00 6.217935491866569464e+00 6.217935491866569464e+00 6.217935491866569464e+00 6.217935491866569464e+00
-9.824731538260852659e+00 -9.022092123116470574e+00 -8.091288971162317267e+00 -7.454124318339502508e+00 -4.490350352686022894e+00 -2.833330701076036906e+00 -1.679895653637699882e+00 9.045298619502888382e-01 2.969475658291657272e+00 3.185485776044917561e+00 4.484037482789235973e+00 3.726272980044122551e+00 7.701497868853086626e-01 2.516340339614457910e+00 5.853231425780196062e+00 5.853231425780196062e+00 5.853231425780196062e+00 5.853231425780196062e+00
-9.598466632172648616e+00 -8.515427406156042878e+00 -7.473080305897768838e+00 -5.847074964091591553e+00 -2.546600418246737441e+00 -3.367188471763514990e+00 1.023683330906764166e-01 3.076224066863590512e+00 3.278129581590756736e+00 4.096817993945243153e+00 4.744976966664298246e+00 -1.368853371434020916e-01 5.420471469835403955e-01 2.456220276210568265e+00 5.960158276172672132e+00 5.960158276172672132e+00 5.960158276172672132e+00 5.960158276172672132e+00
-1.010594291794527599e+01 -7.958616425715614895e+00 -6.360515718555429743e+00 -3.662782578788573939e+00 -2.873196077240508295e+00 -1.172472449499182279e+00 1.451179703015552214e+00 3.142734815812058713e+00 3.311244483446471154e+00 5.022025551847725922e+00 3.315136724219033493e+00 -1.857070168189103088e+00 4.058478149220735576e-01 2.621164733291531324e+00 6.006208841492687966e+00 6.006208841492687966e+00 6.006208841492687966e+00 6.006208841492687966e+00
-9.423453176266528786e+00 -7.415214772051603731e+00 -4.951256509945618056e+00 -2.414522767534105885e+00 -2.194905175894331872e+00 1.927679868612923453e-01 3.133970860657770974e+00 3.238044979716285354e+00 3.594307374635775432e+00 5.651843498089032636e+00 4.518756082574969746e+00 -8.588181119349047599e-01 9.759362827173558852e-01 2.724058251440131695e+00 5.951939468564509284e+00 5.951939468564509284e+00 5.951939468564509284e+00 5.951939468564509284e+00
-9.184793335223300659e+00 -6.899792710132878426e+00 -3.831168254377494975e+00 -2.493791082383749913e+00 -7.629763862194618440e-01 2.073111456628389249e+00 3.056700255915645315e+00 3.091185688039519874e+00 4.206766436368541306e+00 6.323328814672143139e+00 6.020510438852708646e+00 1.956294867271838545e+00 7.849492137666134184e-01 2.775778861254440510e+00 6.212400546800363799e+00 6.212400546800363799e+00 6.212400546800363799e+00 6.212400546800363799e+00
-8.688318627434455266e+00 -5.920117327339070812e+00 -2.803166869301255915e+00 -2.117076278009271562e+00 -1.542452697075937518e-01 3.037092547065559422e+00 3.265888884226308519e+00 3.336177721546706110e+00 4.220799401754613100e+00 5.020475875913162689e+00 4.572005536504079259e+00 4.765227423587750977e+00 4.006455984045953045e+00 3.312560652028716746e+00 6.071007953037700133e+00 6.071007953037700133e+00 6.071007953037700133e+00 6.071007953037700133e+00
-7.768117951072047944e+00 -5.581712484079999648e+00 -2.611533682779914489e+00 -1.940318708650250912e+00 2.905990426358719403e-01 2.686224387574777772e+00 3.538350654506084325e+00 3.865200731403009016e+00 4.093897929432826821e+00 3.225735088502860393e+00 3.228734201867229814e+00 3.145806098433833853e+00 4.008386933551070008e+00 5.161002847283487682e+00 6.068661508427810602e+00 6.068661508427810602e+00 6.068661508427810602e+00 6.068661508427810602e+00
-7.542004020556660748e+00 -5.722157904827707142e+00 -2.356887870705032029e+00 -1.433741213318421748e+00 9.053241646204654991e-01 3.144939121931985326e+00 3.180267648318530149e+00 3.918656584343890970e+00 3.845522066193975519e+00 1.772758024008638467e+00 1.298976908104429118e+00 1.421297451083381791e+00 2.749609161328647744e+00 4.359217210612082560e+00 5.952038328426771052e+00 5.952038328426771052e+00 5.952038328426771052e+00 5.952038328426771052e+00
-8.230292062556106458e+00 -5.742094666917354928e+00 -2.299593629173072529e+00 -1.077624585147831215e+00 1.554796618692142474e+00 3.114876938979316279e+00 3.168760891726067008e+00 4.069637967236119813e+00 3.147127317276167346e+00 1.535191775855663021e+00 -8.668114059656550907e-01 8.011146642443895960e-01 1.937674793101959558e+00 3.627869274661126742e+00 5.831325150565973559e+00 5.831325150565973559e+00 5.831325150565973559e+00 5.831325150565973559e+00
-8.126513111328611316e+00 -6.305413601627510189e+00 -3.170914691098837501e+00 -1.825159462390758769e+00 1.214267284455109008e+00 3.147147244502997765e+00 3.206195913847307288e+00 4.092862072735318435e+00 3.072444014586916516e+00 1.444318256164487835e+00 -9.569426885975931274e-01 3.330625077129759776e-02 1.252949974310370251e+00 3.333938203666397371e+00 6.153140945461208489e+00 6.153140945461208489e+00 6.153140945461208489e+00 6.153140945461208489e+00
-8.134000000521693252e+00 -6.617679103586659117e+00 -3.423002413059947457e+00 -1.880107456274922484e+00 5.456583897854786480e-01 3.238023206228870077e+00 3.245879607083248075e+00 4.168687029369596786e+00 2.736316651312959536e+00 1.141937583175436810e+00 -2.774082820978487351e+00 -1.754664631361735339e+00 1.215594646292071257e+00 3.177959544145833704e+00 6.078979459051410572e+00 6.078979459051410572e+00 6.078979459051410572e+00 6.078979459051410572e+00
-8.081891861661606669e+00 -6.729818772399589477e+00 -3.593199627174517019e+00 -2.262518650134167419e+00 3.659131885343755441e-01 3.214421626397942156e+00 3.273444761921314949e+00 4.056728408437780153e+00 2.383390317556672855e+00 -9.625663438050972021e-01 -2.744351342175596287e+00 -1.665962410165424679e+00 1.213331209223717622e+00 3.475851753004143951e+00 6.108542232705888253e+00 6.108542232705888253e+00 6.108542232705888253e+00 6.108542232705888253e+00
-8.136503363862164662e+00 -7.161000702989381850e+00 -4.404496194632683270e+00 -1.520373227079677259e+00 -1.941130493881206287e-01 2.436174612561697650e+00 3.193677962871310783e+00 3.783138051694465265e+00 2.111342902891331086e+00 -4.007845958161273536e+00 -2.858815694213624248e+00 -1.294680167001040827e+00 1.270339741813010237e+00 3.684374618456025985e+00 6.075693983477792770e+00 6.075693983477792770e+00 6.075693983477792770e+00 6.075693983477792770e+00
-7.947521117434289906e+00 -7.231722512327766417e+00 -5.071378753519434568e+00 -2.351254035952501376e+00 -1.135388903403680594e+00 7.031348426827490616e-01 3.231363070756848366e+00 3.077769037509679340e+00 2.024892912940768674e+00 -4.406927245050818343e+00 -2.814552328373727264e+00 -6.434884041008246403e-01 1.548189059638132692e+00 3.695333588837577121e+00 6.155989933491021304e+00 6.155989933491021304e+00 6.155989933491021304e+00 6.155989933491021304e+00
-8.402295119360271514e+00 -7.617714105826838278e+00 -6.245824630817141454e+00 -3.427588962359634728e+00 -1.318072393862729452e+00 -1.477919872987594196e+00 1.442237532400792777e+00 2.788637881405539254e+00 1.318277855800380038e+00 -4.063236055953312942e+00 -2.243395833876069556e+00 1.132180949213078103e+00 1.871606508951071834e+00 4.077779767101660013e+00 6.322287574702674107e+00 6.322287574702674107e+00 6.322287574702674107e+00 6.322287574702674107e+00
-8.930935062262101098e+00 -7.877744908758068654e+00 -6.850229481020777555e+00 -5.032265012364517176e+00 -2.316785806307567697e+00 -1.906213237499304824e+00 -9.466337787163409123e-01 1.494414581058283842e+00 2.011581348559138505e+00 -1.636767285327049848e+00 -1.303076726426791510e+00 5.261142423198861273e-01 2.121846145127413319e+00 4.296813305847261510e+00 6.089413045742180230e+00 6.089413045742180230e+00 6.089413045742180230e+00 6.089413045742180230e+00
-9.172751144047694538e+00 -8.456834971824608971e+00 -7.574662914743935715e+00 -5.990537223518651366e+00 -3.984038457763392493e+00 -2.433614154166748200e+00 -2.590936330406665711e+00 -4.117023946921335442e-01 1.225153590974968676e+00 1.489818174375893589e+00 -1.171245522242018833e+00 -4.120891134500216380e-01 1.781618053580171779e+00 4.408284715324989556e+00 6.493188593351741034e+00 6.493188593351741034e+00 6.493188593351741034e+00 6.493188593351741034e+00
-9.410381522096429308e+00 -8.569535923746450123e+00 -8.102057940570336569e+00 -7.389280247426328607e+00 -6.037972939514121506e+00 -3.974175071727373165e+00 -2.735116205687843305e+00 -2.395652833195620612e+00 1.652168829359118851e-01 9.420697337226650037e-01 -1.292798479932524724e+00 8.158579236804013035e-02 1.564107809468091359e+00 4.064850725322296299e+00 6.275160031886940715e+00 6.275160031886940715e+00 6.275160031886940715e+00 6.275160031886940715e+00
-1.024296018042883105e+01 -9.052753727960661578e+00 -8.741993812464597724e+00 -8.316593152320542970e+00 -7.425858493543165295e+00 -6.705422697013695199e+00 -3.869838384797509079e+00 -2.786975223856220651e+00 -2.457191339989726053e+00 -2.698699514810392053e-01 3.187866656004155752e-01 2.937716767233354564e-02 8.079034223734440356e-01 4.014649707318109328e+00 6.178043751996165511e+00 6.178043751996165511e+00 6.178043751996165511e+00 6.178043751996165511e+00
-1.044428912791182462e+01 -1.001948953941525744e+01 -9.548396076025813528e+00 -9.161388589573736141e+00 -8.782737109556379096e+00 -7.500107024818940538e+00 -5.803237375814097376e+00 -3.241029517897296319e+00 -2.817695396415749620e+00 -3.112413224651698229e+00 -1.355356988303242916e-01 1.579824978103053223e-01 -2.686935356279460674e-01 4.282844140854380477e+00 6.284043836716887377e+00 6.284043836716887377e+00 6.284043836716887377e+00 6.284043836716887377e+00
-1.055260248241798138e+01 -1.018279386587832036e+01 -9.760355837864768347e+00 -9.458055730885368106e+00 -9.076390831735675846e+00 -7.955041922735476945e+00 -6.280392961860230550e+00 -5.494742127067670623e+00 -3.063401685763063931e+00 -3.312696770320139095e+00 -2.484929010262981297e+00 -4.342286471556314198e-02 -8.086256149933452875e-01 4.026163096358392757e+00 6.392591106796231770e+00 6.392591106796231770e+00 6.392591106796231770e+00 6.392591106796231770e+00
-1.052601272489208029e+01 -1.032990379274149539e+01 -9.963956286592679845e+00 -9.602048095479181811e+00 -9.247853321350897104e+00 -8.279659375297082846e+00 -6.644931501103014782e+00 -5.687729899000782297e+00 -4.169206461495589267e+00 -3.012990200024720178e+00 -2.759391507929735532e+00 -2.765949198521072128e-01 -4.110151946462805572e-01 3.064703038103669286e+00 6.194648330420726268e+00 6.194648330420726268e+00 6.194648330420726268e+00 6.194648330420726268e+00
-1.051108881018857311e+01 -1.026106052117307854e+01 -1.000552937653673524e+01 -9.696129227555857710e+00 -9.260964610372353079e+00 -8.443157042916009658e+00 -6.904276585069196059e+00 -5.772708060000402597e+00 -5.081551493739623560e+00 -2.382104737857750454e+00 -2.541609576811558302e+00 -6.548140654117633463e-01 -4.896894532816654655e-01 2.707600785344865368e+00 6.385526598537102139e+00 6.385526598537102139e+00 6.385526598537102139e+00 6.385526598537102139e+00
-1.055150110573182332e+01 -1.031742122558177854e+01 -1.003287370610270379e+01 -9.748881274471884240e+00 -9.343450758826598701e+00 -8.636858093161936978e+00 -7.185005910232529658e+00 -5.833294116128149298e+00 -5.591650637954320047e+00 -2.862837940422939376e+00 -1.728680561158078000e+00 -2.391381954046536418e+00 -3.298376667466178525e-01 2.461814558011589327e+00 6.612594616201541875e+00 6.612594616201541875e+00 6.612594616201541875e+00 6.612594616201541875e+00
-1.060164233766291630e+01 -1.028727914064973881e+01 -9.982699071760659848e+00 -9.667041917116890204e+00 -9.353156954973158577e+00 -8.710346301007362513e+00 -7.356018837369926899e+00 -5.901733102608027082e+00 -5.806005474325272253e+00 -3.848607258266722564e+00 -2.037701369208600344e+00 -3.153508870569170064e+00 -8.700046966023431416e-01 2.104075812706268866e+00 6.229211438152098879e+00 6.229211438152098879e+00 6.229211438152098879e+00 6.229211438152098879e+00
-1.061963167146075548e+01 -1.030074411158012637e+01 -1.007595016151783440e+01 -9.747963908690776336e+00 -9.350395559880768204e+00 -8.848101158808805877e+00 -7.546172138007412933e+00 -5.730653456264620971e+00 -5.467696774877323307e+00 -3.830187119789301153e+00 -2.943396930387476296e+00 -2.170130621015286643e+00 -5.927178339980123667e-01 2.349479986802846199e+00 6.491756484605827993e+00 6.491756484605827993e+00 6.491756484605827993e+00 6.491756484605827993e+00
-1.070724632403126719e+01 -1.039720393114950880e+01 -1.003325059400135544e+01 -9.743277280077251135e+00 -9.416106343922903577e+00 -8.828861946155438289e+00 -7.539050321819598111e+00 -5.917672257880798981e+00 -5.369615893386144201e+00 -3.411292942316959120e+00 -4.801773774390250438e+00 -2.376633910482710554e+00 -3.421212283922503428e-01 2.212338618871677376e+00 6.428582196669202276e+00 6.428582196669202276e+00 6.428582196669202276e+00 6.428582196669202276e+00
-1.070810352274806121e+01 -1.033113025225868853e+01 -1.003950061550525419e+01 -9.748146853357280150e+00 -9.444708327320341823e+00 -8.847808827053182057e+00 -7.671979077267305769e+00 -5.946803937086884595e+00 -5.399460809228001423e+00 -3.890166672160937367e+00 -3.655838554128639561e+00 -2.234120104255745254e+00 -3.569075503582966880e-01 2.363626964094303951e+00 6.635799349121120017e+00 6.635799349121120017e+00 6.635799349121120017e+00 6.635799349121120017e+00
-1.073166916302053764e+01 -1.038003039849296982e+01 -1.004775648118329201e+01 -9.765076549185792487e+00 -9.513176298761109706e+00 -9.024366172152154419e+00 -7.692300019493982788e+00 -5.704433276477230308e+00 -5.438106367192354185e+00 -4.164533095361909076e+00 -3.881651947898854260e+00 -1.972183779087161248e+00 -3.135153091980277806e-01 2.336752247344866085e+00 6.192248748698323979e+00 6.192248748698323979e+00 6.192248748698323979e+00 6.192248748698323979e+00
