-1.046090834091393340e+01 -1.050940658107618475e+01 -1.001356546475483711e+01 -9.658845970531235281e+00 -9.345723500164208275e+00 -8.992506036605771413e+00 -8.388411598943154246e+00 -7.100964188796377030e+00 -3.516239523111137633e+00 -3.527174996600349388e+00 -2.171719673765465153e+00 2.600034217893490984e-01 2.928836427498689998e-01 2.065639636868588980e+00 5.172019235222092171e+00 5.172019235222092171e+00 5.172019235222092171e+00 5.172019235222092171e+00
-1.047561028273308992e+01 -1.020649163444833718e+01 -1.005196112710032352e+01 -9.807437367013207563e+00 -9.430632110824360481e+00 -8.929090700033516015e+00 -8.159144496419134640e+00 -6.703768887733081883e+00 -2.970784079733092220e+00 -3.980074310107823088e+00 -1.842166311173596194e+00 -1.133068407160532642e-02 1.131706136442711452e+00 1.992363416297783907e+00 5.144747403875310710e+00 5.144747403875310710e+00 5.144747403875310710e+00 5.144747403875310710e+00
-1.029311511395879108e+01 -1.000570529601128911e+01 -9.842696039135599761e+00 -9.953064699525164372e+00 -9.662189862510189187e+00 -9.082916433217656405e+00 -8.138466297459338250e+00 -6.509186448175810824e+00 -2.793433595509684508e+00 -4.055475689382769033e+00 -8.341907326912161302e-01 -1.147446268214543375e-01 1.815686882975824368e+00 2.042672033481038874e+00 5.325341749614729281e+00 5.325341749614729281e+00 5.325341749614729281e+00 5.325341749614729281e+00
-1.040772183368904535e+01 -1.032789021221183567e+01 -9.741441220001270551e+00 -9.373839842876538597e+00 -9.283399185207453996e+00 -9.308501259876001299e+00 -8.134910028342503097e+00 -5.942668076850451619e+00 -2.483718587651265075e+00 -3.836006745321583367e+00 -6.936858942263358641e-01 4.685582820870665688e-01 1.393982600765456326e+00 2.083092767208575502e+00 4.848974688242348563e+00 4.848974688242348563e+00 4.848974688242348563e+00 4.848974688242348563e+00
-1.056987177035273362e+01 -1.029505647188371142e+01 -9.943747996035682490e+00 -9.607853372402150427e+00 -9.063000211102362869e+00 -8.650039700152664324e+00 -8.031750274130139644e+00 -4.995386258025026116e+00 -2.611945996473878928e+00 -3.227493139142152856e+00 -5.275133805403564580e-03 7.066995093270976858e-01 1.520810717302638615e+00 2.308582620370295935e+00 4.760117374017759140e+00 4.760117374017759140e+00 4.760117374017759140e+00 4.760117374017759140e+00
-1.035480992761048036e+01 -1.014124957594202314e+01 -1.016794763893107856e+01 -9.867533828928044315e+00 -9.333418246825500475e+00 -8.510298157321452450e+00 -7.723584376050692590e+00 -3.647226408932433550e+00 -4.340108551879006349e+00 -1.666654426362629060e+00 5.331181414186469958e-01 1.126629222389589735e+00 1.659258670610316511e+00 2.123524017067336622e+00 4.470520745813655772e+00 4.470520745813655772e+00 4.470520745813655772e+00 4.470520745813655772e+00
-1.059818280321432127e+01 -1.018557334401850412e+01 -1.002641620926842947e+01 -9.853832501116698950e+00 -9.304689727164541679e+00 -8.507765625938935372e+00 -6.872000429545556344e+00 -2.703622455663013291e+00 -4.245613872383922072e+00 -7.402746745920849580e-01 8.117801693261482709e-01 1.921956305939685805e+00 1.677648704164326210e+00 3.099476703885000628e+00 4.381393849457403178e+00 4.381393849457403178e+00 4.381393849457403178e+00 4.381393849457403178e+00
-1.041674692506762412e+01 -1.024148376029234342e+01 -1.016673080295672094e+01 -9.792180206520519903e+00 -9.241611695544225569e+00 -8.337087652276753857e+00 -4.956287739626068500e+00 -3.295593062283493246e+00 -3.316675472111188405e+00 5.543966597235976124e-02 1.332415998934387780e+00 2.065970428722563312e+00 1.864057168667006215e+00 4.280118485514845084e+00 5.242959772266131857e+00 5.242959772266131857e+00 5.242959772266131857e+00 5.242959772266131857e+00
-1.035416579908439694e+01 -1.011923939903701708e+01 -9.486736768840064116e+00 -9.233736988278176128e+00 -8.425409511259609019e+00 -7.037769411565628630e+00 -3.345746698960753385e+00 -4.261633277645723972e+00 -2.241522242271825061e+00 7.917402713381885837e-01 2.085629161601043613e+00 2.720306276571842652e+00 3.283113163472050733e+00 4.713375822057734865e+00 5.285324629574963851e+00 5.285324629574963851e+00 5.285324629574963851e+00 5.285324629574963851e+00
-1.056085538339716479e+01 -1.022189191156963872e+01 -9.412621068250109246e+00 -8.472252558022711710e+00 -7.487857119972433750e+00 -5.483015601758937763e+00 -2.940033158668308388e+00 -4.174257830401661096e+00 -1.758033151351691137e-01 1.523102653075011137e+00 2.875728900732653415e+00 3.389156867807748164e+00 4.881425261798606030e+00 4.923890832025826114e+00 5.390088793763558428e+00 5.390088793763558428e+00 5.390088793763558428e+00 5.390088793763558428e+00
-1.019852372089357573e+01 -9.594776595124592689e+00 -9.053815170903693144e+00 -8.482144937146649966e+00 -6.968904293408525241e+00 -3.786974272299822086e+00 -3.683809166003675362e+00 -2.881488184132956931e+00 6.965292407953178611e-01 2.810786494273457503e+00 2.953454803316586386e+00 4.522940145455748961e+00 2.929930448710645230e+00 2.253706670707633641e+00 5.736166727105638685e+00 5.736166727105638685e+00 5.736166727105638685e+00 5.736166727105638685e+00
-9.879121907266377178e+00 -9.106445550898261132e+00 -8.337146969936434004e+00 -8.043294794945232695e+00 -5.517285111496898153e+00 -2.545479152946940715e+00 -3.391754957298429574e+00 -5.029768571655572895e-01 1.743386824253213341e+00 3.223143544619523126e+00 4.374607149217295543e+00 3.720001342540973255e+00 2.023633897494004241e+00 2.421259329224015211e+00 5.248532085463163632e+00 5.248532085463163632e+00 5.248532085463163632e+00 5.248532085463163632e+00
-9.505011753007845954e+00 -8.686681350202817953e+00 -7.956354476474291282e+00 -6.425159577837214364e+00 -4.146428472484567251e+00 -3.363175086983256179e+00 -3.231425310314623989e+00 2.812359988835975155e-01 3.414252594901798332e+00 3.992946523691675687e+00 4.668439383094155737e+00 2.132372780461644801e+00 4.956710045211690230e-01 2.319559764462315599e+00 4.995086861962846569e+00 4.995086861962846569e+00 4.995086861962846569e+00 4.995086861962846569e+00
-1.006938665968018398e+01 -8.045901140003163476e+00 -6.858521508947003298e+00 -5.357805711453462294e+00 -2.749563823129789419e+00 -2.307544836437622759e+00 -2.129366435070764396e+00 1.335381382270176776e+00 3.259871809680619403e+00 4.901721142929571506e+00 3.238197414017745412e+00 -1.966835228453161166e+00 4.027424289383202960e-01 2.504264467284476936e+00 5.202942652226345999e+00 5.202942652226345999e+00 5.202942652226345999e+00 5.202942652226345999e+00
-9.519525080023194974e+00 -7.757760974930668851e+00 -5.928425692222607069e+00 -4.451790132582862825e+00 -2.156229059202109166e+00 -2.894838596041592549e+00 -8.849448801550809096e-02 2.758884127636403782e+00 3.492894801954726791e+00 5.519918576606620775e+00 4.335446719982142483e+00 -7.474491007047824320e-01 1.014078276536520162e+00 2.597148131213682820e+00 5.235759750305470916e+00 5.235759750305470916e+00 5.235759750305470916e+00 5.235759750305470916e+00
-9.074714864599478403e+00 -7.074642855391203966e+00 -5.204110837717914606e+00 -3.652774198640099890e+00 -1.955748244135921077e+00 -2.429674451366811816e+00 8.638558072043476255e-01 2.955333830588609878e+00 4.084564564009904863e+00 6.138406007403425235e+00 5.887325729232016691e+00 2.034952716781043947e+00 6.929807764675735005e-01 2.678606207711565101e+00 5.269227903068790297e+00 5.269227903068790297e+00 5.269227903068790297e+00 5.269227903068790297e+00
-8.839758695303405744e+00 -6.604276725900303902e+00 -4.629147362513744035e+00 -2.935099323973786589e+00 -2.298693747252260611e+00 -1.282869500451190525e+00 2.432484267297465586e+00 3.276616446107375680e+00 4.154500187989087046e+00 5.043596020962644033e+00 4.513008346641418811e+00 4.622741327125030608e+00 3.580339975912862016e+00 3.192143569932009761e+00 5.598066985767271575e+00 5.598066985767271575e+00 5.598066985767271575e+00 5.598066985767271575e+00
-8.082443086812546085e+00 -6.331954655947725108e+00 -4.188531031728183862e+00 -2.181222164238815431e+00 -2.622068785202362307e+00 1.492102107696817448e-01 3.560841603444244718e+00 3.842648976815461914e+00 3.930064733026052970e+00 3.217185631393411516e+00 3.181342855667615321e+00 3.111897797438595070e+00 3.881201051166947913e+00 5.074748094434664125e+00 5.277192930208021160e+00 5.277192930208021160e+00 5.277192930208021160e+00 5.277192930208021160e+00
-7.640906421093315082e+00 -6.215644149473309454e+00 -3.972908545369589373e+00 -1.905652362674234990e+00 -2.501267043493682785e+00 6.688788357941892748e-01 3.004883032632337692e+00 3.741244387526049486e+00 3.706143978856702326e+00 1.803266933234537017e+00 1.500675195112521454e+00 1.536423108576411067e+00 2.758815041302208115e+00 4.240638657338262618e+00 5.179816771647672624e+00 5.179816771647672624e+00 5.179816771647672624e+00 5.179816771647672624e+00
-8.045125604002429043e+00 -6.220489994478729301e+00 -3.638030304252017011e+00 -2.217941947346568465e+00 -1.921591763648444751e+00 9.336685387071612663e-01 3.198627294688648703e+00 3.913314244956431320e+00 3.006045609485251013e+00 1.519957075808741287e+00 8.385059436143367240e-01 9.726048616953535397e-01 1.938340272141233056e+00 3.582241417551537133e+00 5.336671672039342340e+00 5.336671672039342340e+00 5.336671672039342340e+00 5.336671672039342340e+00
-8.278503877893699681e+00 -6.422091903563994286e+00 -4.021026955836221717e+00 -2.859864942589159575e+00 -1.999817430484436720e+00 6.100318264786704914e-01 3.148103309543892614e+00 4.005035049311779893e+00 2.957662354688235240e+00 1.380650573669621073e+00 5.476252142871718132e-01 3.822204503327272240e-01 1.222693916565445793e+00 3.213104267295184169e+00 5.286258495588490369e+00 5.286258495588490369e+00 5.286258495588490369e+00 5.286258495588490369e+00
-8.181967295597813106e+00 -6.613601033211270241e+00 -3.939612575431554298e+00 -2.460206871683205065e+00 -2.161522350650194824e+00 7.078820714998788066e-01 3.322801098162493361e+00 4.000752776821086876e+00 2.746589111354007073e+00 1.103031113616673276e+00 -2.383952564279247177e+00 -1.617465183265592188e+00 1.150772673953099456e+00 3.091267748156352191e+00 5.264451770656480178e+00 5.264451770656480178e+00 5.264451770656480178e+00 5.264451770656480178e+00
-8.186839907840969488e+00 -6.962075970060565666e+00 -4.708158258842093602e+00 -2.299642980233924217e+00 -1.940081482489512954e+00 4.117812762829710649e-01 3.475817802798572664e+00 3.897233874910856599e+00 2.290041594036009265e+00 7.189456847367506898e-01 -2.517537448463294858e+00 -1.550303353058046341e+00 1.126734394589606225e+00 3.387360510788434809e+00 5.506115960305999479e+00 5.506115960305999479e+00 5.506115960305999479e+00 5.506115960305999479e+00
-8.160382461944816868e+00 -7.228485062928738714e+00 -5.152307929329984049e+00 -2.881120862340054156e+00 -1.905821180598943343e+00 -6.519288172835727702e-01 2.175029259704111428e+00 3.633472761243091931e+00 2.017536967248045876e+00 -1.478467789908592511e+00 -2.647199407082392320e+00 -1.321165725568994365e+00 1.188746871052258847e+00 3.677205757009705867e+00 5.106197621634214201e+00 5.106197621634214201e+00 5.106197621634214201e+00 5.106197621634214201e+00
-8.034901409370945657e+00 -7.206632299588543233e+00 -5.712573613638481262e+00 -4.008927062438765176e+00 -2.132003848570904303e+00 -2.088362025453839976e+00 5.888057963907391557e-01 2.816955027986331128e+00 2.339132145783148431e+00 -3.722162505705484570e+00 -2.399447301564406221e+00 -5.782137995556451138e-01 1.440921661681037413e+00 3.668014150455676692e+00 5.412277164724143219e+00 5.412277164724143219e+00 5.412277164724143219e+00 5.412277164724143219e+00
-8.378107997445813027e+00 -7.791978683326403754e+00 -6.616841006200926856e+00 -4.817234568942422968e+00 -3.030924946830554134e+00 -2.298631142885563694e+00 -8.229923897501376651e-01 1.329256592322210384e+00 2.164096878122152567e+00 -3.181682385435441240e+00 -3.330626624274048431e-01 1.013865805392403230e+00 1.865584089564902515e+00 4.252689915996807457e+00 5.390470439792133917e+00 5.390470439792133917e+00 5.390470439792133917e+00 5.390470439792133917e+00
-8.787944151763705136e+00 -7.882145344088666405e+00 -7.061824570032495529e+00 -5.661000167582578513e+00 -4.025677986740443970e+00 -2.455524507021572767e+00 -2.551589827708129921e+00 1.734324252859540394e-01 1.430629214701377272e+00 1.167945384129159547e-01 3.127016072131046931e-01 6.496934222637436029e-01 2.193571712755861824e+00 4.700543858630924277e+00 5.336757240871513375e+00 5.336757240871513375e+00 5.336757240871513375e+00 5.336757240871513375e+00
-9.137054744789594452e+00 -8.206029075974054621e+00 -7.390213151746110043e+00 -6.547772279175483767e+00 -5.108749354579321889e+00 -3.532945197799855386e+00 -2.651333645001720196e+00 -2.139399935383206941e+00 3.713229959374575451e-01 1.308399954722323955e+00 5.430562958430622533e-01 -6.139090182210776847e-02 1.767179867930709358e+00 4.821600133146872302e+00 5.314950515939501408e+00 5.314950515939501408e+00 5.314950515939501408e+00 5.314950515939501408e+00
-9.413166613193201471e+00 -8.531881576973990633e+00 -7.945982187022325505e+00 -7.281172762741397797e+00 -6.311516111040524457e+00 -5.013711473996412593e+00 -2.649944036503662836e+00 -2.805913209570835232e+00 -3.190779277302628891e-01 9.511843877282704085e-01 1.017492702384447778e+00 6.855449126992292364e-01 1.025075909449790768e+00 4.064579099753943936e+00 5.087210502189311256e+00 5.087210502189311256e+00 5.087210502189311256e+00 5.087210502189311256e+00
-9.918582665068955251e+00 -9.016139700586208505e+00 -8.534584549942836773e+00 -8.075302475851957595e+00 -7.365490665532828274e+00 -6.457444920190194892e+00 -4.155848174567338127e+00 -2.548014612136008772e+00 -2.093052216265768983e+00 3.721114939983704573e-01 9.492528119422749544e-01 9.772462591707138380e-01 1.331128974439537704e-01 3.920512665990997458e+00 5.484582634939170198e+00 5.484582634939170198e+00 5.484582634939170198e+00 5.484582634939170198e+00
-1.030492592449350298e+01 -9.869905515065413582e+00 -9.363386390421531758e+00 -8.869764879400847235e+00 -8.262716006145847558e+00 -7.251593748951602691e+00 -5.440382877159796848e+00 -2.608517252039781020e+00 -2.845463870231678349e+00 -2.692854639256987426e-01 7.806736655610635456e-01 1.014376837597507519e+00 2.957648210092823637e-01 4.392044993441627909e+00 5.462775910007157343e+00 5.462775910007157343e+00 5.462775910007157343e+00 5.462775910007157343e+00
-1.040791015306743361e+01 -1.003726864533014407e+01 -9.581470625817775755e+00 -9.163168181129393020e+00 -8.587986844384332130e+00 -7.618027012744137849e+00 -6.348216608261909144e+00 -3.596501927251539943e+00 -2.825158255585652700e+00 -1.820450200621594128e+00 4.722038760207597496e-01 9.676370875529931581e-01 7.716795763807005049e-01 3.134098147680414392e+00 5.409062711086541242e+00 5.409062711086541242e+00 5.409062711086541242e+00 5.409062711086541242e+00
-1.049440664398031764e+01 -1.015135948144490641e+01 -9.748205022923805529e+00 -9.303374260817317776e+00 -8.846918788768416420e+00 -7.917274725320364581e+00 -6.680375186964218059e+00 -4.979396890695869438e+00 -2.402451844008929527e+00 -2.948911318022465089e+00 1.337978006689045096e-01 8.658306789838837725e-01 5.848179803497315365e-01 2.792248029200334880e+00 5.387255986154526610e+00 5.387255986154526610e+00 5.387255986154526610e+00 5.387255986154526610e+00
-1.047772252776297286e+01 -1.016412356451928289e+01 -9.782297428506133485e+00 -9.438816714878562664e+00 -8.924953173925844752e+00 -8.103841503223250697e+00 -6.928482119555372520e+00 -5.578872787617017437e+00 -2.925910099862698566e+00 -3.245971758488616299e+00 -5.293672516540552930e-01 6.366828889857383267e-01 6.988802720927512757e-01 2.680344772196872061e+00 5.026485052727590386e+00 5.026485052727590386e+00 5.026485052727590386e+00 5.026485052727590386e+00
-1.049662777564654803e+01 -1.018403541388576272e+01 -9.874538757770832120e+00 -9.520350566988430074e+00 -9.028163059780833777e+00 -8.293891664840501221e+00 -7.116992888325035516e+00 -5.692100113963721952e+00 -4.237556530344983585e+00 -3.245267891865406540e+00 -1.683472311015148604e+00 3.582021065342932964e-01 4.630770935581360326e-01 2.876426668639331830e+00 5.246150699050911470e+00 5.246150699050911470e+00 5.246150699050911470e+00 5.246150699050911470e+00
-1.053806145354135282e+01 -1.022230810848834182e+01 -9.893344879258073377e+00 -9.517771041180715486e+00 -9.106201056289716433e+00 -8.392011972550157850e+00 -7.229601469531091062e+00 -5.863090988331538966e+00 -4.747889801320646086e+00 -2.832849845468539129e+00 -2.666473416311394118e+00 4.825303982596571700e-02 5.601602424883023179e-01 2.510068473148760582e+00 5.535081380222186986e+00 5.535081380222186986e+00 5.535081380222186986e+00 5.535081380222186986e+00
-1.056465571528835312e+01 -1.023061208015887047e+01 -9.947298698400889094e+00 -9.595846715495699897e+00 -9.156765471322440675e+00 -8.560427519475332758e+00 -7.331218940608115631e+00 -5.876182587967189619e+00 -4.851593155600543383e+00 -2.497637972015554375e+00 -2.962963084549468107e+00 -2.731054540251097729e-01 -4.119385171841227766e-02 2.594150922393219982e+00 5.513274655290182125e+00 5.513274655290182125e+00 5.513274655290182125e+00 5.513274655290182125e+00
-1.055894821224565661e+01 -1.028658444085194645e+01 -9.943683704049963268e+00 -9.620659923637226996e+00 -9.234242715017732195e+00 -8.597176682463986808e+00 -7.394883570736134004e+00 -5.905871729301653161e+00 -5.067994776881596053e+00 -2.640718858078361819e+00 -2.926785627045159544e+00 -3.561805987336155166e-01 -2.023058799038403022e-01 2.540980337123799782e+00 5.459561456369550925e+00 5.459561456369550925e+00 5.459561456369550925e+00 5.459561456369550925e+00
-1.061507847575053276e+01 -1.029719213692544777e+01 -9.951897485964696699e+00 -9.620536737494933988e+00 -9.299662411603836887e+00 -8.647103333697895522e+00 -7.527765316190551559e+00 -5.908933506280387604e+00 -5.214741848144742953e+00 -3.292412773585216001e+00 -3.029281473125380764e+00 -7.969588209252153055e-01 -8.064810384502155149e-02 2.484650127456140112e+00 5.082268689043013765e+00 5.082268689043013765e+00 5.082268689043013765e+00 5.082268689043013765e+00
-1.061969682790692815e+01 -1.032113118749481373e+01 -9.959103508927199755e+00 -9.657474097227648713e+00 -9.346571759183019523e+00 -8.839241759394290909e+00 -7.527679213672655578e+00 -5.765094902450844216e+00 -5.368777631590740285e+00 -3.674623980261451983e+00 -3.031253739351750465e+00 -1.611398891114187659e+00 -3.118784446487924411e-01 2.344317723445035639e+00 5.295209918065069132e+00 5.295209918065069132e+00 5.295209918065069132e+00 5.295209918065069132e+00
