-1.040389423429804339e+01 -1.031145958584104960e+01 -1.002743447309441649e+01 -9.629103769154751191e+00 -9.329450440879412554e+00 -8.989286018396047240e+00 -8.371164501409584346e+00 -7.379640943305562750e+00 -5.049257804588237697e+00 -4.048272356235648850e+00 -3.078112505788292985e+00 -2.542244670455239053e+00 -4.862881903601157241e-01 2.001770584846118251e+00 5.527302516856927639e+00 5.527302516856927639e+00 5.527302516856927639e+00 5.527302516856927639e+00
-1.041429983151892102e+01 -1.001583458195763754e+01 -1.019215804300770145e+01 -9.982372863780931027e+00 -9.618226930766475391e+00 -8.966238762121498951e+00 -8.306647554710371750e+00 -7.055255944746507524e+00 -5.007807588681957078e+00 -2.882241507283636039e+00 -2.314938137467072110e+00 -1.914255846134759853e+00 -8.611639799077619450e-01 2.214445571336406182e+00 5.349308851991338543e+00 5.349308851991338543e+00 5.349308851991338543e+00 5.349308851991338543e+00
-1.036927393512230466e+01 -1.008206709772749576e+01 -9.788828875999943335e+00 -9.617428126594656845e+00 -9.630911092541342811e+00 -9.253930746845448141e+00 -8.155611249001395890e+00 -7.027620146321037709e+00 -5.043366979763185931e+00 -2.141298660510551510e+00 -3.021294758843954487e+00 -9.705533074721797160e-01 -2.347334018079991202e-01 2.233631010586254462e+00 5.349364207835016316e+00 5.349364207835016316e+00 5.349364207835016316e+00 5.349364207835016316e+00
-1.039804766801728775e+01 -1.010734013224893602e+01 -9.949125606162322555e+00 -9.285222592825615351e+00 -9.171539064927197060e+00 -9.165923183127304696e+00 -8.250456023001078165e+00 -6.831588449569030885e+00 -4.517643809523402609e+00 -1.732902623528266517e+00 -2.429903190269983249e+00 1.103894805618956809e-01 1.020622225941068884e+00 2.332160517697876578e+00 5.889589957907959139e+00 5.889589957907959139e+00 5.889589957907959139e+00 5.889589957907959139e+00
-1.046259117401835681e+01 -1.026115526601552475e+01 -9.975403055275762654e+00 -9.609396120839438282e+00 -9.052994325801584807e+00 -8.672306721868753954e+00 -8.227717380867643371e+00 -6.625617956621494109e+00 -3.723614563714067849e+00 -2.597633846307501049e+00 -1.402367120040630688e+00 4.530221820032890867e-01 1.044346638935132132e+00 2.430449845041542822e+00 5.649615448152713881e+00 5.649615448152713881e+00 5.649615448152713881e+00 5.649615448152713881e+00
-1.040992471418219445e+01 -1.019480493658603137e+01 -1.017015274644841227e+01 -1.002640262547787486e+01 -9.466165566832740907e+00 -8.727919817649068435e+00 -7.922675507055094712e+00 -6.060100237609149509e+00 -2.501221527380275589e+00 -2.790243442264264573e+00 -1.139962497530951080e-01 8.096233471577114482e-01 1.087983327276205392e+00 2.161431591201236735e+00 6.273402943332748727e+00 6.273402943332748727e+00 6.273402943332748727e+00 6.273402943332748727e+00
-1.035955707937853454e+01 -1.030775045791575373e+01 -1.004227247711558313e+01 -9.724036328822901254e+00 -9.466479277690456939e+00 -8.738029816228012336e+00 -7.769668999088776395e+00 -4.856830599231082957e+00 -2.239681404811261878e+00 -2.158993321023414680e+00 2.094616465089278734e-01 1.355177198230881119e+00 1.531495183180585418e+00 3.367979467118789927e+00 6.189896554069633794e+00 6.189896554069633794e+00 6.189896554069633794e+00 6.189896554069633794e+00
-1.048165424611100960e+01 -1.009116885437290634e+01 -9.950911399020796466e+00 -9.941221972720892808e+00 -9.327615506224400832e+00 -8.352933933697977764e+00 -6.332849098221077000e+00 -2.783479157817223992e+00 -2.739938554073689581e+00 -1.963796368440951234e-01 1.079808089495490453e+00 2.007764463259098964e+00 1.678421863881577991e+00 4.339433874878951158e+00 5.949922044314058134e+00 5.949922044314058134e+00 5.949922044314058134e+00 5.949922044314058134e+00
-1.037834229201656200e+01 -1.031022907015704959e+01 -9.696866033413343189e+00 -9.182683401754427877e+00 -8.112655048594985985e+00 -7.107230404544560898e+00 -3.787413233866904427e+00 -2.595692266943375959e+00 -8.424818938223883613e-01 7.015202470300749837e-01 2.173992290627620783e+00 2.753552387923959621e+00 3.363786013924715768e+00 4.762786060815817457e+00 6.662061482447862559e+00 6.662061482447862559e+00 6.662061482447862559e+00 6.662061482447862559e+00
-1.008424758329746851e+01 -9.907399894663422302e+00 -9.594394037440999057e+00 -8.524536614684908642e+00 -7.433153572367094952e+00 -4.989158177082732237e+00 -2.702462193086365705e+00 -1.281327367732515654e+00 3.725463550763126186e-01 2.309531268393612891e+00 3.053812564844851529e+00 3.473724903940595965e+00 4.957501516287777577e+00 4.931713137989449436e+00 6.367052898595407129e+00 6.367052898595407129e+00 6.367052898595407129e+00 6.367052898595407129e+00
-1.013239674893507036e+01 -9.474226415773905785e+00 -8.655879544587415708e+00 -8.511875368007745024e+00 -6.771353286691166318e+00 -2.678091632426475854e+00 -2.114583782665836242e+00 2.537047457788752514e-01 2.496568499893168536e+00 3.132643506336302952e+00 3.098946375483794036e+00 4.624741227338212468e+00 2.794091537417243476e+00 2.334571311793768977e+00 6.456987071460449812e+00 6.456987071460449812e+00 6.456987071460449812e+00 6.456987071460449812e+00
-9.677141846762374655e+00 -8.925744130887357741e+00 -8.057068254245304928e+00 -7.447608460129476526e+00 -3.973876936410404515e+00 -2.527023140672296719e+00 -8.984883339344500452e-01 1.661243805840181054e+00 2.922368929946767668e+00 3.205242135227170053e+00 4.555783500803342712e+00 3.711667904132200491e+00 4.586087995480431223e-01 2.505732436734159130e+00 6.941978276360831757e+00 6.941978276360831757e+00 6.941978276360831757e+00 6.941978276360831757e+00
-9.605007125913527233e+00 -8.396989034645134353e+00 -7.383920986218946325e+00 -5.560060020711928175e+00 -2.683544881986130726e+00 -2.146970763482924482e+00 5.222272019764289119e-01 3.171644919410561592e+00 3.275732505672745098e+00 4.122632021489380350e+00 4.753835599744677509e+00 -1.767055573074759744e-01 5.145161699423557167e-01 2.474831925502173569e+00 6.830191849836380058e+00 6.830191849836380058e+00 6.830191849836380058e+00 6.830191849836380058e+00
-1.006536503620999312e+01 -7.862519914882815542e+00 -6.315338382993001431e+00 -3.397205126520623786e+00 -2.176127000882410290e+00 -6.796295930245563888e-01 2.464262701499000840e+00 3.106222395782812562e+00 3.333555424324608829e+00 5.004374369932850009e+00 3.302022913072001575e+00 -1.890887428428323247e+00 4.193108139107102339e-01 2.650617226184607489e+00 7.408161908923853289e+00 7.408161908923853289e+00 7.408161908923853289e+00 7.408161908923853289e+00
-9.363730059680083428e+00 -7.275720132302561538e+00 -4.692390096034575464e+00 -2.276780507796665187e+00 -1.747345463569135449e+00 6.630359095049968010e-01 3.154915209818090815e+00 3.220376051287629604e+00 3.640715318051880089e+00 5.675293305062039551e+00 4.467364604471709910e+00 -8.644106407789375890e-01 6.422309936509951189e-01 2.650573271635601635e+00 7.221895070273572692e+00 7.221895070273572692e+00 7.221895070273572692e+00 7.221895070273572692e+00
-9.092479841427472564e+00 -6.734449458249947007e+00 -3.445284928389585666e+00 -2.042076198494738648e+00 -1.778131688873024474e-01 2.600898984415581872e+00 3.067325043475774393e+00 3.112556077270904886e+00 4.220318497202971031e+00 6.236324470297601508e+00 6.069630446720704953e+00 1.778517083871180349e+00 6.877503441011521002e-01 2.783419887236703971e+00 7.130498445997919710e+00 7.130498445997919710e+00 7.130498445997919710e+00 7.130498445997919710e+00
-8.616424403036521795e+00 -5.553925695326590528e+00 -2.913263218057571713e+00 -1.837827727310954451e+00 4.550247006196421751e-01 3.016101675584552222e+00 3.287402626636943381e+00 3.247939180879300114e+00 4.196853416807571513e+00 5.051838659355497363e+00 4.604762082984478866e+00 4.713180193178015287e+00 3.922990054987452346e+00 3.341922805179206701e+00 6.740619647770981437e+00 6.740619647770981437e+00 6.740619647770981437e+00 6.740619647770981437e+00
-7.587601496007994939e+00 -5.235050508016977133e+00 -2.730024782250144000e+00 -2.001279392662700385e+00 9.540039598185201530e-01 2.698756467639848999e+00 3.545396942055042189e+00 3.853049982544618057e+00 4.074683940172899810e+00 3.226445174648695513e+00 3.238559070993214384e+00 3.142049299715328647e+00 3.941702559662884742e+00 5.195450477764653741e+00 7.501811864186478829e+00 7.501811864186478829e+00 7.501811864186478829e+00 7.501811864186478829e+00
-7.381051576362501088e+00 -5.441222074578911716e+00 -1.896857997532990225e+00 -1.348075129359365354e+00 1.830077585170338139e+00 3.181628440866004937e+00 3.239547526737409200e+00 3.945572416168736218e+00 3.873879218266220725e+00 1.741425950228369102e+00 1.280525150033095638e+00 1.420825355987805239e+00 2.736523145754355291e+00 4.382193881115493461e+00 7.315545025536309254e+00 7.315545025536309254e+00 7.315545025536309254e+00 7.315545025536309254e+00
-8.178701885050644549e+00 -5.525731052331096294e+00 -1.962208088425741348e+00 -8.970068679784581889e-01 2.132658983420886667e+00 3.135849215007534774e+00 3.207138203581345159e+00 4.120309630834094072e+00 3.140678085748304316e+00 1.501221824294030505e+00 -1.006443947626977309e+00 8.412997175216816448e-01 1.936429398536823498e+00 3.606722386976786598e+00 7.097940717572978286e+00 7.097940717572978286e+00 7.097940717572978286e+00 7.097940717572978286e+00
-8.003395370433949552e+00 -6.284918999404398576e+00 -2.450149754073482011e+00 -1.185872426099906507e+00 2.069752431382745783e+00 3.129799766026269303e+00 3.228721770187503726e+00 4.085201349495194201e+00 3.114604138853204418e+00 1.433186662128012046e+00 -9.878846025289607091e-01 3.559087888525962889e-02 1.252052430787254700e+00 3.342278522091514326e+00 7.781728658099333451e+00 7.781728658099333451e+00 7.781728658099333451e+00 7.781728658099333451e+00
-8.075315628520961297e+00 -6.698815708923153700e+00 -2.529900715656868027e+00 -1.510494030792256304e+00 1.144526498427506311e+00 3.202637181744184325e+00 3.242858761421699043e+00 4.191070030069876218e+00 2.727132752980207187e+00 1.079647478133313410e+00 -2.782816069678751170e+00 -1.752515413939442546e+00 1.223571965804180817e+00 3.164755780091756954e+00 7.595461819449102592e+00 7.595461819449102592e+00 7.595461819449102592e+00 7.595461819449102592e+00
-8.017534480664259888e+00 -6.756260554052484935e+00 -3.422134572755599180e+00 -1.431091122712449870e+00 7.773558865275793650e-01 3.199704636063826158e+00 3.269149578363575337e+00 4.067051745124798501e+00 2.373636184044335629e+00 -1.370137500001102016e+00 -2.779818567652296402e+00 -1.757900833300121590e+00 1.238594402550387219e+00 3.459276289101618218e+00 7.709661317195768859e+00 7.709661317195768859e+00 7.709661317195768859e+00 7.709661317195768859e+00
-8.059110867972737680e+00 -7.008256519181730759e+00 -3.937516490945001557e+00 -1.366562156808599937e+00 -1.759064637895372818e-01 2.883560019218912807e+00 3.210718095266941852e+00 3.827777007294183242e+00 2.127060113533019159e+00 -4.043718081523016927e+00 -2.887105684496541702e+00 -1.381567703211419529e+00 1.310753577446823748e+00 3.682130406898460606e+00 7.706757101881206218e+00 7.706757101881206218e+00 7.706757101881206218e+00 7.706757101881206218e+00
-7.919936229802463146e+00 -7.191395495844567165e+00 -4.071554599310813316e+00 -2.526077249714879791e+00 -8.902897174401562808e-01 1.848300037715449928e+00 3.211959908079921266e+00 3.109209347701944015e+00 1.825991618141775685e+00 -4.368770141858688838e+00 -2.762812903264488806e+00 -6.713906439922547875e-01 1.473975822849118655e+00 3.704974441226083215e+00 8.016345035942972430e+00 8.016345035942972430e+00 8.016345035942972430e+00 8.016345035942972430e+00
-8.356723208161943361e+00 -7.694643284180569864e+00 -5.977076850167389210e+00 -2.690370903272842007e+00 -1.660569543459418540e+00 -4.924416278834475302e-01 2.371837983884214740e+00 2.781438264612822397e+00 1.236864770309844097e+00 -4.165381951189715437e+00 -2.188326829032393395e+00 1.146326028266877017e+00 1.882357846299919313e+00 4.060158363821662064e+00 8.244324046188319599e+00 8.244324046188319599e+00 8.244324046188319599e+00 8.244324046188319599e+00
-8.876484177329951208e+00 -7.795976265308390829e+00 -6.678620062351203757e+00 -4.444329768717463658e+00 -2.068694370932331772e+00 -1.959210366045987861e+00 2.799611416901535144e-01 1.877943088513952752e+00 1.591905376260478455e+00 -2.004599153250785637e+00 -1.705528451926595412e+00 5.232422192739288880e-01 2.161316724443322901e+00 4.348212641938359546e+00 7.905953828878858225e+00 7.905953828878858225e+00 7.905953828878858225e+00 7.905953828878858225e+00
-9.161610370415058213e+00 -8.503683464801770953e+00 -7.434651577212866513e+00 -5.779811642525121584e+00 -3.195354339565438906e+00 -1.976600696821695147e+00 -1.366863220385294841e+00 4.727351792071073922e-01 1.237339328953969364e+00 1.247261397081254053e+00 -1.920160810101126492e+00 -3.778852458909606193e-01 1.849420134694480966e+00 4.366102473813484153e+00 8.668321478010597048e+00 8.668321478010597048e+00 8.668321478010597048e+00 8.668321478010597048e+00
-9.354264478496521207e+00 -8.581092195122348443e+00 -8.169595001328950445e+00 -7.404736949449130634e+00 -5.858244261445846313e+00 -3.472252213624047013e+00 -2.399458980664348040e+00 -2.287078626817980798e+00 7.848952934208897059e-02 8.730428830696876918e-01 -1.889107714545121386e+00 -2.086811333508544752e-01 1.511559689981789134e+00 4.094455780423446711e+00 8.410044170443841338e+00 8.410044170443841338e+00 8.410044170443841338e+00 8.410044170443841338e+00
-1.023206369383905923e+01 -9.017427248738346890e+00 -8.680606948345793938e+00 -8.330387393798920570e+00 -7.433805066164593356e+00 -6.701116261537500840e+00 -3.810265427612646860e+00 -2.111713747955385578e+00 -2.530073845993998649e+00 -4.016387756623212013e-01 1.613514619121403648e-01 3.435978762071328213e-02 1.126374005487001284e+00 4.072017775410850859e+00 8.266694039633865287e+00 8.266694039633865287e+00 8.266694039633865287e+00 8.266694039633865287e+00
-1.041517491168639076e+01 -1.006681193543051833e+01 -9.587938175710316813e+00 -9.197120343575658552e+00 -8.816325115859273254e+00 -7.367047105136775187e+00 -5.721004780935528444e+00 -4.370545351330385131e+00 -2.510562799047837856e+00 -2.757367835856734839e+00 -6.814000688257272342e-01 5.625335408501951073e-02 2.292035824002620625e-01 4.304007660474214347e+00 8.454989938801068305e+00 8.454989938801068305e+00 8.454989938801068305e+00 8.454989938801068305e+00
-1.058289216318898696e+01 -1.015391498556432737e+01 -9.782954884215692815e+00 -9.505191106708574367e+00 -9.127547902702081828e+00 -7.921565595186095265e+00 -6.265028944770580033e+00 -5.656242805102947635e+00 -3.634188662663698111e+00 -3.088256263081466280e+00 -2.650461755244479356e+00 -2.162481956160084984e-01 -6.466204959015209308e-01 4.166302169276304923e+00 8.750274765064034455e+00 8.750274765064034455e+00 8.750274765064034455e+00 8.750274765064034455e+00
-1.045391305480842981e+01 -1.029645426242473150e+01 -9.942026560122830148e+00 -9.541440482936373257e+00 -9.215079963410213182e+00 -8.224960876553236488e+00 -6.498514195835362273e+00 -5.660389481354091146e+00 -4.861016687045088602e+00 -2.635656807730215156e+00 -2.697609128111741583e+00 -1.169644706152763280e+00 -4.184586271106387478e-01 3.319444277008402278e+00 8.478429610045749243e+00 8.478429610045749243e+00 8.478429610045749243e+00 8.478429610045749243e+00
-1.048216859166359072e+01 -1.022126976547139066e+01 -1.009482473264532487e+01 -9.589587496681678758e+00 -9.239490850084928653e+00 -8.402256231466065373e+00 -6.676839389500635491e+00 -5.924336490329807248e+00 -5.319400270108469719e+00 -2.787823485266191170e+00 -2.986529388517314754e+00 -1.295921845991245380e+00 -7.024830330258227118e-01 2.949627281233794918e+00 8.847209326459557488e+00 8.847209326459557488e+00 8.847209326459557488e+00 8.847209326459557488e+00
-1.050185254829372639e+01 -1.030812276322734178e+01 -1.006886666557427112e+01 -9.725976226035530914e+00 -9.345525148963044870e+00 -8.656716544236047639e+00 -7.090582106547252295e+00 -5.848057046108420920e+00 -5.627747047761586963e+00 -3.127685179636402246e+00 -2.149934089715601182e+00 -2.806936263636725215e+00 -4.582573276341703195e-01 2.839747092298167352e+00 9.331267460335608277e+00 9.331267460335608277e+00 9.331267460335608277e+00 9.331267460335608277e+00
-1.059271580799758361e+01 -1.034214956081010328e+01 -1.004968074213163476e+01 -9.741239803312803147e+00 -9.449649465068402421e+00 -8.859914366169524769e+00 -7.340707312953439256e+00 -5.842036591507874022e+00 -5.757685222922432899e+00 -3.791984114786010274e+00 -3.412741421797911734e+00 -3.009812226812022651e+00 -5.336942526239865092e-01 2.495859253563859959e+00 8.689363024013264436e+00 8.689363024013264436e+00 8.689363024013264436e+00 8.689363024013264436e+00
-1.064235210657734854e+01 -1.036160646798181872e+01 -1.012039353965764477e+01 -9.783690448447407206e+00 -9.428464726090592052e+00 -8.958236346520125792e+00 -7.663305418722648810e+00 -5.662798514025071839e+00 -5.484781111163224310e+00 -3.565835472194914146e+00 -3.939686147738012068e+00 -2.485154399043399742e+00 -7.715285443617738714e-01 2.736967215066535175e+00 9.268940241417578108e+00 9.268940241417578108e+00 9.268940241417578108e+00 9.268940241417578108e+00
-1.067424700292459505e+01 -1.041943364994084931e+01 -1.002989266453756656e+01 -9.690949438071335464e+00 -9.352125266299871953e+00 -8.921614078766969769e+00 -7.699168681646966661e+00 -5.921018640962504520e+00 -5.501317606638504110e+00 -3.446851876293883343e+00 -4.362724392559485409e+00 -1.939161703470562159e+00 -1.968900341165648882e-01 2.498778284352129120e+00 9.081628556308388056e+00 9.081628556308388056e+00 9.081628556308388056e+00 9.081628556308388056e+00
-1.069168491556215272e+01 -1.040724310553767040e+01 -1.007956227015285400e+01 -9.723136397348820736e+00 -9.379137427129247584e+00 -8.900888995764281830e+00 -7.827769370133416338e+00 -6.009408491115785012e+00 -5.491640021258903381e+00 -4.165145220251480929e+00 -3.913086242750912547e+00 -2.195658067733335272e+00 -3.649358725162367145e-01 2.596967349700604721e+00 9.661205773712689293e+00 9.661205773712689293e+00 9.661205773712689293e+00 9.661205773712689293e+00
-1.074429579606618645e+01 -1.040287444219480051e+01 -1.013642392595592767e+01 -9.803816414083009079e+00 -9.497160285804422841e+00 -9.020263069714545168e+00 -7.905673511694455868e+00 -5.837812528177486193e+00 -5.728394494381358726e+00 -4.330775994108742921e+00 -4.528566064330791896e+00 -1.896098977360290760e+00 -3.589561784401176237e-01 2.605698966723374088e+00 8.624208440746517823e+00 8.624208440746517823e+00 8.624208440746517823e+00 8.624208440746517823e+00
