-1.033079479197375150e+01 -1.033085913810934109e+01 -9.970716753855931813e+00 -9.645601674722369623e+00 -9.388880741059946189e+00 -8.948795925657506700e+00 -8.360543934689358636e+00 -7.235738870733483097e+00 -4.895716919926043964e+00 -2.843620047179745036e+00 -2.124746154243605911e+00 -1.246026649731128755e+00 5.350424887213705016e-01 1.820078298687766161e+00 4.949029691392966335e+00 4.949029691392966335e+00 4.949029691392966335e+00 4.949029691392966335e+00
-1.042035411591654004e+01 -1.008135097937473823e+01 -1.002502273724196336e+01 -9.842372565503046289e+00 -9.437098313666881566e+00 -8.941561391827828942e+00 -8.214377397123085345e+00 -6.910948237284817885e+00 -4.652445996728495459e+00 -2.231724052947293035e+00 -2.533771318088759550e+00 -1.414845904516982833e-01 6.501484622231462618e-01 2.038449071234814003e+00 4.914638396810608434e+00 4.914638396810608434e+00 4.914638396810608434e+00 4.914638396810608434e+00
-1.040352662806724737e+01 -1.009069877817925232e+01 -9.735367487250975671e+00 -9.723966058182853089e+00 -9.627715240653408557e+00 -9.171914767765951382e+00 -8.116839974113668532e+00 -6.932211076406641581e+00 -4.067866078188890455e+00 -2.261177323580598308e+00 -2.622359781140043644e+00 8.747294530814221647e-02 -2.496647146389146740e-02 2.034191221210809086e+00 5.243590695138284019e+00 5.243590695138284019e+00 5.243590695138284019e+00 5.243590695138284019e+00
-1.028904053485558912e+01 -1.024906323550229281e+01 -9.868795870683094051e+00 -9.279021470587323961e+00 -9.189396936336805766e+00 -9.137246500463760412e+00 -8.233230470447434612e+00 -6.750130229660605607e+00 -3.132214351182592615e+00 -2.877480027634149451e+00 -1.090540995342000219e+00 3.085531825578668452e-01 1.048030566745684178e+00 2.266914601435850329e+00 4.806533673704006304e+00 4.806533673704006304e+00 4.806533673704006304e+00 4.806533673704006304e+00
-1.054700553926069517e+01 -1.032943933061176978e+01 -9.966886628241454105e+00 -9.604971216171607651e+00 -9.080567826106243245e+00 -8.681784012265371331e+00 -8.166119528751323742e+00 -5.928458135089911707e+00 -2.551218654763981242e+00 -3.218911242335994682e+00 -3.595169263012094607e-01 1.563572691253616864e-01 1.556420365646198123e+00 2.411048719025362885e+00 4.740712750714885182e+00 4.740712750714885182e+00 4.740712750714885182e+00 4.740712750714885182e+00
-1.039845304147917560e+01 -1.002849840690786465e+01 -1.017897872903186318e+01 -9.958553871213288389e+00 -9.401307247886224516e+00 -8.679648277346668550e+00 -7.785798851066672910e+00 -4.911625702127600412e+00 -2.741254361426303188e+00 -1.930085862346288872e+00 -4.069661115486927772e-01 9.162675885175616819e-02 1.252218070887295642e+00 2.183778402017582554e+00 4.434351931782885003e+00 4.434351931782885003e+00 4.434351931782885003e+00 4.434351931782885003e+00
-1.035243573200921929e+01 -1.015919761102307106e+01 -1.013261077049868497e+01 -9.855785439912351009e+00 -9.359638826138620971e+00 -8.602637385101802536e+00 -7.579163239164678600e+00 -3.507253536651819381e+00 -3.534129398694797253e+00 -5.625749912007723674e-01 4.258537052748876950e-01 1.922145046992790762e+00 1.611465977089736601e+00 3.289722459958104750e+00 4.300169129352434005e+00 4.300169129352434005e+00 4.300169129352434005e+00 4.300169129352434005e+00
-1.050052745247624131e+01 -1.004103447634408752e+01 -9.998961095194278670e+00 -9.793524100278117928e+00 -9.301890471016111661e+00 -8.248171427394472843e+00 -5.610166522112347565e+00 -2.099477977640338722e+00 -2.790173874453060421e+00 -1.294449210714876397e-01 1.448581397963310868e+00 2.055625351452113225e+00 1.774470675375351858e+00 4.401426266453305480e+00 5.972876177073901616e+00 5.972876177073901616e+00 5.972876177073901616e+00 5.972876177073901616e+00
-1.043747396682287309e+01 -1.031225805527511419e+01 -9.569302763127076616e+00 -9.134943271453479952e+00 -8.175582202905399498e+00 -6.946291841088895858e+00 -3.673970109391774486e+00 -3.345618178677780996e+00 -7.711731985413080581e-01 9.711710749810200660e-01 2.052314076778221086e+00 2.742821814438357819e+00 3.427732698405125067e+00 4.855277365297397729e+00 5.991276385704074059e+00 5.991276385704074059e+00 5.991276385704074059e+00 5.991276385704074059e+00
-1.027649004848565362e+01 -1.000529274162496307e+01 -9.504403376805377945e+00 -8.437311582478756122e+00 -7.417206089989393902e+00 -5.186784663140667107e+00 -2.507643795749462612e+00 -3.233092669542533493e+00 -9.969271902691463627e-02 2.095166929504688191e+00 2.997716073196125208e+00 3.502855075023854958e+00 4.972639363627075149e+00 4.951316258370698442e+00 5.282694837812710986e+00 5.282694837812710986e+00 5.282694837812710986e+00 5.282694837812710986e+00
-1.025094719044919955e+01 -9.414891865307277286e+00 -8.813281404248328954e+00 -8.553531118039929382e+00 -6.746144794800164490e+00 -3.452145396611429717e+00 -3.726712079465665628e+00 -9.429986671073526949e-01 1.558503090817716430e+00 3.100099379402791122e+00 3.117225890689575785e+00 4.663710829191622054e+00 3.030477315209339828e+00 2.265558690259279029e+00 5.491912535703539433e+00 5.491912535703539433e+00 5.491912535703539433e+00 5.491912535703539433e+00
-9.889780673964963853e+00 -9.062511823120390275e+00 -8.206037543953920377e+00 -7.563894092188176543e+00 -4.891392495599895973e+00 -2.461841259969962614e+00 -2.955611793987828584e+00 1.034072358137993856e-02 2.956028330022182349e+00 3.192777310380333411e+00 4.428496526851766646e+00 3.796227916331091468e+00 1.702244442704202054e+00 2.449914152153695568e+00 5.312120384973129106e+00 5.312120384973129106e+00 5.312120384973129106e+00 5.312120384973129106e+00
-9.534192486081586537e+00 -8.512481228359421337e+00 -7.592621077529006612e+00 -6.060760841904917484e+00 -3.328971020981302598e+00 -3.628073886955317295e+00 -7.960844063077108235e-01 2.905494057831909060e+00 3.297894343492279834e+00 4.105339598293023862e+00 4.724533191823698353e+00 4.645537883011781055e-01 4.557509185602388602e-01 2.431035508679016743e+00 5.226132785518329271e+00 5.226132785518329271e+00 5.226132785518329271e+00 5.226132785518329271e+00
-1.012111660021705184e+01 -7.950210123211062019e+00 -6.439962628434118486e+00 -4.610250046113570477e+00 -2.003853798982345502e+00 -2.607808535482311285e+00 4.772729027867281815e-01 3.141159021587454081e+00 3.427751841029456514e+00 5.045312105676297953e+00 3.435226423821795105e+00 -1.974723813357453617e+00 3.748162931825256283e-01 2.636127088572594701e+00 6.728912800826535090e+00 6.728912800826535090e+00 6.728912800826535090e+00 6.728912800826535090e+00
-9.382388634988998888e+00 -7.496759564316137769e+00 -5.464666063950202712e+00 -3.313266585000556930e+00 -3.112761869397291825e+00 -8.215878528402709158e-01 2.936529961985916870e+00 3.174826376991871868e+00 3.584000304010404037e+00 5.647191462843455412e+00 4.538079368574352124e+00 -8.684864284727158434e-01 9.233758018694252501e-01 2.519436384715362909e+00 6.115359272713772221e+00 6.115359272713772221e+00 6.115359272713772221e+00 6.115359272713772221e+00
-9.205825080395673154e+00 -6.862427557043254467e+00 -4.447283892380408332e+00 -2.175201863510383138e+00 -2.553437989304417233e+00 2.518531510003688134e-01 3.026546538703524636e+00 3.061426738094036537e+00 4.179165833618641912e+00 6.204874607980658929e+00 6.113778159930991940e+00 1.902801348564749695e+00 6.056568009593893409e-01 2.820311425197500999e+00 6.130909775497779712e+00 6.130909775497779712e+00 6.130909775497779712e+00 6.130909775497779712e+00
-8.770829636280012664e+00 -6.199529973479998013e+00 -3.714944221574275840e+00 -2.258818167960475076e+00 -1.626377864505218040e+00 2.188635192594085233e+00 3.257639684637902544e+00 3.294794608075018783e+00 4.236240225028440776e+00 5.184880367020969771e+00 4.697522819594948551e+00 4.797489481281617785e+00 3.713585122223715729e+00 3.361104233876468506e+00 6.126862113697244538e+00 6.126862113697244538e+00 6.126862113697244538e+00 6.126862113697244538e+00
-7.764665905190631712e+00 -5.807933047888365508e+00 -3.308718067408412900e+00 -1.831963689991644051e+00 -1.533719224582444918e-01 2.726799328552369062e+00 3.556527243040005448e+00 3.927853178373998055e+00 4.100471112060679602e+00 3.275147685186783342e+00 3.353093980266550478e+00 3.223020930113004834e+00 4.080328292241899746e+00 5.305577087080362020e+00 5.741722267497797461e+00 5.741722267497797461e+00 5.741722267497797461e+00 5.741722267497797461e+00
-7.469388578489492225e+00 -5.806439865476569651e+00 -3.028695056525724905e+00 -2.284570682937633990e+00 3.841250095796319153e-01 3.155004290753653517e+00 3.149056626353901489e+00 3.992942726714092228e+00 3.820973276559445964e+00 1.846436759836815433e+00 1.450912578943675202e+00 1.537355101042538807e+00 2.846598831651800499e+00 4.409391101344557029e+00 6.628106766208859746e+00 6.628106766208859746e+00 6.628106766208859746e+00 6.628106766208859746e+00
-8.195693828934830449e+00 -5.737216355988533856e+00 -2.874703292894668749e+00 -1.871822222370202349e+00 7.520871613257998911e-01 3.075284211803740231e+00 3.144004590649104536e+00 4.060374503737588014e+00 3.202775161508713886e+00 1.578035687719111735e+00 -3.472664786762441613e-02 9.135523528853024544e-01 2.014519634133084658e+00 3.678088232610397412e+00 6.822249565981907793e+00 6.822249565981907793e+00 6.822249565981907793e+00 6.822249565981907793e+00
-8.114191773946764386e+00 -5.735712800779772635e+00 -3.026999000168049125e+00 -1.431766798490455406e+00 8.497919999548981806e-01 3.128247854629738534e+00 3.210415100533944521e+00 4.111967812209453399e+00 3.062168605626824469e+00 1.508297212705529855e+00 3.119879176578511243e-02 1.693793785636154570e-01 1.282198116355691697e+00 3.356244316971408015e+00 6.803992229033291039e+00 6.803992229033291039e+00 6.803992229033291039e+00 6.803992229033291039e+00
-8.192044720160394533e+00 -6.208577295167901688e+00 -3.266200061075382521e+00 -1.827403481552239528e+00 2.919981702088709219e-01 3.190182276745588741e+00 3.230470844286559284e+00 4.174096501827550654e+00 2.817280699322922466e+00 1.200667154196135789e+00 -2.621150163981214032e+00 -1.701353078853443668e+00 1.245923031984019103e+00 3.190946684781159171e+00 6.683319290958388947e+00 6.683319290958388947e+00 6.683319290958388947e+00 6.683319290958388947e+00
-8.136060281536835248e+00 -6.840240162712919236e+00 -3.850559705740644212e+00 -2.039436967315747751e+00 -2.592568768384158062e-01 3.184026309430232349e+00 3.244823235621522528e+00 4.039647351801219699e+00 2.365594802441556954e+00 4.169819415070177837e-01 -2.735054550356070369e+00 -1.623687794520577876e+00 1.270528965158227885e+00 3.460927602385530655e+00 6.659779635079574156e+00 6.659779635079574156e+00 6.659779635079574156e+00 6.659779635079574156e+00
-8.120775058622278664e+00 -7.024364972975181587e+00 -4.699847963312002719e+00 -2.406268800990346346e+00 -1.144170641049712112e+00 2.001440329792833595e+00 3.217208193734661936e+00 3.755790847959569856e+00 2.153510335825102651e+00 -3.716322726391092957e+00 -2.861812510075232741e+00 -1.350426335915737130e+00 1.339383770833694864e+00 3.721378905404530535e+00 6.475220131467860796e+00 6.475220131467860796e+00 6.475220131467860796e+00 6.475220131467860796e+00
-7.860838023028027699e+00 -7.061984463923343114e+00 -5.255401923430156330e+00 -3.339150505443899242e+00 -1.230213420307968653e+00 1.398079732252788254e-01 3.207122254864263056e+00 3.038186344235860759e+00 2.023935880120776964e+00 -4.123148232843700356e+00 -2.491441638039971984e+00 -7.652633381659780243e-01 1.550417779965694409e+00 3.715300771097714616e+00 7.561147318611289414e+00 7.561147318611289414e+00 7.561147318611289414e+00 7.561147318611289414e+00
-8.385267406803096790e+00 -7.586109585219258378e+00 -6.209804534353179584e+00 -4.219376871201870216e+00 -2.599008270340313231e+00 -9.602956283603698573e-01 7.730506538039154663e-01 2.776164490154100051e+00 1.421578937417690147e+00 -3.681642122794658967e+00 -1.560437504885791249e+00 1.120099773247805297e+00 1.885020491180902091e+00 4.146865086318283211e+00 7.624437615801704204e+00 7.624437615801704204e+00 7.624437615801704204e+00 7.624437615801704204e+00
-8.878043056475869221e+00 -7.848008063964384995e+00 -6.805925137389618129e+00 -5.297380778576363802e+00 -3.589440392323821172e+00 -1.965795304403603172e+00 -1.002788322026205936e+00 3.390355203761903358e-01 1.574257597054093516e+00 -6.543371455470721187e-01 -3.850961079127730446e-01 5.236570381694020948e-02 2.190930111885783571e+00 4.529388988613978206e+00 7.511763492148762822e+00 7.511763492148762822e+00 7.511763492148762822e+00 7.511763492148762822e+00
-9.136566162918986933e+00 -8.345995072722372399e+00 -7.540495892738656281e+00 -6.102100887709779542e+00 -4.563096078274149647e+00 -3.324165460075349632e+00 -1.556523608784876389e+00 -8.196544239191763115e-01 -3.796402531376315004e-01 1.629318399707288867e+00 -2.762617889540716631e-01 4.035506535633647252e-01 1.816913962178353659e+00 4.721771095202748292e+00 7.625318154556001815e+00 7.625318154556001815e+00 7.625318154556001815e+00 7.625318154556001815e+00
-9.351314765455970957e+00 -8.505505382001123493e+00 -7.962030966136985022e+00 -7.347277994565690307e+00 -6.185976474121484436e+00 -4.425082636804572367e+00 -2.817879618853801560e+00 -1.427712806829456671e+00 -1.225583913128412972e+00 5.747143836075193635e-01 5.238447711949493213e-01 -2.925898537850731007e-02 1.406787174642857297e+00 4.088094306711965942e+00 6.318380284757471266e+00 6.318380284757471266e+00 6.318380284757471266e+00 6.318380284757471266e+00
-1.004691746965884214e+01 -8.981126800369350960e+00 -8.650032973220000088e+00 -8.194942809164000863e+00 -7.467954218906376340e+00 -6.583597865262140303e+00 -4.287155309221834187e+00 -2.270511610984904838e+00 -1.923770279233895319e+00 -8.693999300243591133e-01 1.390117521026958958e+00 4.285426859928013199e-01 -4.637888008004126816e-01 4.032716873048372008e+00 8.309008012242513175e+00 8.309008012242513175e+00 8.309008012242513175e+00 8.309008012242513175e+00
-1.032397458946496727e+01 -9.954041835591937115e+00 -9.481065026989904609e+00 -9.046808164479653414e+00 -8.466967909536908365e+00 -7.315823340033169586e+00 -5.652164935874816720e+00 -3.439260356367627836e+00 -2.577882567147151693e+00 -1.329027986971628383e+00 -2.911658562306977394e-01 1.087812177113233414e+00 1.025620062341477123e-02 4.439777247553963413e+00 8.406542376868753053e+00 8.406542376868753053e+00 8.406542376868753053e+00 8.406542376868753053e+00
-1.037399796680289121e+01 -1.007779324575473723e+01 -9.635420569991119066e+00 -9.264749672631429789e+00 -8.793835496733345636e+00 -7.777198536684947427e+00 -6.406146289011997119e+00 -4.665560032651116629e+00 -3.210735320803399073e+00 -2.389071055589778503e+00 -1.379061633467021597e+00 1.055433007590920624e+00 5.384667930332609487e-01 4.027764138809547312e+00 8.110694677595548185e+00 8.110694677595548185e+00 8.110694677595548185e+00 8.110694677595548185e+00
-1.042893423600432357e+01 -1.017716873580517145e+01 -9.790724514000139322e+00 -9.418676566673539696e+00 -9.025582468825078308e+00 -8.088503801074232058e+00 -6.637926936194821437e+00 -5.521568492308435161e+00 -3.871873130533894702e+00 -2.992931464719432721e+00 -2.579730354285997951e+00 1.761215091404066263e-02 1.565382349003358042e-02 3.128017723546203221e+00 7.318916031598417860e+00 7.318916031598417860e+00 7.318916031598417860e+00 7.318916031598417860e+00
-1.050586424591250889e+01 -1.018321756205831186e+01 -9.929170233810104662e+00 -9.538303073067103455e+00 -9.052256393368304899e+00 -8.262841401162805965e+00 -6.957602043090647115e+00 -5.726432737013159802e+00 -4.331910828191654517e+00 -2.711419575515406244e+00 -2.126251939037817174e+00 -3.181890577125496278e-01 1.118738590813261602e-01 2.766948300371387059e+00 6.167138912107180460e+00 6.167138912107180460e+00 6.167138912107180460e+00 6.167138912107180460e+00
-1.048585192047223202e+01 -1.022920031750302527e+01 -9.981604759852460873e+00 -9.584442024188348341e+00 -9.159930181640941527e+00 -8.500523461255829361e+00 -7.151603567206317180e+00 -5.848429077656938091e+00 -5.399955252408126682e+00 -3.484599904267210668e+00 -1.810619939197773087e+00 -6.762500112454385981e-01 7.770846988192933735e-02 2.670363960739817966e+00 6.634253628631380018e+00 6.634253628631380018e+00 6.634253628631380018e+00 6.634253628631380018e+00
-1.059147044181080943e+01 -1.025757948645103035e+01 -9.939480883328235095e+00 -9.566442600081277448e+00 -9.231966042915050963e+00 -8.559359096528313060e+00 -7.302447050829539599e+00 -5.788865054953969747e+00 -5.670068911864873051e+00 -4.084505967102503021e+00 -2.379279680653763052e+00 -1.094116144028552062e+00 1.004158456480713085e-01 2.195806893090543888e+00 7.123685697634265956e+00 7.123685697634265956e+00 7.123685697634265956e+00 7.123685697634265956e+00
-1.055286953786132109e+01 -1.025153381840969402e+01 -1.003181507409630058e+01 -9.670981336132662420e+00 -9.221761089290085422e+00 -8.717400804306132400e+00 -7.457075563993694090e+00 -5.800739409785887091e+00 -5.268319523458094622e+00 -3.977313650848516957e+00 -2.521006805220832092e+00 -2.653826889439641068e+00 -8.407249625418217187e-02 2.247702367735486373e+00 6.484769416604509118e+00 6.484769416604509118e+00 6.484769416604509118e+00 6.484769416604509118e+00
-1.058521919581024306e+01 -1.032830917980692575e+01 -1.002448429313551159e+01 -9.656479705839348782e+00 -9.335885908773351005e+00 -8.719893148458297105e+00 -7.469886966340776091e+00 -5.891197302544787462e+00 -5.248675895801221181e+00 -3.907697427707240045e+00 -4.688394347071894508e+00 -1.695198374898646110e+00 -6.436790411914820043e-01 2.075289621211348301e+00 5.561636229265761067e+00 5.561636229265761067e+00 5.561636229265761067e+00 5.561636229265761067e+00
-1.058254467102322494e+01 -1.030618766273392239e+01 -9.994374781645111838e+00 -9.640816753134549444e+00 -9.353785247285976823e+00 -8.774706462956835651e+00 -7.622564314156852205e+00 -5.853283848992479221e+00 -5.298404984843207544e+00 -3.666096570308050140e+00 -3.938391002142596076e+00 -2.037578752489610068e+00 -8.174898904264751298e-01 2.286505966781954058e+00 6.011934583147397149e+00 6.011934583147397149e+00 6.011934583147397149e+00 6.011934583147397149e+00
-1.064193422037198999e+01 -1.035075137680841451e+01 -9.999233231091002594e+00 -9.689899496831158032e+00 -9.390754103752396276e+00 -8.918392969167470596e+00 -7.586957254886374180e+00 -5.687740743918304531e+00 -5.346918414617513271e+00 -3.657574840969122221e+00 -4.175551688480971357e+00 -2.102518822633197892e+00 -5.894126896318830910e-01 2.275970703158664676e+00 5.514153393343292464e+00 5.514153393343292464e+00 5.514153393343292464e+00 5.514153393343292464e+00
