-1.044720036142546071e+01 -1.034681397351081422e+01 -1.005326588815429112e+01 -9.714476591281536955e+00 -9.449792134244447084e+00 -9.004797989715056517e+00 -8.309544978635326373e+00 -7.279450950497578177e+00 -4.818369067955565299e+00 -3.262606411109633786e+00 -1.699644418875400076e+00 -1.452258353203270236e+00 4.748808548284662590e-01 1.847512018463303374e+00 4.722154090235402890e+00 4.722154090235402890e+00 4.722154090235402890e+00 4.722154090235402890e+00
-1.043156576445897521e+01 -1.025451442485645792e+01 -1.004678650942705254e+01 -9.866844065545024023e+00 -9.500615011656739384e+00 -9.002499612405776119e+00 -8.240967858087755005e+00 -6.982454352982839119e+00 -4.695617323249373420e+00 -2.368278635989356395e+00 -2.277952564279096315e+00 -2.039660118869880689e-02 5.134130466508327606e-01 2.057198425890627291e+00 4.689797562916222518e+00 4.689797562916222518e+00 4.689797562916222518e+00 4.689797562916222518e+00
-1.037534184964238548e+01 -1.009187947536801033e+01 -9.751694281362052408e+00 -9.707692838786378786e+00 -9.599986835479562330e+00 -9.071564350564914392e+00 -8.156167829579002770e+00 -6.948728516120697307e+00 -4.267800786151656034e+00 -2.016973312086701497e+00 -2.887728029284413189e+00 5.448296284231957110e-02 -2.268357988053870955e-01 2.103163458097041527e+00 4.884540563468406482e+00 4.884540563468406482e+00 4.884540563468406482e+00 4.884540563468406482e+00
-1.033019368710963093e+01 -1.031775947951164518e+01 -9.921486491945534780e+00 -9.365455514850543395e+00 -9.214233398696729083e+00 -9.059558480133560465e+00 -8.281540056752842105e+00 -6.812769611603051167e+00 -3.333826437600909021e+00 -2.493904024662651153e+00 -1.552312125901596840e+00 -9.780125541656223276e-02 5.105751131141129662e-01 2.280706190472152617e+00 4.683805319662288191e+00 4.683805319662288191e+00 4.683805319662288191e+00 4.683805319662288191e+00
-1.061339709211972071e+01 -1.030581692915949077e+01 -9.929408979740742325e+00 -9.642885913534644970e+00 -9.112684193095670793e+00 -8.689910815153528034e+00 -8.156335635421962493e+00 -6.124992132109102094e+00 -2.801830114862795984e+00 -3.068446136661513446e+00 -5.557412066053507571e-01 5.321430919138800397e-02 1.429510305645097512e+00 2.370136592154427735e+00 4.468277298591750046e+00 4.468277298591750046e+00 4.468277298591750046e+00 4.468277298591750046e+00
-1.046289974237393494e+01 -1.005260339931835389e+01 -1.013889185795944137e+01 -9.949666548794199983e+00 -9.375631619312155607e+00 -8.680767075112250097e+00 -7.885776165895747702e+00 -5.204950833695442647e+00 -2.604777601964283207e+00 -2.565300315082719607e+00 -1.180454542611234503e-01 6.392972825960888672e-01 1.185309873901365663e+00 2.159903743384238073e+00 4.400285519993163419e+00 4.400285519993163419e+00 4.400285519993163419e+00 4.400285519993163419e+00
-1.048051812178938391e+01 -1.028457374421887849e+01 -9.945824250120823606e+00 -9.782621983659215203e+00 -9.354357716458059357e+00 -8.671473218977430619e+00 -7.660377027386629400e+00 -3.628913821087384584e+00 -3.239214194751991016e+00 -1.006172504713339411e+00 7.765557759848377983e-02 1.492024150188820286e+00 1.565133034492095288e+00 3.245957931451645351e+00 4.194764583484526632e+00 4.194764583484526632e+00 4.194764583484526632e+00 4.194764583484526632e+00
-1.054871252521711966e+01 -1.009711581476151743e+01 -9.977677758381162221e+00 -9.773673859450482837e+00 -9.203329658849042971e+00 -8.272498302328127551e+00 -5.816810910633129161e+00 -2.329087951092122299e+00 -2.782284756245630319e+00 1.472373650008819423e-01 1.358241580874681942e+00 2.052551408656096754e+00 1.757094853771080878e+00 4.326078171249260862e+00 4.894695610622274984e+00 4.894695610622274984e+00 4.894695610622274984e+00 4.894695610622274984e+00
-1.046990530648841755e+01 -1.020743690424111882e+01 -9.608458779028795860e+00 -9.032658530323683266e+00 -8.300355333179638251e+00 -7.019923112228866557e+00 -3.954534838854909751e+00 -3.293859513296536257e+00 -9.404828776812793611e-01 9.951490347179814400e-01 2.064001510739457146e+00 2.739191039671009964e+00 3.443277603581793578e+00 4.750976799499537329e+00 4.917724997894646677e+00 4.917724997894646677e+00 4.917724997894646677e+00 4.917724997894646677e+00
-1.024516842328418065e+01 -1.011283995504247457e+01 -9.512433910877398091e+00 -8.562163856582074573e+00 -7.453075280184448204e+00 -5.115993257958272089e+00 -2.347810427314799941e+00 -2.975278286921793747e+00 -9.657618261581360497e-03 2.087671301926713685e+00 3.090654277550375362e+00 3.485637068767811986e+00 4.985227701554269863e+00 4.958980974730391900e+00 5.077086578148402474e+00 5.077086578148402474e+00 5.077086578148402474e+00 5.077086578148402474e+00
-1.018831085085704657e+01 -9.448435126063991163e+00 -8.759935360636928792e+00 -8.518738339182879926e+00 -6.776435324189713505e+00 -3.384943309558872571e+00 -3.494338125053373822e+00 -7.158820291399164981e-01 1.951604043168001734e+00 3.113277207841399274e+00 3.083961912899586100e+00 4.600485729724526962e+00 2.977205045364834213e+00 2.288176714267912359e+00 4.951705674198193741e+00 4.951705674198193741e+00 4.951705674198193741e+00 4.951705674198193741e+00
-9.889195615239355419e+00 -9.112783236443130264e+00 -8.247373224018431870e+00 -7.611149104933088161e+00 -4.822989104847899888e+00 -2.496155019990678348e+00 -2.631301468725026460e+00 3.612884328588223948e-01 2.917095816737874436e+00 3.176470466341710708e+00 4.432917615761909680e+00 3.767882860481714946e+00 1.253218764960278397e+00 2.488341366618570305e+00 4.778305709506838639e+00 4.778305709506838639e+00 4.778305709506838639e+00 4.778305709506838639e+00
-9.661888917157142487e+00 -8.601221888100376134e+00 -7.591015330822449059e+00 -6.018001117207476547e+00 -3.255145707554441437e+00 -3.380536905513299661e+00 -9.909084365189613219e-02 3.150510049699017934e+00 3.296044558768403299e+00 4.147211981186959662e+00 4.775462606477175243e+00 2.823032630129003462e-02 5.409116583735094075e-01 2.397125717495570463e+00 4.639170816658865881e+00 4.639170816658865881e+00 4.639170816658865881e+00 4.639170816658865881e+00
-1.011465794336908175e+01 -8.008846775963684550e+00 -6.548500540921877722e+00 -4.412615608138587220e+00 -2.506856145514760215e+00 -2.240061526970841044e+00 1.086311577005498741e+00 3.129604853972266287e+00 3.336357143206200249e+00 5.031984503281333510e+00 3.382355607559612842e+00 -1.910723473404297046e+00 3.952159052683468232e-01 2.595402460806935263e+00 4.681460479213757075e+00 4.681460479213757075e+00 4.681460479213757075e+00 4.681460479213757075e+00
-9.460094249027903857e+00 -7.498546251289606168e+00 -5.350622140051411790e+00 -3.062199302902298470e+00 -2.850349221102165487e+00 -1.640261690490139312e-01 3.117649235916855055e+00 3.174776224795440527e+00 3.659952196436543126e+00 5.679507202616836281e+00 4.494820543989659356e+00 -9.060551224729983533e-01 8.876296033036363831e-01 2.650677538007225831e+00 4.818733540190888398e+00 4.818733540190888398e+00 4.818733540190888398e+00 4.818733540190888398e+00
-9.205766556056325101e+00 -6.900953862939580574e+00 -4.359287180909451997e+00 -2.102883801239815664e+00 -1.843117933410649334e+00 9.873427642956602579e-01 3.040818824314833524e+00 3.112433339228708906e+00 4.212506467268509525e+00 6.246303692420649867e+00 6.165916098807416645e+00 1.952384189865744801e+00 6.095491240169053082e-01 2.755369316676299363e+00 4.914610783089005785e+00 4.914610783089005785e+00 4.914610783089005785e+00 4.914610783089005785e+00
-8.859695136317919051e+00 -6.000874931150757874e+00 -3.698580842432376503e+00 -2.432438164896012278e+00 -7.579964483631242977e-01 2.950113194130850491e+00 3.261935919304788989e+00 3.429543256472904034e+00 4.265906161650561579e+00 5.062957168962261889e+00 4.645322988004691567e+00 4.780203122622520340e+00 3.574141537973019034e+00 3.407603841702002700e+00 4.851996984449002071e+00 4.851996984449002071e+00 4.851996984449002071e+00 4.851996984449002071e+00
-7.746605331656510884e+00 -5.718436789685025445e+00 -3.246484611827773481e+00 -2.200972052141342061e+00 -3.871629681739733320e-01 2.719816435542720345e+00 3.541002133781358197e+00 3.920391866583465390e+00 4.102882178068014696e+00 3.209554188511970274e+00 3.295617612331328772e+00 3.150331845230463390e+00 3.955928057597871028e+00 5.101152985326942613e+00 4.699383226008968073e+00 4.699383226008968073e+00 4.699383226008968073e+00 4.699383226008968073e+00
-7.451423390145412107e+00 -5.833038415545469313e+00 -2.941191330942152682e+00 -1.587947443899970335e+00 1.119385866117232481e-01 3.076831539859465448e+00 3.131721954789240314e+00 3.923686214033812902e+00 3.793414034681017455e+00 1.739019288951364484e+00 1.375680149398392560e+00 1.462425007172010627e+00 2.784310667389896743e+00 4.362251166431035720e+00 4.602978549398895503e+00 4.602978549398895503e+00 4.602978549398895503e+00 4.602978549398895503e+00
-8.205354958628555906e+00 -5.856997056543589153e+00 -2.575262290860028447e+00 -1.149482070983238069e+00 1.539023032826906778e+00 3.105301073886266305e+00 3.177224966839098386e+00 4.093174095533302470e+00 3.241858634241701509e+00 1.536137408571259799e+00 -9.559432324370030765e-01 8.729628773801592079e-01 1.955510953331357715e+00 3.665457886096983753e+00 4.695949669981221319e+00 4.695949669981221319e+00 4.695949669981221319e+00 4.695949669981221319e+00
-8.159092197494953069e+00 -5.808500488777553095e+00 -3.108305059350918942e+00 -1.469548201297501633e+00 1.273752676010630580e+00 3.141740984339008946e+00 3.264921755381659185e+00 4.101500680217256445e+00 3.008902783988311125e+00 1.447265346058845825e+00 -3.649929223359817398e-01 9.804578093962346141e-02 1.274313423890328201e+00 3.325947616053189559e+00 4.802996683129779676e+00 4.802996683129779676e+00 4.802996683129779676e+00 4.802996683129779676e+00
-8.133319366652486337e+00 -6.228980194464849518e+00 -3.551202036683885677e+00 -2.110093455522076944e+00 -1.985255613768615798e-03 3.225703982729688946e+00 3.268468930153412444e+00 4.195340050401372700e+00 2.762328197288031362e+00 1.191038378802729669e+00 -2.785178410748923028e+00 -1.709355829347321887e+00 1.240358126093376478e+00 3.178615390417191655e+00 4.719057766155562383e+00 4.719057766155562383e+00 4.719057766155562383e+00 4.719057766155562383e+00
-8.046602306065501864e+00 -6.770166779995822282e+00 -3.763148928870497123e+00 -2.370355513343915810e+00 -1.880531794854343741e-01 3.185380815758235507e+00 3.261818296573519405e+00 4.004875638298973861e+00 2.381978747590680179e+00 1.085522160685859772e-01 -2.686272231554076129e+00 -1.589541066605856034e+00 1.322879471393020756e+00 3.488061248031721462e+00 4.668413863097107708e+00 4.668413863097107708e+00 4.668413863097107708e+00 4.668413863097107708e+00
-8.128296348500558821e+00 -7.089293022333981398e+00 -4.582580060413945056e+00 -2.494977420440842142e+00 -5.278859181867583406e-01 2.446150272443897045e+00 3.229111102859413052e+00 3.737533104478649726e+00 2.184142607903368116e+00 -3.149610987303773424e+00 -2.934930782151004003e+00 -1.298894380315983588e+00 1.303608514192853285e+00 3.704073391661839132e+00 4.523870673450635316e+00 4.523870673450635316e+00 4.523870673450635316e+00 4.523870673450635316e+00
-7.839310346437997623e+00 -7.187237905091614643e+00 -5.262238299785813922e+00 -3.174196910627212098e+00 -1.023071630169448909e+00 5.235432829356658768e-01 3.215577552142583784e+00 3.039151404112995447e+00 2.076260865764893992e+00 -4.180795697415886636e+00 -2.826073168085458942e+00 -5.843865884693810742e-01 1.591740140368906209e+00 3.708866705387313889e+00 4.580501056491413259e+00 4.580501056491413259e+00 4.580501056491413259e+00 4.580501056491413259e+00
-8.344948415330083691e+00 -7.696216941799939093e+00 -6.252293804427909940e+00 -4.036911849185546686e+00 -2.403111674852510316e+00 -6.960025971596663918e-01 2.825403037474019663e-01 2.876011011741821832e+00 1.394754257323143287e+00 -3.745003911889310366e+00 -1.632636882664657119e+00 1.109348668939107663e+00 1.903656166386638038e+00 4.191065113088656702e+00 4.672731723639068413e+00 4.672731723639068413e+00 4.672731723639068413e+00 4.672731723639068413e+00
-8.872260393800324607e+00 -7.813627181693503232e+00 -6.850776548599577076e+00 -5.231586535459775256e+00 -3.425066606467305874e+00 -1.734996595787718032e+00 -7.591825090980202084e-01 -3.472110656738223167e-01 2.082724365138892697e+00 -9.293459991726765734e-01 -4.315547583668551401e-01 -1.538163437065655781e-01 2.129086141821067368e+00 4.479760846334157165e+00 4.595537001250928455e+00 4.595537001250928455e+00 4.595537001250928455e+00 4.595537001250928455e+00
-9.082167649316772895e+00 -8.296259519413579753e+00 -7.571872949325531899e+00 -6.090762602441920137e+00 -4.506666348542594847e+00 -3.142253953796975363e+00 -1.605771888343719311e+00 -1.230637947868916893e+00 2.496719202002349314e-01 1.522475266273403793e+00 -3.249247429290985645e-01 7.088669482914097819e-02 1.847900753064551260e+00 4.484010717276968094e+00 4.521087281771973387e+00 4.521087281771973387e+00 4.521087281771973387e+00 4.521087281771973387e+00
-9.377106688741616125e+00 -8.608299654232741460e+00 -8.077252549212653676e+00 -7.361441912520851893e+00 -6.143205179338140809e+00 -4.450631457965998017e+00 -2.685778427970630489e+00 -2.207633388548411180e+00 -1.194013457899732122e+00 1.609355336379373558e+00 3.760797842449155048e-01 -2.641197657648587938e-01 1.477865894156748627e+00 4.111833411980924780e+00 4.444762797502390228e+00 4.444762797502390228e+00 4.444762797502390228e+00 4.444762797502390228e+00
-1.014485575393464067e+01 -9.107275120849120498e+00 -8.696765401756096026e+00 -8.321938255817050489e+00 -7.492295083439923786e+00 -6.623611940970293155e+00 -4.254670072037386674e+00 -2.336053055733513517e+00 -1.749416077958580340e+00 -2.718602399426303107e-01 1.355744821277603096e+00 2.739105476109224280e-01 -4.830866257288625731e-01 3.984688752310118431e+00 4.611910164450307548e+00 4.611910164450307548e+00 4.611910164450307548e+00 4.611910164450307548e+00
-1.034564684544322866e+01 -9.935103717328617634e+00 -9.457465748910228953e+00 -9.092242130618672036e+00 -8.531711686346293178e+00 -7.403360166073468029e+00 -5.759265136486290793e+00 -3.256232319192936764e+00 -2.802182020575137322e+00 -2.507772166509959266e+00 -5.694763975874803097e-02 1.173165568974018358e+00 -3.824284687479679312e-01 4.453840711507335293e+00 4.598402133918952472e+00 4.598402133918952472e+00 4.598402133918952472e+00 4.598402133918952472e+00
-1.051823523359137447e+01 -1.005070343013244738e+01 -9.642066858694709808e+00 -9.290703352132602788e+00 -8.923500784189119628e+00 -7.890669220039849385e+00 -6.335251102532382106e+00 -4.805053176052311414e+00 -3.482935823589366375e+00 -2.805017948731630462e+00 -1.783400165743735943e+00 5.164430710773234567e-01 -4.928099433936337093e-01 3.940684347589534120e+00 4.478652019779246984e+00 4.478652019779246984e+00 4.478652019779246984e+00 4.478652019779246984e+00
-1.048483334140368939e+01 -1.020726439428361587e+01 -9.846628421369745254e+00 -9.455279412193576150e+00 -9.035559597675279164e+00 -8.173780745305409212e+00 -6.667298511446240639e+00 -5.589742736782978838e+00 -3.818299942548987858e+00 -2.979087874348940623e+00 -2.517869909423617436e+00 6.111550287752111343e-02 5.843477679261456226e-01 3.065700329275583336e+00 4.406189068979467827e+00 4.406189068979467827e+00 4.406189068979467827e+00 4.406189068979467827e+00
-1.051265232579352116e+01 -1.025438032002172228e+01 -9.915265375177810370e+00 -9.543913830154213684e+00 -9.177742617985670037e+00 -8.323394040383838899e+00 -6.982929090947944673e+00 -5.780001604342841048e+00 -4.654617530462780373e+00 -2.501988719490852553e+00 -2.578010769302949257e+00 -1.073503036915832709e-01 7.921344829099947749e-01 2.716057639625350628e+00 4.408662960733328973e+00 4.408662960733328973e+00 4.408662960733328973e+00 4.408662960733328973e+00
-1.054583864190695586e+01 -1.030765228528058053e+01 -1.009001145876462857e+01 -9.580351126582893784e+00 -9.209249844668709883e+00 -8.538291268366322129e+00 -7.278172194814166218e+00 -5.855938510608508452e+00 -5.491588736221066469e+00 -3.409263639885554920e+00 -1.424278401998310351e+00 -9.470598421839120373e-01 3.857304469194264285e-01 2.609603868531879645e+00 4.358578517005039288e+00 4.358578517005039288e+00 4.358578517005039288e+00 4.358578517005039288e+00
-1.059160711884188188e+01 -1.028662346424109586e+01 -9.922079862837607678e+00 -9.630646891787737474e+00 -9.466227103125007147e+00 -8.646265983666015842e+00 -7.436464593492003949e+00 -5.966834832618610029e+00 -5.751936075745252452e+00 -4.097773616739813107e+00 -2.114512278749311580e+00 -1.673676676762988036e+00 4.527644266948221280e-02 2.302504952069503563e+00 4.474881369014312327e+00 4.474881369014312327e+00 4.474881369014312327e+00 4.474881369014312327e+00
-1.062048100163189623e+01 -1.028895843402957766e+01 -1.006764616044357297e+01 -9.723947704591912711e+00 -9.303508512183819690e+00 -8.776444345168272321e+00 -7.543235264851348987e+00 -5.817238891842541726e+00 -5.346367214292843784e+00 -4.151599153262037767e+00 -2.322580133758259890e+00 -2.191177407529213195e+00 -1.634479178891852791e-01 2.167268091242288364e+00 4.398744525068055466e+00 4.398744525068055466e+00 4.398744525068055466e+00 4.398744525068055466e+00
-1.066852894093017312e+01 -1.046584760315883678e+01 -1.005087101266680172e+01 -9.737831304451049164e+00 -9.393000130748514920e+00 -8.774579909091704266e+00 -7.593742187182195735e+00 -5.987205237589200202e+00 -5.273512377284353292e+00 -3.839752024426512644e+00 -5.058226847532846016e+00 -1.903875971810993217e+00 -5.225253184724121258e-01 2.114334197811204241e+00 4.291290856186973812e+00 4.291290856186973812e+00 4.291290856186973812e+00 4.291290856186973812e+00
-1.076778088012317980e+01 -1.042196604887348599e+01 -1.002252877863644187e+01 -9.731160438767290088e+00 -9.463387333185306005e+00 -8.823833394319597900e+00 -7.651411605587194131e+00 -6.030291061344659198e+00 -5.359810948096300542e+00 -3.397356392768829725e+00 -3.832898066555955996e+00 -2.773089421797887866e+00 -4.986881699634256870e-01 2.262848076840643596e+00 4.328666508973585181e+00 4.328666508973585181e+00 4.328666508973585181e+00 4.328666508973585181e+00
-1.070930743722767708e+01 -1.045980439247010807e+01 -1.002968787516742566e+01 -9.738197351965425241e+00 -9.453570195869502868e+00 -8.980071066343249697e+00 -7.664385119195106455e+00 -5.786561259563225867e+00 -5.360601084913321657e+00 -3.676337011168338442e+00 -3.986519521442473568e+00 -2.207435192554028980e+00 -6.434582726309768796e-01 2.267327607401491196e+00 4.309408809300850685e+00 4.309408809300850685e+00 4.309408809300850685e+00 4.309408809300850685e+00
