-1.054508783385916537e+01 -1.031136669215269031e+01 -9.999478952993776204e+00 -9.648026522430710017e+00 -9.346171750816811397e+00 -8.954300147032995483e+00 -8.314776789315144967e+00 -6.863744570872996498e+00 -3.769937070435528614e+00 -4.194360339995538922e+00 -1.758792847455033392e+00 -2.421971339413328539e-01 1.320950045926166716e+00 2.070199166925513090e+00 5.676260066654397640e+00 5.676260066654397640e+00 5.676260066654397640e+00 5.676260066654397640e+00
-1.048307264913275105e+01 -1.022633950841258965e+01 -1.002293726824081155e+01 -9.831728820071244712e+00 -9.429017498724583390e+00 -8.865225678244414098e+00 -8.045434571764982223e+00 -6.249669407542423727e+00 -4.361339540779993307e+00 -4.348600544762840414e+00 -1.607373233196265350e+00 2.055364309143814516e-01 1.826570044938052639e+00 1.988031253703338219e+00 5.647409395079463046e+00 5.647409395079463046e+00 5.647409395079463046e+00 5.647409395079463046e+00
-1.020824866912354167e+01 -1.004985772732944049e+01 -9.911274922290782996e+00 -9.975156403570490937e+00 -9.606571537480993683e+00 -9.012958001740585701e+00 -8.036799229677024314e+00 -6.042138362437016852e+00 -2.839994935861000158e+00 -4.191788822974407580e+00 -9.869168756646378160e-01 1.733999047045221009e-01 2.185252699180859182e+00 2.106689907308238130e+00 5.499484724509966505e+00 5.499484724509966505e+00 5.499484724509966505e+00 5.499484724509966505e+00
-1.043494739001596372e+01 -1.019657830201648707e+01 -9.672465798488715905e+00 -9.394482156107796911e+00 -9.365859691108564533e+00 -8.983377529782158533e+00 -7.854185122647335149e+00 -5.036348818429290830e+00 -2.548154143960983831e+00 -3.414076257824042671e+00 -5.291832727600116471e-01 3.511077306746111515e-01 2.229572634946574095e+00 2.171580734488428810e+00 5.071657585764850928e+00 5.071657585764850928e+00 5.071657585764850928e+00 5.071657585764850928e+00
-1.057227474445802073e+01 -1.030940857166954316e+01 -9.923242907104384614e+00 -9.520428130031742597e+00 -8.958767689195292760e+00 -8.605157839482115989e+00 -7.426397007147433449e+00 -4.367606186432798410e+00 -2.683057869360490955e+00 -2.970598375053648432e+00 -4.716605689443718052e-01 1.160171117991474432e+00 1.704433211754508015e+00 2.328931791821970965e+00 4.989338382674104011e+00 4.989338382674104011e+00 4.989338382674104011e+00 4.989338382674104011e+00
-1.034519228808439095e+01 -1.016943771735923363e+01 -1.012043691221480657e+01 -9.803053554802076519e+00 -9.258671543562218886e+00 -8.322333428066869487e+00 -6.969064983665516522e+00 -4.825497694918653657e+00 -4.274032139142128983e+00 -1.892442524721822394e+00 1.475274954270808236e-01 1.403003788552749542e+00 1.618070100342767770e+00 2.163883056289300555e+00 4.617039961941308057e+00 4.617039961941308057e+00 4.617039961941308057e+00 4.617039961941308057e+00
-1.050529826853822080e+01 -1.024112230331007467e+01 -1.008555302370073292e+01 -9.749035558331378581e+00 -9.253848359252321742e+00 -8.310387239703119988e+00 -5.238641665208941589e+00 -5.025390445033195874e+00 -3.539124714721384901e+00 -1.517450756063173811e+00 7.412043922311168931e-01 1.905799821726278376e+00 1.746919238456628776e+00 3.029658725936306141e+00 4.459976218876398057e+00 4.459976218876398057e+00 4.459976218876398057e+00 4.459976218876398057e+00
-1.044166219031936649e+01 -1.019095236116585212e+01 -1.008092140673329951e+01 -9.635698117716909650e+00 -9.137686426447420018e+00 -8.100947383162106163e+00 -3.835413540074422922e+00 -4.573157647421095540e+00 -3.096781359073358608e+00 -3.186250944274349739e-01 1.098206840986521327e+00 1.976141713988500692e+00 1.900998545346572532e+00 4.284124503472773071e+00 5.329471278836425796e+00 5.329471278836425796e+00 5.329471278836425796e+00 5.329471278836425796e+00
-1.045588192597893595e+01 -9.916830989965658816e+00 -9.612387527788353481e+00 -9.491844181539574876e+00 -8.478631944575175439e+00 -6.869221067083675969e+00 -3.392225371237078679e+00 -4.494022140984138325e+00 -2.501629910673394797e+00 -5.000191099330187905e-01 2.149381304177375718e+00 2.632828636362537278e+00 3.230177461797147043e+00 4.692335405157156636e+00 5.497903818940227616e+00 5.497903818940227616e+00 5.497903818940227616e+00 5.497903818940227616e+00
-1.057497816520037048e+01 -1.018887050984319842e+01 -9.347150293195101156e+00 -8.439763152271321900e+00 -7.517245817015441922e+00 -5.539404259598248892e+00 -2.235132281062015558e+00 -4.596300557792032393e+00 -1.984004322996060665e+00 9.147458734204453323e-01 2.757141659469171113e+00 3.372031128893285157e+00 4.922697861203769065e+00 4.959707318982123248e+00 5.791889000382527186e+00 5.791889000382527186e+00 5.791889000382527186e+00 5.791889000382527186e+00
-1.021297868444623802e+01 -9.815877434214359099e+00 -8.984825419085552767e+00 -8.465761211206357828e+00 -6.810705778770212326e+00 -3.961549649505899939e+00 -3.518278550241809910e+00 -2.161997365920442782e+00 2.105034586915599526e-01 2.276032573399010772e+00 2.867431394705468151e+00 4.532592044691775790e+00 3.045224665799641794e+00 2.250004970608276089e+00 5.713345678309185161e+00 5.713345678309185161e+00 5.713345678309185161e+00 5.713345678309185161e+00
-9.921615818382550245e+00 -9.178492513230203542e+00 -8.484326063791986172e+00 -7.896652918540267407e+00 -5.873859179864798108e+00 -3.104757309254864595e+00 -3.417365572883475089e+00 -1.288677798787654094e+00 7.679968696177327248e-01 3.217584100155802318e+00 4.410779549374165498e+00 3.737965029791746829e+00 2.049274433378617921e+00 2.380494062975109237e+00 5.626284326407717806e+00 5.626284326407717806e+00 5.626284326407717806e+00 5.626284326407717806e+00
-9.531096367037742212e+00 -8.782470711142909892e+00 -8.001579635252932476e+00 -6.626311424944052675e+00 -4.821321480824391159e+00 -3.184057146706993802e+00 -4.075103483502916291e+00 -6.635773967958519259e-01 1.704938447985956396e+00 3.909518287295875361e+00 4.540086631375542581e+00 2.064097869911613259e+00 4.856262851247384327e-01 2.350162904798834163e+00 5.541027581206463992e+00 5.541027581206463992e+00 5.541027581206463992e+00 5.541027581206463992e+00
-9.952500416557812812e+00 -8.233057408122139265e+00 -7.136846331329870452e+00 -5.667716071170039172e+00 -3.703898154658828545e+00 -1.762432246752219545e+00 -2.632308301393817551e+00 -3.051858387587053634e-01 3.253570787969287004e+00 4.865521804747236168e+00 3.283993805485442508e+00 -1.973740166591011480e+00 3.669297180961507143e-01 2.474458437452156545e+00 5.467449354377089676e+00 5.467449354377089676e+00 5.467449354377089676e+00 5.467449354377089676e+00
-9.698172624838283795e+00 -7.737412661826988725e+00 -6.207138805710387786e+00 -4.709388961405487350e+00 -2.470817695429679439e+00 -2.374025707107480621e+00 -1.025287513400487960e+00 1.370662944448518772e+00 3.365951974209072439e+00 5.556053463961205807e+00 4.306054795752414677e+00 -9.727001159547192799e-01 9.928606656854059853e-01 2.583612041231980516e+00 5.900616028751558773e+00 5.900616028751558773e+00 5.900616028751558773e+00 5.900616028751558773e+00
-9.050558249194400773e+00 -7.248213478700400003e+00 -5.542857676072921791e+00 -3.705400259685228015e+00 -2.825929546932747449e+00 -2.683733563640755992e+00 -2.361680532185528869e-01 2.826421123370307598e+00 3.961522071994620475e+00 6.031234919417755691e+00 5.850826131253298534e+00 1.862273642136601737e+00 6.747041571595964182e-01 2.565337121048226088e+00 5.839521014616471106e+00 5.839521014616471106e+00 5.839521014616471106e+00 5.839521014616471106e+00
-8.961718363613240257e+00 -6.762526180018332056e+00 -5.012740169906273024e+00 -2.716901483359893010e+00 -3.137739816384874203e+00 -2.904888003964538168e+00 3.649030036885525519e-01 3.340845901447494715e+00 4.148739476706503559e+00 5.053850125301127427e+00 4.521629403957196480e+00 4.600449412942289484e+00 3.702627675113886685e+00 3.294544560674523392e+00 5.750146826807892353e+00 5.750146826807892353e+00 5.750146826807892353e+00 5.750146826807892353e+00
-8.290740222677881022e+00 -6.581923905431994015e+00 -4.806375074178015794e+00 -2.392634760813490580e+00 -2.216869817951285349e+00 -2.704971486062249575e+00 4.617413875681924962e-01 3.840492609991129402e+00 3.922314200516198390e+00 3.258088062403303731e+00 3.296453965459612334e+00 3.142023678113710528e+00 3.881196777980977952e+00 5.088304336668361572e+00 5.663085474906424999e+00 5.663085474906424999e+00 5.663085474906424999e+00 5.663085474906424999e+00
-7.697192143215480620e+00 -6.494053855230949246e+00 -4.595169856174180723e+00 -2.367195057261469060e+00 -1.557410712404248221e+00 -1.629458401552630775e+00 1.331339103830245563e+00 3.740667300039987264e+00 3.698933147777173858e+00 1.793978709634981294e+00 1.636428194881202947e+00 1.674123141987107433e+00 2.798910415470404089e+00 4.254204580221342624e+00 5.777177813534655648e+00 5.777177813534655648e+00 5.777177813534655648e+00 5.777177813534655648e+00
-7.891829805750440130e+00 -6.322709335810984044e+00 -4.670773339496378185e+00 -2.520424221982660917e+00 -1.258411485251362150e+00 4.300409857064182440e-01 2.777507762523168555e+00 3.920268529357117337e+00 3.025000920418662087e+00 1.597794872719103365e+00 1.146218521303590476e+00 1.192968765602697045e+00 1.932013733634199593e+00 3.626634808792510878e+00 5.995456545208285526e+00 5.995456545208285526e+00 5.995456545208285526e+00 5.995456545208285526e+00
-8.296205817899387824e+00 -6.510907014262943271e+00 -4.497452375638308908e+00 -2.399470146387071345e+00 -1.337356599650445066e+00 1.014144732190373210e-01 3.215039965314970161e+00 3.954044318084751986e+00 2.934429335487148904e+00 1.509798949223736919e+00 8.285767281056171107e-01 6.510538670471861522e-01 1.296667468019344627e+00 3.235033893909841751e+00 5.916317767108037806e+00 5.916317767108037806e+00 5.916317767108037806e+00 5.916317767108037806e+00
-8.286772860290152920e+00 -6.929081019351084336e+00 -4.652677893715762458e+00 -2.204935890478957994e+00 -1.650287575726537836e+00 -1.777243367724658185e+00 1.698638959480383903e+00 3.957969253807632981e+00 2.710341386182478995e+00 1.366744193699058085e+00 -1.147333586046904497e+00 -1.534479913297631226e+00 1.199156477923206676e+00 3.039888862350887511e+00 5.878318551893562116e+00 5.878318551893562116e+00 5.878318551893562116e+00 5.878318551893562116e+00
-8.255171463153887501e+00 -6.912933893138761832e+00 -5.187445527628920416e+00 -2.739477716669953988e+00 -1.922586020464788215e+00 -1.508795980888946175e+00 3.265884153340737339e-01 3.834063421461950227e+00 2.324315978853492393e+00 1.152600930006665747e+00 -2.361730926016174514e+00 -1.503734269390570422e+00 1.172557184114655149e+00 3.394314213162511695e+00 5.739737184505996126e+00 5.739737184505996126e+00 5.739737184505996126e+00 5.739737184505996126e+00
-8.178899515344598470e+00 -7.428546938359588125e+00 -5.437700431995480699e+00 -3.528616424652540218e+00 -1.566674988506364663e+00 -1.784035820994875898e+00 -5.593940962335304246e-01 3.528626209757096177e+00 2.185015717095646792e+00 3.230776726129561127e-01 -2.509980475721935278e+00 -1.186569308708940174e+00 1.200917218554941046e+00 3.753710439249204001e+00 5.646502068611743752e+00 5.646502068611743752e+00 5.646502068611743752e+00 5.646502068611743752e+00
-8.126978190352648568e+00 -7.280451312230322714e+00 -6.054764089803708949e+00 -4.473426705569154116e+00 -2.370212102712681457e+00 -2.294274728342353242e+00 -1.453329599360998925e+00 1.559464041115598221e+00 2.536847085642348176e+00 -3.560456193490537213e+00 -2.211065326176666179e+00 -4.406016038082750663e-01 1.494505240251593481e+00 3.729626417906307445e+00 6.050179141403594585e+00 6.050179141403594585e+00 6.050179141403594585e+00 6.050179141403594585e+00
-8.351244490408333832e+00 -7.803000517846123252e+00 -6.414849991345201730e+00 -5.049876518852210339e+00 -3.642166110758148889e+00 -2.224730789610145809e+00 -2.086021711272243007e+00 5.337528077042167363e-01 2.283368731371809179e+00 -2.942747324605886838e+00 3.585746013202726346e-01 9.620438780957299985e-01 1.870964683590948363e+00 4.177506678199801371e+00 6.011158283564771665e+00 6.011158283564771665e+00 6.011158283564771665e+00 6.011158283564771665e+00
-8.739553451205637202e+00 -7.890646260023308045e+00 -6.802305239682886473e+00 -5.757250512783355312e+00 -4.514183947774261796e+00 -2.279470557861111857e+00 -2.957068194950183582e+00 -1.409985865319985265e+00 1.297348103295940636e+00 6.672329143149211550e-01 3.685730161524489179e-01 9.088938289711141483e-01 2.140152025917846146e+00 4.779280449508566342e+00 5.932019505464518616e+00 5.932019505464518616e+00 5.932019505464518616e+00 5.932019505464518616e+00
-9.170465095132470879e+00 -8.181528780317192329e+00 -7.314939916030612110e+00 -6.384738012126870643e+00 -5.334908039057754792e+00 -4.013029679592113652e+00 -2.606950728797137185e+00 -2.625740091805996101e+00 2.874059459357908297e-01 1.582417169954199787e+00 1.008808632125211879e+00 4.800642062592306303e-01 1.732016410155976960e+00 4.898067734978584831e+00 5.894020290250042038e+00 5.894020290250042038e+00 5.894020290250042038e+00 5.894020290250042038e+00
-9.448022160155446159e+00 -8.525202633245401174e+00 -7.894452656147552538e+00 -7.216730936279734721e+00 -6.339217086130591206e+00 -5.131694901356826044e+00 -2.354037436932409300e+00 -3.034229090326596712e+00 -1.021911875648886081e+00 1.328645108771120631e+00 1.304646501348227794e+00 8.677747813717873182e-01 1.014812703538131355e+00 4.075307115670326219e+00 5.776538333004703318e+00 5.776538333004703318e+00 5.776538333004703318e+00 5.776538333004703318e+00
-9.839491531113708334e+00 -8.986202421701007026e+00 -8.436553840211338695e+00 -7.966540545625743874e+00 -7.369152302756727835e+00 -6.372178695107414192e+00 -3.730394846280423948e+00 -2.966268229613075569e+00 -2.138174329690759379e+00 7.328785657450430646e-01 1.312270536647284436e+00 1.130655900521499557e+00 2.955818888760757268e-01 3.988564301162090597e+00 6.090407951473471471e+00 6.090407951473471471e+00 6.090407951473471471e+00 6.090407951473471471e+00
-1.025362100197928505e+01 -9.779767927053278243e+00 -9.284595726684742090e+00 -8.765838233939273749e+00 -8.172855286962798615e+00 -7.137147276011058139e+00 -4.981347588380545588e+00 -2.432355421155420139e+00 -2.874094206971148147e+00 3.472559599612318193e-01 1.196693672725940072e+00 1.208625563544502679e+00 6.319327632099451808e-01 4.359279512111360333e+00 6.064859237135727277e+00 6.064859237135727277e+00 6.064859237135727277e+00 6.064859237135727277e+00
-1.041515891007390593e+01 -1.000200475173420500e+01 -9.539157067418354785e+00 -9.075491039437185492e+00 -8.487069727546826314e+00 -7.542220184818994255e+00 -6.227981885874268819e+00 -2.557151948647542472e+00 -3.079187386647713076e+00 -9.684024345447437288e-01 9.885859517106804217e-01 1.255707745513310325e+00 8.180142339298056564e-01 3.109358003253340552e+00 5.985720459035474228e+00 5.985720459035474228e+00 5.985720459035474228e+00 5.985720459035474228e+00
-1.047894465944829179e+01 -1.011250502875189383e+01 -9.687517244877405176e+00 -9.247258342891045757e+00 -8.712165211762355810e+00 -7.804333419010075268e+00 -6.613545828008951410e+00 -3.823343907269926234e+00 -3.215912493865937360e+00 -2.662491761970422033e+00 7.674849072726466215e-01 1.283902887723149533e+00 8.538389127704474335e-01 2.330178954659188673e+00 5.947721243820998538e+00 5.947721243820998538e+00 5.947721243820998538e+00 5.947721243820998538e+00
-1.048819015727986681e+01 -1.014063899029064686e+01 -9.769493383118977192e+00 -9.384990912791819184e+00 -8.828412048106223153e+00 -8.030161483501641939e+00 -6.891830549168262543e+00 -5.307501540194354384e+00 -2.798830814550221646e+00 -3.055297839494162115e+00 1.838053386167968206e-01 1.179125211278925667e+00 7.760350595796647877e-01 2.504012610882053735e+00 5.909722028606522848e+00 5.909722028606522848e+00 5.909722028606522848e+00 5.909722028606522848e+00
-1.048316648965318976e+01 -1.018444149404990284e+01 -9.945636770324941978e+00 -9.502015376293487137e+00 -8.960021579361592714e+00 -8.263550804738478917e+00 -7.152777434293714265e+00 -5.594405747395433615e+00 -2.596627751933400230e+00 -3.238263856102663762e+00 4.729244776671305550e-02 8.630369298920639309e-01 3.166949642217149474e-01 2.762398466919031570e+00 6.111950376453436640e+00 6.111950376453436640e+00 6.111950376453436640e+00 6.111950376453436640e+00
-1.054175563194152687e+01 -1.018375458042691584e+01 -9.869490520264221800e+00 -9.527759702285944599e+00 -9.051897064321003938e+00 -8.295414093951887224e+00 -7.256260016505057031e+00 -5.909420926465626778e+00 -2.965984545339720668e+00 -3.538749091119615553e+00 -9.944826711947025721e-01 5.360468424027371448e-01 1.053085824288242822e+00 2.300364933665819844e+00 6.118560190706682889e+00 6.118560190706682889e+00 6.118560190706682889e+00 6.118560190706682889e+00
-1.052246661518939064e+01 -1.020560999775471345e+01 -9.914872468998463972e+00 -9.603460364295527185e+00 -9.047173808938190120e+00 -8.486378956293734177e+00 -7.396772538623803683e+00 -5.981345738693204517e+00 -3.900429784093849328e+00 -2.749425143800144689e+00 -2.322783157817918553e+00 3.957774416593590749e-01 9.996317157831050570e-01 2.459450818050100018e+00 6.080560975492207199e+00 6.080560975492207199e+00 6.080560975492207199e+00 6.080560975492207199e+00
-1.056571043144635347e+01 -1.025821511336096670e+01 -9.919757080721691267e+00 -9.606094169853964360e+00 -9.207036491048427251e+00 -8.513988845623153168e+00 -7.475848006636311105e+00 -6.085169854771210751e+00 -4.807522426608628052e+00 -2.299648111807560014e+00 -3.812543112809628099e+00 1.619361227323685704e-01 6.678149587037875978e-01 2.440786711580370305e+00 6.001422197391955926e+00 6.001422197391955926e+00 6.001422197391955926e+00 6.001422197391955926e+00
-1.061213793034172781e+01 -1.028792275718878102e+01 -9.995346598678704453e+00 -9.636871552510157812e+00 -9.245888074997182571e+00 -8.556582448267407770e+00 -7.585294894876004612e+00 -6.035547308552042800e+00 -5.053415540895314528e+00 -2.578516878117666167e+00 -4.093008811093834964e+00 1.617513785403304760e-01 5.232193075947355609e-01 2.549789078210879634e+00 5.963422982177479348e+00 5.963422982177479348e+00 5.963422982177479348e+00 5.963422982177479348e+00
-1.064445487475361496e+01 -1.035309559707607718e+01 -1.006430103604576409e+01 -9.705007192007251149e+00 -9.314186425752650322e+00 -8.774408462881138959e+00 -7.546702894834838027e+00 -5.978734379028463053e+00 -5.214922307198460061e+00 -3.083470229929017759e+00 -4.632422090821547656e+00 -1.328542662993788537e-01 3.231296406720900460e-01 2.618468737637136279e+00 6.133492801433122033e+00 6.133492801433122033e+00 6.133492801433122033e+00 6.133492801433122033e+00
