-1.021912748695882378e+01 -1.037271862979257442e+01 -1.000354772406663528e+01 -9.668960514189221200e+00 -9.348598225902350123e+00 -8.995357731198682316e+00 -8.313567427699370072e+00 -7.330958170813554275e+00 -4.729477336928583853e+00 -3.370131930652669805e+00 -2.401727247566429302e+00 -2.611905281333011253e+00 -4.483098126862946620e-01 1.847825832994176576e+00 5.020173688886479191e+00 5.020173688886479191e+00 5.020173688886479191e+00 5.020173688886479191e+00
-1.019297959051869285e+01 -1.030606291844732780e+01 -1.017683325605523770e+01 -1.000501064128660467e+01 -9.559089569687102994e+00 -8.960774998560049553e+00 -8.280550982728541953e+00 -7.073735543617154953e+00 -4.747935462934738560e+00 -2.186167413380895930e+00 -2.064594284232687649e+00 -7.485556234188270874e-01 -4.421695951568707650e-01 2.121899581718870387e+00 5.322567326157339629e+00 5.322567326157339629e+00 5.322567326157339629e+00 5.322567326157339629e+00
-1.019538881595684288e+01 -1.013704770767908947e+01 -9.686361655970607387e+00 -9.703851332499127125e+00 -9.764118846480528191e+00 -9.217162620758777791e+00 -8.184218749362047518e+00 -6.973560768406752430e+00 -4.357531223109887719e+00 -2.339279698914999983e+00 -3.041710872628425655e+00 -3.641447911322577835e-01 -2.093534262780060162e-01 2.157336847169800009e+00 5.360214006961640187e+00 5.360214006961640187e+00 5.360214006961640187e+00 5.360214006961640187e+00
-1.025179917918571704e+01 -1.017674938266705453e+01 -9.973631250824071870e+00 -9.299203905934525949e+00 -9.231605284601654304e+00 -9.261833435211482168e+00 -8.314691826058236757e+00 -6.776448807004186392e+00 -3.197516541993880690e+00 -2.351220298528668984e+00 -1.794931766472684931e+00 -3.392182208809206567e-02 3.986403369653248596e-01 2.307955903567573852e+00 5.025299622978445235e+00 5.025299622978445235e+00 5.025299622978445235e+00 5.025299622978445235e+00
-1.049704249388838306e+01 -1.033055311223110628e+01 -1.000201808195562592e+01 -9.644307681676385968e+00 -9.108782713128771746e+00 -8.708177669649902697e+00 -8.163458264883013626e+00 -6.382554832948715173e+00 -2.434617622994959873e+00 -2.659423446046626616e+00 -4.908824393508911532e-01 2.939651629526667809e-01 1.354143752014669300e+00 2.407178405889091266e+00 4.909303648778303497e+00 4.909303648778303497e+00 4.909303648778303497e+00 4.909303648778303497e+00
-1.050825048882402868e+01 -1.003133293142126803e+01 -1.026431949232842200e+01 -1.002890946015597784e+01 -9.408331242050795851e+00 -8.707888001027011882e+00 -7.852221679369256080e+00 -5.229495175046845468e+00 -2.906871243974579855e+00 -2.703900092898366747e+00 -3.494562495729736651e-01 1.222090079447653022e+00 1.143283683728212097e+00 2.170787040702909287e+00 4.884587423925765393e+00 4.884587423925765393e+00 4.884587423925765393e+00 4.884587423925765393e+00
-1.038301075170513954e+01 -1.046026290323060337e+01 -9.977914349921455539e+00 -9.686550991333138683e+00 -9.422563472488352687e+00 -8.690347767287301295e+00 -7.681164302994082149e+00 -3.510898320859362265e+00 -3.044765380497487683e+00 -1.115546394701698141e+00 -4.193126254230045147e-01 1.385285472817850305e+00 1.560128360377504908e+00 3.352589099780959980e+00 4.800621091971449594e+00 4.800621091971449594e+00 4.800621091971449594e+00 4.800621091971449594e+00
-1.065023505063998677e+01 -1.016493892136864829e+01 -9.990275487982795966e+00 -9.987769867732165352e+00 -9.323026055972386317e+00 -8.284569223153400941e+00 -6.038882710740296034e+00 -2.680087825836516835e+00 -2.664750655160396331e+00 -1.541554746779442986e-01 1.287684985553463335e+00 2.120115200630301011e+00 1.815216555890264427e+00 4.328411054808885439e+00 5.364994945942063609e+00 5.364994945942063609e+00 5.364994945942063609e+00 5.364994945942063609e+00
-1.056354873053117416e+01 -1.028014845697168766e+01 -9.658881362403713311e+00 -9.069906849808621274e+00 -8.185965670557326490e+00 -7.052308974331590541e+00 -3.479854029461252551e+00 -3.250522245733516336e+00 -6.598427261284582901e-01 5.625985628569046826e-01 2.182297368113332858e+00 2.770826679259088543e+00 3.423557663439684262e+00 4.761799575904845483e+00 5.374298701784814725e+00 5.374298701784814725e+00 5.374298701784814725e+00 5.374298701784814725e+00
-1.018790945798819436e+01 -9.939676779958936947e+00 -9.528666146171934415e+00 -8.475918921448155174e+00 -7.398392156117854057e+00 -5.005460974888695347e+00 -2.964472140359095675e+00 -2.361008243995181388e+00 1.358674248924188477e-01 2.120524865526549618e+00 3.039111430953144399e+00 3.450488372976908469e+00 4.925141706171634937e+00 4.944093710099785710e+00 5.872416272450312391e+00 5.872416272450312391e+00 5.872416272450312391e+00 5.872416272450312391e+00
-1.023103182670284284e+01 -9.509639033102329719e+00 -8.758073887793837997e+00 -8.459991645592680243e+00 -6.839095972597436734e+00 -2.846538076646540461e+00 -3.232811834156659181e+00 -1.109680480928423585e-01 2.031601598187009472e+00 3.067043346623029798e+00 3.086394072109255760e+00 4.603264872520963280e+00 2.805328796324481733e+00 2.363457882243864105e+00 5.933501714428796703e+00 5.933501714428796703e+00 5.933501714428796703e+00 5.933501714428796703e+00
-9.843998030341486682e+00 -9.030166486529356717e+00 -8.098155614445468942e+00 -7.472554395882873735e+00 -4.552186893153619351e+00 -2.897836513734372232e+00 -1.759499274507421163e+00 8.652227069119884373e-01 2.961356191184209674e+00 3.186616340804962366e+00 4.477357396217108487e+00 3.719626814469495280e+00 8.617243144229742580e-01 2.518738978690996611e+00 5.422381341458372361e+00 5.422381341458372361e+00 5.422381341458372361e+00 5.422381341458372361e+00
-9.596482054479711366e+00 -8.544695093068591873e+00 -7.494504235586128438e+00 -5.882875362016735110e+00 -2.581998799091921093e+00 -3.410530965122095193e+00 4.621168520615365205e-03 3.075252291408459016e+00 3.280539927122763544e+00 4.092301435938219711e+00 4.742817103348968999e+00 -1.265650206716335269e-01 5.523211224209002568e-01 2.453934118454730751e+00 5.498454710256154065e+00 5.498454710256154065e+00 5.498454710256154065e+00 5.498454710256154065e+00
-1.011073954471252279e+01 -7.979821488507143457e+00 -6.396020123589540418e+00 -3.779459287986120408e+00 -2.983386318860554276e+00 -1.273526959667368397e+00 1.371655817141334888e+00 3.142092973970458392e+00 3.308001092922069564e+00 5.021995562644565148e+00 3.316433900455904471e+00 -1.835999438478514545e+00 4.039372015913735847e-01 2.632833941078138285e+00 5.467444784691987358e+00 5.467444784691987358e+00 5.467444784691987358e+00 5.467444784691987358e+00
-9.438030826564732578e+00 -7.447359777313719675e+00 -4.988679958492821420e+00 -2.351511516378921307e+00 -2.201952926376343544e+00 7.012617924313342688e-02 3.119499538549391549e+00 3.240084691390798355e+00 3.596698747013721054e+00 5.668483555452796807e+00 4.548364030919680445e+00 -8.554086621817866831e-01 9.685406365228279579e-01 2.738774011635986660e+00 5.451423169845194039e+00 5.451423169845194039e+00 5.451423169845194039e+00 5.451423169845194039e+00
-9.214073806041122694e+00 -6.885075588049459405e+00 -3.937530866536957053e+00 -2.585306729738974685e+00 -8.445711877297255032e-01 1.996387801871305490e+00 3.064054059474566216e+00 3.091397134732658092e+00 4.216222785770664672e+00 6.343056441220561226e+00 6.025483445277400207e+00 1.962706846817352524e+00 7.954326731421519359e-01 2.784985342278541331e+00 5.720036817736870560e+00 5.720036817736870560e+00 5.720036817736870560e+00 5.720036817736870560e+00
-8.670133998043663581e+00 -5.972062682745388429e+00 -2.830246366070968023e+00 -2.068028342724964830e+00 -1.987120868235773274e-01 3.018720652919899994e+00 3.262049434515186253e+00 3.361116383794471307e+00 4.222795222606348986e+00 5.012844258876820724e+00 4.579471573269428220e+00 4.797195673223290768e+00 3.882671592037380215e+00 3.317873431729803535e+00 5.769653094571471463e+00 5.769653094571471463e+00 5.769653094571471463e+00 5.769653094571471463e+00
-7.806320587163137148e+00 -5.636977172986572526e+00 -2.644719364450937249e+00 -1.814168939792637492e+00 1.957929971356435206e-01 2.691366265645986466e+00 3.541629373082781029e+00 3.875993491938058089e+00 4.099562963240015456e+00 3.224761404995157399e+00 3.214421234349167378e+00 3.150609526620111733e+00 4.030476994586902784e+00 5.167116692435826053e+00 5.505234244215662542e+00 5.505234244215662542e+00 5.505234244215662542e+00 5.505234244215662542e+00
-7.558315892419777526e+00 -5.788711985076556488e+00 -2.452143425671814647e+00 -1.282259062079255774e+00 8.522325451027645826e-01 3.128682729879272983e+00 3.175997206366562686e+00 3.926074406088256641e+00 3.840405125531173525e+00 1.780284399070776846e+00 1.306475584166838511e+00 1.426305526701414639e+00 2.753220019360647086e+00 4.364721191750977169e+00 5.403476144643648560e+00 5.403476144643648560e+00 5.403476144643648560e+00 5.403476144643648560e+00
-8.219858599523481857e+00 -5.751696745300202807e+00 -2.341978211958903877e+00 -9.138136500133156037e-01 1.548468381929844373e+00 3.107292157975754421e+00 3.156311501458835878e+00 4.048977442131914906e+00 3.143615435000502778e+00 1.543031187957393691e+00 -8.142455207941619033e-01 8.032169303465555021e-01 1.943162357692965081e+00 3.641251832962320023e+00 5.333407510731202450e+00 5.333407510731202450e+00 5.333407510731202450e+00 5.333407510731202450e+00
-8.156831766314990517e+00 -6.240234997924211768e+00 -3.218001023175500741e+00 -1.770831589918010263e+00 1.028338380595129831e+00 3.129287340773838189e+00 3.203460223012759123e+00 4.087439067204851284e+00 3.061920821335422538e+00 1.449512869692089811e+00 -9.838210426478193327e-01 2.763535538109020140e-02 1.263699920104955909e+00 3.342372982217872490e+00 5.514711739694940107e+00 5.514711739694940107e+00 5.514711739694940107e+00 5.514711739694940107e+00
-8.168120275238678119e+00 -6.595134371450819266e+00 -3.666750326249808900e+00 -1.776441720307488703e+00 4.131071314052455756e-01 3.235844993494525923e+00 3.229033578122781911e+00 4.160535742000180726e+00 2.739015728419655016e+00 1.147127381853441985e+00 -2.727542014284139782e+00 -1.762158146842950579e+00 1.224335690332983617e+00 3.187110345459625016e+00 5.471338468810881928e+00 5.471338468810881928e+00 5.471338468810881928e+00 5.471338468810881928e+00
-8.096300500665314814e+00 -6.733736843263713467e+00 -3.600543067315360446e+00 -2.310359914329063180e+00 1.912319835604379958e-01 3.191467670744897234e+00 3.266283258893869057e+00 4.050909380711169128e+00 2.384427124482407123e+00 -7.599541831923357638e-01 -2.743004106876284265e+00 -1.659941805324590236e+00 1.217158653914692135e+00 3.493597477961522202e+00 5.474271398787814213e+00 5.474271398787814213e+00 5.474271398787814213e+00 5.474271398787814213e+00
-8.152441762327512720e+00 -7.165402970423973450e+00 -4.428642452756887060e+00 -1.577554602691911390e+00 -2.559066818819373812e-01 2.405315735089357254e+00 3.188544398087889586e+00 3.779179809713102411e+00 2.112374609163348183e+00 -3.991308577168896754e+00 -2.909517221620614436e+00 -1.239459405758892130e+00 1.270874075481975840e+00 3.691556483799834698e+00 5.425607033106590649e+00 5.425607033106590649e+00 5.425607033106590649e+00 5.425607033106590649e+00
-7.969618754992149334e+00 -7.255982209104788083e+00 -5.132821353881324988e+00 -2.462767342164798201e+00 -1.094130299790021077e+00 7.210403975529615650e-01 3.224147106015441633e+00 3.076017808090859340e+00 2.070152944350467816e+00 -4.403271235885569901e+00 -2.828056295027528755e+00 -6.570413217538699779e-01 1.555398700281887425e+00 3.710028083621335515e+00 5.467185352255199859e+00 5.467185352255199859e+00 5.467185352255199859e+00 5.467185352255199859e+00
-8.413176021527398518e+00 -7.637541803235182947e+00 -6.318658293570718953e+00 -3.551223898852797767e+00 -1.360809908386290124e+00 -1.491357358908499853e+00 1.442724976467356868e+00 2.787705939630664265e+00 1.361179722136363512e+00 -4.035433098754249492e+00 -2.323072699146117248e+00 1.131406621406795932e+00 1.871208300927309720e+00 4.077989682926035364e+00 5.556064601562946237e+00 5.556064601562946237e+00 5.556064601562946237e+00 5.556064601562946237e+00
-8.950352566116475117e+00 -7.901318145299683238e+00 -6.859496883841040393e+00 -5.111574815634128299e+00 -2.439741025782502959e+00 -1.596421430940682784e+00 -1.277566042389937317e+00 1.445360545368772565e+00 2.018379815117682163e+00 -1.677928102990800863e+00 -1.195220929511141117e+00 5.136601851758290094e-01 2.117669160709148457e+00 4.297463679310899565e+00 5.432289152406029942e+00 5.432289152406029942e+00 5.432289152406029942e+00 5.432289152406029942e+00
-9.191783447798634654e+00 -8.465329433408223636e+00 -7.599858316897436517e+00 -6.036452217661389064e+00 -4.095895850236664693e+00 -2.411222120651285827e+00 -2.914143440991511014e+00 -7.290642057281815358e-01 1.236160050328646065e+00 1.513087074623819195e+00 -9.324571957255660681e-01 -3.560295543671083696e-01 1.777165974733034615e+00 4.443962481043319812e+00 5.632929653362213074e+00 5.632929653362213074e+00 5.632929653362213074e+00 5.632929653362213074e+00
-9.434579226401094587e+00 -8.582212172828324270e+00 -8.106037140599831048e+00 -7.392062392639234147e+00 -6.080474855038110249e+00 -4.092565795198535916e+00 -2.661397216781344000e+00 -2.506407917791275253e+00 2.203764149899950231e-01 9.592558729525133554e-01 -1.210747816492049100e+00 1.435595611246406611e-01 1.577257385513845644e+00 4.066555756174830449e+00 5.491166948502391065e+00 5.491166948502391065e+00 5.491166948502391065e+00 5.491166948502391065e+00
-1.028009266491978124e+01 -9.046899719606502188e+00 -8.756963740163735466e+00 -8.312898516718870923e+00 -7.416401676076257665e+00 -6.706694207630640392e+00 -3.893795369725847166e+00 -2.858725406729921037e+00 -2.388157296399111562e+00 -3.408044199446851885e-01 3.460039591528890623e-01 -3.241274960530952237e-03 7.151003800738477967e-01 4.008710258850150865e+00 5.434527163348253254e+00 5.434527163348253254e+00 5.434527163348253254e+00 5.434527163348253254e+00
-1.045489128337413653e+01 -1.002277307163720543e+01 -9.549379647892237699e+00 -9.163905193641763702e+00 -8.776499302369103361e+00 -7.508675940442787855e+00 -5.806643627956621145e+00 -3.060299939975604566e+00 -2.866768661377442129e+00 -3.090620860822780092e+00 -1.208568551973267513e-01 1.505892162254354738e-01 -3.851323873778377260e-01 4.285620040201081338e+00 5.490242756585985262e+00 5.490242756585985262e+00 5.490242756585985262e+00 5.490242756585985262e+00
-1.053359903874340375e+01 -1.016839411232589541e+01 -9.764517449809929417e+00 -9.457837893097760684e+00 -9.067316371791962482e+00 -7.954767415168065625e+00 -6.299448796079003543e+00 -5.447332617493038320e+00 -3.216293037437544911e+00 -3.362019937280744664e+00 -2.574649565282728592e+00 2.370831753091735827e-02 -7.988535390783784162e-01 3.995052764569381853e+00 5.554249296900980681e+00 5.554249296900980681e+00 5.554249296900980681e+00 5.554249296900980681e+00
-1.054165629571851781e+01 -1.031547489762780501e+01 -9.970004281287717873e+00 -9.603750220282176286e+00 -9.256295143788298319e+00 -8.291259077338960282e+00 -6.657625168669518700e+00 -5.695182335908999249e+00 -3.986197271946517073e+00 -3.037884981657392736e+00 -2.690751779992860193e+00 -2.039468432337521175e-01 -3.474749103389488392e-01 3.050465794635921490e+00 5.442796316535784662e+00 5.442796316535784662e+00 5.442796316535784662e+00 5.442796316535784662e+00
-1.050523733806520710e+01 -1.026748692576219923e+01 -9.984978220262828330e+00 -9.697747610777149418e+00 -9.263199780279418150e+00 -8.451208063007236149e+00 -6.920370732392719049e+00 -5.753956320554303616e+00 -4.977183914912621354e+00 -2.318187849285529900e+00 -2.493197645102211979e+00 -5.249411793142856331e-01 -4.780171043690663035e-01 2.700321371291156236e+00 5.498971316379195784e+00 5.498971316379195784e+00 5.498971316379195784e+00 5.498971316379195784e+00
-1.056868805350370089e+01 -1.032952075928382030e+01 -1.002773583314164085e+01 -9.750512160305449427e+00 -9.345469588924540716e+00 -8.639818960474162424e+00 -7.187882122296719523e+00 -5.829253539729983835e+00 -5.568448636249903494e+00 -2.786332494134321269e+00 -1.857914205375998273e+00 -2.290183772685528307e+00 -2.546425170837134933e-01 2.449440307926005644e+00 5.621852354446410516e+00 5.621852354446410516e+00 5.621852354446410516e+00 5.621852354446410516e+00
-1.061199983037468009e+01 -1.029052591712585141e+01 -9.990028287646815386e+00 -9.672665185668599008e+00 -9.360685560417481454e+00 -8.704443768230493816e+00 -7.356287713615120794e+00 -5.906975085998387165e+00 -5.794698071419121632e+00 -3.880042776143724836e+00 -1.826599121313208229e+00 -3.190257019012220141e+00 -7.157951670425473090e-01 2.107580810463409726e+00 5.415297148290573404e+00 5.415297148290573404e+00 5.415297148290573404e+00 5.415297148290573404e+00
-1.062898544675615398e+01 -1.030856469100492490e+01 -1.008039992672198437e+01 -9.752364436321981245e+00 -9.353498924263728753e+00 -8.851651731303276094e+00 -7.556370750523363711e+00 -5.741982885878878839e+00 -5.471134096917957379e+00 -3.921920075710076503e+00 -2.514166249938162956e+00 -2.059937167909948297e+00 -5.959829777345628798e-01 2.309198464048720201e+00 5.557112470481457400e+00 5.557112470481457400e+00 5.557112470481457400e+00 5.557112470481457400e+00
-1.074634149318457332e+01 -1.039669954124162032e+01 -1.004159630597880870e+01 -9.758805776608525662e+00 -9.417701186661666668e+00 -8.810285305508674725e+00 -7.539113663581090918e+00 -5.917712660384183643e+00 -5.352682704946282399e+00 -3.509540881896649811e+00 -4.907388795819622729e+00 -2.385680811559393710e+00 -3.137206780173267262e-01 2.188861754140190463e+00 5.526672153887670191e+00 5.526672153887670191e+00 5.526672153887670191e+00 5.526672153887670191e+00
-1.073521279822949026e+01 -1.032333117615625540e+01 -1.004543893692281387e+01 -9.753383556916766395e+00 -9.444422629235425859e+00 -8.843187403719204198e+00 -7.680757575506406809e+00 -5.937794285815974682e+00 -5.391081662302044109e+00 -3.784661459261631222e+00 -3.766501665652551178e+00 -2.190243492878636733e+00 -3.862241071671960180e-01 2.362016252922005677e+00 5.592411621826067325e+00 5.592411621826067325e+00 5.592411621826067325e+00 5.592411621826067325e+00
-1.074205409656320676e+01 -1.038763320406227741e+01 -1.005562671545095554e+01 -9.764834490722428484e+00 -9.499961558878842638e+00 -9.014406877041626132e+00 -7.699026097202404273e+00 -5.709967158591404690e+00 -5.393132731898258925e+00 -4.134781391268725237e+00 -3.694112715421397741e+00 -1.936150522540187158e+00 -2.694176346634344910e-01 2.346254782241116388e+00 5.345874338234863465e+00 5.345874338234863465e+00 5.345874338234863465e+00 5.345874338234863465e+00
