-1.040106194114657967e+01 -1.028817590565890505e+01 -9.943491087172532161e+00 -9.627336976900314980e+00 -9.299320881417743934e+00 -8.978767386457905175e+00 -8.352105578716230383e+00 -7.253907924752370562e+00 -4.814392111249390815e+00 -2.442772295970280449e+00 -2.338066899034632939e+00 -1.583906927198773518e-02 5.833888305086680770e-01 1.823706401859692017e+00 5.238562498439945259e+00 5.238562498439945259e+00 5.238562498439945259e+00 5.238562498439945259e+00
-1.034384391741586917e+01 -1.015734435671784652e+01 -9.950096939139806196e+00 -9.781899580053439180e+00 -9.441871395026991465e+00 -8.886045636497607703e+00 -8.160513239239291394e+00 -6.742752426255376186e+00 -3.661289924847421773e+00 -2.677555095357162962e+00 -1.708170661591054351e+00 -5.473606935802930590e-02 1.427774622175637109e+00 1.948554443062540997e+00 5.253936851713803868e+00 5.253936851713803868e+00 5.253936851713803868e+00 5.253936851713803868e+00
-1.029322146733932541e+01 -9.921082823644486126e+00 -9.817335797586940416e+00 -9.864116774176785896e+00 -9.576052944525773825e+00 -9.042678506636111280e+00 -8.107658669219322434e+00 -6.694815370448070624e+00 -3.201400118517283566e+00 -3.418537339241770834e+00 -6.638083031756196739e-01 1.426336176003022982e-01 1.532053348233105350e+00 1.926993392183319553e+00 4.878376726899441351e+00 4.878376726899441351e+00 4.878376726899441351e+00 4.878376726899441351e+00
-1.044128221736903939e+01 -1.031461399714524951e+01 -9.715690624565130662e+00 -9.311575128001850388e+00 -9.171302339722204877e+00 -9.241815047056634924e+00 -8.157645185141635835e+00 -6.261126074288032584e+00 -3.082090886296566801e+00 -3.310656407468626661e+00 -1.983580488869286784e-01 5.581349717418018219e-01 1.273527363427581216e+00 2.139064352018303694e+00 4.830848919955289311e+00 4.830848919955289311e+00 4.830848919955289311e+00 4.830848919955289311e+00
-1.052900379909553941e+01 -1.030019888260329708e+01 -9.863010921550209531e+00 -9.576315863341818613e+00 -8.998137566352490069e+00 -8.659483085858763474e+00 -8.136713890200402588e+00 -4.998651490868487812e+00 -3.137590939484343977e+00 -3.148867150040993490e+00 1.817768520125051523e-02 6.043158545244076141e-01 1.722085511816574321e+00 2.312251159582891180e+00 4.771922189185865193e+00 4.771922189185865193e+00 4.771922189185865193e+00 4.771922189185865193e+00
-1.039385727990242358e+01 -1.002290116937039777e+01 -1.012287897769699363e+01 -9.821932924889766880e+00 -9.335352808964987759e+00 -8.534539653386206126e+00 -7.507932398056325951e+00 -3.910866293737138122e+00 -3.925972952271365557e+00 -1.672107586115026523e+00 3.143633197177773120e-01 8.857434515693151100e-01 1.670953706385015725e+00 2.138168731367969588e+00 4.459111393275484225e+00 4.459111393275484225e+00 4.459111393275484225e+00 4.459111393275484225e+00
-1.042383570913150059e+01 -1.023907696330463857e+01 -9.925807278885345752e+00 -9.765294344346495237e+00 -9.319587306027637297e+00 -8.514128117393461537e+00 -7.148838369024778316e+00 -2.634823488618162735e+00 -3.739454648302193540e+00 -4.083010733307545492e-01 7.694206914918645390e-01 1.715152438019535985e+00 1.604113376158232018e+00 3.278082258996235510e+00 4.231032892169429793e+00 4.231032892169429793e+00 4.231032892169429793e+00 4.231032892169429793e+00
-1.044927170324867483e+01 -1.008076336435413900e+01 -9.991338052149107085e+00 -9.719399378000566969e+00 -9.184117244875642072e+00 -8.306763848333044820e+00 -4.932904341213165011e+00 -2.707166579229994152e+00 -2.731120275040225920e+00 2.208127924542968579e-01 1.539782246413977429e+00 1.938074191295814597e+00 1.805460647345236591e+00 4.352041916223761575e+00 5.168221642367003099e+00 5.168221642367003099e+00 5.168221642367003099e+00 5.168221642367003099e+00
-1.038528093147309761e+01 -9.984036679282427329e+00 -9.512385365325037867e+00 -9.078175792252549670e+00 -8.323337856782849542e+00 -6.935858017700882172e+00 -3.698773220465750633e+00 -4.002548723614751225e+00 -1.587157867271875133e+00 1.132263433900036143e+00 2.116890665293981844e+00 2.657817013239264448e+00 3.353128799609223609e+00 4.802263661863642952e+00 5.139498687231133900e+00 5.139498687231133900e+00 5.139498687231133900e+00 5.139498687231133900e+00
-1.044691435131698931e+01 -1.006886233797456143e+01 -9.443276257489264580e+00 -8.442176790046074686e+00 -7.432656037052732145e+00 -5.553233244578008154e+00 -2.389989000088005966e+00 -3.720044370819391766e+00 -5.665493108579486292e-02 1.878918312201597995e+00 3.057124175918116471e+00 3.442176364070296479e+00 4.959613254139256355e+00 4.995314429450147919e+00 5.319238047573248807e+00 5.319238047573248807e+00 5.319238047573248807e+00 5.319238047573248807e+00
-1.027435529477961573e+01 -9.528728111731613382e+00 -8.991783476080165372e+00 -8.449190797117690721e+00 -6.971086512213252817e+00 -4.063413249428855067e+00 -3.566265494221812826e+00 -2.142272850656071537e+00 1.165112758758623190e+00 3.074541577487949873e+00 3.054933293377381176e+00 4.596896939222163248e+00 2.940333650852507752e+00 2.227042182900150102e+00 5.564465553832944167e+00 5.564465553832944167e+00 5.564465553832944167e+00 5.564465553832944167e+00
-9.895989005270907413e+00 -9.031005929609968064e+00 -8.277404278100053858e+00 -7.802498910377129171e+00 -5.423684104857698252e+00 -2.439500616985269321e+00 -2.765731946976166977e+00 3.699938752728337832e-02 2.548988416892525422e+00 3.110521020601874298e+00 4.478615371432210779e+00 3.741193086374264176e+00 1.948918945225845523e+00 2.510335686941528976e+00 5.373080365204784492e+00 5.373080365204784492e+00 5.373080365204784492e+00 5.373080365204784492e+00
-9.406741363600215067e+00 -8.583060514132355934e+00 -7.903119476608052807e+00 -6.301942958545866169e+00 -4.325955838024981404e+00 -2.964523732458049121e+00 -2.676242219939788392e+00 1.044964954181997641e+00 3.188569374899362874e+00 4.064865452979574911e+00 4.691258371859326815e+00 2.000105263243957321e+00 5.069381776227442904e-01 2.423975251357913141e+00 5.221093327634677372e+00 5.221093327634677372e+00 5.221093327634677372e+00 5.221093327634677372e+00
-1.003084926722856984e+01 -7.849211345669653284e+00 -6.742213665505886411e+00 -5.234176224059027049e+00 -3.137620883726812249e+00 -2.179883195341054680e+00 -1.559719489238269086e+00 2.450646302202949212e+00 3.306497685105659556e+00 5.005947779564799305e+00 3.265960712526369214e+00 -1.836280728645296234e+00 3.828337848868902382e-01 2.569211679713120589e+00 5.126836926414656936e+00 5.126836926414656936e+00 5.126836926414656936e+00 5.126836926414656936e+00
-9.423752348560112679e+00 -7.602063447085311232e+00 -5.794175971325911334e+00 -4.438892715429747504e+00 -2.062777322015737713e+00 -2.714144223317990878e+00 1.657447400602027610e-01 3.056330614731002981e+00 3.534804079960349732e+00 5.499605010008767891e+00 4.459355311454745063e+00 -9.125147212106531347e-01 9.875082979788140092e-01 2.489902307549060723e+00 5.236249921835556265e+00 5.236249921835556265e+00 5.236249921835556265e+00 5.236249921835556265e+00
-9.027330849077028319e+00 -6.869037137504312440e+00 -5.096001021356943106e+00 -3.591649221662970071e+00 -1.615303800560509817e+00 -1.826230082282905176e+00 2.235726836308645105e+00 2.973630232607982649e+00 4.149048724284499556e+00 6.302235064304985812e+00 6.023559500176378201e+00 1.931239083079576035e+00 8.245953377201363788e-01 2.773026892303393609e+00 5.196186173352371540e+00 5.196186173352371540e+00 5.196186173352371540e+00 5.196186173352371540e+00
-8.660863059134474184e+00 -6.462578198331145884e+00 -4.495755322466186144e+00 -2.561522392499143486e+00 -1.773870630506036772e+00 -8.716830605252553488e-01 3.137095519709690361e+00 3.351283598672212705e+00 4.218093980323091685e+00 5.093082507770232858e+00 4.584613487215360550e+00 4.718943955352337127e+00 3.830934549084082708e+00 3.214738740825047181e+00 5.338306425092730123e+00 5.338306425092730123e+00 5.338306425092730123e+00 5.338306425092730123e+00
-7.928456935404764039e+00 -6.112023920875005345e+00 -4.191207847610409765e+00 -1.759827226446781800e+00 -2.160058880872235854e+00 7.113352520517466360e-01 3.485391614145553874e+00 3.868748854566279149e+00 4.117836255503124931e+00 3.233922957173266610e+00 3.370663131393706102e+00 3.173183194276851360e+00 3.942770292602343574e+00 5.156603658304966586e+00 5.316624567837672899e+00 5.316624567837672899e+00 5.316624567837672899e+00 5.316624567837672899e+00
-7.437014595279986651e+00 -6.015626503894214494e+00 -4.004365903001986915e+00 -1.660684690120311835e+00 -1.599172939662349524e+00 2.214870187379990973e+00 3.120632763459648906e+00 3.835931597560042317e+00 3.776672577811359233e+00 1.771211511367459135e+00 1.521398011652504323e+00 1.560363173652708380e+00 2.814841792203859328e+00 4.286352768122914547e+00 5.114175165598809691e+00 5.114175165598809691e+00 5.114175165598809691e+00 5.114175165598809691e+00
-7.918859106416620719e+00 -6.087860002046719288e+00 -3.695170525882277346e+00 -2.481305500390734053e+00 -1.584000931760892517e+00 2.506750728831676156e+00 3.037839652279660463e+00 4.039982845475613260e+00 3.074651908054279126e+00 1.534608080169066024e+00 7.280232371728159180e-01 9.891097045816737987e-01 1.995038947289403231e+00 3.637185344909513507e+00 5.342784074848323073e+00 5.342784074848323073e+00 5.342784074848323073e+00 5.342784074848323073e+00
-8.182495289569462926e+00 -6.198176098405300039e+00 -3.830907781898893916e+00 -1.534581084965830566e+00 -1.467993032923080365e+00 2.320431101094967197e+00 3.115330548121091336e+00 4.013829277415214669e+00 2.987543888125869351e+00 1.407057935485283906e+00 5.680141947294680138e-01 3.926593700221480132e-01 1.275474544267914290e+00 3.343626026988248512e+00 5.262176233575171835e+00 5.262176233575171835e+00 5.262176233575171835e+00 5.262176233575171835e+00
-8.033122444489965375e+00 -6.235259379472696040e+00 -3.816874195997844499e+00 -1.786944100323794249e+00 -1.257031169572302876e+00 2.450666633595335320e+00 3.178101726331269639e+00 4.084714973227485224e+00 2.786562171006655930e+00 1.180268633869643091e+00 -2.559705668643529108e+00 -1.548019984551746608e+00 1.197345995779185213e+00 3.188223413027785114e+00 5.222112485091990663e+00 5.222112485091990663e+00 5.222112485091990663e+00 5.222112485091990663e+00
-8.068108654215292219e+00 -6.875196934547831873e+00 -4.590565176054065333e+00 -2.772639733362742831e+00 -1.675127750176981678e+00 9.003272627074199175e-01 3.150988562962915296e+00 3.944193027794136164e+00 2.334823565455386163e+00 7.942288948560464190e-01 -2.541924344900691413e+00 -1.547579176482439811e+00 1.224549381872584775e+00 3.498939733874609104e+00 5.379339476999303926e+00 5.379339476999303926e+00 5.379339476999303926e+00 5.379339476999303926e+00
-8.034426216732912351e+00 -7.159532899190281796e+00 -4.971014829569944560e+00 -2.843723387089531762e+00 -1.426620490271261588e+00 -9.497261940478001208e-01 3.171582882785051627e+00 3.734304843667846541e+00 2.050914567470037753e+00 -1.998562426660268398e+00 -2.655433058964360882e+00 -1.217177966509193521e+00 1.247322951408663227e+00 3.732437347298123154e+00 5.260168770470555089e+00 5.260168770470555089e+00 5.260168770470555089e+00 5.260168770470555089e+00
-7.933650085262868856e+00 -7.108511455217507269e+00 -5.519469905805460819e+00 -3.926683796743738686e+00 -2.868934121143826399e+00 -1.558091065240189366e+00 9.329752065532037619e-01 2.971317273748824483e+00 1.921238349435756776e+00 -3.729295844657050107e+00 -2.395379381964638732e+00 -4.850502131294931463e-01 1.462944777615413194e+00 3.735989777616217644e+00 5.424822164106155142e+00 5.424822164106155142e+00 5.424822164106155142e+00 5.424822164106155142e+00
-8.304542828536188637e+00 -7.686037437767264890e+00 -6.398007824697448775e+00 -4.846491196654827860e+00 -3.024007238075357762e+00 -2.055390323280253728e+00 -8.840364122146576742e-01 2.363486217715379922e+00 1.476317928391482681e+00 -3.259587072742071712e+00 -1.456955425638054025e-01 1.017558080382287677e+00 1.848317871297330939e+00 4.142228575750436015e+00 5.373415304629077127e+00 5.373415304629077127e+00 5.373415304629077127e+00 5.373415304629077127e+00
-8.718266029211338974e+00 -7.719560261359910136e+00 -6.771418506960950268e+00 -5.433042739132442733e+00 -4.089405388294312438e+00 -2.513803991855787956e+00 -2.039444077573327796e+00 2.445212186186356274e-01 1.839476987167504074e+00 -3.240240147305952223e-01 4.308046899717138944e-01 3.105275562950085000e-01 2.196575415881488524e+00 4.648971274584208224e+00 5.288102545314787406e+00 5.288102545314787406e+00 5.288102545314787406e+00 5.288102545314787406e+00
-9.052064071739250650e+00 -8.233196809467948185e+00 -7.395251820354724615e+00 -6.266886969371945781e+00 -5.044873883915586887e+00 -3.856989178371758253e+00 -1.851827271026530664e+00 -1.517126756627501738e+00 1.160963881144132293e+00 1.408233010192406987e+00 4.205756785766004979e-01 3.829670433742745073e-01 1.860945003724956859e+00 4.760455512801787137e+00 5.248038796831599129e+00 5.248038796831599129e+00 5.248038796831599129e+00 5.248038796831599129e+00
-9.335442072094705779e+00 -8.489665049294277566e+00 -7.938677898954761503e+00 -7.260601474430462332e+00 -6.213515910614598958e+00 -4.957726152819951437e+00 -2.737081641544651056e+00 -2.070463880167378257e+00 -9.174604682651049670e-03 9.886527832713822850e-01 8.945324653293298400e-01 4.807702232143628573e-01 1.183201758356963840e+00 4.103793443917631123e+00 5.173405675424755046e+00 5.173405675424755046e+00 5.173405675424755046e+00 5.173405675424755046e+00
-9.917712766621928466e+00 -8.962735383034347691e+00 -8.537914530101284427e+00 -8.066808806895540584e+00 -7.345419435205163161e+00 -6.431650774063484732e+00 -4.489420097372393670e+00 -2.259560961277708557e+00 -1.861518515958728859e+00 7.172786458322353287e-01 1.073480224866868227e+00 9.743715931907411809e-01 9.728380342504523715e-02 3.926700695730999335e+00 5.354829611052355887e+00 5.354829611052355887e+00 5.354829611052355887e+00 5.354829611052355887e+00
-1.029682331223099467e+01 -9.808267238287257328e+00 -9.304691601437433235e+00 -8.819771719518101349e+00 -8.263138375864468088e+00 -7.211394268554571774e+00 -5.522288961910259530e+00 -3.256606573377187175e+00 -2.336512999832164539e+00 -2.544127097290221906e-01 9.855824485211649444e-01 1.123623414677605625e+00 2.870848710451582297e-01 4.353780621414736984e+00 5.439405364851868541e+00 5.439405364851868541e+00 5.439405364851868541e+00 5.439405364851868541e+00
-1.036196698345310629e+01 -1.001105128347350792e+01 -9.557757406502677355e+00 -9.141276181056056771e+00 -8.571080398917816368e+00 -7.647229979114575471e+00 -6.338941270833592156e+00 -4.105478327971314734e+00 -2.760570712181336983e+00 -2.124535762066446676e+00 8.539813608115353061e-01 9.537780876792832929e-01 7.863222296768491715e-01 3.824492949863391722e+00 5.354092605537582372e+00 5.354092605537582372e+00 5.354092605537582372e+00 5.354092605537582372e+00
-1.037308068332107247e+01 -1.010026127648953320e+01 -9.715525099444006329e+00 -9.295633332314757524e+00 -8.800458010914100626e+00 -7.892307523482640086e+00 -6.633166255124958610e+00 -5.297424439230269400e+00 -3.273655916700384694e+00 -2.509058029497299280e+00 -5.743608673109670826e-02 1.153663670404284858e+00 5.459889676157547722e-01 2.867691241516832523e+00 5.314028857054402089e+00 5.314028857054402089e+00 5.314028857054402089e+00 5.314028857054402089e+00
-1.042290793757047140e+01 -1.012974837500287073e+01 -9.675321593874134152e+00 -9.424267497872069299e+00 -8.931505096582410985e+00 -8.067630177452869589e+00 -6.857061003689119083e+00 -5.586071247581857691e+00 -3.948578631785188975e+00 -2.412792441869552107e+00 -1.720958779964475882e+00 7.658876319591472193e-01 3.906942413099995792e-01 2.620382160346804046e+00 5.273965108571217364e+00 5.273965108571217364e+00 5.273965108571217364e+00 5.273965108571217364e+00
-1.044053514738280697e+01 -1.013245753850065256e+01 -9.870309874106146353e+00 -9.489508381714134799e+00 -9.036935127336979789e+00 -8.275268298423501534e+00 -7.026147930771189820e+00 -5.728541728899449126e+00 -4.794780550935318075e+00 -2.405551751195846855e+00 -2.206296915176744200e+00 2.164565685946343576e-01 5.723666305908499119e-01 2.768738697337026267e+00 5.253993275998076307e+00 5.253993275998076307e+00 5.253993275998076307e+00 5.253993275998076307e+00
-1.049338232104449631e+01 -1.018695064499151570e+01 -9.832670285486916129e+00 -9.501998514721602618e+00 -9.129785243959135599e+00 -8.407140898086989722e+00 -7.169559656410720905e+00 -5.767534925334261153e+00 -5.097778514343291434e+00 -3.078537895075148079e+00 -2.534095770237979384e+00 -2.227058194921855208e-02 3.660185216388278096e-01 2.359460316556936554e+00 5.505395425074664395e+00 5.505395425074664395e+00 5.505395425074664395e+00 5.505395425074664395e+00
-1.049987661998894772e+01 -1.020977609172405209e+01 -9.921821952888194573e+00 -9.580054851037079544e+00 -9.158594787024119555e+00 -8.576140296972814880e+00 -7.327009716193890299e+00 -5.818364059412370004e+00 -4.979775407365053752e+00 -3.360117233705039119e+00 -2.324954666882484755e+00 -5.610343393284353830e-01 1.536201325675665419e-01 2.344504421065784605e+00 5.465331676591484111e+00 5.465331676591484111e+00 5.465331676591484111e+00 5.465331676591484111e+00
-1.052365651062741314e+01 -1.027285045411745301e+01 -9.911962842936301143e+00 -9.591405657574727073e+00 -9.248715620849438324e+00 -8.592175193051366122e+00 -7.370565829683389580e+00 -5.900442973411375469e+00 -5.090902256388910807e+00 -3.177057911094089526e+00 -3.114176878266299298e+00 -1.566911682071413514e+00 3.100344016372002520e-01 2.231195635421110879e+00 5.380018917277193502e+00 5.380018917277193502e+00 5.380018917277193502e+00 5.380018917277193502e+00
-1.058658175095329135e+01 -1.025372059707448891e+01 -9.940089094041262285e+00 -9.624640553438268853e+00 -9.263176357306063480e+00 -8.689132533825912219e+00 -7.583713298955888860e+00 -5.916440363569417826e+00 -5.158954245728008203e+00 -3.680572841434559095e+00 -3.450245050846754591e+00 -1.780439765228983839e+00 -1.307218130080534113e-01 2.256405170624860901e+00 5.341512955079751990e+00 5.341512955079751990e+00 5.341512955079751990e+00 5.341512955079751990e+00
-1.060124535517606503e+01 -1.027076961164849855e+01 -9.977605272832134276e+00 -9.636550879048581209e+00 -9.302279111231689157e+00 -8.869888643240514625e+00 -7.572841911708188434e+00 -5.885276539107918481e+00 -5.211135428422501548e+00 -3.775356778447980233e+00 -3.802028261841762458e+00 -2.185317002598499592e+00 -4.743013970217727082e-01 2.373608959253411310e+00 5.087309256976274341e+00 5.087309256976274341e+00 5.087309256976274341e+00 5.087309256976274341e+00
