-1.050561678628487172e+01 -1.023008644995717376e+01 -9.931280592649093464e+00 -9.605027336047040620e+00 -9.286609626873055134e+00 -8.890555975135491451e+00 -8.159179737851946612e+00 -6.341256436847122480e+00 -4.059561486055602408e+00 -3.878265131620038275e+00 -2.796105641870997083e+00 -3.531624076229761267e-01 1.917271553473483436e+00 2.169147346186529823e+00 5.748933926279908846e+00 5.748933926279908846e+00 5.748933926279908846e+00 5.748933926279908846e+00
-1.048179060563256115e+01 -1.008387519852833414e+01 -9.953481914781868056e+00 -9.732854229824118519e+00 -9.359926767798103953e+00 -8.784480498872355270e+00 -7.913612512398846555e+00 -5.936845753903130074e+00 -3.994691549404501885e+00 -4.303717672569859154e+00 -1.915046022872465725e+00 -6.828594994073362845e-02 1.616993290444308506e+00 2.093511769782459009e+00 5.576629927035832601e+00 5.576629927035832601e+00 5.576629927035832601e+00 5.576629927035832601e+00
-1.019326045969280869e+01 -9.824609083322838998e+00 -9.966705578741091642e+00 -9.844752617499572978e+00 -9.488198938446981145e+00 -8.916419109104118945e+00 -7.844309887493016831e+00 -5.412108844988027911e+00 -2.883440738286083604e+00 -3.463991652908247509e+00 -9.799328638326021412e-01 -1.274193381749984533e-01 2.139851231659824382e+00 2.116591713402103725e+00 5.782782419963952592e+00 5.782782419963952592e+00 5.782782419963952592e+00 5.782782419963952592e+00
-1.040056902065468414e+01 -1.012236442460506680e+01 -9.693043938383853586e+00 -9.317806197174824945e+00 -9.346890907523015102e+00 -8.961877184718611389e+00 -7.662991319333816165e+00 -4.395857188015933836e+00 -3.007070093905247710e+00 -2.374211524220699587e+00 -7.041214163828191097e-01 4.647927818075711093e-01 2.135409937002678671e+00 2.157079500770614278e+00 5.320942680610270870e+00 5.320942680610270870e+00 5.320942680610270870e+00 5.320942680610270870e+00
-1.051002204696890630e+01 -1.015861613822447218e+01 -9.939004863422491454e+00 -9.441325779893768200e+00 -8.904875644951870228e+00 -8.605417219947973706e+00 -6.951883121978235103e+00 -4.169011391864070326e+00 -3.701099350246018993e+00 -2.981076974913823285e+00 -7.081063296370734284e-01 1.880945536502714788e+00 1.730599696519823816e+00 2.371943256993194638e+00 5.030106697002924676e+00 5.030106697002924676e+00 5.030106697002924676e+00 5.030106697002924676e+00
-1.023435203019755591e+01 -1.013140944468428373e+01 -1.014200297936943684e+01 -9.795779295120320640e+00 -9.215311454451356354e+00 -8.228100080126649729e+00 -6.462378384137769771e+00 -4.886456776998634233e+00 -4.000323463654237521e+00 -1.995641185181693089e+00 -3.530216565847483778e-01 1.453477118910374344e+00 1.599454567309130049e+00 2.138310270531274426e+00 4.709251207775103865e+00 4.709251207775103865e+00 4.709251207775103865e+00 4.709251207775103865e+00
-1.051779110956400132e+01 -1.017377344258274618e+01 -1.002502921104945521e+01 -9.682057846762020858e+00 -9.176922167801727426e+00 -8.187845990838935606e+00 -5.256661372757747586e+00 -5.147232976641759272e+00 -3.658527153768031503e+00 -1.523968358019544667e+00 1.038586324702523156e-01 1.877265629678066094e+00 1.720247375603398687e+00 3.020045118686231156e+00 4.336099056038181132e+00 4.336099056038181132e+00 4.336099056038181132e+00 4.336099056038181132e+00
-1.037563875076136632e+01 -1.022274224583356173e+01 -1.007192990573366487e+01 -9.576326584723606317e+00 -9.065490191083460658e+00 -7.869152346725357461e+00 -4.220348157017413726e+00 -4.625213644246120026e+00 -3.270227329806691507e+00 -8.508924118169993722e-01 1.308996155452821553e+00 2.029181653136487906e+00 1.906965116204284882e+00 4.268527552300645844e+00 5.777822380539108238e+00 5.777822380539108238e+00 5.777822380539108238e+00 5.777822380539108238e+00
-1.048394670468387879e+01 -9.989522291327469716e+00 -9.617728535577555249e+00 -9.538486534044945842e+00 -8.531026965805054374e+00 -6.878371042991996198e+00 -3.711540497216287982e+00 -4.793240816669605664e+00 -2.329738405436275528e+00 -4.230553878677630886e-01 1.846110963671599325e+00 2.590522847502214177e+00 3.205345064870124716e+00 4.703436465094176455e+00 5.563811917660832052e+00 5.563811917660832052e+00 5.563811917660832052e+00 5.563811917660832052e+00
-1.049934645992848203e+01 -1.006142620464434145e+01 -9.338929230209913612e+00 -8.424441882026105333e+00 -7.603389858000666024e+00 -5.553688941069394147e+00 -2.714726009193326739e+00 -3.902542221387968358e+00 -9.603415998315113500e-01 7.348779383363384099e-01 2.699654336170534741e+00 3.350412341093321089e+00 4.875902224290640241e+00 4.935594045062639879e+00 5.674422058105699662e+00 5.674422058105699662e+00 5.674422058105699662e+00 5.674422058105699662e+00
-1.027154328001748951e+01 -9.675996795086010849e+00 -8.911782033007810355e+00 -8.454612161689345484e+00 -6.786299573810120833e+00 -4.396403776892277016e+00 -3.530580610534919117e+00 -2.677525016561522087e+00 -5.619268033001143664e-02 1.947386103386540723e+00 2.816629731510071011e+00 4.489467525130166337e+00 3.116411126842113966e+00 2.180634749992198973e+00 5.678330157055039074e+00 5.678330157055039074e+00 5.678330157055039074e+00 5.678330157055039074e+00
-9.947803272056598090e+00 -9.158293125267142898e+00 -8.596290939348282478e+00 -7.731527267895152988e+00 -6.051050054515378918e+00 -3.396727487438052862e+00 -3.924724773032445047e+00 -2.545398234967628959e+00 1.609753270730496510e-01 3.081428853130529610e+00 4.262140983993704779e+00 3.681411535055290507e+00 1.959393057049063191e+00 2.477798282079581416e+00 5.646031917717548865e+00 5.646031917717548865e+00 5.646031917717548865e+00 5.646031917717548865e+00
-9.492075073661721873e+00 -8.830215025450748101e+00 -7.921363440413665913e+00 -6.837186389146840071e+00 -4.970413849632144832e+00 -2.329192559890251868e+00 -3.872754968924423835e+00 -8.713831894170575021e-01 1.505520478814417640e+00 3.897737109300551062e+00 4.455143314272120847e+00 2.022127392544605051e+00 1.749896778798129660e+00 2.373625528009823515e+00 5.458783640822518990e+00 5.458783640822518990e+00 5.458783640822518990e+00 5.458783640822518990e+00
-9.878499191992233364e+00 -8.189950900354670438e+00 -7.278794017109607495e+00 -5.775695410218062875e+00 -3.894740967611068250e+00 -2.040352142798370405e+00 -3.019585823603923913e+00 2.946916404076045382e-01 3.201658147335694871e+00 4.830025424339040363e+00 3.201946029587613651e+00 -1.964010053785258503e+00 3.351884004410586315e-01 2.454289473490590012e+00 5.561908735830270345e+00 5.561908735830270345e+00 5.561908735830270345e+00 5.561908735830270345e+00
-9.740226676899837344e+00 -7.789321480241670592e+00 -6.389076529438979080e+00 -4.832555597469623265e+00 -2.762083238391041196e+00 -2.167020247772691199e+00 -2.481218324966705246e+00 6.421661240530256443e-01 3.333684744974354519e+00 5.264390099016097224e+00 4.284840132426236181e+00 -1.080300404358871313e+00 9.907341725669204235e-01 2.530761059242654820e+00 5.542301030847696097e+00 5.542301030847696097e+00 5.542301030847696097e+00 5.542301030847696097e+00
-9.066323596582448019e+00 -7.341636200739461771e+00 -5.740161168462901031e+00 -4.027405872570737344e+00 -3.034236731869992099e+00 -2.301227786925824415e+00 -2.005401529911960967e+00 2.414181168197706562e+00 3.871135878370769667e+00 5.903921281135851018e+00 5.822184432974720103e+00 1.935076971514547051e+00 6.228276119892804941e-01 2.686226178365049400e+00 5.536475137306816841e+00 5.536475137306816841e+00 5.536475137306816841e+00 5.536475137306816841e+00
-8.893644696138032657e+00 -6.878851579270286010e+00 -5.129381341819567730e+00 -3.562091110932403382e+00 -3.557057786218618567e+00 -2.800488707337947858e+00 -1.370268506925602203e+00 3.080970188370032670e+00 4.087086539106904226e+00 4.916380384894500466e+00 4.564986286858665032e+00 4.557668319139777324e+00 3.412312596264660769e+00 3.250298167828653106e+00 5.557540824331373308e+00 5.557540824331373308e+00 5.557540824331373308e+00 5.557540824331373308e+00
-8.304741101348612986e+00 -6.664023182425448333e+00 -4.982507962128707391e+00 -2.965262944753739305e+00 -2.733285692736117767e+00 -3.153621982148076874e+00 1.259617359265902958e-01 3.834512247336726798e+00 3.843201226650818647e+00 3.200980266743091107e+00 3.207580787132007671e+00 3.126828555383804442e+00 3.835507466442054980e+00 5.082839994592847077e+00 5.477795060493319212e+00 5.477795060493319212e+00 5.477795060493319212e+00 5.477795060493319212e+00
-7.793031044423225140e+00 -6.623107917641931408e+00 -4.696632599377997153e+00 -2.967378902376654803e+00 -1.656239910933207771e+00 -1.932870565338888458e+00 7.362922989846248933e-01 3.670364165328803718e+00 3.648249523291524632e+00 1.796167940659104456e+00 1.623215070790618109e+00 1.685285794464674414e+00 2.744290887740785223e+00 4.247543721975774567e+00 5.442956258226825383e+00 5.442956258226825383e+00 5.442956258226825383e+00 5.442956258226825383e+00
-7.818138896832939722e+00 -6.508550707470799779e+00 -4.812686275021697213e+00 -2.965303350408691418e+00 -1.493083615365006889e+00 -1.195774060324808818e+00 2.162755080427162913e+00 3.869919123351046597e+00 3.019640966995642550e+00 1.587520511902253073e+00 1.232289923453758984e+00 1.228429046883298792e+00 1.947527894059197795e+00 3.579566802731562802e+00 5.289679458058568429e+00 5.289679458058568429e+00 5.289679458058568429e+00 5.289679458058568429e+00
-8.162719659421000529e+00 -6.377015872931041329e+00 -4.753667926579234759e+00 -2.989400626154133267e+00 -1.562065640389384669e+00 -1.672554987514360547e-01 2.992478943477350661e+00 3.896529826334581337e+00 2.904161459206859419e+00 1.503618803950627303e+00 9.623173093643890841e-01 7.768562936845455624e-01 1.280521701169619497e+00 3.182081569827604817e+00 5.415831550137530925e+00 5.415831550137530925e+00 5.415831550137530925e+00 5.415831550137530925e+00
-8.199757295087620079e+00 -6.997338783614559077e+00 -4.809128111805829775e+00 -2.849310547527900361e+00 -1.615635547711705478e+00 -9.123332210130767894e-01 1.910830177562103049e+00 3.968225440796895320e+00 2.661547767336872816e+00 1.364893393305000036e+00 -2.563154856132484616e-01 -1.528710881184336845e+00 1.154599465808370251e+00 3.023883004293503873e+00 5.398528216507926025e+00 5.398528216507926025e+00 5.398528216507926025e+00 5.398528216507926025e+00
-8.265725107943612926e+00 -7.095046117072213221e+00 -5.352000063831726884e+00 -3.214899596882227151e+00 -2.364809877451850895e+00 -1.309098785401649145e+00 4.001657587294241702e-01 3.802935313626808700e+00 2.268326354260902011e+00 1.208491139707012385e+00 -2.322026830043508738e+00 -1.433875203468392368e+00 1.142119945172680673e+00 3.400308708831681237e+00 5.413751383618352619e+00 5.413751383618352619e+00 5.413751383618352619e+00 5.413751383618352619e+00
-8.146588681101572860e+00 -7.371876027468341697e+00 -5.625029393531499444e+00 -4.005723667621222894e+00 -2.023989798196626388e+00 -1.568173017944831660e+00 -5.162297292129381932e-01 3.423733190781065083e+00 2.118251042996470268e+00 1.023353170160659964e+00 -2.459354429120503394e+00 -1.196901804320524842e+00 1.159708383743753846e+00 3.667893270276193718e+00 5.313694158778334398e+00 5.313694158778334398e+00 5.313694158778334398e+00 5.313694158778334398e+00
-8.178323054275873361e+00 -7.307140849939322891e+00 -6.005535942233257707e+00 -4.566877535456630000e+00 -3.037148460707848940e+00 -1.615269537024301538e+00 -1.518193167319904058e+00 5.198321414638293891e-01 2.376522797714580193e+00 -3.369686250054018561e+00 -2.261615293144227490e+00 -4.899358412377494698e-01 1.445176081022268466e+00 3.665021846590676979e+00 5.128367854046023133e+00 5.128367854046023133e+00 5.128367854046023133e+00 5.128367854046023133e+00
-8.343060206396549106e+00 -7.674115802729622793e+00 -6.392518648188952213e+00 -5.157552236192785244e+00 -3.916768970678560002e+00 -2.156956060530359487e+00 -2.142912320241245894e+00 -5.418553353278636742e-01 2.175828641548749776e+00 -2.829252816515965829e+00 1.889234431374722245e-01 9.440401302473866441e-01 1.827746436301577626e+00 4.378099484572222089e+00 5.338522871925417412e+00 5.338522871925417412e+00 5.338522871925417412e+00 5.338522871925417412e+00
-8.741481352102312030e+00 -7.846359853762031378e+00 -6.853225874544070173e+00 -5.775980669472419393e+00 -4.732281854572388369e+00 -3.234105028770871471e+00 -1.782943453864361372e+00 -2.261251542447855201e+00 1.047737404814477635e+00 1.302330555857629912e+00 1.812625694380523844e-01 8.804671381277382469e-01 2.093239338663861471e+00 4.824537288058653672e+00 5.289362069427371971e+00 5.289362069427371971e+00 5.289362069427371971e+00 5.289362069427371971e+00
-9.117099013014184905e+00 -8.187261090551164244e+00 -7.326642068800602203e+00 -6.346316380873222585e+00 -5.437519199866361674e+00 -4.291106476057996666e+00 -1.989352274215580252e+00 -3.153704081992300789e+00 -3.107906858106552761e-01 1.587583347205882234e+00 1.081705607418904869e+00 3.684341078074040432e-01 1.643209081922876624e+00 4.974988469003796432e+00 5.260581295709044092e+00 5.260581295709044092e+00 5.260581295709044092e+00 5.260581295709044092e+00
-9.406959330370860073e+00 -8.538010405386998514e+00 -7.819406380181115779e+00 -7.144374216467479499e+00 -6.371514985936281406e+00 -5.258398004510761226e+00 -2.751016464364342440e+00 -2.595461083793464852e+00 -1.927910428923186981e+00 1.487998448739771495e+00 1.271700153285036272e+00 9.815668401334136650e-01 1.010430573923102537e+00 4.045622772159246594e+00 5.228639833162684880e+00 5.228639833162684880e+00 5.228639833162684880e+00 5.228639833162684880e+00
-9.772410391638590710e+00 -8.927845484229358419e+00 -8.401159933670946600e+00 -7.891122867304449784e+00 -7.281285123609782417e+00 -6.348266370699134242e+00 -3.980898210596151010e+00 -3.022042048213474441e+00 -2.443790827493830697e+00 5.145604138772159608e-01 1.352481170860059256e+00 1.131390896961277370e+00 2.351326753687925930e-01 3.844098861997705452e+00 4.985389076140068099e+00 4.985389076140068099e+00 4.985389076140068099e+00 4.985389076140068099e+00
-1.017424566527750152e+01 -9.697513421870805672e+00 -9.162949397716872113e+00 -8.695280803463356634e+00 -8.070771158307847415e+00 -7.034497488059217929e+00 -4.936233291274897184e+00 -2.876041558878577487e+00 -3.311829032808065953e+00 1.470107758803891052e-01 1.407007748191622332e+00 1.200824838644730885e+00 6.275670679100232574e-01 4.554212211494265361e+00 5.249280740535290590e+00 5.249280740535290590e+00 5.249280740535290590e+00 5.249280740535290590e+00
-1.036113777149096826e+01 -9.960403002957500362e+00 -9.430104376367937746e+00 -9.020436362415974685e+00 -8.411067091811572638e+00 -7.424294277640962392e+00 -6.051306207432026518e+00 -2.587949614584838187e+00 -3.294560760019825896e+00 -1.597447892599870745e+00 1.190816148025061416e+00 1.242892974143764651e+00 9.064391038264922873e-01 2.988857212271202712e+00 5.200119938037247813e+00 5.200119938037247813e+00 5.200119938037247813e+00 5.200119938037247813e+00
-1.045456001607219676e+01 -1.007837779980572712e+01 -9.679369697717953969e+00 -9.199740498214751483e+00 -8.662503642243715163e+00 -7.727985437062336871e+00 -6.508530495536581029e+00 -3.641197686558419910e+00 -2.759330866101432633e+00 -2.816365807154070033e+00 9.380455530078640747e-01 1.259083398468965553e+00 9.616261660503917508e-01 2.044923938655359041e+00 5.162892588717207687e+00 5.162892588717207687e+00 5.162892588717207687e+00 5.162892588717207687e+00
-1.044672237171669948e+01 -1.010667199580863240e+01 -9.772721551638371196e+00 -9.353420210723795591e+00 -8.771582703118031787e+00 -7.965601186089847019e+00 -6.795735454246985441e+00 -4.940220151969151985e+00 -1.996994331702919290e+00 -3.767953359864905760e+00 4.264096405198590234e-01 1.224801920975804537e+00 1.002945412921036894e+00 2.281200227632385058e+00 5.125665239397170225e+00 5.125665239397170225e+00 5.125665239397170225e+00 5.125665239397170225e+00
-1.043934309474975031e+01 -1.014401447403361090e+01 -9.842654858167769305e+00 -9.414453360629966738e+00 -8.871559992428473151e+00 -8.165033739818333913e+00 -7.031855701465636876e+00 -5.292295788283776226e+00 -2.870094522323791253e+00 -4.013085736841706108e+00 9.162149950973162704e-02 1.167933600503945124e+00 9.333432725866241952e-01 2.702397046628470356e+00 4.871144326184635887e+00 4.871144326184635887e+00 4.871144326184635887e+00 4.871144326184635887e+00
-1.049165541366186893e+01 -1.015167041766930467e+01 -9.819805671240047218e+00 -9.462755598726202422e+00 -9.007607156663025805e+00 -8.279601646402579007e+00 -7.168790994134146999e+00 -5.771783725378746510e+00 -3.282394667923118625e+00 -4.697313437921152968e+00 -1.141536027120899854e+00 9.713789300247288594e-01 9.692360394329382345e-01 2.214420641135940837e+00 5.160038609145168209e+00 5.160038609145168209e+00 5.160038609145168209e+00 5.160038609145168209e+00
-1.051382450183005446e+01 -1.018463760607083302e+01 -9.878175356571915700e+00 -9.517120633711455113e+00 -9.059692149435370823e+00 -8.413143337484637385e+00 -7.348975871330065246e+00 -5.956513811437257999e+00 -3.194373027937146503e+00 -3.144435411614170395e+00 -2.868847550140621649e+00 6.455448137044460521e-01 9.809361384848666043e-01 2.373756951203505938e+00 5.122811259825129859e+00 5.122811259825129859e+00 5.122811259825129859e+00 5.122811259825129859e+00
-1.051830304288619189e+01 -1.021695683001876986e+01 -9.874439404080927574e+00 -9.535426373118227161e+00 -9.130998626362508475e+00 -8.470731678388670360e+00 -7.445244477962891239e+00 -6.076026114398421996e+00 -3.826087424066026976e+00 -3.656055058473691055e+00 -3.246658968082888119e+00 2.155444546066352107e-01 9.668497090552408135e-01 2.333715029314587852e+00 5.073650457327088859e+00 5.073650457327088859e+00 5.073650457327088859e+00 5.073650457327088859e+00
-1.058486884906504955e+01 -1.024232824440184153e+01 -9.940517254972588646e+00 -9.581077256613621529e+00 -9.212264235032854742e+00 -8.512810908320108894e+00 -7.520644498804598399e+00 -6.039109510789644197e+00 -3.981348234565706523e+00 -3.847555037861367655e+00 -3.397233282015439393e+00 -1.507734893245340213e-01 7.853471270448658670e-01 2.430654004797386136e+00 5.036423108007040739e+00 5.036423108007040739e+00 5.036423108007040739e+00 5.036423108007040739e+00
-1.062501144732323866e+01 -1.029243141062001321e+01 -9.975171632346867767e+00 -9.628328850277320328e+00 -9.278763468423264271e+00 -8.704348050456792052e+00 -7.580969239134409676e+00 -6.034969201863240151e+00 -4.774459464458631786e+00 -3.601948107887558592e+00 -3.136162660535376290e+00 -5.630659382493715670e-01 9.187378516860325028e-01 2.568275043258926971e+00 4.720885867973370509e+00 4.720885867973370509e+00 4.720885867973370509e+00 4.720885867973370509e+00
