-1.048425145038804374e+01 -1.048058840614861609e+01 -9.998444015648303207e+00 -9.641537528123397038e+00 -9.345083170390362071e+00 -8.991870262899221089e+00 -8.396459037873105657e+00 -7.060021330697532349e+00 -3.506749588424998176e+00 -3.657741688285851112e+00 -1.736713520295797508e+00 1.781959930039279660e-01 4.096642312153863097e-01 2.061035198657011236e+00 5.157584758907705513e+00 5.157584758907705513e+00 5.157584758907705513e+00 5.157584758907705513e+00
-1.047090628475872975e+01 -1.025341338222412801e+01 -1.007000285877241907e+01 -9.796923669010828561e+00 -9.423887391019535542e+00 -8.916439055241808020e+00 -8.150545325516063144e+00 -6.712868326872860614e+00 -2.853801557000199107e+00 -4.079054623849189376e+00 -1.785420949567722015e+00 1.013644795673553090e-01 1.129359513910492385e+00 1.992476787426261220e+00 5.171389323829960638e+00 5.171389323829960638e+00 5.171389323829960638e+00 5.171389323829960638e+00
-1.028106057417098285e+01 -9.990092656148956252e+00 -9.861152190647754168e+00 -9.900742581439459400e+00 -9.638940812796313651e+00 -9.066827386595100791e+00 -8.131119474414280290e+00 -6.464470131481922621e+00 -2.884463809603416529e+00 -4.111330462261251206e+00 -8.825315786307662558e-01 -1.367250847564033533e-01 1.969255241019539415e+00 2.040560633316046424e+00 5.273218589291170488e+00 5.273218589291170488e+00 5.273218589291170488e+00 5.273218589291170488e+00
-1.043880126806196351e+01 -1.032595707221496539e+01 -9.720610066695799745e+00 -9.391660211950004111e+00 -9.277192059731889984e+00 -9.270445825971940224e+00 -8.124117414130994419e+00 -5.875330081127780879e+00 -2.394224308196988726e+00 -3.816431839979230745e+00 -1.086352083026070225e+00 4.833893005235300189e-01 1.418711256940001331e+00 2.119288998317939487e+00 4.830864172726384353e+00 4.830864172726384353e+00 4.830864172726384353e+00 4.830864172726384353e+00
-1.055332225260345247e+01 -1.028933310530531919e+01 -9.955419561732238520e+00 -9.586323514634162990e+00 -9.087994557252942585e+00 -8.653288857927602606e+00 -8.029140308418613259e+00 -5.123269620903723620e+00 -2.111765079955266966e+00 -3.003678081441042202e+00 -3.034663312221621556e-01 7.899856573535014581e-01 1.505370223975456723e+00 2.292902121369396085e+00 4.773103798481541205e+00 4.773103798481541205e+00 4.773103798481541205e+00 4.773103798481541205e+00
-1.032222937955530817e+01 -1.016436747409995789e+01 -1.013187031622591583e+01 -9.853907482740799750e+00 -9.344009064990029145e+00 -8.530424876609648877e+00 -7.861279229416170189e+00 -3.842893717021560462e+00 -4.408618712048742339e+00 -1.307329501403498906e+00 3.133964864876466194e-01 1.102211293268601233e+00 1.653010415057410976e+00 2.133744032227738785e+00 4.476112015803390243e+00 4.476112015803390243e+00 4.476112015803390243e+00 4.476112015803390243e+00
-1.056498258976397686e+01 -1.021265957142673564e+01 -1.003720193992723431e+01 -9.868963644279585168e+00 -9.288601014435245773e+00 -8.472244934100029212e+00 -6.763290536886122695e+00 -2.658215820752568348e+00 -4.234445641387564407e+00 -7.818028231914502246e-01 8.986854500679721802e-01 1.903372473480662963e+00 1.715492863098052378e+00 3.087667866587705312e+00 4.396762074017015465e+00 4.396762074017015465e+00 4.396762074017015465e+00 4.396762074017015465e+00
-1.042433858084836373e+01 -1.022969782963504848e+01 -1.013849147052107469e+01 -9.765156491315487131e+00 -9.226868590227672584e+00 -8.287560896851671188e+00 -4.965507683663799909e+00 -3.362306395462172581e+00 -3.204595892188854656e+00 -1.876784233858940221e-01 1.298877680426293590e+00 2.021699328112301686e+00 1.877078487798334638e+00 4.277968988261193317e+00 5.170310015701025108e+00 5.170310015701025108e+00 5.170310015701025108e+00 5.170310015701025108e+00
-1.034551761384587465e+01 -1.014881520743352183e+01 -9.467681416683227269e+00 -9.212020437980026344e+00 -8.414874512984754418e+00 -7.025863251223599448e+00 -3.249664153169781411e+00 -4.309700701094700825e+00 -2.299324411997629269e+00 6.911090112381204076e-01 2.048348983839934245e+00 2.716661339277372633e+00 3.248976421964819394e+00 4.758184382027125459e+00 5.262297664499942407e+00 5.262297664499942407e+00 5.262297664499942407e+00 5.262297664499942407e+00
-1.057581908448105601e+01 -1.019083670148068421e+01 -9.376009360817706195e+00 -8.467491338691468528e+00 -7.523702273358120252e+00 -5.478227529810357765e+00 -3.053131675224668218e+00 -4.254944322892838748e+00 -2.245510649029878458e-01 1.557469590138772286e+00 2.844743999857383354e+00 3.387143631285733925e+00 4.920703308547223820e+00 4.952964251963105191e+00 5.431525689680920088e+00 5.431525689680920088e+00 5.431525689680920088e+00 5.431525689680920088e+00
-1.021790783542993353e+01 -9.592982977419518775e+00 -9.062514772077271630e+00 -8.492986609285688715e+00 -6.956731570432483025e+00 -3.882409576907981386e+00 -3.810026368052303880e+00 -3.033465945434657307e+00 5.090820403025272389e-01 2.785512693573843457e+00 2.930247938011352637e+00 4.558158849299973170e+00 2.981240752830351504e+00 2.292642803474995272e+00 5.783337350379293085e+00 5.783337350379293085e+00 5.783337350379293085e+00 5.783337350379293085e+00
-9.868858965049192022e+00 -9.114165088257866643e+00 -8.354626282612636956e+00 -8.075630771470635239e+00 -5.515838636550507879e+00 -2.395718999114600845e+00 -3.414607772344468550e+00 -5.991474675962207286e-01 1.611874324281894921e+00 3.230246053543410767e+00 4.364409601028126140e+00 3.712958167285738575e+00 2.074797131991601429e+00 2.450108082493733352e+00 5.187671102459244565e+00 5.187671102459244565e+00 5.187671102459244565e+00 5.187671102459244565e+00
-9.482167864935686197e+00 -8.687219917010976289e+00 -7.982804873465823903e+00 -6.441247804612258321e+00 -4.009122344838044860e+00 -3.509878933125063050e+00 -3.147449163153401841e+00 -3.522590746182562016e-02 3.375556345034109729e+00 3.970093425612142291e+00 4.707277917036479131e+00 2.214868435345663134e+00 4.845915540697621759e-01 2.339101589453692842e+00 4.919483655963460933e+00 4.919483655963460933e+00 4.919483655963460933e+00 4.919483655963460933e+00
-1.007086102382415760e+01 -8.060019634710323899e+00 -6.893922029343908520e+00 -5.359626132582572033e+00 -2.704618308626095757e+00 -2.441875565632479539e+00 -2.068565672350897611e+00 8.333523671586918757e-01 3.244080046380209748e+00 4.897975363680316718e+00 3.233140419749179095e+00 -1.991083480165530828e+00 3.958006512167155377e-01 2.523951363465778197e+00 5.156612747492252957e+00 5.156612747492252957e+00 5.156612747492252957e+00 5.156612747492252957e+00
-9.551787330370009599e+00 -7.740076390850911814e+00 -5.969365009973686576e+00 -4.501273717215482861e+00 -2.121283903047118891e+00 -2.956902924418101986e+00 -1.986808375963112216e-01 2.695182406562643518e+00 3.468208852055661318e+00 5.532672273021006504e+00 4.345679401293340405e+00 -6.865966573682659169e-01 9.721400304767587874e-01 2.533915937884036129e+00 5.286397258488874762e+00 5.286397258488874762e+00 5.286397258488874762e+00 5.286397258488874762e+00
-9.126183778405637881e+00 -7.079015678163774083e+00 -5.198853810198619918e+00 -3.705509758526132291e+00 -1.763965186966923726e+00 -2.376129425368187498e+00 4.656093167928693211e-01 2.943968892534579496e+00 4.100833951403305200e+00 6.111737262363038603e+00 5.872583125678976224e+00 2.034947849418007326e+00 7.016199977317796321e-01 2.731617479190012521e+00 5.358559228161388077e+00 5.358559228161388077e+00 5.358559228161388077e+00 5.358559228161388077e+00
-8.853175644462213612e+00 -6.584640250788145188e+00 -4.728794650926920085e+00 -3.199654648158614556e+00 -2.394629166140003651e+00 -1.135582064395410651e+00 2.368647943723786398e+00 3.265498865268801953e+00 4.153636058665464148e+00 5.019248317158699457e+00 4.500436131838790210e+00 4.604265914346994393e+00 3.512215524709036085e+00 3.204417743463551904e+00 5.710370888859749527e+00 5.710370888859749527e+00 5.710370888859749527e+00 5.710370888859749527e+00
-8.150107561056524119e+00 -6.362226602923231944e+00 -4.227185710060653356e+00 -2.171906211621581040e+00 -2.814619478984368151e+00 -1.059797791857770705e-01 3.535978544857029782e+00 3.824719359573325761e+00 3.937059439136558758e+00 3.211381556601289322e+00 3.149591278138951012e+00 3.086723805778217589e+00 3.902334090536748068e+00 5.096620835764072766e+00 5.246320718337723399e+00 5.246320718337723399e+00 5.246320718337723399e+00 5.246320718337723399e+00
-7.628250773925808303e+00 -6.248548965521771414e+00 -4.237151453466414530e+00 -1.764109357331376859e+00 -2.682194497646059439e+00 3.617080948554209918e-01 2.975008313660765680e+00 3.714095605290519853e+00 3.686181028249094993e+00 1.800977649920874279e+00 1.523579262646895582e+00 1.558990589039670249e+00 2.766785622138533185e+00 4.259108566812747299e+00 5.050927830484584824e+00 5.050927830484584824e+00 5.050927830484584824e+00 5.050927830484584824e+00
-8.023487094766412753e+00 -6.211665052520937813e+00 -3.735627888796821061e+00 -1.626859848961839106e+00 -2.090618908531026054e+00 6.341286733292462729e-01 3.177781439926282925e+00 3.936796490547372684e+00 3.006459580395414388e+00 1.514963938041611335e+00 8.572621353749764195e-01 9.921426979281732228e-01 1.922999576492954832e+00 3.582377594639081675e+00 5.386473907344075940e+00 5.386473907344075940e+00 5.386473907344075940e+00 5.386473907344075940e+00
-8.262143085964918754e+00 -6.419551623359033066e+00 -4.061590343449926976e+00 -2.910390343019332082e+00 -1.995397774913149291e+00 3.973785696410467860e-01 3.095904817023604316e+00 4.023825749898550797e+00 2.958691637491045690e+00 1.369284506400866297e+00 5.294602135757572325e-01 3.957907401920095491e-01 1.222336570898595820e+00 3.202153187718294269e+00 5.323927135334972860e+00 5.323927135334972860e+00 5.323927135334972860e+00 5.323927135334972860e+00
-8.215169553223912402e+00 -6.644805640861775053e+00 -3.969675116327239461e+00 -2.720531050662727601e+00 -2.234594096226881099e+00 4.306346276363440251e-01 3.291546648718024493e+00 3.987241080538900917e+00 2.738204898814907029e+00 1.089983684194004487e+00 -2.468785127672313617e+00 -1.669680615416536007e+00 1.150780768160618361e+00 3.077578072552511035e+00 5.290942540987201959e+00 5.290942540987201959e+00 5.290942540987201959e+00 5.290942540987201959e+00
-8.213933615862051951e+00 -6.962951150771074182e+00 -4.747571239895332695e+00 -2.282484610212352827e+00 -2.065427179456463147e+00 3.224452200579023264e-01 3.420164374254709649e+00 3.904881583896183006e+00 2.258821075837711412e+00 6.847232318628984071e-01 -2.532788110125245851e+00 -1.565966557666745196e+00 1.133492846866442472e+00 3.376321352673548049e+00 5.482158858232141441e+00 5.482158858232141441e+00 5.482158858232141441e+00 5.482158858232141441e+00
-8.182626534028971221e+00 -7.294000127615824169e+00 -5.123249510815543140e+00 -2.715510541290296231e+00 -2.165323751505831673e+00 -1.220651206695714808e-01 2.190056986340517931e+00 3.598642503825963068e+00 1.966775237694966538e+00 -1.315727285044258288e+00 -2.637934251099370186e+00 -1.362365242056106096e+00 1.179359557469679354e+00 3.699957503531403180e+00 4.945242913476891822e+00 4.945242913476891822e+00 4.945242913476891822e+00 4.945242913476891822e+00
-8.073134188510447729e+00 -7.204870810958688310e+00 -5.692251379358287622e+00 -4.145268006834468721e+00 -2.182048554865218648e+00 -1.668030733888159034e+00 6.574328335547655611e-01 2.755463429569701805e+00 2.298437771635227111e+00 -3.720442357268704203e+00 -2.321533763024210550e+00 -5.155801794351970724e-01 1.446926047311810848e+00 3.675489365237201156e+00 5.463897206651731508e+00 5.463897206651731508e+00 5.463897206651731508e+00 5.463897206651731508e+00
-8.372152637544720832e+00 -7.860157170684560768e+00 -6.638098111366838694e+00 -4.832129731079066737e+00 -3.045731453580779124e+00 -2.045639205028503049e+00 -9.552165932050761255e-01 1.220975583637791573e+00 2.141408140456203757e+00 -3.180038241953826006e+00 -2.239355120629273332e-01 1.000253443996739433e+00 1.837185893882715915e+00 4.266368570109822400e+00 5.434932176245833801e+00 5.434932176245833801e+00 5.434932176245833801e+00 5.434932176245833801e+00
-8.773135541772509427e+00 -7.875326961080552302e+00 -7.063806780626840975e+00 -5.643778814080313566e+00 -4.033834466245608041e+00 -2.303371789871900610e+00 -2.509233784539231848e+00 3.081089876746244127e-01 1.422306749192765452e+00 -5.400206670489714894e-02 2.127534012437685695e-01 7.723817654811264699e-01 2.202348094372990506e+00 4.696684294437699414e+00 5.361457012181076287e+00 5.361457012181076287e+00 5.361457012181076287e+00 5.361457012181076287e+00
-9.117917327540176586e+00 -8.184335288243891782e+00 -7.365597242885669083e+00 -6.628487180612620655e+00 -5.137433270475415981e+00 -3.563684336179802514e+00 -2.529226562569501180e+00 -2.130917021422762403e+00 2.626956501361319418e-01 1.183066147582485517e+00 6.336655742624482945e-01 -3.844151067141080569e-01 1.734003788128857693e+00 4.873245613449481262e+00 5.328472417833306274e+00 5.328472417833306274e+00 5.328472417833306274e+00 5.328472417833306274e+00
-9.430340559895448393e+00 -8.521774941018920302e+00 -7.997178406802815331e+00 -7.292356572209007126e+00 -6.316504292476829541e+00 -4.991434931385533957e+00 -2.642659299120442284e+00 -2.875499471006391694e+00 -3.241216785306182402e-01 9.359330100795454355e-01 9.606235876981420452e-01 8.072707646434155171e-01 1.036116947053528747e+00 4.041921372037508675e+00 4.876920721971843342e+00 4.876920721971843342e+00 4.876920721971843342e+00 4.876920721971843342e+00
-9.900843926023259911e+00 -9.006236922436299253e+00 -8.521545629142256217e+00 -8.066198092540199482e+00 -7.359808843345314600e+00 -6.420988335725746232e+00 -4.103820729912840193e+00 -2.522595776552473357e+00 -2.034104957141917414e+00 4.107194312683428716e-01 8.498756100463448204e-01 9.752608048870329283e-01 2.009716297713263766e-01 3.902411536960936456e+00 5.531494100195606833e+00 5.531494100195606833e+00 5.531494100195606833e+00 5.531494100195606833e+00
-1.030322679450428680e+01 -9.872368817085522608e+00 -9.352702311025334225e+00 -8.854172707224037708e+00 -8.273239083840485009e+00 -7.184072499884648799e+00 -5.402914031125935601e+00 -2.640583500263947947e+00 -2.798677258048825500e+00 -1.061150484265844934e-01 8.632480897954862842e-01 9.464377846072256073e-01 2.665282022305232035e-01 4.363454573588699148e+00 5.505446647439696584e+00 5.505446647439696584e+00 5.505446647439696584e+00 5.505446647439696584e+00
-1.039770303890986725e+01 -1.003239579836434814e+01 -9.576203421180188968e+00 -9.158691935827405928e+00 -8.559210435682356177e+00 -7.627427902022209771e+00 -6.330976130499792021e+00 -3.597544369469966696e+00 -2.770082709274666932e+00 -1.186798707269771214e+00 6.413507683877442966e-01 9.055283989336087025e-01 7.979874548142417146e-01 3.063484020930701490e+00 5.431971483374946175e+00 5.431971483374946175e+00 5.431971483374946175e+00 5.431971483374946175e+00
-1.052734907757062466e+01 -1.013379779596915498e+01 -9.744081698152122328e+00 -9.295287706874164613e+00 -8.832333606904530399e+00 -7.916012168530830451e+00 -6.663756395158576318e+00 -4.937242892921448245e+00 -2.338871538186007015e+00 -2.811605490045310241e+00 2.341276985078881157e-01 8.174257983075871037e-01 5.898200272017093404e-01 2.744681039428213509e+00 5.398986889027174385e+00 5.398986889027174385e+00 5.398986889027174385e+00 5.398986889027174385e+00
-1.048616107286982491e+01 -1.018797022379870931e+01 -9.802682843413762726e+00 -9.434365543410695665e+00 -8.925584377939118852e+00 -8.092235389655108690e+00 -6.939840418511062481e+00 -5.561260421483700256e+00 -2.922259618990231900e+00 -3.243761583893470579e+00 -3.009011240761274020e-01 6.383424215458126660e-01 8.196264166220826874e-01 2.665312757190559267e+00 4.791709894138156400e+00 4.791709894138156400e+00 4.791709894138156400e+00 4.791709894138156400e+00
-1.050124845882213265e+01 -1.020087486577354241e+01 -9.879803196533616827e+00 -9.515363533446853594e+00 -9.016178183901017107e+00 -8.311426074634177041e+00 -7.131242632779061452e+00 -5.720165061337543655e+00 -4.254680532763551959e+00 -3.280835092513753271e+00 -1.284767884076369215e+00 3.048917772256446446e-01 3.626890098604864665e-01 2.816247067876226140e+00 5.048116244400352670e+00 5.048116244400352670e+00 5.048116244400352670e+00 5.048116244400352670e+00
-1.053596620243162185e+01 -1.024012391733624128e+01 -9.888081019662184445e+00 -9.511862880173156398e+00 -9.107981325070635847e+00 -8.390523426691713027e+00 -7.241684584495963861e+00 -5.863025364272516526e+00 -4.738028175949537513e+00 -2.815514737424084757e+00 -2.530760645472375447e+00 2.460752962935116098e-02 5.182576453833791508e-01 2.485702370021060315e+00 5.575961118633569136e+00 5.575961118633569136e+00 5.575961118633569136e+00 5.575961118633569136e+00
-1.055199894238140779e+01 -1.022406178181457825e+01 -9.942701838994125296e+00 -9.585624911220095967e+00 -9.152804688993507298e+00 -8.556664447606534551e+00 -7.341849552252998734e+00 -5.896383910513850246e+00 -4.840858248882796921e+00 -2.497616177350321820e+00 -2.831368649606068377e+00 -2.358078852951436266e-01 5.533613524308155646e-02 2.514225873879655460e+00 5.542976524285798234e+00 5.542976524285798234e+00 5.542976524285798234e+00 5.542976524285798234e+00
-1.056652127746692038e+01 -1.027797692097233195e+01 -9.939229405112605775e+00 -9.609042731257618541e+00 -9.232543516254271054e+00 -8.583246657545290148e+00 -7.408435196866015815e+00 -5.945878051686705135e+00 -5.065319804442762752e+00 -2.581478688100443009e+00 -3.053016422448361578e+00 -1.803688331590398986e-01 -9.645256983996718103e-02 2.504107808816474989e+00 5.469501360221042496e+00 5.469501360221042496e+00 5.469501360221042496e+00 5.469501360221042496e+00
-1.061805628040248983e+01 -1.031344074462896288e+01 -9.974603476163098392e+00 -9.641365714555398370e+00 -9.302239627552767232e+00 -8.648321056942942064e+00 -7.542721476173413819e+00 -5.906712705641873562e+00 -5.209830691465476171e+00 -3.476373655833085330e+00 -2.947289877651738887e+00 -3.752097501222221854e-01 -3.976122956435076267e-02 2.460290221519338960e+00 4.822839247165757293e+00 4.822839247165757293e+00 4.822839247165757293e+00 4.822839247165757293e+00
-1.062854094897445911e+01 -1.035549207336630317e+01 -1.000799786184437501e+01 -9.669819562805578528e+00 -9.369885473696534461e+00 -8.840568863704881153e+00 -7.572190214886298065e+00 -5.809552579698537222e+00 -5.383148776483506204e+00 -3.807210098894128425e+00 -2.662783798797875967e+00 -1.159658212076578598e+00 -3.055928287997225490e-01 2.321599987465709614e+00 5.051822220306322997e+00 5.051822220306322997e+00 5.051822220306322997e+00 5.051822220306322997e+00
