-1.040110483366015615e+01 -1.029313463519889638e+01 -9.948976912147426077e+00 -9.633720596038102713e+00 -9.300231390929797115e+00 -8.987668415858992788e+00 -8.359249893848861745e+00 -7.251736476400511222e+00 -4.771242097690421069e+00 -2.460505701815013602e+00 -2.293448118729656926e+00 6.146614849025955341e-02 5.537301109780117248e-01 1.834010486520882610e+00 5.281787773352846216e+00 5.281787773352846216e+00 5.281787773352846216e+00 5.281787773352846216e+00
-1.035081915989055190e+01 -1.018989628381131141e+01 -9.957325719079266335e+00 -9.786271291882506773e+00 -9.445643823164093789e+00 -8.889382385728163527e+00 -8.169496547429528022e+00 -6.719514866724004776e+00 -3.484217446689693354e+00 -2.769715772414665711e+00 -1.718474129127294914e+00 -4.458769555815846053e-02 1.356376275557168221e+00 1.954589781951398875e+00 5.320705977849466528e+00 5.320705977849466528e+00 5.320705977849466528e+00 5.320705977849466528e+00
-1.030170595858463045e+01 -9.915741472551729885e+00 -9.829284304639489989e+00 -9.893913257857308352e+00 -9.575411778581475630e+00 -9.037142887024083748e+00 -8.106768150142464435e+00 -6.669601807411476457e+00 -3.105246389082003233e+00 -3.468453324318025999e+00 -6.596569295940064581e-01 1.563329727038858807e-01 1.644375243136954490e+00 1.924963099122248389e+00 4.931619188582036628e+00 4.931619188582036628e+00 4.931619188582036628e+00 4.931619188582036628e+00
-1.044359413917360691e+01 -1.033001599241853086e+01 -9.694974536169272739e+00 -9.318224294243027117e+00 -9.175798641708462711e+00 -9.292400510427471616e+00 -8.157441968283716704e+00 -6.218288944261026074e+00 -3.195580804239674055e+00 -3.347288178851027141e+00 -1.012198426929499379e-01 4.671136589365015301e-01 1.329826435132752227e+00 2.134716018395238279e+00 4.826430266437103711e+00 4.826430266437103711e+00 4.826430266437103711e+00 4.826430266437103711e+00
-1.053031071649233397e+01 -1.031585843748220910e+01 -9.861338810852828374e+00 -9.579529563278295967e+00 -9.007461391145048069e+00 -8.665133423223588593e+00 -8.147071288861205574e+00 -4.925564306610865195e+00 -3.293560225464000624e+00 -3.187962826092186397e+00 1.158934560808348585e-01 6.660705027997529948e-01 1.693524534436972484e+00 2.312222338700585134e+00 4.744483142845514756e+00 4.744483142845514756e+00 4.744483142845514756e+00 4.744483142845514756e+00
-1.040371127444160493e+01 -1.003058077352373623e+01 -1.012228872051481332e+01 -9.817805099173401828e+00 -9.346794725706335072e+00 -8.530822565295823168e+00 -7.492536231253913215e+00 -3.862269171878445206e+00 -3.982174411309409301e+00 -1.794818538182098466e+00 4.114150343406715038e-01 1.043171581752903920e+00 1.737543368873190719e+00 2.137769605132343376e+00 4.458218917928251201e+00 4.458218917928251201e+00 4.458218917928251201e+00 4.458218917928251201e+00
-1.043131771005304564e+01 -1.024295365320884699e+01 -9.939184322763372492e+00 -9.774360864725887055e+00 -9.331972835115472265e+00 -8.516445044265845254e+00 -7.114808769069972172e+00 -2.541967704622980939e+00 -3.761155047085293468e+00 -3.770582125055170208e-01 6.024905436620855426e-01 1.754337350085274583e+00 1.607746965240227643e+00 3.266359770612510705e+00 4.224120654628520377e+00 4.224120654628520377e+00 4.224120654628520377e+00 4.224120654628520377e+00
-1.044983185962539984e+01 -1.008987068975717349e+01 -1.000312817128223664e+01 -9.725046201367941734e+00 -9.190646036042474876e+00 -8.317729857997106180e+00 -4.939815047713708829e+00 -2.782593164437968891e+00 -2.719588643007742945e+00 3.205513134626958305e-01 1.548395930706278456e+00 1.924716274560611007e+00 1.817910451539824335e+00 4.352656156546174770e+00 5.212676629406187701e+00 5.212676629406187701e+00 5.212676629406187701e+00 5.212676629406187701e+00
-1.037367525133530499e+01 -9.945507510435488641e+00 -9.502790709214366416e+00 -9.089548766524506718e+00 -8.349743755883761054e+00 -6.946167343981254128e+00 -3.664547541302617173e+00 -3.982838112708854794e+00 -1.764364316907171437e+00 1.081739287117143622e+00 2.139390543289742652e+00 2.644009953274884417e+00 3.347068633544552529e+00 4.821228352134315109e+00 5.178717998837710113e+00 5.178717998837710113e+00 5.178717998837710113e+00 5.178717998837710113e+00
-1.045570474488659940e+01 -1.007359884635939906e+01 -9.437673736151333870e+00 -8.443320736905636892e+00 -7.440701487680158266e+00 -5.602584920734514640e+00 -2.352981584028217554e+00 -3.759502083800474459e+00 -8.980564364857225590e-02 1.838444390008949547e+00 3.049257738425123598e+00 3.432117003021522006e+00 4.961020383212758844e+00 4.999283903527014239e+00 5.327380748348887529e+00 5.327380748348887529e+00 5.327380748348887529e+00 5.327380748348887529e+00
-1.028937349155751591e+01 -9.557612583640121784e+00 -9.015568378967163454e+00 -8.457813818783213478e+00 -7.009203305670257400e+00 -4.096003019221072350e+00 -3.480947051601232634e+00 -2.298766225831043730e+00 1.073932522982375959e+00 3.067100390696358314e+00 3.061924683527267987e+00 4.603836551508432962e+00 2.973132896187127283e+00 2.227638508418864127e+00 5.651928756033520074e+00 5.651928756033520074e+00 5.651928756033520074e+00 5.651928756033520074e+00
-9.895396836226524329e+00 -9.045292805950849058e+00 -8.298502788118085505e+00 -7.834179065503992234e+00 -5.472413027999681212e+00 -2.378942502937520853e+00 -2.729572292139491374e+00 4.604022985483777197e-02 2.467264866833699610e+00 3.118233732298781646e+00 4.499687654263349046e+00 3.733928965264849520e+00 1.956498284993768211e+00 2.500978800895306442e+00 5.439455765618852467e+00 5.439455765618852467e+00 5.439455765618852467e+00 5.439455765618852467e+00
-9.415736675320063753e+00 -8.610964403711422577e+00 -7.920986745615169689e+00 -6.330755611156739349e+00 -4.382809069906571153e+00 -3.056978246001091026e+00 -2.753178204279602692e+00 9.356333315409584017e-01 3.174055715793423271e+00 4.071103944855853030e+00 4.688495697560008502e+00 2.006269776294657969e+00 5.098517421767024826e-01 2.433346372970242477e+00 5.283749445343064011e+00 5.283749445343064011e+00 5.283749445343064011e+00 5.283749445343064011e+00
-1.004556382726515551e+01 -7.878438631861492070e+00 -6.762383733064391222e+00 -5.294214177977481839e+00 -3.165278120008691687e+00 -1.829387829168295454e+00 -1.888520306310299324e+00 2.300034376445867501e+00 3.315475272454058597e+00 5.008802974112299466e+00 3.262795745719816676e+00 -1.802320565225220550e+00 3.941379271177223309e-01 2.561769693722027785e+00 5.154730145081558135e+00 5.154730145081558135e+00 5.154730145081558135e+00 5.154730145081558135e+00
-9.440089796207089989e+00 -7.620269851241179282e+00 -5.830517151812694365e+00 -4.501028471439168399e+00 -2.063962704475402976e+00 -2.759741170178543701e+00 1.730148512170321673e-01 3.042757447387097525e+00 3.536980973415282836e+00 5.497220192608130773e+00 4.455993115471227561e+00 -9.175288978435367504e-01 9.927314673400868816e-01 2.468464893990557130e+00 5.211807920018341811e+00 5.211807920018341811e+00 5.211807920018341811e+00 5.211807920018341811e+00
-9.036652965664336179e+00 -6.885825645798495209e+00 -5.140902082538538309e+00 -3.692907755371416023e+00 -1.604012782015146632e+00 -1.920720629945044999e+00 2.036264642972121841e+00 2.969812858408789946e+00 4.137922409163888204e+00 6.324737376073223061e+00 6.018400196948816117e+00 1.938255228944949060e+00 8.933901342884423835e-01 2.784346784428057830e+00 5.162888596760379478e+00 5.162888596760379478e+00 5.162888596760379478e+00 5.162888596760379478e+00
-8.677299682952106963e+00 -6.472431382389017607e+00 -4.568645752020966455e+00 -2.616036874264064949e+00 -1.684244592375968796e+00 -1.083157883000032129e+00 3.115813579684838963e+00 3.377494517270999808e+00 4.209703140018000056e+00 5.091822547605617366e+00 4.578812351415935566e+00 4.707247950349544574e+00 3.715187184797422937e+00 3.228053534550593628e+00 5.349570002108215760e+00 5.349570002108215760e+00 5.349570002108215760e+00 5.349570002108215760e+00
-7.951246114303829771e+00 -6.142001983808335730e+00 -4.252230188095686536e+00 -1.773637131714325355e+00 -2.250651284680735831e+00 7.258465499453381486e-01 3.471619050135164031e+00 3.871442290800181318e+00 4.120658462209585871e+00 3.224213326351049513e+00 3.365960923503783064e+00 3.168685540068798545e+00 3.950555979281946239e+00 5.159158359538293048e+00 5.353331901668951787e+00 5.353331901668951787e+00 5.353331901668951787e+00 5.353331901668951787e+00
-7.401309079115507394e+00 -6.023576275833982585e+00 -4.103787060847182921e+00 -1.704113637573415607e+00 -1.787091109051383908e+00 2.004313613466250033e+00 3.123543545949984956e+00 3.820315144719093059e+00 3.776924028595639804e+00 1.780222562039990963e+00 1.529291762541349797e+00 1.567883202126241216e+00 2.819929479470779210e+00 4.292614628934809495e+00 5.130742291325747217e+00 5.130742291325747217e+00 5.130742291325747217e+00 5.130742291325747217e+00
-7.915312914645802778e+00 -6.096956679516658539e+00 -3.784047739993138038e+00 -2.664344192092510166e+00 -1.551683068560556489e+00 2.377371799748204229e+00 3.040037051867153117e+00 4.050206974937198723e+00 3.080594201684729860e+00 1.542528643761845730e+00 7.618135116369649795e-01 1.003370481160233973e+00 1.996982935899586087e+00 3.645453374698663485e+00 5.352381655480138889e+00 5.352381655480138889e+00 5.352381655480138889e+00 5.352381655480138889e+00
-8.197560580213680836e+00 -6.230114577143001320e+00 -3.959702292807725676e+00 -1.563941853874573296e+00 -1.601255482663698215e+00 2.111946904305811668e+00 3.119202998507307534e+00 4.007815448952631421e+00 3.002892126000450634e+00 1.411206957894038272e+00 5.895492656292329325e-01 3.834879268855218570e-01 1.281897149152217974e+00 3.345237185141193947e+00 5.237142811831104972e+00 5.237142811831104972e+00 5.237142811831104972e+00 5.237142811831104972e+00
-8.059902216427763832e+00 -6.255571924012922835e+00 -3.917300990990379095e+00 -1.835411792014970844e+00 -1.349475726992350078e+00 2.259437233351998309e+00 3.174393324444748643e+00 4.068629508864114008e+00 2.797289928848480933e+00 1.194598019335983308e+00 -2.553267736134843702e+00 -1.545869165811747159e+00 1.204539462646401438e+00 3.197928610417492656e+00 5.188223488573144415e+00 5.188223488573144415e+00 5.188223488573144415e+00 5.188223488573144415e+00
-8.075380910760371123e+00 -6.860341814661254034e+00 -4.632330583978264471e+00 -2.735582787378960212e+00 -1.641544272194228604e+00 8.853762398688707069e-01 3.149946241050719742e+00 3.942520541638513176e+00 2.340654914822313692e+00 8.102938264783973166e-01 -2.552066350897848945e+00 -1.532037934925451150e+00 1.237822566494729992e+00 3.511592837007904144e+00 5.404779017156185361e+00 5.404779017156185361e+00 5.404779017156185361e+00 5.404779017156185361e+00
-8.031904642575053543e+00 -7.164726025783878072e+00 -4.948727031810497223e+00 -2.861151022451527748e+00 -1.366940377895834224e+00 -1.079667518441684404e+00 3.172792926103874755e+00 3.725190703313765894e+00 2.053764179499621534e+00 -1.760949139969587796e+00 -2.648218574307878548e+00 -1.183002677204144870e+00 1.244473584780466435e+00 3.750886219611999195e+00 5.267208037719042224e+00 5.267208037719042224e+00 5.267208037719042224e+00 5.267208037719042224e+00
-7.940712340336773423e+00 -7.112251537251234268e+00 -5.563979887221146114e+00 -3.984882911323393451e+00 -2.975370036194465051e+00 -1.677424086362918176e+00 8.284118763299546107e-01 2.968754003666937979e+00 1.916803655748159141e+00 -3.716419447818131161e+00 -2.361457471693827692e+00 -4.849892612728331498e-01 1.455559126686715832e+00 3.732012762949786122e+00 5.443451743699505130e+00 5.443451743699505130e+00 5.443451743699505130e+00 5.443451743699505130e+00
-8.301919156501634589e+00 -7.715192484220843028e+00 -6.453684306382563740e+00 -4.889529621203658749e+00 -3.011230650613198279e+00 -1.984671082133989017e+00 -8.768240643228742970e-01 2.259059581685604279e+00 1.524343246798407048e+00 -3.244621921058040925e+00 -1.460367655687161426e-01 1.014628681071635841e+00 1.842476745673315097e+00 4.124331902120875526e+00 5.365383328522344897e+00 5.365383328522344897e+00 5.365383328522344897e+00 5.365383328522344897e+00
-8.709647842585837907e+00 -7.747200943911696669e+00 -6.798419079047075542e+00 -5.455427817282760827e+00 -4.140771008969461597e+00 -2.582272440096592625e+00 -2.150641675234554739e+00 1.598797838956249051e-01 1.844844872457166218e+00 -2.977932415720569992e-01 4.468035814883054568e-01 3.022916578513832331e-01 2.208483236398147476e+00 4.644510460268689300e+00 5.262477703643867244e+00 5.262477703643867244e+00 5.262477703643867244e+00 5.262477703643867244e+00
-9.071276197036183930e+00 -8.209154994542705808e+00 -7.374211779254497223e+00 -6.299410937139204414e+00 -5.073972486435844864e+00 -3.899306349378891312e+00 -1.760843793962254544e+00 -1.549282946878295819e+00 1.042812999604796786e+00 1.458181739337129912e+00 4.223463942342781108e-01 4.100107072125326324e-01 1.853784458686291270e+00 4.761545561978460128e+00 5.213558380385900470e+00 5.213558380385900470e+00 5.213558380385900470e+00 5.213558380385900470e+00
-9.337425565035573527e+00 -8.495925630786398841e+00 -7.954361379680785049e+00 -7.261360349732401076e+00 -6.213566088258565046e+00 -4.982656272647385975e+00 -2.681586302568334190e+00 -2.162757391339592772e+00 -1.093040845962620078e-01 9.669568378330501979e-01 9.587710474657377135e-01 5.021449245042853837e-01 1.167996632480579500e+00 4.103907936436865356e+00 5.128191244619390687e+00 5.128191244619390687e+00 5.128191244619390687e+00 5.128191244619390687e+00
-9.902490131397117423e+00 -8.951901964733073314e+00 -8.527968405186305390e+00 -8.067981616110122545e+00 -7.332006121789769182e+00 -6.414087513156210285e+00 -4.517089908033079304e+00 -2.265895861358396601e+00 -1.923710740286048271e+00 6.500855624469978888e-01 1.136708668662357979e+00 9.820102290076377916e-01 1.005068275051509835e-01 3.918467698656017184e+00 5.342149437329059225e+00 5.342149437329059225e+00 5.342149437329059225e+00 5.342149437329059225e+00
-1.030104926000649712e+01 -9.806684307942610701e+00 -9.299819494988012636e+00 -8.813711608047418267e+00 -8.259576465371200271e+00 -7.200236115457623320e+00 -5.500119971689431786e+00 -3.099284103563750392e+00 -2.569530290875402301e+00 -2.048526257276877816e-01 9.621576331980692398e-01 1.131477473952472446e+00 3.432004089109901290e-01 4.408078639541027854e+00 5.439637543593060620e+00 5.439637543593060620e+00 5.439637543593060620e+00 5.439637543593060620e+00
-1.035777067269662055e+01 -1.001284475273296515e+01 -9.558788867299682579e+00 -9.138908874975069097e+00 -8.563335979553240662e+00 -7.638399967673903390e+00 -6.330401528762141794e+00 -3.924120559238736483e+00 -2.751334519634420328e+00 -2.225424571048285838e+00 6.994038522533192470e-01 1.023868314450724792e+00 7.784127548521901918e-01 3.791493891584219789e+00 5.336731918714588296e+00 5.336731918714588296e+00 5.336731918714588296e+00 5.336731918714588296e+00
-1.038240644359035159e+01 -1.010002040626237019e+01 -9.715744233414666198e+00 -9.293456658197788656e+00 -8.792407828926727120e+00 -7.885195662364085756e+00 -6.626994239585905611e+00 -5.281685983285555608e+00 -3.137835231843708605e+00 -2.636217101799568141e+00 -2.232594002497322386e-02 1.214442379470992206e+00 5.647598651587376617e-01 2.847966992663519825e+00 5.287812595456629516e+00 5.287812595456629516e+00 5.287812595456629516e+00 5.287812595456629516e+00
-1.042734280277747416e+01 -1.013830256575033850e+01 -9.704374053279636314e+00 -9.420618400272731563e+00 -8.920765815445339086e+00 -8.066134896840639001e+00 -6.856678723687570809e+00 -5.578797858534830567e+00 -3.891563593578566405e+00 -2.313910550412655365e+00 -1.404912370611972383e+00 7.496783733759908586e-01 5.130861057665504488e-01 2.632366135299607279e+00 5.238893272198666295e+00 5.238893272198666295e+00 5.238893272198666295e+00 5.238893272198666295e+00
-1.043949019614576201e+01 -1.013146464948353653e+01 -9.877711009682654364e+00 -9.485356480249985012e+00 -9.037998415438236677e+00 -8.267801069902370514e+00 -7.034712960987021368e+00 -5.720364380920191394e+00 -4.797948096235224114e+00 -2.179295863352948004e+00 -2.163711166078463144e+00 2.239216417372781875e-01 7.198376666437468208e-01 2.759684362548100456e+00 5.205810109947177189e+00 5.205810109947177189e+00 5.205810109947177189e+00 5.205810109947177189e+00
-1.048486018231388073e+01 -1.018950115084303576e+01 -9.823604541039809845e+00 -9.493988044925263381e+00 -9.132688909171589486e+00 -8.400847253633520140e+00 -7.166124135192542433e+00 -5.767681142580485698e+00 -5.074629584117415604e+00 -2.905027996817452163e+00 -2.690235963503555094e+00 7.529013493313453653e-03 5.360122748362038392e-01 2.381647611757029992e+00 5.513891758663780784e+00 5.513891758663780784e+00 5.513891758663780784e+00 5.513891758663780784e+00
-1.050179251466063057e+01 -1.020619631907790037e+01 -9.924855996944373260e+00 -9.571638628984253216e+00 -9.159194853223581845e+00 -8.565477179191343993e+00 -7.327611837097199654e+00 -5.820903539581519404e+00 -4.967736323620985495e+00 -3.337925767848922032e+00 -2.171154717163390924e+00 -4.107850474460565393e-01 1.608574610796380255e-02 2.343721455412881127e+00 5.464972435405822893e+00 5.464972435405822893e+00 5.464972435405822893e+00 5.464972435405822893e+00
-1.052660756158199717e+01 -1.027342569139663908e+01 -9.910727242237554080e+00 -9.595038713431325306e+00 -9.251347715743634126e+00 -8.583037274987939114e+00 -7.375956310707053376e+00 -5.912619563614398110e+00 -5.093146699829727453e+00 -3.020208413648910462e+00 -3.115949887823067588e+00 -1.363050044202237743e+00 3.106609494712566089e-01 2.235581678618849377e+00 5.362066810527344352e+00 5.362066810527344352e+00 5.362066810527344352e+00 5.362066810527344352e+00
-1.058189217977203711e+01 -1.026137713747328561e+01 -9.941114273629178655e+00 -9.641155821585419616e+00 -9.261296706353000729e+00 -8.679742184362403634e+00 -7.601497240224861507e+00 -5.926497828666694723e+00 -5.165096091188724259e+00 -3.640124254775567891e+00 -3.333751327682155541e+00 -1.811939151875570531e+00 -4.825771394414193199e-02 2.282116535332451512e+00 5.314008369164141321e+00 5.314008369164141321e+00 5.314008369164141321e+00 5.314008369164141321e+00
-1.059695459325563682e+01 -1.028230653220121837e+01 -9.986601387843876410e+00 -9.643085746812184667e+00 -9.300833388690993075e+00 -8.865600750726184032e+00 -7.568132656154865856e+00 -5.892160125057243292e+00 -5.197871185703529129e+00 -3.753753979406456498e+00 -3.710561332167076287e+00 -2.163440992098507820e+00 -3.479540458804937231e-01 2.452828625582872402e+00 5.033081273004295753e+00 5.033081273004295753e+00 5.033081273004295753e+00 5.033081273004295753e+00
