-1.018317003355554462e+01 -1.016121531139058121e+01 -1.005148697850381723e+01 -9.730620789236628099e+00 -9.419159019348452233e+00 -9.123077990578062568e+00 -8.625099337968878288e+00 -7.549799527880796113e+00 -5.837444794688727789e+00 -4.388035320526116223e+00 -3.894326620127166017e+00 -2.241694284582459673e+00 -7.975615967835539832e-01 2.444504064994434067e+00 5.072123286029905920e+00 5.072123286029905920e+00 5.072123286029905920e+00 5.072123286029905920e+00
-1.022399066686947933e+01 -1.014792382199162013e+01 -9.953618757588809984e+00 -9.832530873796239135e+00 -9.535038700456210492e+00 -9.067642554510715769e+00 -8.403597297846625125e+00 -7.315927763367792380e+00 -5.679650134102344872e+00 -4.508869048139744429e+00 -3.817380266185375959e+00 -2.198408743914640695e+00 -5.859429340403170539e-01 2.605323390133763350e+00 5.157800115764222149e+00 5.157800115764222149e+00 5.157800115764222149e+00 5.157800115764222149e+00
-1.028056140852668854e+01 -1.011824154732921777e+01 -9.852719031468975430e+00 -9.618915509180713030e+00 -9.555733159848786684e+00 -9.261769755913313418e+00 -8.238034321167276630e+00 -7.233049952728869414e+00 -5.657208511096189163e+00 -4.265894567389449499e+00 -3.542090849855958012e+00 -2.251666556382371898e+00 -3.301279751839891197e-01 2.568067356409005964e+00 5.161259271460980180e+00 5.161259271460980180e+00 5.161259271460980180e+00 5.161259271460980180e+00
-1.033891471219573432e+01 -1.018364745424720041e+01 -1.003626770637314891e+01 -9.527601126586047187e+00 -9.357531814708448081e+00 -9.196390181265353903e+00 -8.379698262878541470e+00 -6.984517846962177146e+00 -5.560435036313188917e+00 -4.122370334247759338e+00 -2.591890659088142534e+00 -2.152809898520953169e+00 8.240003041985305421e-02 2.428985790289102553e+00 5.307926763766097622e+00 5.307926763766097622e+00 5.307926763766097622e+00 5.307926763766097622e+00
-1.032948722077011361e+01 -1.028886504437688743e+01 -1.007210403510461916e+01 -9.719313701809706885e+00 -9.221629091592394190e+00 -8.890444948839014927e+00 -8.340693780424675907e+00 -6.916705667507820898e+00 -5.548390744439800848e+00 -3.221491150364427014e+00 -2.125476262478883882e+00 -7.592360742612630498e-01 5.795491503981953230e-01 2.641373076336611447e+00 5.162932234548092580e+00 5.162932234548092580e+00 5.162932234548092580e+00 5.162932234548092580e+00
-1.037504435320911611e+01 -1.008722041969346428e+01 -1.004555869662106460e+01 -9.937222694631126174e+00 -9.539895827900711112e+00 -8.887948222997446024e+00 -8.057868218465667809e+00 -6.793047993364469406e+00 -4.877396677068351671e+00 -1.952896822485785444e+00 -9.300038914635889720e-01 -2.428241431548748830e-01 6.975187031809123583e-01 2.424179116237767495e+00 5.055170400412346332e+00 5.055170400412346332e+00 5.055170400412346332e+00 5.055170400412346332e+00
-1.032104060896173614e+01 -1.022318406042037253e+01 -1.004762189325959909e+01 -9.752723610652864750e+00 -9.489753742250721658e+00 -8.724603352332003681e+00 -7.809083515037981371e+00 -6.637107277094822066e+00 -2.212712786958642042e+00 -1.629844021626319250e+00 2.581508112223442897e-01 1.401891288051001938e+00 1.511817176573311494e+00 3.526218480706804215e+00 4.913269773985151190e+00 4.913269773985151190e+00 4.913269773985151190e+00 4.913269773985151190e+00
-1.047909361882944523e+01 -1.009466303291260836e+01 -9.943709349948711917e+00 -9.793471433183086106e+00 -9.316541459549767978e+00 -7.960827055090891946e+00 -6.958895193981990523e+00 -2.289844973923381932e+00 -1.506867232043361593e+00 1.939371417682982379e-01 1.462599189577733272e+00 2.249746728954744590e+00 1.571069422475031230e+00 4.482585477683801223e+00 5.396191416528644424e+00 5.396191416528644424e+00 5.396191416528644424e+00 5.396191416528644424e+00
-1.055079312822913096e+01 -1.032172929333121836e+01 -9.730683774744861125e+00 -9.210967869397762797e+00 -7.913862087165005832e+00 -7.734998447346308481e+00 -3.307433513087504551e+00 -1.940441412158539825e+00 1.266753984781111564e-01 1.782076488983541207e+00 2.228235711837083688e+00 3.042442483662902930e+00 3.499820820345510786e+00 4.917758386868010589e+00 6.971904595210256517e+00 6.971904595210256517e+00 6.971904595210256517e+00 6.971904595210256517e+00
-1.027152814953775106e+01 -9.877181916218848556e+00 -9.441782463165083072e+00 -8.369847571083155913e+00 -7.789490946530162496e+00 -4.464965926806825358e+00 -2.018471210778016722e+00 -2.157777773537808974e-01 1.975683000033772840e+00 2.477348837055612041e+00 3.233759587924279089e+00 3.579055693551266515e+00 5.093776073643168090e+00 5.088031766091571484e+00 6.191161203587093986e+00 6.191161203587093986e+00 6.191161203587093986e+00 6.191161203587093986e+00
-1.024967527245348009e+01 -9.367841521062146626e+00 -8.513752838343139118e+00 -8.495976795767163026e+00 -7.528356371473888586e+00 -2.121752265189029707e+00 -4.255665033778405215e-01 1.922098058196259451e+00 2.803626625433846886e+00 3.289182404588777864e+00 3.281478987705965800e+00 4.778737231030060428e+00 3.311405853804057386e+00 2.447994928592768460e+00 5.231781430891515150e+00 5.231781430891515150e+00 5.231781430891515150e+00 5.231781430891515150e+00
-9.353984244876759391e+00 -8.736764481098930446e+00 -7.938770253207438898e+00 -7.787679346307111672e+00 -3.186866189937926030e+00 -1.618880167596581376e+00 6.180859735949864042e-01 2.320638545981227097e+00 3.178902380803651617e+00 3.333311955479253186e+00 4.700073599245579103e+00 2.537398849302853421e+00 6.653974063568378616e-01 2.560660864220118960e+00 5.216839899488267207e+00 5.216839899488267207e+00 5.216839899488267207e+00 5.216839899488267207e+00
-9.809001159320473562e+00 -8.316641985350997857e+00 -7.217135169575778164e+00 -5.882199984944644910e+00 -2.319214346796699022e+00 -4.895662833151749604e-02 2.359210313297229522e+00 3.266612719282442345e+00 3.470282802147989010e+00 4.308677555994125719e+00 4.765942193698826657e+00 -1.952743174226265754e-01 4.088029914699545242e-01 2.551179107457097306e+00 5.595560023912025116e+00 5.595560023912025116e+00 5.595560023912025116e+00 5.595560023912025116e+00
-9.852591398123408339e+00 -7.650883142444548035e+00 -5.612189647595142716e+00 -2.312779302084715383e+00 -1.227256109043068921e+00 1.516969996201485094e+00 3.108035789323116305e+00 3.369956362315482234e+00 3.529364330089651336e+00 5.122045933813819119e+00 2.315657808194178102e+00 -1.798926686903917993e+00 2.961609333934136501e-01 2.780298816543247842e+00 5.386820062591605840e+00 5.386820062591605840e+00 5.386820062591605840e+00 5.386820062591605840e+00
-9.491611619478039330e+00 -7.558293775268706938e+00 -3.358507382249409812e+00 -2.400586650388611965e+00 3.336061459521962869e-01 2.687392086573506145e+00 3.264436201527440851e+00 3.355149154108200804e+00 3.767369903824996591e+00 5.882054947936824263e+00 4.363866776092351962e+00 -7.484826262690801313e-01 5.438959485950880524e-01 2.826882035189041797e+00 5.560424013909705643e+00 5.560424013909705643e+00 5.560424013909705643e+00 5.560424013909705643e+00
-9.253523891643347099e+00 -6.033953765645734713e+00 -2.897902873974660842e+00 -1.488106458590998660e+00 1.393508324045629410e+00 3.163000245627189955e+00 3.244634404085151580e+00 3.267765834114710000e+00 4.323289381043937674e+00 6.172111019532923848e+00 6.180430130113953702e+00 1.693551556181753570e+00 5.172339374060638262e-01 2.846503191370694630e+00 6.071267707984149276e+00 6.071267707984149276e+00 6.071267707984149276e+00 6.071267707984149276e+00
-8.372462230749903256e+00 -4.862677541589086161e+00 -1.766459294538631930e+00 -2.794866612097404168e-01 1.753027616418649792e+00 3.306348819613281531e+00 3.383246026563874409e+00 3.470014650248391064e+00 4.332228457309853731e+00 4.981402413729992595e+00 4.690688374371139169e+00 4.887965856508378337e+00 4.236047198298938277e+00 3.020702130706655719e+00 5.794424100355537455e+00 5.794424100355537455e+00 5.794424100355537455e+00 5.794424100355537455e+00
-7.234625626267438214e+00 -4.457696821013586330e+00 -1.378030890706912537e+00 4.840154370709703890e-02 2.413161679813841776e+00 2.832178035000771921e+00 3.543764142810203577e+00 3.985546062911540677e+00 4.295463825314070228e+00 3.313542598814935847e+00 3.268227876292537193e+00 3.262430311336188105e+00 4.086005575159630254e+00 5.264272227956881878e+00 6.021752681696693088e+00 6.021752681696693088e+00 6.021752681696693088e+00 6.021752681696693088e+00
-7.839439386123975062e+00 -4.646150810740179438e+00 -1.487390428103035678e+00 6.583931021316664634e-01 2.751998126927568844e+00 3.380313334045591311e+00 3.421923758190076548e+00 4.185885837204992299e+00 3.947126832027233245e+00 1.784848857664834698e+00 1.075319481681279221e+00 1.483903447423130295e+00 2.868531372894652431e+00 4.546097603776352969e+00 5.956600778102833615e+00 5.956600778102833615e+00 5.956600778102833615e+00 5.956600778102833615e+00
-7.932733544413240523e+00 -4.987603183209192714e+00 -1.434768896867464338e+00 7.039784570441403044e-01 2.855111312086728415e+00 3.364459151479342047e+00 3.397668715220623525e+00 4.321298066641189983e+00 3.228503377798910723e+00 1.432221106986780068e+00 -1.023810884026652213e+00 8.735493262684113080e-01 2.042400270841715937e+00 3.707073336689973964e+00 5.892501547348715896e+00 5.892501547348715896e+00 5.892501547348715896e+00 5.892501547348715896e+00
-7.829492459934948911e+00 -5.503254601123348522e+00 -1.838343700801363889e+00 6.819398509659233554e-01 2.817908611852626422e+00 3.313561428194688130e+00 3.343540707183896288e+00 4.311221286800086538e+00 3.112052192937052819e+00 1.375490449344029198e+00 -1.045401906533216518e+00 4.988354904909005072e-02 1.316114704101575050e+00 3.474103748758616828e+00 5.930491284038407862e+00 5.930491284038407862e+00 5.930491284038407862e+00 5.930491284038407862e+00
-7.850356879830371781e+00 -6.315125263683550649e+00 -1.723053684229107985e+00 7.899153079203782291e-01 2.533019684792196635e+00 3.455501020317840677e+00 3.428849972146299496e+00 4.403226905078219566e+00 2.805983311292394422e+00 6.430780606519425069e-01 -2.850500883330205681e+00 -1.819623094325306223e+00 1.225115075510610829e+00 3.317545115337972028e+00 5.876584993012057723e+00 5.876584993012057723e+00 5.876584993012057723e+00 5.876584993012057723e+00
-8.073176667786620797e+00 -6.072222724457443377e+00 -1.730714573794202682e+00 5.019313324926556463e-01 2.508945010138285969e+00 3.406352363820015938e+00 3.448157443055338334e+00 4.287003909766230692e+00 2.386683126568760915e+00 -1.168656891781040708e+00 -2.865609404784383862e+00 -1.721570832420094455e+00 1.324041201408803214e+00 3.589748184175364898e+00 5.887958349664899949e+00 5.887958349664899949e+00 5.887958349664899949e+00 5.887958349664899949e+00
-7.870012583394959904e+00 -6.822892657144882023e+00 -2.393964550142645642e+00 -1.255705442952022022e-01 2.215850231403095894e+00 3.343906176514034989e+00 3.397626649451695346e+00 4.014589595187436188e+00 2.043923681757724875e+00 -4.175120553954461577e+00 -3.167045897744022120e+00 -1.300736590349498067e+00 1.254677715120630310e+00 3.843366015155462723e+00 5.842181295286497544e+00 5.842181295286497544e+00 5.842181295286497544e+00 5.842181295286497544e+00
-8.131573771053975719e+00 -7.494140139653980626e+00 -3.229716644265311576e+00 -8.422215335067169129e-01 1.808869976963676685e+00 3.256396942793863492e+00 3.397122998221963730e+00 3.299458615698179997e+00 1.588449259268094105e+00 -4.385092532579175639e+00 -2.854692293018537885e+00 -9.876950061832323602e-01 1.617775872263570669e+00 3.827420731359004513e+00 5.767666351212210607e+00 5.767666351212210607e+00 5.767666351212210607e+00 5.767666351212210607e+00
-8.157839913197346249e+00 -7.671312095176135770e+00 -5.195251799396809034e+00 -1.290896126656469356e+00 5.838130204408581436e-01 2.639174184181819260e+00 3.214832042603798623e+00 2.943064783712788568e+00 1.051593591659504279e+00 -4.357800675599933449e+00 -2.171015588487367420e+00 1.058490642586954911e+00 1.991789601274875698e+00 4.197871871698676038e+00 5.724591476850924288e+00 5.724591476850924288e+00 5.724591476850924288e+00 5.724591476850924288e+00
-8.794924150765853099e+00 -7.676313708928315549e+00 -7.023919315985858169e+00 -2.591609326008520675e+00 -8.235043654605628261e-01 7.511811652421094276e-01 1.961720711512899618e+00 1.817321846172880395e+00 1.035121030668488595e+00 -2.159943360540908852e+00 -2.405435130286881495e+00 4.551253980956888046e-01 2.393483723779780803e+00 4.345947956893898123e+00 5.609549810445353835e+00 5.609549810445353835e+00 5.609549810445353835e+00 5.609549810445353835e+00
-9.062754777874150847e+00 -8.542388374229991754e+00 -7.475917802236825338e+00 -4.950472856623395757e+00 -2.024476549850489526e+00 -1.291986769797427659e+00 -5.295049737070063323e-01 3.453243607874787457e-01 2.308107981412064469e-01 -2.653685626134350439e+00 -2.554443222902782473e+00 -1.292785510227825618e+00 1.939294021737720142e+00 4.451557582650650602e+00 5.620520569043216064e+00 5.620520569043216064e+00 5.620520569043216064e+00 5.620520569043216064e+00
-9.301516522506370066e+00 -8.690903899668780852e+00 -8.030441407757166417e+00 -7.414368391260529378e+00 -5.980984436730369502e+00 -3.799610673891022472e+00 -2.088440488878732459e+00 -1.447748347307480810e+00 -1.375255283912319992e+00 -1.389695727927624080e+00 -3.510731534362883544e+00 -9.847427214872093160e-01 1.556124422898493398e+00 4.146429832545516447e+00 5.519099753355329874e+00 5.519099753355329874e+00 5.519099753355329874e+00 5.519099753355329874e+00
-1.040397022181941544e+01 -9.003735715056368605e+00 -8.842982641477918904e+00 -8.476496781909855116e+00 -7.637853586602581402e+00 -6.666718480637939592e+00 -5.677211604610659101e+00 -4.399626375029885850e+00 -4.192830715295441379e+00 -3.860024610577545978e+00 -2.594115259174871735e+00 -1.403913480343549125e+00 7.876006476032245684e-01 4.181886435707971472e+00 5.379463431051995315e+00 5.379463431051995315e+00 5.379463431051995315e+00 5.379463431051995315e+00
-1.047889571121362806e+01 -1.005187776660483046e+01 -9.637951923252142450e+00 -9.234925399421708647e+00 -8.867752904392792956e+00 -7.246799361416014662e+00 -5.730190304841547011e+00 -5.754015265390435729e+00 -5.103804117739023205e+00 -4.558324408114991400e+00 -3.003192357775412269e+00 -1.933542379489563423e+00 5.359933431764616341e-01 4.503149089631431679e+00 5.234135017056853023e+00 5.234135017056853023e+00 5.234135017056853023e+00 5.234135017056853023e+00
-1.060385819806070451e+01 -1.026210770769832337e+01 -9.846675654062188698e+00 -9.620298981221568013e+00 -9.250285629912903929e+00 -7.925366917762293184e+00 -5.943899570128907683e+00 -5.962433806337415376e+00 -5.129893506671994174e+00 -4.836209854890229920e+00 -2.821709151545823246e+00 -2.438478868440225433e+00 3.256180921200007017e-01 4.342964321221213453e+00 5.377438756869384662e+00 5.377438756869384662e+00 5.377438756869384662e+00 5.377438756869384662e+00
-1.061850370004285082e+01 -1.027858907767848606e+01 -9.997639376188944382e+00 -9.708156604088836517e+00 -9.380138876304375373e+00 -8.385876158379444334e+00 -6.033137868553404282e+00 -5.784548062744853780e+00 -5.262292237202883527e+00 -4.602163368448648484e+00 -3.053631072996330964e+00 -2.108164162420190557e+00 6.725509614290751115e-01 3.555654270627076396e+00 5.101513755498590541e+00 5.101513755498590541e+00 5.101513755498590541e+00 5.101513755498590541e+00
-1.052972440862717463e+01 -1.037694316330907363e+01 -9.922443731434682945e+00 -9.707047115740627063e+00 -9.399867205395416647e+00 -8.631880274784290208e+00 -6.187386773633491543e+00 -6.208151163306848019e+00 -5.404646656722152720e+00 -4.489239918412618380e+00 -3.139258831639768488e+00 -1.873275870280533439e+00 6.539250776119628350e-01 3.415366637117883464e+00 5.448692381438883459e+00 5.448692381438883459e+00 5.448692381438883459e+00 5.448692381438883459e+00
-1.053095593671089247e+01 -1.040199905339612130e+01 -9.977594066086059144e+00 -9.799036598238597406e+00 -9.424844036081033494e+00 -8.779668479170387840e+00 -6.741734876588618697e+00 -6.084686933595174096e+00 -5.608026026188610125e+00 -4.595282116381787851e+00 -3.119320294442158747e+00 -2.654983985549629111e+00 4.582345682012597954e-01 3.512167690073734860e+00 5.593585146311688128e+00 5.593585146311688128e+00 5.593585146311688128e+00 5.593585146311688128e+00
-1.064956896072933645e+01 -1.029278810346679052e+01 -1.001430916268362736e+01 -9.731226722048267774e+00 -9.418858550207236391e+00 -8.967851504056637779e+00 -6.960466180757696186e+00 -5.930994753877887327e+00 -5.916763903328871699e+00 -5.009467473376509439e+00 -2.993598260068896622e+00 -2.924382561489501597e+00 3.899732526337228444e-01 3.130200665084974965e+00 5.406755420687834324e+00 5.406755420687834324e+00 5.406755420687834324e+00 5.406755420687834324e+00
-1.063372963713916164e+01 -1.033109731088113037e+01 -1.006654761980067292e+01 -9.775915628454347583e+00 -9.450554017052692046e+00 -9.035756302788310990e+00 -7.478058934998269791e+00 -5.872889168827750694e+00 -5.677391009989790405e+00 -5.336505925325289112e+00 -3.354817178917465004e+00 -2.654982015924326699e+00 6.192555338951509780e-01 3.143081258677290712e+00 5.451121215230445571e+00 5.451121215230445571e+00 5.451121215230445571e+00 5.451121215230445571e+00
-1.070753080240128519e+01 -1.042604933634536835e+01 -1.006213183208071271e+01 -9.785720652722671886e+00 -9.506340200880881497e+00 -8.959295529505782341e+00 -7.752811721664827793e+00 -6.195181533386473482e+00 -5.897612854156790263e+00 -5.384455722459860816e+00 -3.792051247123735980e+00 -2.791878831205901523e+00 5.718515854151597910e-01 3.014144337123367379e+00 5.264291489606591767e+00 5.264291489606591767e+00 5.264291489606591767e+00 5.264291489606591767e+00
-1.073424787438189121e+01 -1.039605379286605746e+01 -1.005517054313171776e+01 -9.878157059502644444e+00 -9.569056662615960107e+00 -9.040847611310756093e+00 -7.919222430631783993e+00 -6.077689607623104173e+00 -5.951843114274437241e+00 -5.478319432009117307e+00 -3.561914556579902857e+00 -2.346857896999651416e+00 9.531028468603547354e-02 3.075867109390751697e+00 5.240979336144353518e+00 5.240979336144353518e+00 5.240979336144353518e+00 5.240979336144353518e+00
-1.071021252326431394e+01 -1.041014983111092462e+01 -1.007371176190641293e+01 -9.825226409853463849e+00 -9.563647633611546794e+00 -9.163692805146780529e+00 -8.125001970249213556e+00 -5.856391565132483379e+00 -5.962579225952165274e+00 -5.302585116313414559e+00 -3.262318372711971115e+00 -2.232278682433228134e+00 -1.403111052265255676e-01 3.022515839742538013e+00 5.214579400224828021e+00 5.214579400224828021e+00 5.214579400224828021e+00 5.214579400224828021e+00
