-1.049181000398445107e+01 -1.030708367084441868e+01 -9.944997831225716567e+00 -9.616709836537577161e+00 -9.325982367030476894e+00 -8.952685475637967016e+00 -8.372588469926736110e+00 -7.076351416403635852e+00 -3.598877246850315181e+00 -3.675999583070301391e+00 -1.960988122115726373e+00 -4.602776784254701270e-01 1.196432384282633876e+00 2.051103415445128419e+00 5.326892342786573309e+00 5.326892342786573309e+00 5.326892342786573309e+00 5.326892342786573309e+00
-1.044070332152599967e+01 -1.024448523739641459e+01 -1.000452593027698711e+01 -9.757810001857222915e+00 -9.401744417812775367e+00 -8.883327167561311910e+00 -8.100751105868981838e+00 -6.654149916481211235e+00 -3.378630778662776724e+00 -4.270173489888215101e+00 -1.689203876447210817e+00 -4.950727526225695563e-01 1.118714106192565616e+00 1.924003416154063562e+00 5.196644967151925698e+00 5.196644967151925698e+00 5.196644967151925698e+00 5.196644967151925698e+00
-1.017341850642212719e+01 -9.902286129654489955e+00 -9.882145882775011714e+00 -9.821760448009715816e+00 -9.576529401189102231e+00 -9.023390446469685244e+00 -8.090513960283095329e+00 -6.382357389086568134e+00 -3.013934002726242678e+00 -4.367558751811229101e+00 -7.050859795411268394e-01 -4.499907892220910144e-01 1.680642797750751427e+00 2.004741107498150043e+00 4.948057529084926465e+00 4.948057529084926465e+00 4.948057529084926465e+00 4.948057529084926465e+00
-1.043974507199192558e+01 -1.022395513537983014e+01 -9.707476392241634500e+00 -9.353232835269412959e+00 -9.300998020995683291e+00 -9.134213669408268288e+00 -8.091399205701661046e+00 -5.833217112068218135e+00 -2.324419443258936013e+00 -3.877214611265338284e+00 -2.081988586366499971e-01 2.946896555957004282e-02 1.501166918010453433e+00 2.133559524043427302e+00 4.945535714903791735e+00 4.945535714903791735e+00 4.945535714903791735e+00 4.945535714903791735e+00
-1.051575067768241212e+01 -1.022675072856416101e+01 -9.950719501183851179e+00 -9.540248421443671134e+00 -8.967778788748553609e+00 -8.606167331141961085e+00 -7.927834972470723329e+00 -4.823233017971338299e+00 -2.587978187296771981e+00 -3.056611256251706266e+00 -2.893622669918801890e-02 1.318195260317469364e+00 1.478738874922162827e+00 2.327044958138191344e+00 4.806537013111310763e+00 4.806537013111310763e+00 4.806537013111310763e+00 4.806537013111310763e+00
-1.030743862933360511e+01 -1.018326180225159661e+01 -1.015682110402783067e+01 -9.834300826348007618e+00 -9.285612075134261900e+00 -8.452449741057767696e+00 -7.737557341697254287e+00 -3.463663878838804777e+00 -4.033960035942647515e+00 -1.470833218678857524e+00 1.744729208514340657e-01 1.390171658570563906e+00 1.616576962014580676e+00 2.097857424148264815e+00 4.484632742030506769e+00 4.484632742030506769e+00 4.484632742030506769e+00 4.484632742030506769e+00
-1.052007063514048113e+01 -1.023515713576640174e+01 -1.007464551401204567e+01 -9.772502570083462459e+00 -9.264570964605592707e+00 -8.444371585709095740e+00 -6.693529720209794753e+00 -2.792407975666995945e+00 -4.150035506320659096e+00 -5.569795394518448628e-01 8.661868758163808746e-01 1.861445565930956780e+00 1.679238849913473164e+00 3.098463614629882734e+00 4.381723208394422642e+00 4.381723208394422642e+00 4.381723208394422642e+00 4.381723208394422642e+00
-1.034590077860259250e+01 -1.013844121404106957e+01 -1.008402428983003318e+01 -9.682389867692872798e+00 -9.162459201461121694e+00 -8.224305731909387518e+00 -4.971460394337418265e+00 -3.458429097482895287e+00 -3.280820709724578066e+00 -1.890622194699760061e-01 1.764561574279933209e+00 1.983448378578182236e+00 1.858708624173093682e+00 4.269890400699303257e+00 5.137402562462058064e+00 5.137402562462058064e+00 5.137402562462058064e+00 5.137402562462058064e+00
-1.034788193395596068e+01 -1.000801850548216620e+01 -9.530531180336806685e+00 -9.269122136615322916e+00 -8.404869412860463740e+00 -7.032211923078856231e+00 -3.621983616319181642e+00 -4.351969366944669737e+00 -2.334896652391099892e+00 2.585468329403343146e-01 2.039280923392496447e+00 2.693704890891283732e+00 3.255552116036491306e+00 4.704520244463797241e+00 4.886689942772958872e+00 4.886689942772958872e+00 4.886689942772958872e+00 4.886689942772958872e+00
-1.055348570097000405e+01 -1.011649908352758054e+01 -9.325039514404245722e+00 -8.427736652938712325e+00 -7.435231456684899598e+00 -5.674263258746505834e+00 -2.381313444655373868e+00 -4.172731026868158999e+00 -5.027541087273161846e-01 1.813627717154666641e+00 2.753858512794661983e+00 3.378814527586218475e+00 4.874835258378666047e+00 4.970903010397850430e+00 5.265488812350080039e+00 5.265488812350080039e+00 5.265488812350080039e+00 5.265488812350080039e+00
-1.021125325768121073e+01 -9.601403075128112974e+00 -9.022515267295929675e+00 -8.375556875313233007e+00 -6.805380235791149701e+00 -4.141695367505064063e+00 -3.604391606194286002e+00 -2.740803235791431813e+00 2.421791269842825667e-01 2.731078508460944576e+00 2.968235265065841677e+00 4.550512740295738823e+00 3.058058779089070978e+00 2.308594288340169776e+00 5.324619342954312273e+00 5.324619342954312273e+00 5.324619342954312273e+00 5.324619342954312273e+00
-9.899449092062496902e+00 -9.102154340293150625e+00 -8.350878118007049267e+00 -8.038870545790102184e+00 -5.530979845325894040e+00 -2.777389190341226666e+00 -3.358052842533224336e+00 -1.338762947930745906e+00 1.372205580997518659e+00 3.176767876024756632e+00 4.335061669039631305e+00 3.734634709292672383e+00 2.076478767327196273e+00 2.455178824920347225e+00 5.257240240212690985e+00 5.257240240212690985e+00 5.257240240212690985e+00 5.257240240212690985e+00
-9.508695912432573394e+00 -8.682824824253035700e+00 -7.886203762724567135e+00 -6.538509838972769828e+00 -4.541976987976915403e+00 -3.191961295177762281e+00 -3.325254452691643436e+00 2.942035121012942511e-02 3.257816677180529474e+00 3.984946247659730822e+00 4.627862420974723889e+00 2.152816862055770830e+00 4.796794090610918548e-01 2.387459098358261755e+00 5.203307333156405257e+00 5.203307333156405257e+00 5.203307333156405257e+00 5.203307333156405257e+00
-1.000731702824099401e+01 -8.065963507388577369e+00 -6.929186712583350172e+00 -5.343471791851124308e+00 -3.165170034903070473e+00 -2.370661648023109969e+00 -2.809589192335592234e+00 3.831381246766583648e-01 3.247377598927316811e+00 4.932376430668119482e+00 3.333940530278569181e+00 -1.985073403880922571e+00 3.637353303696901907e-01 2.515826607401308035e+00 4.857469562773746752e+00 4.857469562773746752e+00 4.857469562773746752e+00 4.857469562773746752e+00
-9.549011637524914775e+00 -7.633590190229408989e+00 -6.049028756654782235e+00 -4.810095388581387965e+00 -2.326151938324147572e+00 -3.165511513609495342e+00 -8.017078819353806729e-01 2.561671258984441923e+00 3.444355070348154690e+00 5.421070215047206986e+00 4.372611898574485068e+00 -9.554569771562380076e-01 9.853642829978350726e-01 2.471994333882653549e+00 5.336105280695545794e+00 5.336105280695545794e+00 5.336105280695545794e+00 5.336105280695545794e+00
-9.053745092276052731e+00 -7.061242104448675505e+00 -5.372104129838433551e+00 -4.013006560186010319e+00 -1.816831290552760825e+00 -2.514364052853493625e+00 5.182531049076034568e-01 2.936390148901653951e+00 4.010489196711451321e+00 6.115543706804528412e+00 5.902515113440086836e+00 1.935777575273584850e+00 6.689159335645902260e-01 2.690635524676130874e+00 5.250810039485365621e+00 5.250810039485365621e+00 5.250810039485365621e+00 5.250810039485365621e+00
-8.791091381912996994e+00 -6.550880958968745560e+00 -4.776241217052120014e+00 -3.293519538136091995e+00 -2.238723736710141576e+00 -2.108013813834643368e+00 2.013948191739737048e+00 3.317844088639697819e+00 4.184183893173923252e+00 5.118383481402064561e+00 4.549779567736689678e+00 4.612777718695777018e+00 3.469010878204133341e+00 3.174124645381826149e+00 5.195843771673141376e+00 5.195843771673141376e+00 5.195843771673141376e+00 5.195843771673141376e+00
-8.098892517461667495e+00 -6.383688319048975046e+00 -4.501336221889083333e+00 -2.488833318494062752e+00 -2.515450592678235342e+00 -1.463925934070047230e+00 3.404588966500353919e+00 3.859821722027852342e+00 3.981479566649229085e+00 3.232588206082035676e+00 3.211453546289937400e+00 3.148961427383467182e+00 3.874451939027517611e+00 5.084357514289790103e+00 5.111677814994936675e+00 5.111677814994936675e+00 5.111677814994936675e+00 5.111677814994936675e+00
-7.594830450562398028e+00 -6.248655608991285249e+00 -4.236114223600536910e+00 -2.156523897030869996e+00 -2.609939517927732933e+00 -3.235453501880042326e-01 2.828994817090947578e+00 3.777238552983498199e+00 3.725814012920066531e+00 1.784598184873085858e+00 1.550528381221541796e+00 1.587637009150795420e+00 2.730654944820425811e+00 4.280458521919209502e+00 4.828249182774514203e+00 4.828249182774514203e+00 4.828249182774514203e+00 4.828249182774514203e+00
-7.844609141182321110e+00 -6.097813987610049224e+00 -4.030492074544078207e+00 -1.722075604469275545e+00 -2.454260977417439094e+00 2.237490681709729812e-01 3.098872967454876726e+00 3.986532938446130547e+00 3.060933887184193125e+00 1.576146253299500977e+00 1.004343116912270073e+00 1.082218748112223849e+00 1.976847446095639116e+00 3.588898471230141496e+00 4.939167834789215838e+00 4.939167834789215838e+00 4.939167834789215838e+00 4.939167834789215838e+00
-8.235764601524007134e+00 -6.418686895407478943e+00 -4.173603743537152688e+00 -2.630579236134710452e+00 -1.773087675665602436e+00 -7.274042692310694891e-01 3.092764882156830542e+00 4.028853130828764506e+00 2.980727429033973142e+00 1.452233423780399324e+00 7.595700108145100327e-01 4.585952529704380165e-01 1.253507092913409338e+00 3.265647134475806013e+00 5.381358898946130509e+00 5.381358898946130509e+00 5.381358898946130509e+00 5.381358898946130509e+00
-8.135552434885294559e+00 -6.753618201607451965e+00 -4.179367447935863566e+00 -2.253012005856969591e+00 -2.032984771965520743e+00 -1.023113458153672495e+00 3.207358724284418816e+00 4.054074218726777978e+00 2.724601237063182690e+00 1.194671837990184615e+00 -1.798893682512419767e+00 -1.596384699293487142e+00 1.159914820616006370e+00 3.098838544458455413e+00 5.242049376172479569e+00 5.242049376172479569e+00 5.242049376172479569e+00 5.242049376172479569e+00
-8.191845331882518622e+00 -6.942146961685276452e+00 -4.797642364477146870e+00 -2.408507647126413076e+00 -1.734407678298565347e+00 -1.582362172674660838e+00 3.325705240048361766e+00 3.864248744643341116e+00 2.309206266760029713e+00 9.176839665174368887e-01 -2.428483734158242147e+00 -1.584143577248488421e+00 1.160301949422211987e+00 3.421005733398049475e+00 5.032519956994244481e+00 5.032519956994244481e+00 5.032519956994244481e+00 5.032519956994244481e+00
-8.159688219141367327e+00 -7.266698589576895628e+00 -5.340947768902714721e+00 -3.380130670026989748e+00 -1.828256147838816847e+00 -1.696746986476067143e+00 1.417377008874520783e+00 3.630528841968306608e+00 2.117978544206734259e+00 -3.034604712037427543e-01 -2.569684674643634370e+00 -1.213867358979144662e+00 1.203593407647215896e+00 3.686434300634255035e+00 4.898973708436862751e+00 4.898973708436862751e+00 4.898973708436862751e+00 4.898973708436862751e+00
-8.063930783646277689e+00 -7.167640834284961571e+00 -5.758729289092894277e+00 -4.195501742588453986e+00 -2.083531651404956886e+00 -1.716431082632144056e+00 -7.112243073853735664e-01 2.706183692649001493e+00 2.304225870061457293e+00 -3.667366929985591995e+00 -2.287273994749655870e+00 -4.797404401157540632e-01 1.468701786376926943e+00 3.726133410377204136e+00 4.920862837409389456e+00 4.920862837409389456e+00 4.920862837409389456e+00 4.920862837409389456e+00
-8.297334626027698334e+00 -7.824082370565943023e+00 -6.457019251593851372e+00 -4.928765952498313396e+00 -3.534340985868229978e+00 -1.838991770961997618e+00 -1.943488993406480514e+00 1.650288870297536681e+00 2.119938677717005948e+00 -3.031797165367989599e+00 7.191472468314970279e-02 1.039455783171902681e+00 1.859219607309245514e+00 4.187092098349260105e+00 5.480314848351357959e+00 5.480314848351357959e+00 5.480314848351357959e+00 5.480314848351357959e+00
-8.757706398445456841e+00 -7.832008599341641286e+00 -6.927426809416383335e+00 -5.675911668764529239e+00 -4.309141876620666167e+00 -2.390558529303278057e+00 -2.192222444762723210e+00 -4.548961220702013031e-01 1.562783885126539651e+00 -5.386784467983374292e-02 1.195403286436683976e-01 7.776783850804855902e-01 2.168175705106725193e+00 4.740343598973780992e+00 5.408570223278904798e+00 5.408570223278904798e+00 5.408570223278904798e+00 5.408570223278904798e+00
-9.094898551139070975e+00 -8.193216968512123444e+00 -7.432070661542994117e+00 -6.360629171645490132e+00 -5.265001911992133188e+00 -3.923478440551456004e+00 -1.924830936401644710e+00 -2.270751595845845294e+00 1.015139217999478705e+00 1.220349187840599425e+00 7.683566455564154740e-01 -3.586476506760740701e-01 1.709105902801973942e+00 4.844688533373648909e+00 5.269260700505240536e+00 5.269260700505240536e+00 5.269260700505240536e+00 5.269260700505240536e+00
-9.379957018574611283e+00 -8.495891605631545218e+00 -7.948487197288149453e+00 -7.195616964880190203e+00 -6.298889289308871930e+00 -5.060369160229060803e+00 -2.676510646797419568e+00 -2.491573325814374407e+00 3.957895664350306875e-03 1.369015945164631098e+00 9.456074094828177401e-01 6.655486556774735663e-01 9.525178986120942382e-01 4.071719303447356886e+00 5.025864500522441602e+00 5.025864500522441602e+00 5.025864500522441602e+00 5.025864500522441602e+00
-9.859806245103737155e+00 -8.973529745595548945e+00 -8.492030118388560922e+00 -7.978635324500361392e+00 -7.309601907327652803e+00 -6.355449894898962171e+00 -4.045728024045880389e+00 -2.113401014070885431e+00 -2.190296218804303585e+00 9.361655171530774977e-01 9.562142143496630275e-01 9.383598128624911494e-01 4.456498862954773599e-01 3.909445843006785104e+00 4.889305993099014813e+00 4.889305993099014813e+00 4.889305993099014813e+00 4.889305993099014813e+00
-1.020524603800523167e+01 -9.760285073432756420e+00 -9.286785941472587069e+00 -8.747170397829236776e+00 -8.195630528910806234e+00 -7.145688010826632741e+00 -5.035312731074515824e+00 -3.354451657849211177e+00 -2.633696615504495853e+00 3.343291398404464876e-01 1.089405379452501155e+00 9.635928077289510618e-01 1.609875303105537392e-01 4.421117180265888180e+00 5.479718414136378613e+00 5.479718414136378613e+00 5.479718414136378613e+00 5.479718414136378613e+00
-1.036020086858015254e+01 -1.001595855528044154e+01 -9.522579457225603505e+00 -9.108791424376137869e+00 -8.511769291891923217e+00 -7.550554178639821146e+00 -6.270704175552388904e+00 -3.087128295867747063e+00 -2.728229176044334903e+00 -1.483793019241034683e+00 9.150776087193781549e-01 9.197835122119308870e-01 8.223179584368839334e-01 3.061404428473276429e+00 5.575091070385338021e+00 5.575091070385338021e+00 5.575091070385338021e+00 5.575091070385338021e+00
-1.046841317536472005e+01 -1.010309291224275441e+01 -9.727114882220723402e+00 -9.259277318307873372e+00 -8.741980810211551045e+00 -7.838375440223154911e+00 -6.643894636249278562e+00 -4.925193286717895802e+00 -2.428329513122206240e+00 -2.566439662720676029e+00 8.035613871444962086e-01 8.714743288894168938e-01 6.852253418179219402e-01 2.763851811561750083e+00 5.435781547611670206e+00 5.435781547611670206e+00 5.435781547611670206e+00 5.435781547611670206e+00
-1.043987733663537298e+01 -1.014802192976917183e+01 -9.763822046780394004e+00 -9.386877685933818327e+00 -8.829612986341157210e+00 -8.016268391626409695e+00 -6.875099244163275891e+00 -5.522449919193745949e+00 -3.243773574065158094e+00 -2.807033113174090211e+00 1.137844925308920119e-01 1.001964606389575962e+00 7.501656398000835502e-01 2.611536218321882430e+00 5.296472024838021930e+00 5.296472024838021930e+00 5.296472024838021930e+00 5.296472024838021930e+00
-1.045810209496362653e+01 -1.014312858425141961e+01 -9.849675701759736057e+00 -9.452830939055075987e+00 -8.961118181149821282e+00 -8.242488835825682258e+00 -7.066796926207103091e+00 -5.665435455947588572e+00 -4.038059515531891464e+00 -2.273927390239128599e+00 -1.308612606656510247e+00 6.989422431676409753e-01 2.368514716953200039e-01 2.796395449189329252e+00 4.781073225108238844e+00 4.781073225108238844e+00 4.781073225108238844e+00 4.781073225108238844e+00
-1.053652550110014019e+01 -1.019043757955103224e+01 -9.846896674398067262e+00 -9.481313910333021511e+00 -9.057864450112337096e+00 -8.319833652051237038e+00 -7.225639061631332183e+00 -5.868518642794042783e+00 -4.260471762281519581e+00 -3.142313305734682150e+00 -2.679603199790846269e+00 2.787440176808257397e-01 6.213764986740595297e-01 2.333691255624199989e+00 5.479121979921373509e+00 5.479121979921373509e+00 5.479121979921373509e+00 5.479121979921373509e+00
-1.051015374667999858e+01 -1.018982522564554927e+01 -9.926086873224996054e+00 -9.560613281696905830e+00 -9.106743606384920753e+00 -8.517081893703039697e+00 -7.342438608871894701e+00 -5.867986993843715915e+00 -4.672282925252735808e+00 -3.517839839835477989e+00 -2.720260734406079184e+00 3.628087570642225534e-01 1.618273494820423319e-01 2.511744516741084787e+00 5.884219889019536964e+00 5.884219889019536964e+00 5.884219889019536964e+00 5.884219889019536964e+00
-1.050970848903717503e+01 -1.023486744448217323e+01 -9.906227146692085483e+00 -9.584132266892334329e+00 -9.189163736775942226e+00 -8.529245076293952010e+00 -7.389622845877243940e+00 -5.940807316747038769e+00 -5.087388636998848135e+00 -2.593031073679715970e+00 -3.044075179913910745e+00 -3.158254544808433706e-01 7.846203569653338317e-01 2.484644550765742643e+00 5.602302394718123857e+00 5.602302394718123857e+00 5.602302394718123857e+00 5.602302394718123857e+00
-1.058882750196870859e+01 -1.028527593820838426e+01 -9.960025973893229079e+00 -9.591242914619471094e+00 -9.256607223938759788e+00 -8.608547700226504062e+00 -7.500951687912991162e+00 -5.907699322832978162e+00 -5.233039887919142430e+00 -3.390125723784884748e+00 -2.752556962355142911e+00 -5.039392824932681370e-01 4.333312105324600982e-01 2.439408895140993572e+00 5.462992871944452489e+00 5.462992871944452489e+00 5.462992871944452489e+00 5.462992871944452489e+00
-1.063733356484732973e+01 -1.032571941507858426e+01 -9.987401909946168388e+00 -9.621105415245997605e+00 -9.342806935534769153e+00 -8.783537810208777330e+00 -7.499351680976862333e+00 -5.809056330247308608e+00 -5.394095174089127198e+00 -3.959032204180691128e+00 -1.883677101363574025e+00 -7.594531930351551274e-01 -4.140119315910659181e-02 2.317919039936953141e+00 4.687972071145608766e+00 4.687972071145608766e+00 4.687972071145608766e+00 4.687972071145608766e+00
