-1.052890101270903855e+01 -1.029877140130141200e+01 -9.996436731785646401e+00 -9.635849253698625105e+00 -9.343672947420515129e+00 -8.995896166608584821e+00 -8.331610177385799787e+00 -6.936907813037592518e+00 -3.599846165877282012e+00 -4.105847168248248025e+00 -2.103080006679851621e+00 -5.074905156359564851e-01 1.540595581905594091e+00 2.075342797908260373e+00 5.576934318038052396e+00 5.576934318038052396e+00 5.576934318038052396e+00 5.576934318038052396e+00
-1.046243957222480958e+01 -1.020591433273814630e+01 -1.001928643395948626e+01 -9.811974762174861198e+00 -9.422314171952089978e+00 -8.882080397828769236e+00 -8.086551726620710312e+00 -6.394840639698450957e+00 -3.785130469963490896e+00 -4.479694388280440975e+00 -1.857047553433911258e+00 -2.570406111794815152e-01 1.671852074342363714e+00 1.956961521580193875e+00 5.764806731511121995e+00 5.764806731511121995e+00 5.764806731511121995e+00 5.764806731511121995e+00
-1.022222554150209817e+01 -1.001918378706221446e+01 -9.878625153470958153e+00 -9.917061418158773733e+00 -9.579863980355634467e+00 -9.004912767039176202e+00 -8.068035201580018523e+00 -6.174138872619791663e+00 -2.643625144847976838e+00 -4.342594169010033589e+00 -7.930755037528129936e-01 -8.681736094414567451e-02 2.081533367574816218e+00 2.071363104305908642e+00 5.620452962014469200e+00 5.620452962014469200e+00 5.620452962014469200e+00 5.620452962014469200e+00
-1.042902080014628829e+01 -1.021450909950899089e+01 -9.700461205241904139e+00 -9.384197220812115603e+00 -9.337082113375426928e+00 -9.049224743354443490e+00 -7.982318864248670209e+00 -5.384197513601785445e+00 -2.671795466445280987e+00 -3.797948078926913329e+00 -2.849969523878764788e-01 7.270735111253355532e-02 1.892565913896868679e+00 2.164977137335838187e+00 5.097964049311514145e+00 5.097964049311514145e+00 5.097964049311514145e+00 5.097964049311514145e+00
-1.054907705285277331e+01 -1.026100266454622911e+01 -9.923670491226973311e+00 -9.538921278099321555e+00 -8.969855653491162428e+00 -8.647601454258023068e+00 -7.660809605186815752e+00 -4.280060128938340647e+00 -3.017209192381381300e+00 -3.081253563266227680e+00 -3.174420504100514129e-01 1.277431605962452421e+00 1.601080834326231939e+00 2.327727547346419623e+00 4.961810129859761886e+00 4.961810129859761886e+00 4.961810129859761886e+00 4.961810129859761886e+00
-1.033540588857937159e+01 -1.017427385882637303e+01 -1.012834805381797487e+01 -9.825966325673640256e+00 -9.265675327619895540e+00 -8.392397901310889807e+00 -7.265418130775175953e+00 -3.979646077418386163e+00 -4.275326242844487368e+00 -1.734007519685389243e+00 3.355881918340078429e-02 1.430031230121348251e+00 1.619009224073469699e+00 2.149033123218754060e+00 4.594302307310293543e+00 4.594302307310293543e+00 4.594302307310293543e+00 4.594302307310293543e+00
-1.052890345922686777e+01 -1.023849056926674805e+01 -1.006742492597939886e+01 -9.741924730091181317e+00 -9.255807005375737972e+00 -8.379837867663749051e+00 -5.876881112430283771e+00 -4.053291809296762693e+00 -3.880212012152121748e+00 -1.124869739624737575e+00 6.499731324388933196e-01 1.875193146453682846e+00 1.703004059421788785e+00 3.009533761069639102e+00 4.435918903062786356e+00 4.435918903062786356e+00 4.435918903062786356e+00 4.435918903062786356e+00
-1.044066103053302186e+01 -1.017451122438959565e+01 -1.008725112039026683e+01 -9.650437338424474376e+00 -9.176016235171964297e+00 -8.150566499303049994e+00 -4.275780403483842917e+00 -4.166814500290941581e+00 -3.285322599087450612e+00 -1.887314352382506999e-01 1.245167473400500935e+00 1.974648090326950545e+00 1.896231078337264897e+00 4.288915615625670696e+00 5.531462081120204211e+00 5.531462081120204211e+00 5.531462081120204211e+00 5.531462081120204211e+00
-1.045302180855646412e+01 -9.954310431653158986e+00 -9.581195088688961192e+00 -9.377976201726800909e+00 -8.480136949745325836e+00 -6.960193508101024662e+00 -3.519099153682741843e+00 -4.614460639342290449e+00 -2.537606559074400359e+00 -1.669681659185442424e-01 2.172678644620066102e+00 2.653992355122971603e+00 3.234501323775208270e+00 4.723713841647564138e+00 5.583353831553618640e+00 5.583353831553618640e+00 5.583353831553618640e+00 5.583353831553618640e+00
-1.056403006996686322e+01 -1.016459280777821306e+01 -9.330644955051123901e+00 -8.447782152067215833e+00 -7.494742197727321198e+00 -5.644024585198883059e+00 -2.296907136325219145e+00 -4.549647943503591918e+00 -1.244572315838005760e+00 1.028906349472590964e+00 2.778042159539699352e+00 3.382738837667188747e+00 4.919799053638818975e+00 4.955353086072650015e+00 5.858620429682521724e+00 5.858620429682521724e+00 5.858620429682521724e+00 5.858620429682521724e+00
-1.018135540593548605e+01 -9.753162777875878930e+00 -9.031624997568416191e+00 -8.427646756325192001e+00 -6.854661156610480255e+00 -3.995201881349668582e+00 -3.448494574600664997e+00 -2.332861435431788699e+00 2.621485062394159904e-01 2.428130318942598898e+00 2.879923311803337160e+00 4.524428959342872147e+00 3.039761266852442745e+00 2.248721740805395886e+00 5.720145817201370164e+00 5.720145817201370164e+00 5.720145817201370164e+00 5.720145817201370164e+00
-9.901126431289373642e+00 -9.162082559353780908e+00 -8.439603776301659366e+00 -7.941154988337208565e+00 -5.765350989059662368e+00 -2.982734190102834582e+00 -3.491359998720857227e+00 -1.338479094047328566e+00 9.255795729540949868e-01 3.230922500139014719e+00 4.374562605242672930e+00 3.749385613093402903e+00 2.060359972053134481e+00 2.427631224638355345e+00 5.622852568111307292e+00 5.622852568111307292e+00 5.622852568111307292e+00 5.622852568111307292e+00
-9.537272123032421334e+00 -8.755911439163494236e+00 -7.953364019533678331e+00 -6.608727218520149549e+00 -4.799985852538977582e+00 -2.861502899213558493e+00 -3.966575664645310084e+00 -4.299110426475130642e-01 2.100116409887033075e+00 3.933636310607878439e+00 4.563849282981301769e+00 2.037703081944686634e+00 4.775388055599749659e-01 2.349119543451834602e+00 5.832215405165969813e+00 5.832215405165969813e+00 5.832215405165969813e+00 5.832215405165969813e+00
-9.981172131482511034e+00 -8.182294581462977945e+00 -7.065429963194502783e+00 -5.548476417982275422e+00 -3.472065271356520544e+00 -1.892009608910740770e+00 -2.761063473784964195e+00 1.864082512746773612e-01 3.296105263137055097e+00 4.885776327745766423e+00 3.295094149717263221e+00 -1.955637371273178271e+00 3.610808707810951312e-01 2.487574654221606174e+00 5.730442598828145329e+00 5.730442598828145329e+00 5.730442598828145329e+00 5.730442598828145329e+00
-9.642855967246918070e+00 -7.721283138216171515e+00 -6.159631168093163467e+00 -4.764020068000299091e+00 -2.396018556790747489e+00 -2.678760968539315446e+00 -9.154976651935997634e-01 1.714302379652333119e+00 3.404931375124467863e+00 5.475600447259744818e+00 4.312795687626326036e+00 -9.821361079722372711e-01 9.774899505584824233e-01 2.593117398961970022e+00 5.909523257547854236e+00 5.909523257547854236e+00 5.909523257547854236e+00 5.909523257547854236e+00
-9.071418369426638151e+00 -7.171900801067536690e+00 -5.493371645521798463e+00 -3.843730038134185456e+00 -2.491693834255030104e+00 -2.671389336046539498e+00 2.080519838584046766e-02 2.885219033859165005e+00 3.960074329268718607e+00 6.049837420557313550e+00 5.859420342058118791e+00 1.865183135203665632e+00 6.619885634008559894e-01 2.619678317704667414e+00 5.839890845415901310e+00 5.839890845415901310e+00 5.839890845415901310e+00 5.839890845415901310e+00
-8.872678295878319688e+00 -6.699615565530645966e+00 -4.890453291896506016e+00 -3.045059930862622277e+00 -2.864635413849216050e+00 -2.693395510515441238e+00 7.305137925121371056e-01 3.365361308307527555e+00 4.173739525019454000e+00 5.032292653296075002e+00 4.524804508801267389e+00 4.596518727311769581e+00 3.628436359050987825e+00 3.276551211639496586e+00 5.755445532788305840e+00 5.755445532788305840e+00 5.755445532788305840e+00 5.755445532788305840e+00
-8.255196887990631893e+00 -6.504477549637526224e+00 -4.690534915575337749e+00 -2.438916502338411618e+00 -2.323620464469265734e+00 -2.352627131282868156e+00 1.341986636048215331e+00 3.828774325620591501e+00 3.930127129993489010e+00 3.238246901873851336e+00 3.315565947068932484e+00 3.141306703924205301e+00 3.881441388521830405e+00 5.105557605453270753e+00 5.834767341150550735e+00 5.834767341150550735e+00 5.834767341150550735e+00 5.834767341150550735e+00
-7.692018861137250418e+00 -6.400588519471913429e+00 -4.430510420405227023e+00 -2.334473402238591788e+00 -1.781479486396217560e+00 -1.375580799319183756e+00 1.965506890258488681e+00 3.749782224112912843e+00 3.701149959375429788e+00 1.780399197839228620e+00 1.597101768188458282e+00 1.640526549452612670e+00 2.797672730578198319e+00 4.270700847335317185e+00 5.959242823611937467e+00 5.959242823611937467e+00 5.959242823611937467e+00 5.959242823611937467e+00
-7.878427330678547058e+00 -6.234751293443035358e+00 -4.416043009699281541e+00 -2.206827535861929590e+00 -1.839041220849302327e+00 2.040962566986411209e-01 3.023500937056478932e+00 3.930251566683353737e+00 3.034328148205597042e+00 1.594540707829807502e+00 1.125845573802275457e+00 1.152399458109139019e+00 1.948934054945264727e+00 3.619450524615281495e+00 5.969154406961274972e+00 5.969154406961274972e+00 5.969154406961274972e+00 5.969154406961274972e+00
-8.249219558678339226e+00 -6.499271869269191981e+00 -4.346419886559434786e+00 -2.487782154184957850e+00 -1.648984122744631575e+00 -3.949592544983201448e-01 3.333634964838821269e+00 3.974354197464186722e+00 2.949772799746173568e+00 1.509099371527168332e+00 8.060505376925071186e-01 5.986554873631371176e-01 1.272741512070722614e+00 3.238668909744755631e+00 5.843988005579427103e+00 5.843988005579427103e+00 5.843988005579427103e+00 5.843988005579427103e+00
-8.252997391083949807e+00 -6.833705244168355009e+00 -4.446457846428968352e+00 -2.207451180801193402e+00 -1.888437102644100696e+00 -1.042629889667604948e+00 2.262798307199283876e+00 3.971454427952886945e+00 2.731660099750606197e+00 1.325920437661468165e+00 -1.773757129110176134e+00 -1.553814529827996171e+00 1.179353551665406785e+00 3.055416730961929339e+00 5.818843702767333426e+00 5.818843702767333426e+00 5.818843702767333426e+00 5.818843702767333426e+00
-8.231481523716924542e+00 -6.948224026970358125e+00 -5.023163430078955827e+00 -2.613035713528311099e+00 -1.898707926123489154e+00 -1.734093826867761479e+00 1.014941170772651446e+00 3.852162311179730292e+00 2.316998549368113558e+00 1.045174217470359768e+00 -2.409679117678383165e+00 -1.520954442787726624e+00 1.168431303370249141e+00 3.393306920174903318e+00 5.707330656862462881e+00 5.707330656862462881e+00 5.707330656862462881e+00 5.707330656862462881e+00
-8.161483799310694565e+00 -7.340496895454122317e+00 -5.348909729184319062e+00 -3.445792485142001205e+00 -1.682556756093393169e+00 -1.868627413698547901e+00 1.520818836569631793e-02 3.563496329555119413e+00 2.174854650760515540e+00 1.922748406215006867e-01 -2.570188541264287529e+00 -1.167670385252478571e+00 1.226640300029016251e+00 3.698340956144186009e+00 5.934398844236277171e+00 5.934398844236277171e+00 5.934398844236277171e+00 5.934398844236277171e+00
-8.099105345257925137e+00 -7.230966663776166037e+00 -5.931700638166154782e+00 -4.373748247064298766e+00 -2.371482068553803835e+00 -1.995879719822982068e+00 -1.404657619538531854e+00 1.987467233649395482e+00 2.573271038228024388e+00 -3.583523581023538185e+00 -2.216051122625508185e+00 -5.927165851683410258e-01 1.482117100709118507e+00 3.723577842211191147e+00 6.105573196864953367e+00 6.105573196864953367e+00 6.105573196864953367e+00 6.105573196864953367e+00
-8.334475732982948415e+00 -7.811575802707526606e+00 -6.453834603345967480e+00 -4.999939874812293183e+00 -3.603926136633551547e+00 -1.930353897319556422e+00 -2.154902609295194615e+00 8.384575311341309067e-01 2.261789174005226055e+00 -2.984406688211086234e+00 3.217648341215167407e-01 9.990831397340286246e-01 1.852442370099901314e+00 4.197146156183682919e+00 5.980708804755390240e+00 5.980708804755390240e+00 5.980708804755390240e+00 5.980708804755390240e+00
-8.749450409523383598e+00 -7.865107568630159918e+00 -6.867792911212506013e+00 -5.726361120125307735e+00 -4.471420506910004811e+00 -2.337854922799252222e+00 -2.683970235888303968e+00 -1.197506751864442665e+00 1.513827043162652819e+00 4.027190481706167113e-01 3.504362421204856304e-01 8.559737717420824454e-01 2.142382468854596045e+00 4.788381915097380315e+00 5.793756755709404516e+00 5.793756755709404516e+00 5.793756755709404516e+00 5.793756755709404516e+00
-9.150658186009160033e+00 -8.189417405975978781e+00 -7.329845614493260442e+00 -6.390609782425148211e+00 -5.313822528940069567e+00 -3.986557822331609824e+00 -2.329704483968521256e+00 -2.611261626842108718e+00 6.081023472494051507e-01 1.505423156062386969e+00 9.571633922284912277e-01 3.440957004036740430e-02 1.755450581878319039e+00 4.940618445381204538e+00 5.736446721480154665e+00 5.736446721480154665e+00 5.736446721480154665e+00 5.736446721480154665e+00
-9.448225950120523464e+00 -8.518059199768970302e+00 -7.904046633708583514e+00 -7.216494892317819598e+00 -6.325561526951208435e+00 -5.114153951798888542e+00 -2.461127837837790544e+00 -2.650150367919062333e+00 -5.034454450196484965e-01 1.439998545306491406e+00 1.136022573816771519e+00 8.403539183728778728e-01 9.730190446336685062e-01 4.076983226265569193e+00 5.962699094591776827e+00 5.962699094591776827e+00 5.962699094591776827e+00 5.962699094591776827e+00
-9.838126625251650381e+00 -8.998723290894192317e+00 -8.449709793482821141e+00 -8.028260574306976594e+00 -7.347210795533909433e+00 -6.384882997872646015e+00 -3.890352972459572012e+00 -2.578476097587123483e+00 -2.198174228874516523e+00 8.359405879254914185e-01 1.243341703511637197e+00 1.055828172777168339e+00 3.769914535084543106e-01 3.989018514928814430e+00 6.187604202776685547e+00 6.187604202776685547e+00 6.187604202776685547e+00 6.187604202776685547e+00
-1.025295995233913615e+01 -9.800978311443952151e+00 -9.284502413345567362e+00 -8.762212982530854788e+00 -8.183143082472586372e+00 -7.137799402474827026e+00 -5.023099942694615905e+00 -2.450814343232429415e+00 -2.826824590933555204e+00 4.034558547742380652e-01 1.209273237301941695e+00 1.108376344486894149e+00 6.256022010797069877e-01 4.418225821268940479e+00 6.116592448522524705e+00 6.116592448522524705e+00 6.116592448522524705e+00 6.116592448522524705e+00
-1.041426991282115111e+01 -1.000534760035824533e+01 -9.547595182608962006e+00 -9.094110321130553842e+00 -8.488855335561389381e+00 -7.547833408115852016e+00 -6.236078965758821369e+00 -2.802940487623016175e+00 -2.865293427117012293e+00 -1.223196443391771915e+00 9.507008650625727864e-01 1.174698151303187554e+00 8.209801545781596488e-01 3.066938081263753002e+00 5.865623077017680487e+00 5.865623077017680487e+00 5.865623077017680487e+00 5.865623077017680487e+00
-1.047403870720937746e+01 -1.011865892850657822e+01 -9.700488981279420386e+00 -9.264486302547551233e+00 -8.722707966092476894e+00 -7.828355664768845479e+00 -6.620395575831131474e+00 -4.150477091880101277e+00 -3.199315564335977413e+00 -2.688826203465463305e+00 6.726866630176808748e-01 1.213609899965566896e+00 8.059957485706923386e-01 2.456580573443241988e+00 5.743525505839384593e+00 5.743525505839384593e+00 5.743525505839384593e+00 5.743525505839384593e+00
-1.047518967517967248e+01 -1.014127382214184792e+01 -9.776373014183704413e+00 -9.394461052711630344e+00 -8.821797881452665635e+00 -8.024034117696491109e+00 -6.878909513696992661e+00 -5.387581092648039416e+00 -2.681973574259684856e+00 -2.893105551280904741e+00 2.362894024246007807e-01 1.143651269155562478e+00 7.436720454478438214e-01 2.544170479361597792e+00 5.692629074435267000e+00 5.692629074435267000e+00 5.692629074435267000e+00 5.692629074435267000e+00
-1.047224216463336433e+01 -1.017825354011830541e+01 -9.896549864934907959e+00 -9.482616112420277688e+00 -8.964089028135749260e+00 -8.242342493048370855e+00 -7.113994437824134209e+00 -5.620544542924706732e+00 -3.061009682884902272e+00 -2.840261252561476546e+00 -3.918572476359498680e-01 8.096524798648185861e-01 2.294731837935525265e-01 2.778795547344190986e+00 5.885772238570231352e+00 5.885772238570231352e+00 5.885772238570231352e+00 5.885772238570231352e+00
-1.052481051615002272e+01 -1.017037708246869521e+01 -9.852495261535082705e+00 -9.510504994586309380e+00 -9.045548119622470296e+00 -8.304622057811522851e+00 -7.246258359111802605e+00 -5.886760755957224589e+00 -3.367356531800646202e+00 -3.077188996071825500e+00 -1.871498661620686788e+00 4.201351049542855209e-01 9.086243986460313948e-01 2.345082010221942070e+00 6.223033843225963757e+00 6.223033843225963757e+00 6.223033843225963757e+00 6.223033843225963757e+00
-1.051705726212356851e+01 -1.019408979538517812e+01 -9.903569985035764134e+00 -9.575107186966992145e+00 -9.050007937181309359e+00 -8.492188536770871821e+00 -7.382214856064822861e+00 -5.940890027966495346e+00 -4.154479967828628162e+00 -3.170429986020828039e+00 -2.552228208213569438e+00 2.828420722729704240e-01 5.656494559101266084e-01 2.448727335611645906e+00 6.128146846316644414e+00 6.128146846316644414e+00 6.128146846316644414e+00 6.128146846316644414e+00
-1.054036502504398243e+01 -1.024482795668416379e+01 -9.897866540088759990e+00 -9.585774888499418722e+00 -9.194255830177382904e+00 -8.507716155866527075e+00 -7.437755666891030515e+00 -6.027221697716595550e+00 -4.926580558407965604e+00 -2.664319458672395058e+00 -3.322292146738751839e+00 2.127502411717724917e-01 3.067612991853177484e-01 2.465771850674130850e+00 5.877177474811778879e+00 5.877177474811778879e+00 5.877177474811778879e+00 5.877177474811778879e+00
-1.058657248097194881e+01 -1.028514986304943157e+01 -9.966550141427745757e+00 -9.620804636219610018e+00 -9.240231446599917575e+00 -8.560376146696553334e+00 -7.543996183371726616e+00 -5.967787352575862236e+00 -5.108133250909363099e+00 -2.812529649704785584e+00 -3.623109874756150539e+00 5.984308764223315869e-02 3.853937284498465399e-01 2.471888992080877756e+00 5.752848228838783662e+00 5.752848228838783662e+00 5.752848228838783662e+00 5.752848228838783662e+00
-1.061467528976337960e+01 -1.032478856328466321e+01 -1.003037110028731149e+01 -9.686072872081240348e+00 -9.318896183778878850e+00 -8.762304296745169196e+00 -7.548132348149581006e+00 -5.900110027072095420e+00 -5.276423521368921676e+00 -3.252135369979031854e+00 -3.675522107425003515e+00 -3.594287402178897861e-01 3.806072142019946147e-01 2.610675429883952070e+00 6.191048378880367409e+00 6.191048378880367409e+00 6.191048378880367409e+00 6.191048378880367409e+00
