-1.054671619355921663e+01 -1.030782644308285967e+01 -9.998330276059881783e+00 -9.646405236667641603e+00 -9.344458383717219263e+00 -8.953558728966077851e+00 -8.311646618166843581e+00 -6.852624696863690801e+00 -3.775120150378330486e+00 -4.180864936508941199e+00 -1.790107730036272216e+00 -2.415000000722688500e-01 1.323590390557949581e+00 2.070794214174342951e+00 5.665761895472845033e+00 5.665761895472845033e+00 5.665761895472845033e+00 5.665761895472845033e+00
-1.048057850682027770e+01 -1.022120256294951801e+01 -1.002171300104912355e+01 -9.828660143381862113e+00 -9.427816265391097517e+00 -8.864536421309626490e+00 -8.042884853210273022e+00 -6.241111263594147474e+00 -4.346759413899188296e+00 -4.343156617839097677e+00 -1.616786698771710773e+00 2.024341285932039769e-01 1.826128272915054085e+00 1.990915554613997607e+00 5.630014387042604262e+00 5.630014387042604262e+00 5.630014387042604262e+00 5.630014387042604262e+00
-1.021664925573466398e+01 -1.004537057441590875e+01 -9.910561690108746546e+00 -9.971744805072717099e+00 -9.601854845246798220e+00 -9.009156785184867289e+00 -8.032871184525191666e+00 -6.033063240786132653e+00 -2.839473526473679676e+00 -4.171388989996147600e+00 -9.872012689755514936e-01 1.793584833990957694e-01 2.183854269746881460e+00 2.106407377508402234e+00 5.506872219279046021e+00 5.506872219279046021e+00 5.506872219279046021e+00 5.506872219279046021e+00
-1.043434596348732413e+01 -1.019505105847685478e+01 -9.674148224223294790e+00 -9.395590252244128138e+00 -9.366207233818386158e+00 -8.986441887206574108e+00 -7.854183789275329453e+00 -5.025133885093708841e+00 -2.555544785363929705e+00 -3.379673399177050008e+00 -5.314504230936955009e-01 3.643181689676557866e-01 2.227591204437272321e+00 2.168805977551886421e+00 5.065502370793421250e+00 5.065502370793421250e+00 5.065502370793421250e+00 5.065502370793421250e+00
-1.057031189096215229e+01 -1.030533543826555487e+01 -9.924948819445884141e+00 -9.519154597962335984e+00 -8.957021252507601616e+00 -8.604577710771989629e+00 -7.417275826940228356e+00 -4.352558637282351484e+00 -2.718328405477457466e+00 -2.995287066534566556e+00 -4.795692038724419515e-01 1.159894163044976612e+00 1.702284832753532928e+00 2.328389997342825701e+00 4.987341482015879457e+00 4.987341482015879457e+00 4.987341482015879457e+00 4.987341482015879457e+00
-1.034256355081059731e+01 -1.016998088427526348e+01 -1.012170061609822724e+01 -9.802007677122302809e+00 -9.257474904250269532e+00 -8.321485948657755927e+00 -6.962363804780006049e+00 -4.822364715701674243e+00 -4.262369792640606114e+00 -1.909722137630654348e+00 1.397400105027367390e-01 1.400676395424437226e+00 1.617703166948427640e+00 2.162025282918076829e+00 4.615983499579267679e+00 4.615983499579267679e+00 4.615983499579267679e+00 4.615983499579267679e+00
-1.050388789600095762e+01 -1.023974535177286782e+01 -1.008272579985968065e+01 -9.747639055242693473e+00 -9.252404358535638806e+00 -8.309180859699935695e+00 -5.241023871681148805e+00 -5.022344251570329376e+00 -3.542897750921620847e+00 -1.517861050310533422e+00 7.463604535768606496e-01 1.905827259040721033e+00 1.746837245194784893e+00 3.029451722513890832e+00 4.458978434236086308e+00 4.458978434236086308e+00 4.458978434236086308e+00 4.458978434236086308e+00
-1.043844874496245723e+01 -1.019066695880003159e+01 -1.008047537854208819e+01 -9.636017079577687383e+00 -9.136871378791473930e+00 -8.096153283824692792e+00 -3.841946991756184371e+00 -4.571944143439718111e+00 -3.092483173201599822e+00 -3.346181227013730330e-01 1.099958237008194839e+00 1.974333559429376495e+00 1.901188573464510423e+00 4.284023391853405194e+00 5.326895134146600874e+00 5.326895134146600874e+00 5.326895134146600874e+00 5.326895134146600874e+00
-1.045324383966813464e+01 -9.920787947351405123e+00 -9.612174822804172791e+00 -9.492287252691717470e+00 -8.476287400573992770e+00 -6.868799840598451389e+00 -3.402991616872523828e+00 -4.504743778703457657e+00 -2.493622605013464444e+00 -5.015279377667887228e-01 2.143492797271149275e+00 2.632063963340903090e+00 3.230464466680006197e+00 4.691737915021978900e+00 5.502062422734145919e+00 5.502062422734145919e+00 5.502062422734145919e+00 5.502062422734145919e+00
-1.057685501931974059e+01 -1.018625057291263580e+01 -9.340151732631280623e+00 -8.440148971976203285e+00 -7.517042762881025908e+00 -5.539700723498330426e+00 -2.248097300265992082e+00 -4.573245657512006623e+00 -1.931845846442014736e+00 9.060359445490977492e-01 2.755679827579899932e+00 3.371905384759226187e+00 4.920371484568490494e+00 4.959127206906821073e+00 5.779136214252543979e+00 5.779136214252543979e+00 5.779136214252543979e+00 5.779136214252543979e+00
-1.021556947222374490e+01 -9.811186317637604404e+00 -8.984827425684006386e+00 -8.466951876946879452e+00 -6.808701222501241546e+00 -3.971631982506837577e+00 -3.526271205452445656e+00 -2.161261722421368159e+00 2.001977840664033725e-01 2.270516443376320748e+00 2.865129859199283757e+00 4.532933332745279209e+00 3.045241315636612711e+00 2.248706523421437620e+00 5.705088556745891992e+00 5.705088556745891992e+00 5.705088556745891992e+00 5.705088556745891992e+00
-9.921665621219966980e+00 -9.178704894429881023e+00 -8.483223159942347991e+00 -7.895309200492549806e+00 -5.869793086214863287e+00 -3.100882277736132231e+00 -3.423899804393982560e+00 -1.337617507930055405e+00 7.584928728734109393e-01 3.215379854714842445e+00 4.407803435854196650e+00 3.735812903758060965e+00 2.049037126550753651e+00 2.385797099016768286e+00 5.625034087792254667e+00 5.625034087792254667e+00 5.625034087792254667e+00 5.625034087792254667e+00
-9.531992247521591466e+00 -8.783264873802419714e+00 -7.998020076179612303e+00 -6.628393383762276159e+00 -4.827953641255556150e+00 -3.147546882278194236e+00 -4.075649051144185187e+00 -6.572121926047302942e-01 1.707031604142711156e+00 3.908879589899120433e+00 4.539629450055753246e+00 2.063375533456271338e+00 4.884078638853580623e-01 2.350772099875865884e+00 5.541109039100872380e+00 5.541109039100872380e+00 5.541109039100872380e+00 5.541109039100872380e+00
-9.950505668349716615e+00 -8.228958923304588780e+00 -7.139015767241237320e+00 -5.670625446183580998e+00 -3.697716136279712185e+00 -1.773513608588782375e+00 -2.642288050023518409e+00 -2.793276302977462100e-01 3.253403894050081124e+00 4.863606918899814779e+00 3.281885977497230655e+00 -1.971611261936868420e+00 3.697392341931988735e-01 2.472793094519772250e+00 5.474353959674032488e+00 5.474353959674032488e+00 5.474353959674032488e+00 5.474353959674032488e+00
-9.699163864527015733e+00 -7.737303276884717640e+00 -6.210205904116550713e+00 -4.713596661255701648e+00 -2.482435538864265823e+00 -2.363451105540230301e+00 -1.065646728771596496e+00 1.373141673410796182e+00 3.365761905308717772e+00 5.551035451137333432e+00 4.306800929358756136e+00 -9.731457721898882918e-01 9.926395892346030481e-01 2.578405339107279204e+00 5.882827277435266566e+00 5.882827277435266566e+00 5.882827277435266566e+00 5.882827277435266566e+00
-9.048371244648429013e+00 -7.248243599928967384e+00 -5.548195879256081930e+00 -3.708748027834881889e+00 -2.846995030825296258e+00 -2.667914156884943377e+00 -2.750631385681903684e-01 2.824383823947095973e+00 3.961292230333216313e+00 6.028497786110781576e+00 5.849913259439140312e+00 1.865302896572243796e+00 6.779021628579054992e-01 2.567743501806953876e+00 5.823213070846393613e+00 5.823213070846393613e+00 5.823213070846393613e+00 5.823213070846393613e+00
-8.959207979267354460e+00 -6.764986627040983969e+00 -5.016766420128663029e+00 -2.726337521499107908e+00 -3.142691062856436179e+00 -2.896694080877841859e+00 3.319333877253877740e-01 3.340109389970174814e+00 4.147555373734369333e+00 5.052309328853962000e+00 4.520946193353224452e+00 4.599589512544584480e+00 3.697262714697947317e+00 3.285136388484207082e+00 5.736523059676517988e+00 5.736523059676517988e+00 5.736523059676517988e+00 5.736523059676517988e+00
-8.289613966649383769e+00 -6.581838565390894402e+00 -4.810320004001302330e+00 -2.420127662881137898e+00 -2.227139697045035671e+00 -2.720382299165877704e+00 4.478903628521707647e-01 3.838608282170825170e+00 3.920893763306854574e+00 3.255143065768721033e+00 3.292269695825229103e+00 3.141314618369158485e+00 3.881919439413246131e+00 5.086985112412894416e+00 5.655292462549573074e+00 5.655292462549573074e+00 5.655292462549573074e+00 5.655292462549573074e+00
-7.698358599550712889e+00 -6.497230910559798289e+00 -4.601508379650085523e+00 -2.393254530966351989e+00 -1.560061472981272956e+00 -1.659085873106988629e+00 1.323553313816790089e+00 3.741120130847554570e+00 3.698600164886022945e+00 1.793648520038935823e+00 1.636430328260515932e+00 1.674361176937913198e+00 2.796732953715414638e+00 4.254448628276326971e+00 5.765683203586980277e+00 5.765683203586980277e+00 5.765683203586980277e+00 5.765683203586980277e+00
-7.888115863603205824e+00 -6.324406494071394214e+00 -4.677030229118495974e+00 -2.528709335497696831e+00 -1.252783912757904350e+00 3.861669986187939441e-01 2.774908959768586314e+00 3.919122239393314722e+00 3.024577857684555227e+00 1.597218949249932241e+00 1.147031980431504783e+00 1.193526579705602719e+00 1.932540268832600994e+00 3.625476393401790176e+00 5.974158474652269568e+00 5.974158474652269568e+00 5.974158474652269568e+00 5.974158474652269568e+00
-8.301525065798161407e+00 -6.510890723664229718e+00 -4.500574378485827864e+00 -2.400963975333637812e+00 -1.338105658183123658e+00 7.331384148324283923e-02 3.215914680535485903e+00 3.954117897808517856e+00 2.934611974733099427e+00 1.509071386325032460e+00 8.310738043954519760e-01 6.508464546360673841e-01 1.296142928947692674e+00 3.235151540120032365e+00 5.896748820253237433e+00 5.896748820253237433e+00 5.896748820253237433e+00 5.896748820253237433e+00
-8.282172556871216784e+00 -6.929290983997680620e+00 -4.655976491516099713e+00 -2.217347724497743311e+00 -1.664438101803826120e+00 -1.775354507777314517e+00 1.691235249254515294e+00 3.957655872777939621e+00 2.709214134161184617e+00 1.366089060241182152e+00 -1.195791939371268153e+00 -1.535451982719349351e+00 1.199023128682847661e+00 3.041833430297571361e+00 5.859247612630907653e+00 5.859247612630907653e+00 5.859247612630907653e+00 5.859247612630907653e+00
-8.254471321226709790e+00 -6.915632578804785879e+00 -5.187404708329531822e+00 -2.748471670400287614e+00 -1.931158156496798117e+00 -1.515479975809350899e+00 3.161231583954225433e-01 3.833548631393934425e+00 2.323107833886758566e+00 1.150052360033842369e+00 -2.362166680020975296e+00 -1.501759948341812034e+00 1.172113182928422370e+00 3.394715718694226059e+00 5.724547771419901565e+00 5.724547771419901565e+00 5.724547771419901565e+00 5.724547771419901565e+00
-8.178970338944132834e+00 -7.426326948414994078e+00 -5.438169022300921363e+00 -3.533958073029107805e+00 -1.588724674623583466e+00 -1.769222930791988668e+00 -5.868820031162549355e-01 3.528615142889839795e+00 2.182097885794516579e+00 3.325153897793227675e-01 -2.508119219919795029e+00 -1.176687025872832137e+00 1.200839650601476016e+00 3.749426030987857761e+00 5.634437965696199591e+00 5.634437965696199591e+00 5.634437965696199591e+00 5.634437965696199591e+00
-8.129581325656747737e+00 -7.281301019470262759e+00 -6.053286824969727142e+00 -4.480084248970147343e+00 -2.393672151042145924e+00 -2.251439060103314294e+00 -1.465727756696593831e+00 1.565019107674984200e+00 2.534684502280010854e+00 -3.545510673124959933e+00 -2.209541319901385137e+00 -4.398855675712187718e-01 1.492779184229454437e+00 3.728992391420208108e+00 6.028436418779082651e+00 6.028436418779082651e+00 6.028436418779082651e+00 6.028436418779082651e+00
-8.350394107815375833e+00 -7.801867136707626216e+00 -6.414826032382200616e+00 -5.054109435984478260e+00 -3.653857086340666083e+00 -2.210973801524778182e+00 -2.087779802126909168e+00 5.311023854559365764e-01 2.282676170644060143e+00 -2.939237178854671395e+00 3.538216346623727082e-01 9.639213059565003849e-01 1.868424328409110435e+00 4.178307184828804921e+00 5.989760387080307780e+00 5.989760387080307780e+00 5.989760387080307780e+00 5.989760387080307780e+00
-8.739881427697685723e+00 -7.889593947508110716e+00 -6.803349671333363879e+00 -5.758252772770295458e+00 -4.520020904069856904e+00 -2.306982317317489706e+00 -2.956604546908045972e+00 -1.428202551650061158e+00 1.303639120347686475e+00 6.810678954897436688e-01 3.627657073539134469e-01 9.086301090963934124e-01 2.140472840528949039e+00 4.779565735008048932e+00 5.910670363071210076e+00 5.910670363071210076e+00 5.910670363071210076e+00 5.910670363071210076e+00
-9.167540298678199306e+00 -8.182048454402240267e+00 -7.313586374445388394e+00 -6.384333878190949108e+00 -5.336786659814461764e+00 -4.022657276038520635e+00 -2.583434373952260721e+00 -2.620122791675107976e+00 2.963565511092293159e-01 1.582959336935219952e+00 1.008252372172230737e+00 4.812432250183616977e-01 1.733284092733953896e+00 4.898967068205756448e+00 5.873169155448879408e+00 5.873169155448879408e+00 5.873169155448879408e+00 5.873169155448879408e+00
-9.446421614947000833e+00 -8.525180977096185941e+00 -7.892321997104176923e+00 -7.215480851577087407e+00 -6.340956400510194158e+00 -5.133061947474074849e+00 -2.365359480311413076e+00 -3.039148692703590005e+00 -1.027023283798909503e+00 1.331326040688054047e+00 1.305727350819111621e+00 8.674861687387053211e-01 1.013813726565858442e+00 4.074738954640922728e+00 5.758670877140005473e+00 5.758670877140005473e+00 5.758670877140005473e+00 5.758670877140005473e+00
-9.838213980316519169e+00 -8.984250971614361703e+00 -8.436911935693053977e+00 -7.966766146909081137e+00 -7.366535297349662059e+00 -6.372111934426767377e+00 -3.745015956131022783e+00 -2.916191272358043207e+00 -2.141503346058750257e+00 7.335924857213411698e-01 1.313521053251778259e+00 1.131608866800084767e+00 2.817699179282969202e-01 3.985131308182916055e+00 6.058065361342057642e+00 6.058065361342057642e+00 6.058065361342057642e+00 6.058065361342057642e+00
-1.025198547201855526e+01 -9.779207398370784787e+00 -9.283099049112253809e+00 -8.764143183138184412e+00 -8.171529028108208692e+00 -7.136305488720657841e+00 -4.984500838617083041e+00 -2.415157624331376152e+00 -2.881867958594246826e+00 3.518316278767522620e-01 1.196566403864997685e+00 1.209074180573729729e+00 6.269503164705141351e-01 4.361344003538444092e+00 6.041122081876888927e+00 6.041122081876888927e+00 6.041122081876888927e+00 6.041122081876888927e+00
-1.041370077131003669e+01 -1.000039503833157717e+01 -9.537155894379695908e+00 -9.075254417623970227e+00 -8.487028471263020180e+00 -7.540750352305304105e+00 -6.224353115679496895e+00 -2.572389131568904919e+00 -3.084615031520715700e+00 -9.874269577101740802e-01 9.982637103776383913e-01 1.254530355945823183e+00 8.192445218028412413e-01 3.101462530098338721e+00 5.962093113511511611e+00 5.962093113511511611e+00 5.962093113511511611e+00 5.962093113511511611e+00
-1.047736198068706948e+01 -1.011178682408456808e+01 -9.687336331014897439e+00 -9.248357010612000551e+00 -8.711608114841290273e+00 -7.806550839891249538e+00 -6.612082779934286947e+00 -3.825325998671147421e+00 -3.212188397160928410e+00 -2.668003655182452416e+00 7.709443371472209927e-01 1.281910934299436144e+00 8.564261432777503513e-01 2.328830297730718257e+00 5.924591905889181831e+00 5.924591905889181831e+00 5.924591905889181831e+00 5.924591905889181831e+00
-1.048622921888037673e+01 -1.014120130495696515e+01 -9.768596428901338058e+00 -9.384635514003196732e+00 -8.827180268916954731e+00 -8.027571934381212415e+00 -6.889616595347831662e+00 -5.294486326491445460e+00 -2.811737035309509469e+00 -3.067299776386621435e+00 1.948094598250903753e-01 1.176540840775054608e+00 7.823861686703126317e-01 2.498543951813505970e+00 5.887090698266851163e+00 5.887090698266851163e+00 5.887090698266851163e+00 5.887090698266851163e+00
-1.048253671818499733e+01 -1.018393278092062459e+01 -9.941801266372745971e+00 -9.499560543881260699e+00 -8.959112376479561490e+00 -8.262835158597184204e+00 -7.149875251773570639e+00 -5.582684462808844117e+00 -2.590513329274573007e+00 -3.247111941396776391e+00 4.731441107635146748e-02 8.690472874995868180e-01 3.354143763169875059e-01 2.760502356015507974e+00 6.078698031216517528e+00 6.078698031216517528e+00 6.078698031216517528e+00 6.078698031216517528e+00
-1.054038915968698653e+01 -1.018331993133132052e+01 -9.868655533069867758e+00 -9.525658790704778056e+00 -9.051617914561708389e+00 -8.295096542618601632e+00 -7.253319043177421932e+00 -5.904358932078822342e+00 -2.987058702684559197e+00 -3.521842555109453432e+00 -1.026857504786584219e+00 5.561920583787307582e-01 1.050458551972545118e+00 2.295535246931145856e+00 6.090406014762653086e+00 6.090406014762653086e+00 6.090406014762653086e+00 6.090406014762653086e+00
-1.052038359253856825e+01 -1.020371342647770696e+01 -9.913163174144475676e+00 -9.600003070771453650e+00 -9.048892092864353032e+00 -8.485612284192006527e+00 -7.394304457521311491e+00 -5.979252339581807796e+00 -3.877766699707734244e+00 -2.761764552580084242e+00 -2.335927063354338085e+00 4.105690683141258734e-01 9.972391233938511235e-01 2.458014359588751585e+00 6.053801380137742605e+00 6.053801380137742605e+00 6.053801380137742605e+00 6.053801380137742605e+00
-1.056370380862469638e+01 -1.025691606322964589e+01 -9.918219274630112992e+00 -9.603959195689681039e+00 -9.204838043306796891e+00 -8.511906504427942721e+00 -7.474795063416930674e+00 -6.084055944785339953e+00 -4.770017432626434406e+00 -2.338326117730344933e+00 -3.805961566360435366e+00 1.679652595451059938e-01 6.715605638322885707e-01 2.438622796485026445e+00 5.976014656329484254e+00 5.976014656329484254e+00 5.976014656329484254e+00 5.976014656329484254e+00
-1.060894344036585224e+01 -1.028675267890740130e+01 -9.993583339051356873e+00 -9.634831962670501682e+00 -9.246092623370913088e+00 -8.556202275699284598e+00 -7.583388503751613996e+00 -6.034806779971129131e+00 -5.038963935817425188e+00 -2.602005254163965997e+00 -4.074545342167045447e+00 1.598459975199245098e-01 5.277705251574926759e-01 2.545205734563070976e+00 5.938513448707153586e+00 5.938513448707153586e+00 5.938513448707153586e+00 5.938513448707153586e+00
-1.064173499229413977e+01 -1.035002622909840220e+01 -1.006101990431637638e+01 -9.702034584566023412e+00 -9.314701331205492707e+00 -8.772416894562184098e+00 -7.548436149934314443e+00 -5.980580975871534477e+00 -5.211994766932427581e+00 -3.086432745843949554e+00 -4.625700060394667190e+00 -1.370596088830972892e-01 3.213686063576445817e-01 2.617007261817296815e+00 6.095507334771812502e+00 6.095507334771812502e+00 6.095507334771812502e+00 6.095507334771812502e+00
