-1.049484698005384509e+01 -1.031174299928142801e+01 -9.950292521796153977e+00 -9.618366184065175517e+00 -9.322264353479113197e+00 -8.934573342757644809e+00 -8.355779272605225572e+00 -7.062616073615183510e+00 -3.544522548721328103e+00 -3.634047168614943146e+00 -2.168662059998877734e+00 -5.405176643874303188e-01 7.782316628081988874e-01 2.070465520189331166e+00 5.274376442907017903e+00 5.274376442907017903e+00 5.274376442907017903e+00 5.274376442907017903e+00
-1.043812522742634741e+01 -1.023860606420042352e+01 -1.000689797586784735e+01 -9.764883126606539676e+00 -9.408261324430727157e+00 -8.879708758070385954e+00 -8.115460401582748062e+00 -6.685298537836681376e+00 -3.345601246705678822e+00 -4.245495124732821424e+00 -1.776233255910797837e+00 -1.076812741929488726e-01 1.036731657126174877e+00 1.949833214855298591e+00 5.129844727664552906e+00 5.129844727664552906e+00 5.129844727664552906e+00 5.129844727664552906e+00
-1.023229217485121012e+01 -9.892104190494572791e+00 -9.860729409672750023e+00 -9.840325720763134498e+00 -9.593125018361192247e+00 -9.015398263349823083e+00 -8.085245012252427088e+00 -6.407059087462783964e+00 -2.960091751897989454e+00 -4.266045588853916826e+00 -6.682141601447054713e-01 -1.111063751374896658e-01 1.760205466725219825e+00 2.003668602094853757e+00 5.177475394412710763e+00 5.177475394412710763e+00 5.177475394412710763e+00 5.177475394412710763e+00
-1.043791171547382390e+01 -1.022933479861751316e+01 -9.718611069604802921e+00 -9.359977816634248882e+00 -9.277318829759829910e+00 -9.205176153853003029e+00 -8.098280360510850429e+00 -5.850290676317790428e+00 -2.330013150515895415e+00 -3.862193155252899857e+00 -2.239057867877422281e-01 3.683370256268622689e-01 1.475912029405155090e+00 2.130441651041066198e+00 4.906310484050519172e+00 4.906310484050519172e+00 4.906310484050519172e+00 4.906310484050519172e+00
-1.053382376273039434e+01 -1.022557593710942569e+01 -9.969636974770384796e+00 -9.549199731184501161e+00 -8.989346423106802320e+00 -8.617774748300789156e+00 -7.953874654543796829e+00 -4.854845520492572675e+00 -2.516511184488352537e+00 -3.031893259771747395e+00 -1.328214028554341730e-01 1.010769175681086596e+00 1.486704984320146306e+00 2.308698473869642775e+00 4.822139448422325003e+00 4.822139448422325003e+00 4.822139448422325003e+00 4.822139448422325003e+00
-1.031927257662406738e+01 -1.014569184240950328e+01 -1.014971799067028613e+01 -9.832707940080107178e+00 -9.280011984661008739e+00 -8.460286588117964968e+00 -7.721181666366796037e+00 -3.583947835776543744e+00 -4.115447783626231981e+00 -1.409322172154752195e+00 1.715280368095384311e-01 1.195316946400456715e+00 1.631789984940899441e+00 2.101957131644548227e+00 4.464343511429777145e+00 4.464343511429777145e+00 4.464343511429777145e+00 4.464343511429777145e+00
-1.053604159384707373e+01 -1.024989238982046658e+01 -1.006196929999495104e+01 -9.784773031856245140e+00 -9.271681538486244989e+00 -8.460629231442407416e+00 -6.695839914033101081e+00 -2.722449115418548615e+00 -4.165014770623255203e+00 -3.997310040131464293e-01 9.177294537802542784e-01 1.864040237690409274e+00 1.693063200214416808e+00 3.076288141087631267e+00 4.403103764066604420e+00 4.403103764066604420e+00 4.403103764066604420e+00 4.403103764066604420e+00
-1.036215945044162368e+01 -1.014266540559391672e+01 -1.009522640236039237e+01 -9.685962531435569289e+00 -9.168125885661799757e+00 -8.233809418315535922e+00 -4.967215190213634557e+00 -3.409693029443283230e+00 -3.261098588818163613e+00 -1.342053500411972133e-01 1.539090473930118108e+00 2.001530239825173751e+00 1.861436442129162039e+00 4.281155190076910699e+00 5.225006263464594625e+00 5.225006263464594625e+00 5.225006263464594625e+00 5.225006263464594625e+00
-1.035166306150797588e+01 -1.004911915330454164e+01 -9.505782723255236988e+00 -9.229936281360695105e+00 -8.410297172689569223e+00 -7.015290867240297601e+00 -3.606299484298157942e+00 -4.346516964288631435e+00 -2.405779977486016907e+00 2.603345844250166685e-01 2.055354331380955024e+00 2.701502035949935543e+00 3.253835079738600200e+00 4.722619383066055221e+00 5.099552733006293970e+00 5.099552733006293970e+00 5.099552733006293970e+00 5.099552733006293970e+00
-1.054004695474114328e+01 -1.013233932892032740e+01 -9.329538887670343783e+00 -8.433544752347604145e+00 -7.471555516998188651e+00 -5.592416927351723466e+00 -2.342773136087515695e+00 -4.230087392696596282e+00 -4.135417827746914465e-01 1.802253612874624267e+00 2.789245576914750835e+00 3.389472081008937376e+00 4.911866543611322022e+00 4.990842901565817336e+00 5.358701023041303024e+00 5.358701023041303024e+00 5.358701023041303024e+00 5.358701023041303024e+00
-1.019531707122994746e+01 -9.588548649285190351e+00 -9.037226341891253512e+00 -8.383277212698470038e+00 -6.838802532748815111e+00 -4.051525099429755805e+00 -3.672445871574255172e+00 -2.768320146276674887e+00 2.347823021109452790e-01 2.749600706079127210e+00 2.976308158255812408e+00 4.574224543087877848e+00 3.051431462494922364e+00 2.337955049049281087e+00 5.544678269451257080e+00 5.544678269451257080e+00 5.544678269451257080e+00 5.544678269451257080e+00
-9.902881114913439475e+00 -9.096781372317002123e+00 -8.346072225442508596e+00 -8.048774927506016752e+00 -5.529890904734580559e+00 -2.902354595773295465e+00 -3.363890767535761217e+00 -1.323648473439285711e+00 1.441668183648506796e+00 3.187005081066262235e+00 4.345472325655684642e+00 3.747949804577976884e+00 2.096883266585154004e+00 2.411134314627702224e+00 5.338000301195444663e+00 5.338000301195444663e+00 5.338000301195444663e+00 5.338000301195444663e+00
-9.489733726769188138e+00 -8.665061292425159323e+00 -7.897516860829842500e+00 -6.515053283568668085e+00 -4.369554601870405897e+00 -3.248590976936659658e+00 -3.229098961488046982e+00 2.832043991268439753e-01 3.288035768174640161e+00 3.997148835530450306e+00 4.636832995945069591e+00 2.210246204834460215e+00 4.702353498623985106e-01 2.375249538634764956e+00 5.207976751219901779e+00 5.207976751219901779e+00 5.207976751219901779e+00 5.207976751219901779e+00
-1.001782387113347284e+01 -8.053175335551696179e+00 -6.911318083326550621e+00 -5.354590613383361841e+00 -3.054480626599263893e+00 -2.489731640733567897e+00 -2.772082280657266917e+00 6.369646729085142178e-01 3.275059959798203302e+00 4.971072789706319384e+00 3.350357951052737704e+00 -2.002485272197731980e+00 3.471355933130533256e-01 2.531631138009069026e+00 5.027209874659828159e+00 5.027209874659828159e+00 5.027209874659828159e+00 5.027209874659828159e+00
-9.523993019689470430e+00 -7.660452555604102542e+00 -6.031530487613423475e+00 -4.758515469517266006e+00 -2.291378222366112549e+00 -3.154647974764564378e+00 -8.204614569607828756e-01 2.609741644929031601e+00 3.465236649404024760e+00 5.439646562025160392e+00 4.382764681848781763e+00 -9.890366258834704105e-01 9.677164423713041641e-01 2.468636292966317924e+00 5.273395566182152550e+00 5.273395566182152550e+00 5.273395566182152550e+00 5.273395566182152550e+00
-9.070700018905899498e+00 -7.052007982186335511e+00 -5.339692596891194576e+00 -3.954406329031802336e+00 -1.835821851223719881e+00 -2.480968056449880166e+00 5.784000678376537419e-01 2.941699714700532375e+00 4.026381931199987996e+00 6.140593909174983267e+00 5.929714059586173924e+00 2.001935866627088778e+00 6.506054512850382165e-01 2.740607752265443509e+00 5.286122357481086276e+00 5.286122357481086276e+00 5.286122357481086276e+00 5.286122357481086276e+00
-8.803965456943801726e+00 -6.549819168453628215e+00 -4.776919745333660927e+00 -3.286452607931341419e+00 -2.057439651808280257e+00 -1.943770203380494888e+00 2.126266885978537857e+00 3.308215116620124352e+00 4.191378869509769345e+00 5.111145689150597526e+00 4.539447172469495584e+00 4.627568882680424878e+00 3.533905575067559646e+00 3.198280671533692221e+00 5.419525588934439142e+00 5.419525588934439142e+00 5.419525588934439142e+00 5.419525588934439142e+00
-8.113341066456818851e+00 -6.390946540450006985e+00 -4.455265479642080528e+00 -2.494683142473898219e+00 -2.590449796838617758e+00 -1.114984152692183539e+00 3.448323549208503813e+00 3.861636135760250887e+00 3.978946245683218752e+00 3.254981637430578889e+00 3.246674989265692979e+00 3.155980288632239450e+00 3.879569322825507705e+00 5.108335275436997058e+00 5.222810993751067166e+00 5.222810993751067166e+00 5.222810993751067166e+00 5.222810993751067166e+00
-7.590521921797245497e+00 -6.243629002363197067e+00 -4.234718277049296375e+00 -2.064875826058621300e+00 -2.711013909596347027e+00 2.449424210099020449e-01 2.899799318642021007e+00 3.773976501627772873e+00 3.740644756537253368e+00 1.827789012990922668e+00 1.560749625575658772e+00 1.590960948099851446e+00 2.748492063580602718e+00 4.293736074562844784e+00 4.954867016313350803e+00 4.954867016313350803e+00 4.954867016313350803e+00 4.954867016313350803e+00
-7.933244427778171293e+00 -6.135252344827941684e+00 -3.936572370640218921e+00 -1.764950499940451056e+00 -2.285137628246050934e+00 5.998159401653485601e-01 3.121740912281702141e+00 3.970611798036046025e+00 3.036122450805107675e+00 1.553504548898700044e+00 9.534792689923414777e-01 1.051818868717617983e+00 1.954460945501519165e+00 3.574033633674154942e+00 5.140203731315660107e+00 5.140203731315660107e+00 5.140203731315660107e+00 5.140203731315660107e+00
-8.211822390545055583e+00 -6.409175820834403403e+00 -4.085937948599474012e+00 -2.708458539337986970e+00 -1.940816522293106416e+00 -2.289208983908357364e-01 3.082678463137149549e+00 4.007210897542879735e+00 2.963499218285266856e+00 1.427791265865743675e+00 6.720732979412389341e-01 3.731554520369162464e-01 1.231577302301754662e+00 3.245748963120704378e+00 5.320837432502866449e+00 5.320837432502866449e+00 5.320837432502866449e+00 5.320837432502866449e+00
-8.165620743547849614e+00 -6.760144777978016606e+00 -4.096376686572366310e+00 -2.399184987327863006e+00 -1.873885687130862454e+00 -5.715671035441965975e-01 3.240446810785564846e+00 4.037624501991848192e+00 2.716123410485558054e+00 1.156427262877259610e+00 -2.153093629132996956e+00 -1.625455608743289870e+00 1.142752613166403863e+00 3.087510886796648091e+00 5.229325317392422789e+00 5.229325317392422789e+00 5.229325317392422789e+00 5.229325317392422789e+00
-8.198565544876007749e+00 -6.962967657889652884e+00 -4.874930523194228371e+00 -2.388313476033476768e+00 -1.819364707511638368e+00 -1.257884228788613168e+00 3.355010968887205625e+00 3.896406411252737012e+00 2.279067988160250469e+00 8.940817181369343780e-01 -2.464553078956535970e+00 -1.573656491210644104e+00 1.152669971339493227e+00 3.402144440895387589e+00 5.237227145073227952e+00 5.237227145073227952e+00 5.237227145073227952e+00 5.237227145073227952e+00
-8.172395938291307615e+00 -7.293561932400437264e+00 -5.400622791607067263e+00 -3.280117391747295663e+00 -1.982396265492019527e+00 -1.481340774329405807e+00 1.851777379010559166e+00 3.641055581828922527e+00 2.050237757127378657e+00 -9.279569267799125942e-01 -2.595005189179084848e+00 -1.287666683187808747e+00 1.191184009938811572e+00 3.639202972683013737e+00 4.928577202732504325e+00 4.928577202732504325e+00 4.928577202732504325e+00 4.928577202732504325e+00
-8.069247398526869119e+00 -7.181877409538553358e+00 -5.716785352538419573e+00 -4.287459370972948491e+00 -1.928581642167393362e+00 -1.803393113334325504e+00 5.194452446337832763e-02 2.734855844302784167e+00 2.285039656803055763e+00 -3.684759741351530948e+00 -2.304481816695024943e+00 -4.863785522313631704e-01 1.469921105354228263e+00 3.713988231009719421e+00 5.194774265578619321e+00 5.194774265578619321e+00 5.194774265578619321e+00 5.194774265578619321e+00
-8.332781874624211937e+00 -7.858003701478002867e+00 -6.530845344017494725e+00 -4.966314725430740928e+00 -3.385221211589290569e+00 -2.016622310166822807e+00 -1.857840905039398249e+00 1.541305690371045145e+00 2.099976874477598621e+00 -3.089534376664889503e+00 -2.798995620534158041e-02 1.046557657490695625e+00 1.864449455650984522e+00 4.194273425969605285e+00 5.452983376935936377e+00 5.452983376935936377e+00 5.452983376935936377e+00 5.452983376935936377e+00
-8.766777485469491538e+00 -7.867766304039261804e+00 -6.940410584853138332e+00 -5.654902681127502717e+00 -4.256093813483854404e+00 -2.285171551666679068e+00 -2.431622853856681754e+00 -1.881571522940704844e-01 1.520597163807605234e+00 -1.284829697746841803e-01 5.501782454590858212e-02 7.696381407718220213e-01 2.171715217755988192e+00 4.702591930685560584e+00 5.359965692802623138e+00 5.359965692802623138e+00 5.359965692802623138e+00 5.359965692802623138e+00
-9.103406951604693376e+00 -8.220170126839933644e+00 -7.428491708929543691e+00 -6.459390698602504699e+00 -5.207169757447777769e+00 -3.834637047969347012e+00 -2.175350937388888628e+00 -2.134577969091072447e+00 9.991543665752919967e-01 1.211508324964921890e+00 7.970501497649993272e-01 -3.040421493845617551e-01 1.744832086589303666e+00 4.784893614940538775e+00 5.268453577692179479e+00 5.268453577692179479e+00 5.268453577692179479e+00 5.268453577692179479e+00
-9.401170562070474190e+00 -8.507559674878718781e+00 -7.987086809776462459e+00 -7.234700958387603187e+00 -6.305923255962213148e+00 -5.080781136666800535e+00 -2.476842152523403229e+00 -2.440208669762117033e+00 -8.556728674981310678e-02 1.133138252581245897e+00 9.222949551562615866e-01 5.707372707966040792e-01 1.001075097042792406e+00 4.060132747441111967e+00 5.186043989894149497e+00 5.186043989894149497e+00 5.186043989894149497e+00 5.186043989894149497e+00
-9.896903865909479237e+00 -8.970567532888217954e+00 -8.517941554556232475e+00 -8.012237917036499013e+00 -7.326503731035506561e+00 -6.372488564133472977e+00 -4.039881093158744996e+00 -2.496552133876686952e+00 -2.163365450559455283e+00 9.360702206007960324e-01 8.474311044361730882e-01 9.407752186696730634e-01 3.202251430382959119e-01 3.934047013796312164e+00 5.214006541359580638e+00 5.214006541359580638e+00 5.214006541359580638e+00 5.214006541359580638e+00
-1.024223560178361225e+01 -9.790005640046580027e+00 -9.300461093738578100e+00 -8.788870949015212375e+00 -8.210536474068618418e+00 -7.153227270879996880e+00 -5.199094880135287866e+00 -3.231629793945492324e+00 -2.654290179753698631e+00 3.973003217436739121e-01 9.596744085002768543e-01 9.540345766527713600e-01 1.120916905031570238e-01 4.410463928016245205e+00 5.506618730560781216e+00 5.506618730560781216e+00 5.506618730560781216e+00 5.506618730560781216e+00
-1.036800297640696300e+01 -1.001880219878408518e+01 -9.533064346107813947e+00 -9.127580257674903663e+00 -8.529292301308556645e+00 -7.572075528378773512e+00 -6.323784671485883635e+00 -3.301936670450805966e+00 -2.753999833469660707e+00 -1.599387167788079100e+00 8.433385322851157939e-01 9.162992792055548730e-01 8.118490398386979390e-01 2.798003774212468819e+00 5.490606068212827040e+00 5.490606068212827040e+00 5.490606068212827040e+00 5.490606068212827040e+00
-1.046479980022645506e+01 -1.009656607246427029e+01 -9.736678403448015828e+00 -9.263169794416484137e+00 -8.769610855489073487e+00 -7.848856494163436892e+00 -6.646495980344365506e+00 -4.956587371332057401e+00 -2.272290357484910039e+00 -2.762360950342928057e+00 8.194624322562810148e-01 8.165338867336890960e-01 6.153145559456356661e-01 2.772013496817666400e+00 5.399093953102370058e+00 5.399093953102370058e+00 5.399093953102370058e+00 5.399093953102370058e+00
-1.045427062493041248e+01 -1.014043772406588673e+01 -9.783757819785735776e+00 -9.401008744188267485e+00 -8.841112954811112701e+00 -8.040998365625338096e+00 -6.910880444214457796e+00 -5.555782217409329427e+00 -3.238919789712880082e+00 -3.031654719763154482e+00 -3.630212158965027969e-02 8.385752385640081741e-01 7.766463008859580963e-01 2.646027087316348059e+00 5.307581837991943274e+00 5.307581837991943274e+00 5.307581837991943274e+00 5.307581837991943274e+00
-1.047610779585155072e+01 -1.016234249078856067e+01 -9.852810499465025629e+00 -9.460450869733051604e+00 -8.973069017754127685e+00 -8.274833484440165421e+00 -7.089994389960688537e+00 -5.719354156396269317e+00 -4.157541011593553826e+00 -2.833287442122312871e+00 -1.443021864431342394e+00 6.503640323635121456e-01 1.142692094185411428e-01 2.775904672433937570e+00 5.028769687327206306e+00 5.028769687327206306e+00 5.028769687327206306e+00 5.028769687327206306e+00
-1.053282193141666667e+01 -1.021527515352387994e+01 -9.849713831377881590e+00 -9.490404583881772993e+00 -9.063242090115522842e+00 -8.340357037070980084e+00 -7.217069825846220255e+00 -5.909483827606200279e+00 -4.465854777639719053e+00 -3.055383590497720459e+00 -2.621119805488402399e+00 3.022944795985464950e-01 5.719354603175869078e-01 2.398963694856762530e+00 5.560254084185616286e+00 5.560254084185616286e+00 5.560254084185616286e+00 5.560254084185616286e+00
-1.053155592893160097e+01 -1.019599350334950394e+01 -9.931364060446632891e+00 -9.560045742998024565e+00 -9.125788672317515449e+00 -8.530336517344977665e+00 -7.340921909725173222e+00 -5.896125851447790112e+00 -4.730412763102345153e+00 -3.364641520353233162e+00 -2.806677620077201230e+00 4.315861978800730192e-01 1.656007028368026435e-01 2.540221517030824216e+00 5.719596373957280377e+00 5.719596373957280377e+00 5.719596373957280377e+00 5.719596373957280377e+00
-1.052063318794371582e+01 -1.025999754448885959e+01 -9.909879717601128846e+00 -9.604496605226856332e+00 -9.202692193919794761e+00 -8.566087996771898361e+00 -7.375462529529782429e+00 -5.981242408059427973e+00 -5.065688461310759116e+00 -2.465951246735865077e+00 -3.062844785537874870e+00 -1.927118397027272612e-01 3.787644905034965870e-01 2.496616897826260395e+00 5.529734328512592612e+00 5.529734328512592612e+00 5.529734328512592612e+00 5.529734328512592612e+00
-1.060906043313189784e+01 -1.030186412524149198e+01 -9.978345332678761892e+00 -9.616581946170347450e+00 -9.274077356815897843e+00 -8.632766721836361512e+00 -7.512742717652272084e+00 -5.956110187794679156e+00 -5.252823253116162050e+00 -3.453270642218615016e+00 -2.791508519218504514e+00 -5.567834926520813799e-01 2.917575076400782952e-02 2.482593693728717188e+00 5.438222213402136518e+00 5.438222213402136518e+00 5.438222213402136518e+00 5.438222213402136518e+00
-1.064506897094743643e+01 -1.033900389157157385e+01 -9.991009972359824687e+00 -9.628603328906697456e+00 -9.359881895497691673e+00 -8.794277481063691226e+00 -7.535540292909768567e+00 -5.813672400439303445e+00 -5.409686671868347396e+00 -3.942065114129971626e+00 -2.003448954883458644e+00 -9.051405965035532741e-01 -3.337994737386488220e-01 2.315804189914729694e+00 4.850505243680270695e+00 4.850505243680270695e+00 4.850505243680270695e+00 4.850505243680270695e+00
