-1.040093074051681832e+01 -1.027300802706599114e+01 -9.926710916661093620e+00 -9.607810612478843382e+00 -9.296535793498520661e+00 -8.951540708289876136e+00 -8.330252379487014025e+00 -7.260550002063940411e+00 -4.946380388018004837e+00 -2.388528936915802703e+00 -2.474547874085146315e+00 -2.523020883094499456e-01 6.741096196612642588e-01 1.792188025248991678e+00 5.106344010471071115e+00 5.106344010471071115e+00 5.106344010471071115e+00 5.106344010471071115e+00
-1.032250788161095656e+01 -1.005777375619666536e+01 -9.927985376972046083e+00 -9.768527285046879172e+00 -9.430332203078211961e+00 -8.875839109439441543e+00 -8.133034884775037554e+00 -6.813832020116043608e+00 -4.202923387447532022e+00 -2.395651847887155128e+00 -1.676654172656671715e+00 -8.577815392234010294e-02 1.646169564773307226e+00 1.930093406461328431e+00 5.049701877651776805e+00 5.049701877651776805e+00 5.049701877651776805e+00 5.049701877651776805e+00
-1.026726890588309615e+01 -9.937421074045865055e+00 -9.780787423073261877e+00 -9.772974588801069729e+00 -9.578014158002451595e+00 -9.059610990155258392e+00 -8.110382609925007813e+00 -6.771939210324710245e+00 -3.495517408554612793e+00 -3.265853149596755323e+00 -6.765066223664361056e-01 1.007297078716937050e-01 1.188480493233095903e+00 1.933203700370125455e+00 4.715517432340917026e+00 4.715517432340917026e+00 4.715517432340917026e+00 4.715517432340917026e+00
-1.043421045655507129e+01 -1.026750201160344211e+01 -9.779057483187756361e+00 -9.291236501852369045e+00 -9.157548945411296160e+00 -9.087083041451725407e+00 -8.158266789648214612e+00 -6.392157295547107765e+00 -2.734945254941180792e+00 -3.198606283240105874e+00 -4.954866795979224192e-01 8.365531050286024728e-01 1.101318438211763562e+00 2.152365137218268831e+00 4.844364801305036217e+00 4.844364801305036217e+00 4.844364801305036217e+00 4.844364801305036217e+00
-1.052500616941122935e+01 -1.025229906767956933e+01 -9.868125613095132920e+00 -9.566485722359654886e+00 -8.969617631692901938e+00 -8.642199700978123289e+00 -8.105032435473242813e+00 -5.222212289774156524e+00 -2.660508417664218417e+00 -3.029280376237345251e+00 -2.807176139598309694e-01 4.154192833292336684e-01 1.809448501448297275e+00 2.312339317575828446e+00 4.855853389756349614e+00 4.855853389756349614e+00 4.855853389756349614e+00 4.855853389756349614e+00
-1.036371564954727909e+01 -9.999410615489598086e+00 -1.012468447025425178e+01 -9.834559215316295067e+00 -9.300354004814980868e+00 -8.545909569897967017e+00 -7.555026555334294791e+00 -4.059516313540200372e+00 -3.754062606978524563e+00 -1.296756438615747964e+00 1.749925145951274769e-02 4.041985827724552394e-01 1.467267679950597925e+00 2.139389588088709271e+00 4.461841317867022205e+00 4.461841317867022205e+00 4.461841317867022205e+00 4.461841317867022205e+00
-1.040094958866559516e+01 -1.022721885300941835e+01 -9.884889262317258840e+00 -9.737561458480119114e+00 -9.281702158229558464e+00 -8.507041046960285513e+00 -7.252928910063006995e+00 -2.918852945544599731e+00 -3.673076957906830753e+00 -5.038674711491281100e-01 1.280030555441776796e+00 1.595292706994924092e+00 1.592998868378009858e+00 3.313939282287628796e+00 4.252176207000446517e+00 4.252176207000446517e+00 4.252176207000446517e+00 4.252176207000446517e+00
-1.044755828374340290e+01 -1.005290566312132583e+01 -9.955274158330118084e+00 -9.702126741818004163e+00 -9.164146824835915695e+00 -8.273220759948859637e+00 -4.911765709564442695e+00 -2.476449965652658847e+00 -2.766393502433702523e+00 -8.426974239492351915e-02 1.513434506225762366e+00 1.978933701309378845e+00 1.767378893338261925e+00 4.350163063472849423e+00 5.032241682011846073e+00 5.032241682011846073e+00 5.032241682011846073e+00 5.032241682011846073e+00
-1.042078065895340799e+01 -1.010189060752012757e+01 -9.541733725192969473e+00 -9.043387870950091667e+00 -8.242566871297709596e+00 -6.904323607902093762e+00 -3.803463533200040825e+00 -4.062840004032787000e+00 -1.045114609563909669e+00 1.286807882883001408e+00 2.048067509071654246e+00 2.700050373130309378e+00 3.371665778159982807e+00 4.744254021035707147e+00 5.019533734081607079e+00 5.019533734081607079e+00 5.019533734081607079e+00 5.019533734081607079e+00
-1.042002608863347746e+01 -1.005437419467976845e+01 -9.460413381581760817e+00 -8.438677658475649324e+00 -7.408046423368842781e+00 -5.402275176334577544e+00 -2.503188155094416167e+00 -3.599350189936080024e+00 4.474724851799476849e-02 2.002720897732052308e+00 3.081186220014330512e+00 3.472946174337135705e+00 4.955309094620305110e+00 4.983172508744441842e+00 5.294330962847762834e+00 5.294330962847762834e+00 5.294330962847762834e+00 5.294330962847762834e+00
-1.022841728110603476e+01 -9.440375609423234948e+00 -8.919029655484647989e+00 -8.422814495552563230e+00 -6.854493967521237074e+00 -3.963726894770308817e+00 -3.827239554002410671e+00 -1.663587232473804800e+00 1.444017009368321114e+00 3.097302854732816080e+00 3.033547864683610484e+00 4.575669889875926266e+00 2.840006547476024323e+00 2.225218128372318027e+00 5.296931052984122701e+00 5.296931052984122701e+00 5.296931052984122701e+00 5.296931052984122701e+00
-9.897800345877261208e+00 -8.987304896096683038e+00 -8.212867659221368299e+00 -7.705594906459667826e+00 -5.274630928188103418e+00 -2.624737201131322806e+00 -2.876337950005998678e+00 9.345046290058172875e-03 2.798966334719522386e+00 3.086929196587804736e+00 4.414158976889904551e+00 3.763412750944241214e+00 1.925735082406317744e+00 2.538956750141739604e+00 5.170049728644107390e+00 5.170049728644107390e+00 5.170049728644107390e+00 5.170049728644107390e+00
-9.379226292457143899e+00 -8.497707440125800815e+00 -7.848466653762756984e+00 -6.213810138794958249e+00 -4.152051834622472626e+00 -2.681721691032274535e+00 -2.440908620782709537e+00 1.379391094025176345e+00 3.232964096870472925e+00 4.045783007240375539e+00 4.699708905010185234e+00 1.981249105677107769e+00 4.980260978106366143e-01 2.395310644073139983e+00 5.029439320526670976e+00 5.029439320526670976e+00 5.029439320526670976e+00 5.029439320526670976e+00
-9.985840024763716016e+00 -7.759810234965206277e+00 -6.680516988268106360e+00 -5.050530717955517446e+00 -3.053022278629297759e+00 -3.251986668340081987e+00 -5.539758134885298668e-01 2.911341604518728587e+00 3.279036829687027588e+00 4.997214243301855596e+00 3.275641787464061316e+00 -1.940158875577292497e+00 3.482564086514036705e-01 2.591975401568227699e+00 5.041516492845315334e+00 5.041516492845315334e+00 5.041516492845315334e+00 5.041516492845315334e+00
-9.373778979287006763e+00 -7.546373269667359551e+00 -5.683014713366339343e+00 -4.248830402930343197e+00 -2.059151446256761719e+00 -2.574671209391594662e+00 1.435067529922540441e-01 3.097848538371184901e+00 3.528145347039379320e+00 5.506899745587187311e+00 4.469639675639624166e+00 -8.971772397453621206e-01 9.715315446384495957e-01 2.555475572551542118e+00 5.311013692099975536e+00 5.311013692099975536e+00 5.311013692099975536e+00 5.311013692099975536e+00
-8.998816139515856349e+00 -6.817684053310341774e+00 -4.958656598919121805e+00 -3.281917236201842947e+00 -1.649841033758091324e+00 -1.537200171786948344e+00 2.845846486514479690e+00 2.985306906629042523e+00 4.183082158771074255e+00 6.233404463602141732e+00 6.039340898284216941e+00 1.909777931020787634e+00 6.141641952759061551e-01 2.738401339922067468e+00 5.298037584104349662e+00 5.298037584104349662e+00 5.298037584104349662e+00 5.298037584104349662e+00
-8.610586327457005140e+00 -6.432439047095301454e+00 -4.272796361475093896e+00 -2.394772212982914539e+00 -2.048020864786244566e+00 -2.248188976612321421e-01 3.202193218609235448e+00 3.271109024134748466e+00 4.243760080079843178e+00 5.096936503567882859e+00 4.602358137895955714e+00 4.754719970654996963e+00 4.184985310431514449e+00 3.174011136488082307e+00 5.303853130692420592e+00 5.303853130692420592e+00 5.303853130692420592e+00 5.303853130692420592e+00
-7.858748858772328205e+00 -6.020326316608345607e+00 -4.004551276714268582e+00 -1.717585163275472837e+00 -1.882952704516823950e+00 6.669477526125255906e-01 3.527519457000862779e+00 3.860510108439048960e+00 4.109203623224541246e+00 3.263623004394166749e+00 3.385046355527590034e+00 3.186940724795601199e+00 3.918955250994147210e+00 5.148789278061849828e+00 5.204343311412583439e+00 5.204343311412583439e+00 5.204343311412583439e+00 5.204343311412583439e+00
-7.546231468253689734e+00 -5.991309554431393458e+00 -3.700254126063740934e+00 -1.527843203793170623e+00 -1.024364421531186009e+00 2.858925589939669720e+00 3.111729193489209955e+00 3.883699570955886138e+00 3.775903434235912570e+00 1.743648297545597137e+00 1.497252420698389042e+00 1.537360733616019104e+00 2.799279454681515400e+00 4.267198840933589032e+00 5.063499251610529939e+00 5.063499251610529939e+00 5.063499251610529939e+00 5.063499251610529939e+00
-7.929706281245006316e+00 -6.060034870962198283e+00 -3.423310812131409087e+00 -1.921422443420595094e+00 -1.682855572138391542e+00 2.902498041322297162e+00 3.031118194717916658e+00 4.008709037710762146e+00 3.056475480478783702e+00 1.510380473885269970e+00 6.246647505765954289e-01 9.454885056354898065e-01 1.989092629187667605e+00 3.611894900848585888e+00 5.313426769386295767e+00 5.313426769386295767e+00 5.313426769386295767e+00 5.313426769386295767e+00
-8.136413224069499961e+00 -6.100481928148804300e+00 -3.436948101471879902e+00 -1.444771674186146493e+00 -1.060366716069425896e+00 2.958147467744149051e+00 3.103485405763253269e+00 4.032224517418410592e+00 2.940596336980091596e+00 1.394366808117329493e+00 5.021422131537167655e-01 4.207131960871220988e-01 1.255828929327691634e+00 3.338697778520414161e+00 5.338749053027611602e+00 5.338749053027611602e+00 5.338749053027611602e+00 5.338749053027611602e+00
-7.951207847974345988e+00 -6.173126890290826729e+00 -3.509686352491268480e+00 -1.638689984562549107e+00 -9.742595821698061265e-01 3.035603622574955196e+00 3.189445073278275533e+00 4.133917570103680106e+00 2.753747852902250770e+00 1.136437572443190769e+00 -2.579398168081859843e+00 -1.554598959521156676e+00 1.175342450067699884e+00 3.158536926894562225e+00 5.325772945031987504e+00 5.325772945031987504e+00 5.325772945031987504e+00 5.325772945031987504e+00
-8.045864104783291282e+00 -6.920636124789128374e+00 -4.462812163580042402e+00 -2.885990391666078292e+00 -1.777853682830108806e+00 9.460598031547470255e-01 3.154176841753160598e+00 3.949308867799568912e+00 2.316986496803608464e+00 7.450891040112082031e-01 -2.510901738321150489e+00 -1.595117091833228695e+00 1.183949052440139926e+00 3.460236124290413162e+00 5.301524412990020529e+00 5.301524412990020529e+00 5.301524412990020529e+00 5.301524412990020529e+00
-8.042139267098127320e+00 -7.143648041374574653e+00 -5.039189269775311786e+00 -2.790415325982248618e+00 -1.609171422243157457e+00 -5.522586135488599668e-01 3.167881573809827156e+00 3.762183390633270896e+00 2.042198107144252539e+00 -2.725379538890586151e+00 -2.677500894384186481e+00 -1.321714145559930831e+00 1.256038661094911912e+00 3.676005502573324701e+00 5.238636894181064818e+00 5.238636894181064818e+00 5.238636894181064818e+00 5.238636894181064818e+00
-7.912047893272100119e+00 -7.097071204290813284e+00 -5.383321727357480491e+00 -3.748662975676561260e+00 -2.543365439812461659e+00 -1.193072412394195592e+00 1.252815981353730734e+00 2.979157864587536508e+00 1.934803294833114196e+00 -3.768682470281978780e+00 -2.499140519263589599e+00 -4.852366541028062530e-01 1.485536180456134669e+00 3.748154763654713229e+00 5.367837567702969714e+00 5.367837567702969714e+00 5.367837567702969714e+00 5.367837567702969714e+00
-8.312568178288941567e+00 -7.596857295673967059e+00 -6.227703292484153330e+00 -4.714844250976049089e+00 -3.063088564430196836e+00 -2.271708002080591982e+00 -9.060977116483481808e-01 2.682908869100574467e+00 1.329416954440891585e+00 -3.305362830834399634e+00 -1.446518016076077384e-01 1.026518595920752785e+00 1.866184843794319370e+00 4.196971342146737172e+00 5.397983702132024497e+00 5.397983702132024497e+00 5.397983702132024497e+00 5.397983702132024497e+00
-8.744627541242282476e+00 -7.635012291201504375e+00 -6.688828521756332357e+00 -5.364570735378530131e+00 -3.932287019170328080e+00 -2.304371091354502799e+00 -1.699310249433104714e+00 5.034244307125507190e-01 1.823057573340302495e+00 -4.042593208625944734e-01 3.818669041562574029e-01 3.357197162402152379e-01 2.160151494301121300e+00 4.662616118372853613e+00 5.366484413955247668e+00 5.366484413955247668e+00 5.366484413955247668e+00 5.366484413955247668e+00
-8.993297570830980803e+00 -8.306736478651043143e+00 -7.459609593131891536e+00 -6.167401891495626565e+00 -4.955866393853622931e+00 -3.727548419996997264e+00 -2.130129671458433904e+00 -1.418766645272131255e+00 1.522366577617394023e+00 1.255448662220313372e+00 4.151593718589982607e-01 3.002452481043085819e-01 1.882847847372640437e+00 4.757121244731964183e+00 5.353508305959621794e+00 5.353508305959621794e+00 5.353508305959621794e+00 5.353508305959621794e+00
-9.329374917216757268e+00 -8.470515035318378239e+00 -7.890704899086925295e+00 -7.258280208801003219e+00 -6.213362426056585619e+00 -4.881469315700736722e+00 -2.906832090178092187e+00 -1.788154316581781478e+00 2.971038044648648402e-01 1.055016851670985911e+00 6.980379787944346326e-01 4.153887839745998845e-01 1.229711555155315494e+00 4.103443231505854882e+00 5.311708640241165291e+00 5.311708640241165291e+00 5.311708640241165291e+00 5.311708640241165291e+00
-9.964276121427234401e+00 -8.995872897838243176e+00 -8.568337971017687238e+00 -8.063221390474469175e+00 -7.386448393887546260e+00 -6.485373689779853734e+00 -4.404783029469120592e+00 -2.240183619854426489e+00 -1.671283476839869664e+00 9.228104303047267587e-01 8.800755732571344803e-01 9.510063542214104437e-01 8.742514153295705137e-02 3.951883980901535587e+00 5.393616024794204655e+00 5.393616024794204655e+00 5.393616024794204655e+00 5.393616024794204655e+00
-1.028389688374122457e+01 -9.813109142870883872e+00 -9.319594515282712877e+00 -8.838308531075487195e+00 -8.274033631490938845e+00 -7.245525089792296036e+00 -5.590099990821029152e+00 -3.737828245747701228e+00 -1.623754227229321279e+00 -4.060082607919273112e-01 1.057234824803575890e+00 1.099599233366248097e+00 1.154373434555549249e-01 4.187692565969610925e+00 5.438695171055283772e+00 5.438695171055283772e+00 5.438695171055283772e+00 5.438695171055283772e+00
-1.037480275753176784e+01 -1.000556537750340524e+01 -9.554602349947137085e+00 -9.148517352597901109e+00 -8.594769211091811911e+00 -7.674239425874278986e+00 -6.365062834816852089e+00 -4.660219738212143525e+00 -2.788822595266023274e+00 -1.815934699298468180e+00 1.326806681107255192e+00 7.393844528489915691e-01 8.105159173758063051e-01 3.925431245776151989e+00 5.407195882878506943e+00 5.407195882878506943e+00 5.407195882878506943e+00 5.407195882878506943e+00
-1.034455482837974927e+01 -1.010099805600792244e+01 -9.714854807298456407e+00 -9.302291394319606610e+00 -8.825082096993122960e+00 -7.914061451609982534e+00 -6.652045361479708596e+00 -5.345565598590569678e+00 -3.689107423320807211e+00 -2.120100867160945590e+00 -1.648318295968861646e-01 9.677523250237686225e-01 4.885721045431010157e-01 2.928024238009318658e+00 5.394219774882881957e+00 5.394219774882881957e+00 5.394219774882881957e+00 5.394219774882881957e+00
-1.040934246752552106e+01 -1.010358261506943656e+01 -9.586455247457301709e+00 -9.435429443470045641e+00 -8.964354662413457575e+00 -8.072203976972630812e+00 -6.858230330752676629e+00 -5.608319261137471479e+00 -4.122977572181918404e+00 -2.715254698090648677e+00 -2.687688973278016036e+00 8.154688935076251921e-01 1.631912650172621243e-02 2.583725295785288978e+00 5.381243666887257859e+00 5.381243666887257859e+00 5.381243666887257859e+00 5.381243666887257859e+00
-1.044373146881376968e+01 -1.013549461078829950e+01 -9.847671106460360591e+00 -9.502208315604475430e+00 -9.033682716674308111e+00 -8.298109232723433593e+00 -6.999949014816879256e+00 -5.753554793306590476e+00 -4.785091588841488885e+00 -3.097628584597653667e+00 -2.336559206536191979e+00 1.936222272171356229e-01 1.212787556055182903e-01 2.796434309632561899e+00 5.401377078036118995e+00 5.401377078036118995e+00 5.401377078036118995e+00 5.401377078036118995e+00
-1.051945003951460933e+01 -1.017914909768098752e+01 -9.860400797913351667e+00 -9.526501128216287029e+00 -9.120903444485740863e+00 -8.426392045827014954e+00 -7.180068309548676808e+00 -5.767087672581103774e+00 -5.168587006798910366e+00 -3.609274054451629077e+00 -2.056490473190336399e+00 -1.134222856557870196e-01 -1.539623704943222371e-01 2.291593295944886588e+00 5.479406639978543936e+00 5.479406639978543936e+00 5.479406639978543936e+00 5.479406639978543936e+00
-1.049401623628732594e+01 -1.022072598452404968e+01 -9.912541347539889358e+00 -9.605798589081020467e+00 -9.156759290414001384e+00 -8.608756892539668470e+00 -7.325167934607294207e+00 -5.810596237718503865e+00 -5.016600839993971661e+00 -3.427997011617869294e+00 -2.795401571905594462e+00 -1.020620408615711794e+00 5.743135499734102201e-01 2.346899374827607687e+00 5.466430531982918062e+00 5.466430531982918062e+00 5.466430531982918062e+00 5.466430531982918062e+00
-1.051462976653103887e+01 -1.027109090479288156e+01 -9.915742327426588787e+00 -9.580292780836892064e+00 -9.240664507055429411e+00 -8.620126471833613024e+00 -7.354077299493360087e+00 -5.863196932790363469e+00 -5.084036899981707158e+00 -3.656832844455814691e+00 -3.108753554916184214e+00 -2.190488456730069089e+00 3.081179023800867389e-01 2.217779503286852361e+00 5.434931243806141232e+00 5.434931243806141232e+00 5.434931243806141232e+00 5.434931243806141232e+00
-1.060092632162536574e+01 -1.023030059114876167e+01 -9.936953250595870202e+00 -9.574123262635220399e+00 -9.268925877868376517e+00 -8.717855955714295391e+00 -7.529315360956679193e+00 -5.885676352683629986e+00 -5.140167424318759615e+00 -3.804297930038532449e+00 -3.806578792291410718e+00 -1.684088700192365895e+00 -3.829649395564885817e-01 2.177758643283994378e+00 5.425644629645148598e+00 5.425644629645148598e+00 5.425644629645148598e+00 5.425644629645148598e+00
-1.061437003869737339e+01 -1.023548020760488875e+01 -9.950087744560921266e+00 -9.616561871771670766e+00 -9.306701321356168677e+00 -8.883004549754934587e+00 -7.587246693400704345e+00 -5.864220864439395164e+00 -5.251708406151124997e+00 -3.841435928457347160e+00 -4.081809458493743215e+00 -2.252231858245532514e+00 -8.607756475715671041e-01 2.131289979892708075e+00 5.253183090302322000e+00 5.253183090302322000e+00 5.253183090302322000e+00 5.253183090302322000e+00
