-1.049699506961522033e+01 -1.032131321057207352e+01 -9.956295954881497323e+00 -9.620519097123061414e+00 -9.319968363203654960e+00 -8.921562636202695629e+00 -8.343280947352573307e+00 -7.051188521981529789e+00 -3.498368076634994051e+00 -3.600215390136635829e+00 -2.325470731869948349e+00 -5.823988416074741270e-01 4.204806149483463207e-01 2.086130772343772311e+00 5.227061441052702762e+00 5.227061441052702762e+00 5.227061441052702762e+00 5.227061441052702762e+00
-1.043710803242283269e+01 -1.023425429224065297e+01 -1.001099543264979275e+01 -9.771808661542715768e+00 -9.414171235110005753e+00 -8.877966574299248848e+00 -8.128793389209819864e+00 -6.711948717622592042e+00 -3.301661622058323253e+00 -4.219479163146226952e+00 -1.848394227832280468e+00 2.192268317012228407e-01 9.721886935506476313e-01 1.972603268384856223e+00 5.076104223501694435e+00 5.076104223501694435e+00 5.076104223501694435e+00 5.076104223501694435e+00
-1.028255013529703277e+01 -9.887019850344358929e+00 -9.843062776226304322e+00 -9.857700827197897198e+00 -9.608379069452684718e+00 -9.010543454406485964e+00 -8.082450152179589509e+00 -6.429398398646753776e+00 -2.913077125204216689e+00 -4.176993993326077792e+00 -6.450386013990825340e-01 1.678006471351040363e-01 1.832977073922438693e+00 2.004033742760154002e+00 5.370123225737754247e+00 5.370123225737754247e+00 5.370123225737754247e+00 5.370123225737754247e+00
-1.043642829133598049e+01 -1.023705146053106319e+01 -9.727871374793071624e+00 -9.366620303093764477e+00 -9.257765517579883863e+00 -9.265973737754551465e+00 -8.104837121568486680e+00 -5.865235025517698375e+00 -2.336807840527086011e+00 -3.848240543438592454e+00 -2.661085458333484199e-01 6.519990543353089141e-01 1.453123144491515362e+00 2.127489548245112605e+00 4.871369501707969007e+00 4.871369501707969007e+00 4.871369501707969007e+00 4.871369501707969007e+00
-1.054940546649914168e+01 -1.022676731528949112e+01 -9.984772875018185445e+00 -9.557848167232313230e+00 -9.010496188038027654e+00 -8.628561442484901534e+00 -7.977923816392793022e+00 -4.890043223204319389e+00 -2.443789405744932974e+00 -3.010530183597267762e+00 -2.243712731306031771e-01 7.494808343076186929e-01 1.493914347475548965e+00 2.293016553952703429e+00 4.833358247406829733e+00 4.833358247406829733e+00 4.833358247406829733e+00 4.833358247406829733e+00
-1.032914265154350630e+01 -1.011530798942613707e+01 -1.014324881197267736e+01 -9.832111517085028396e+00 -9.277558066774520995e+00 -8.469134084268459262e+00 -7.712411342091029631e+00 -3.692029428249009371e+00 -4.192660257638804566e+00 -1.355082638280879381e+00 1.739059058746704467e-01 1.031293095630588574e+00 1.645068855736715685e+00 2.106419281242913222e+00 4.447992105174535027e+00 4.447992105174535027e+00 4.447992105174535027e+00 4.447992105174535027e+00
-1.055020791370094635e+01 -1.026079535918488261e+01 -1.005066452743432137e+01 -9.797757171904274642e+00 -9.278125412070421518e+00 -8.474444935667946766e+00 -6.700033620586712146e+00 -2.662515232824142153e+00 -4.179734907711306846e+00 -2.828616892733437083e-01 9.596363030735873823e-01 1.867515637252966876e+00 1.705236604643824316e+00 3.058366315566927174e+00 4.420540103894128769e+00 4.420540103894128769e+00 4.420540103894128769e+00 4.420540103894128769e+00
-1.037769001629724919e+01 -1.014910305607607555e+01 -1.010594123039321346e+01 -9.691596584364219780e+00 -9.174795452526470996e+00 -8.243477534963005837e+00 -4.963652562303588311e+00 -3.367851286449124792e+00 -3.242901097743430050e+00 -9.072938235805950991e-02 1.344803729670464687e+00 2.017141921178724928e+00 1.864218706945160786e+00 4.290347143402913233e+00 5.295475825169308592e+00 5.295475825169308592e+00 5.295475825169308592e+00 5.295475825169308592e+00
-1.035457635625959760e+01 -1.008643046346488958e+01 -9.484059376492693261e+00 -9.196977991992737245e+00 -8.414933374851248260e+00 -7.001679604881795527e+00 -3.581261679642242957e+00 -4.340767572711787814e+00 -2.460691014689579070e+00 2.764130353269906304e-01 2.068386710971577447e+00 2.708453060596513584e+00 3.252252832405112759e+00 4.738767223497846182e+00 5.280804306966048856e+00 5.280804306966048856e+00 5.280804306966048856e+00 5.280804306966048856e+00
-1.053016483860070096e+01 -1.014739964583521115e+01 -9.334828740683004611e+00 -8.439490522090054014e+00 -7.503311541891530823e+00 -5.520975585121776774e+00 -2.335035062944771145e+00 -4.278282143505829360e+00 -3.334836008970429866e-01 1.784565641266865121e+00 2.820341654357402916e+00 3.398191790146043889e+00 4.942738302403689943e+00 5.006020811267722692e+00 5.438123588764613103e+00 5.438123588764613103e+00 5.438123588764613103e+00 5.438123588764613103e+00
-1.018292629790454207e+01 -9.578086636730981596e+00 -9.050228713589660856e+00 -8.393369914541196408e+00 -6.870392834041508578e+00 -3.971349797226012335e+00 -3.733293708728498750e+00 -2.800025490220386715e+00 2.379739438260156659e-01 2.766109576970815276e+00 2.981411596354129223e+00 4.593255881566605581e+00 3.043580750871246465e+00 2.360658633310155796e+00 5.734444174840286124e+00 5.734444174840286124e+00 5.734444174840286124e+00 5.734444174840286124e+00
-9.904561223613780996e+00 -9.092934847677678789e+00 -8.342394555213942908e+00 -8.057862132884459072e+00 -5.528515551469748601e+00 -2.988349173745576959e+00 -3.370429649388074100e+00 -1.286610942528543244e+00 1.504784666844707131e+00 3.196922486082803161e+00 4.354709074304491168e+00 3.757756294614088333e+00 2.112980085909275996e+00 2.376093288862299424e+00 5.399578110598161729e+00 5.399578110598161729e+00 5.399578110598161729e+00 5.399578110598161729e+00
-9.473822497125459208e+00 -8.651147254501449169e+00 -7.909747822683153018e+00 -6.493186191238068616e+00 -4.214988462994319285e+00 -3.304200404552317671e+00 -3.146947331672561798e+00 4.819286304501488871e-01 3.315950778414320066e+00 4.006305888786118707e+00 4.646626867028462726e+00 2.257815281771390570e+00 4.629251951226482364e-01 2.363944242823003528e+00 5.202052292210316509e+00 5.202052292210316509e+00 5.202052292210316509e+00 5.202052292210316509e+00
-1.002829595708260157e+01 -8.042849714767857705e+00 -6.895976442735779699e+00 -5.363940761302243843e+00 -2.951238167485874975e+00 -2.586410944958589919e+00 -2.717269385957749250e+00 8.531754492045576788e-01 3.296863736160953628e+00 5.000541766285818923e+00 3.359938333737053195e+00 -2.016473622921056474e+00 3.350808816935378909e-01 2.544418676467752771e+00 5.171730248020191212e+00 5.171730248020191212e+00 5.171730248020191212e+00 5.171730248020191212e+00
-9.504280383940226784e+00 -7.685328641494995061e+00 -6.014977000617376390e+00 -4.707212173392157695e+00 -2.256903904900267932e+00 -3.138976056088545352e+00 -8.148666832667799120e-01 2.652323785984579629e+00 3.482576770384719911e+00 5.458136195850576300e+00 4.389889466295851861e+00 -1.006507036485499107e+00 9.532967288591696065e-01 2.468076838213185464e+00 5.222064552614312127e+00 5.222064552614312127e+00 5.222064552614312127e+00 5.222064552614312127e+00
-9.086578435542671528e+00 -7.045300010850959360e+00 -5.308160158277377860e+00 -3.897590106530185672e+00 -1.849064217624105444e+00 -2.449843210907733049e+00 6.242326506033479827e-01 2.946160095698048487e+00 4.042026417461052290e+00 6.160296609021250980e+00 5.950232264207306443e+00 2.057673734313695046e+00 6.372180300468938130e-01 2.781558959560811672e+00 5.317730910850999138e+00 5.317730910850999138e+00 5.317730910850999138e+00 5.317730910850999138e+00
-8.816262149589270791e+00 -6.550122953435693063e+00 -4.775848564095295679e+00 -3.277676003434105922e+00 -1.919205686669421373e+00 -1.780778114722552319e+00 2.227211014859192151e+00 3.298817642447833709e+00 4.196039465013885028e+00 5.102055163307518626e+00 4.529594568034920776e+00 4.638990208350130651e+00 3.586745940971313384e+00 3.218431387087816287e+00 5.614051496926673934e+00 5.614051496926673934e+00 5.614051496926673934e+00 5.614051496926673934e+00
-8.126515789773915088e+00 -6.395965209789118866e+00 -4.409498979446802025e+00 -2.488571036479513943e+00 -2.659966447988601157e+00 -7.927020222154493867e-01 3.487401206094935091e+00 3.861882659337610324e+00 3.975434900355614865e+00 3.271991188645224202e+00 3.272462057835217486e+00 3.159427227359979273e+00 3.884565808385769259e+00 5.127733683372079909e+00 5.315357020127708942e+00 5.315357020127708942e+00 5.315357020127708942e+00 5.315357020127708942e+00
-7.588243840186244427e+00 -6.239645925873456456e+00 -4.233648295106340775e+00 -1.979017738633459533e+00 -2.793481755502567054e+00 7.182314697501787082e-01 2.960803401571878268e+00 3.769253563514032734e+00 3.751042461325772681e+00 1.862537542602626495e+00 1.567928045822966521e+00 1.592621377359605184e+00 2.763838113688425580e+00 4.303523913601298823e+00 5.062656189074330015e+00 5.062656189074330015e+00 5.062656189074330015e+00 5.062656189074330015e+00
-8.009478827210834595e+00 -6.168750883143182762e+00 -3.852222669635222196e+00 -1.795666023317840976e+00 -2.138919288770303240e+00 9.114515490161839706e-01 3.142519859040397989e+00 3.956321376161663128e+00 3.014633158415388259e+00 1.533505598734130837e+00 9.082256069660242792e-01 1.024698481757682966e+00 1.934912660237238402e+00 3.562044399743077072e+00 5.314522648467422172e+00 5.314522648467422172e+00 5.314522648467422172e+00 5.314522648467422172e+00
-8.193762018675585068e+00 -6.401675410817897927e+00 -4.012737670878520291e+00 -2.779599109965575909e+00 -2.081139948457447542e+00 2.038464026768047610e-01 3.074799690370980443e+00 3.989906765273614653e+00 2.949113020909874372e+00 1.405629082631691507e+00 5.950036113256159664e-01 3.033855460264864301e-01 1.213159308618250609e+00 3.227843651455192919e+00 5.270976988345709380e+00 5.270976988345709380e+00 5.270976988345709380e+00 5.270976988345709380e+00
-8.192124092691560833e+00 -6.761623173359819994e+00 -4.023566386905256032e+00 -2.530755244439529594e+00 -1.754764416477090805e+00 -1.648075120407619665e-01 3.269495798739074477e+00 4.022336068249874330e+00 2.709872829997042931e+00 1.122601065532826903e+00 -2.456214652811225196e+00 -1.650955059328830243e+00 1.128856016338014800e+00 3.077822318401320256e+00 5.220909336228679365e+00 5.220909336228679365e+00 5.220909336228679365e+00 5.220909336228679365e+00
-8.204634555174319388e+00 -6.980156203143422111e+00 -4.934420648322173086e+00 -2.368054197266665550e+00 -1.897844446548850650e+00 -9.364319480355038916e-01 3.381413718394043144e+00 3.923242361279654755e+00 2.253500158044907220e+00 8.674993277204442466e-01 -2.496644181620075287e+00 -1.564737909951718464e+00 1.145719107556553373e+00 3.385697617376424606e+00 5.414531627449521878e+00 5.414531627449521878e+00 5.414531627449521878e+00 5.414531627449521878e+00
-8.183233949118372763e+00 -7.315754566267297143e+00 -5.440486682188852896e+00 -3.178409433022620689e+00 -2.115851858297704613e+00 -1.257429044208145941e+00 2.221875791460711014e+00 3.648308493233010097e+00 1.991483228399132610e+00 -1.456672102095054600e+00 -2.617364466606419970e+00 -1.351125922334348806e+00 1.180538257632981036e+00 3.602269311916279193e+00 4.953582130128468819e+00 4.953582130128468819e+00 4.953582130128468819e+00 4.953582130128468819e+00
-8.073768433399994393e+00 -7.194410247523326696e+00 -5.681325709062534202e+00 -4.358557502371045445e+00 -1.809250451304320162e+00 -1.870598481134653657e+00 7.025248062886043643e-01 2.759225498743413940e+00 2.269654118224405437e+00 -3.700328440704455435e+00 -2.319266244765241236e+00 -4.928487159756276270e-01 1.470148254554697553e+00 3.702656394103565507e+00 5.430032274695231642e+00 5.430032274695231642e+00 5.430032274695231642e+00 5.430032274695231642e+00
-8.363380938695494038e+00 -7.886081398589289471e+00 -6.595430214899271171e+00 -4.992765515355945816e+00 -3.250603107221273547e+00 -2.164253765625840042e+00 -1.756534309342267175e+00 1.440472947454641606e+00 2.084901302329454698e+00 -3.140268864876345933e+00 -1.171112662961281831e-01 1.050851172996307259e+00 1.867842913867628463e+00 4.202646073904991120e+00 5.429807215457407743e+00 5.429807215457407743e+00 5.429807215457407743e+00 5.429807215457407743e+00
-8.774481900979727911e+00 -7.897543365105351931e+00 -6.955312623660587334e+00 -5.637181046842514753e+00 -4.204764294426926341e+00 -2.198783358481509076e+00 -2.631897398798991539e+00 4.887920376966171238e-02 1.482436864263365628e+00 -1.875587851187296706e-01 7.096445488548338773e-03 7.630932976948153756e-01 2.175675763461764944e+00 4.671224732124264811e+00 5.319889424077097750e+00 5.319889424077097750e+00 5.319889424077097750e+00 5.319889424077097750e+00
-9.110923175395233997e+00 -8.241207316027802321e+00 -7.423404989263514331e+00 -6.546658108075216198e+00 -5.157060865123805016e+00 -3.752106727776952422e+00 -2.394170475575234658e+00 -2.022031944339284237e+00 9.609929256588962687e-01 1.203245363129480161e+00 8.152004100021381650e-01 -2.616855661322623483e-01 1.773959770267456770e+00 4.738523240011010884e+00 5.269821771960078394e+00 5.269821771960078394e+00 5.269821771960078394e+00 5.269821771960078394e+00
-9.419672806380539498e+00 -8.517674447386761827e+00 -8.019295881434116424e+00 -7.268922263819564300e+00 -6.312089021965576308e+00 -5.094604126588453852e+00 -2.317621194115262906e+00 -2.412558769784573620e+00 -1.675638805197460224e-01 9.317179397596506707e-01 9.043479857999481286e-01 5.004811796493927600e-01 1.042350702003353558e+00 4.049949809125202194e+00 5.307805867415058110e+00 5.307805867415058110e+00 5.307805867415058110e+00 5.307805867415058110e+00
-9.927664399885161473e+00 -8.969331127651651414e+00 -8.539455633353659536e+00 -8.041808630352281995e+00 -7.341586488529318721e+00 -6.388199371453782582e+00 -4.037221442063618326e+00 -2.813756032383337047e+00 -2.136750294194624367e+00 9.181830445483670777e-01 7.577050471661821440e-01 9.439383270337252663e-01 2.126347659518996458e-01 3.953284805504556410e+00 5.492834399683777846e+00 5.492834399683777846e+00 5.492834399683777846e+00 5.492834399683777846e+00
-1.027484086297361365e+01 -9.817334252506583425e+00 -9.313521884746936763e+00 -8.825511617745629422e+00 -8.224968003853728504e+00 -7.160497117682298907e+00 -5.341218912166961097e+00 -3.110195320693401211e+00 -2.676186246698560645e+00 4.322230045171769341e-01 8.493027085808511067e-01 9.458859947797065848e-01 7.695950604891804714e-02 4.400075301894880830e+00 5.528787303305821688e+00 5.528787303305821688e+00 5.528787303305821688e+00 5.528787303305821688e+00
-1.037545100529551334e+01 -1.002161064775175348e+01 -9.543182779258323478e+00 -9.144146534717791042e+00 -8.544773083129285851e+00 -7.591719428856873009e+00 -6.367850529451171582e+00 -3.489298298309086110e+00 -2.775820698671816800e+00 -1.680833082518592647e+00 7.772652996823113947e-01 9.130576591580986667e-01 8.027362486900906369e-01 2.589545368780820755e+00 5.418869511925515248e+00 5.418869511925515248e+00 5.418869511925515248e+00 5.418869511925515248e+00
-1.046393699237204800e+01 -1.009243975068275212e+01 -9.744824793520546535e+00 -9.267472079120739892e+00 -8.794547802778497569e+00 -7.859785883280978602e+00 -6.649228691117955670e+00 -4.981849885987270632e+00 -2.145724881960966002e+00 -2.925778524736541542e+00 8.127481269071740178e-01 7.712065109980755784e-01 5.567335409953469982e-01 2.777825079094325744e+00 5.368801859808475463e+00 5.368801859808475463e+00 5.368801859808475463e+00 5.368801859808475463e+00
-1.046723443652232177e+01 -1.013578764329285420e+01 -9.800857877869063373e+00 -9.413805771300172154e+00 -8.853470511690954226e+00 -8.063151731722841831e+00 -6.941402303108061389e+00 -5.583486325072727574e+00 -3.224178369971971936e+00 -3.224287397453889703e+00 -1.691797577999569757e-01 6.968970486482307658e-01 7.999651002018381973e-01 2.675155734996574441e+00 5.299266668690074233e+00 5.299266668690074233e+00 5.299266668690074233e+00 5.299266668690074233e+00
-1.049182512885787233e+01 -1.017951124791070150e+01 -9.856313525575972179e+00 -9.468603161657492606e+00 -8.984396690955698261e+00 -8.302776935460052243e+00 -7.110543946850017782e+00 -5.763895727442664985e+00 -4.259475148813243628e+00 -3.310253796679511140e+00 -1.548622623673169052e+00 5.985480154730880020e-01 2.148902372027410024e-02 2.760355480622214142e+00 5.233918206144665852e+00 5.233918206144665852e+00 5.233918206144665852e+00 5.233918206144665852e+00
-1.052987093191885570e+01 -1.023662283447691834e+01 -9.853340196327094347e+00 -9.498637042134209452e+00 -9.069198334618938873e+00 -8.359001243951155402e+00 -7.210829653514371884e+00 -5.941728912088501069e+00 -4.644640654976759819e+00 -2.975485198831180789e+00 -2.569774190407351444e+00 3.123241014724948417e-01 5.292984491004055769e-01 2.455791466496857645e+00 5.627767391154239185e+00 5.627767391154239185e+00 5.627767391154239185e+00 5.627767391154239185e+00
-1.054991807923407166e+01 -1.020203736362686797e+01 -9.936105120602871210e+00 -9.560444286088969790e+00 -9.142427653355351680e+00 -8.542171712742675282e+00 -7.339701202071548636e+00 -5.919365415706212552e+00 -4.782147382219434917e+00 -3.208773697356852139e+00 -2.878858467522843689e+00 4.657437987418263092e-01 1.649781176910687375e-01 2.562850288380464914e+00 5.577699739037202953e+00 5.577699739037202953e+00 5.577699739037202953e+00 5.577699739037202953e+00
-1.053120790542235063e+01 -1.028135386785745453e+01 -9.913890103761865191e+00 -9.621463057079418846e+00 -9.214872897200280022e+00 -8.597086343966191535e+00 -7.364889804078975644e+00 -6.013425930532428687e+00 -5.047760780902786237e+00 -2.364953145708907911e+00 -3.078007390630864926e+00 -9.065356398304202923e-02 2.758983938206576933e-02 2.506754931103317485e+00 5.467781947656910724e+00 5.467781947656910724e+00 5.467781947656910724e+00 5.467781947656910724e+00
-1.062606923614759680e+01 -1.031595139217348489e+01 -9.993342546228751289e+00 -9.638341416138651141e+00 -9.289454964137595638e+00 -8.653288674303086125e+00 -7.523493359288282889e+00 -5.994402632847247503e+00 -5.267698585498671093e+00 -3.506184838823100058e+00 -2.828946784323158159e+00 -5.942554579331834619e-01 -3.068228762177496183e-01 2.517490055353826417e+00 5.396911667787077427e+00 5.396911667787077427e+00 5.396911667787077427e+00 5.396911667787077427e+00
-1.065089487865934892e+01 -1.035053018202523489e+01 -9.994564569293407530e+00 -9.636190600532549055e+00 -9.374317707929906263e+00 -8.804713114441453214e+00 -7.566659178205813241e+00 -5.817343670628167374e+00 -5.421659076816944811e+00 -3.923486104600904412e+00 -2.124680273345818105e+00 -1.034044600079784493e+00 -5.742408490019190737e-01 2.314254684374227988e+00 4.991513328934268579e+00 4.991513328934268579e+00 4.991513328934268579e+00 4.991513328934268579e+00
