-1.040484933112049504e+01 -1.032457864366981504e+01 -9.963692112957579283e+00 -9.645572645364048014e+00 -9.306078601984246745e+00 -8.997246032299257124e+00 -8.368648976336798384e+00 -7.237926610295801311e+00 -4.585577979602726728e+00 -2.580511986485020781e+00 -2.295467581007419877e+00 1.704110011671568503e-01 4.768195287515292202e-01 1.871963909685293359e+00 5.319776789621622370e+00 5.319776789621622370e+00 5.319776789621622370e+00 5.319776789621622370e+00
-1.037257458174920899e+01 -1.022103802860248578e+01 -9.972699182312091182e+00 -9.794525515220215084e+00 -9.448899561921933810e+00 -8.898688567510944836e+00 -8.179097695235618914e+00 -6.691032128366372511e+00 -3.253460548457951518e+00 -2.993903232604814058e+00 -1.751789256592051647e+00 -4.332330069262298189e-02 1.251497570965672601e+00 1.965167667185288680e+00 5.369828532261515797e+00 5.369828532261515797e+00 5.369828532261515797e+00 5.369828532261515797e+00
-1.031168368323204909e+01 -9.920743884881030539e+00 -9.841236402074303058e+00 -9.939641417539952783e+00 -9.587077444335069032e+00 -9.037629429631232725e+00 -8.109720480055717218e+00 -6.629614528125615358e+00 -2.953280709651571634e+00 -3.581844342376635737e+00 -6.653176484092850895e-01 1.477131951984512193e-01 1.764792691588172202e+00 1.935667616440784444e+00 5.041868135191497124e+00 5.041868135191497124e+00 5.041868135191497124e+00 5.041868135191497124e+00
-1.043799765794139311e+01 -1.034591391444130437e+01 -9.680237448946421353e+00 -9.329050280288386787e+00 -9.193288551282337906e+00 -9.354729059171198458e+00 -8.155922269779724232e+00 -6.149440247209075672e+00 -3.252301872655444459e+00 -3.444779349948312142e+00 1.228080219916443880e-03 3.673238056436531340e-01 1.395894373354081619e+00 2.119500640930949142e+00 4.826956299816872686e+00 4.826956299816872686e+00 4.826956299816872686e+00 4.826956299816872686e+00
-1.053829061053830252e+01 -1.033077309668767008e+01 -9.867452969653397687e+00 -9.588729381416904118e+00 -9.019654093526764171e+00 -8.668942088352153519e+00 -8.145380994423893739e+00 -4.833397135779222253e+00 -3.459280387174861193e+00 -3.265044946034779461e+00 2.501912118402667140e-01 7.268775523828167051e-01 1.644887434599242582e+00 2.313867102989943358e+00 4.715069858246390133e+00 4.715069858246390133e+00 4.715069858246390133e+00 4.715069858246390133e+00
-1.041349900400534700e+01 -1.004767328897376544e+01 -1.013163062228068156e+01 -9.820351524228632556e+00 -9.355694580317663878e+00 -8.521078434880717367e+00 -7.481310260741147466e+00 -3.757310266796796139e+00 -4.072058450432930243e+00 -1.963527441725701372e+00 5.590202070525257527e-01 1.227720140338106614e+00 1.802699367181856083e+00 2.134075293725760325e+00 4.457537200547148970e+00 4.457537200547148970e+00 4.457537200547148970e+00 4.457537200547148970e+00
-1.046230482789487048e+01 -1.023780270533614001e+01 -9.962291518270625090e+00 -9.790311455727396250e+00 -9.344552940945323627e+00 -8.522760963074865970e+00 -7.064145084247646977e+00 -2.464041734995449318e+00 -3.839656334533099180e+00 -3.717981987958441370e-01 4.316330676528677412e-01 1.818035647729133064e+00 1.614365577684703457e+00 3.236170636533453937e+00 4.232244076627508456e+00 4.232244076627508456e+00 4.232244076627508456e+00 4.232244076627508456e+00
-1.044522138680291157e+01 -1.011734223461797377e+01 -1.003761859794560252e+01 -9.741434034711293322e+00 -9.204827166547776329e+00 -8.337977074158009927e+00 -4.947989276294398664e+00 -2.913631717495213103e+00 -2.788578645453556604e+00 4.339805488097115971e-01 1.538838316538486017e+00 1.931561725592413570e+00 1.834831798027069638e+00 4.345699929448795018e+00 5.275945354706930601e+00 5.275945354706930601e+00 5.275945354706930601e+00 5.275945354706930601e+00
-1.036001631503063969e+01 -9.917856552148862193e+00 -9.493189208480826480e+00 -9.120762635269006324e+00 -8.388543573983024970e+00 -6.968963020229728578e+00 -3.608143699697596851e+00 -3.986159198359646716e+00 -2.006173156183709061e+00 1.002560875244285388e+00 2.163299870434309824e+00 2.637714520903998050e+00 3.337873379527706241e+00 4.823900477186054303e+00 5.236896565650441815e+00 5.236896565650441815e+00 5.236896565650441815e+00 5.236896565650441815e+00
-1.047452481555570891e+01 -1.009888985407253337e+01 -9.433114579095773777e+00 -8.448097164187020169e+00 -7.449784358448468424e+00 -5.644621783116881453e+00 -2.354221578661319647e+00 -3.838483302095974992e+00 -1.305641824947293417e-01 1.757048657069442577e+00 3.025164335221952161e+00 3.416693593614705815e+00 4.948768980782896953e+00 4.992027127246325691e+00 5.337870851662569471e+00 5.337870851662569471e+00 5.337870851662569471e+00 5.337870851662569471e+00
-1.029279204731554032e+01 -9.593522774902476513e+00 -9.044638144048791517e+00 -8.467389064326551917e+00 -7.047189294699530038e+00 -4.085829685996689165e+00 -3.392173175763292914e+00 -2.512478597447104889e+00 9.535841323740136266e-01 3.033576359691903424e+00 3.061222096260945769e+00 4.598205732243802579e+00 2.998268092334145596e+00 2.226817416401076777e+00 5.750502178629290029e+00 5.750502178629290029e+00 5.750502178629290029e+00 5.750502178629290029e+00
-9.894714646575382133e+00 -9.066504396027990964e+00 -8.323503240446743945e+00 -7.887705212595388815e+00 -5.531244380900478319e+00 -2.357706138435225807e+00 -2.759898839509279611e+00 -2.779406712883902841e-04 2.313293259521330469e+00 3.137029674328543738e+00 4.510167529831489830e+00 3.725860340690922978e+00 1.965939304607787319e+00 2.477160017718541773e+00 5.501661105348898850e+00 5.501661105348898850e+00 5.501661105348898850e+00 5.501661105348898850e+00
-9.438465727743981404e+00 -8.649525905763100653e+00 -7.940177822280706899e+00 -6.371352999699563036e+00 -4.439575539324452258e+00 -3.170670786478148262e+00 -2.901926283367639581e+00 7.908562458394549077e-01 3.189246058730828448e+00 4.072721853767603761e+00 4.677377508310670784e+00 2.016609416043736669e+00 5.126925852989431265e-01 2.428690702518906175e+00 5.333788059004469062e+00 5.333788059004469062e+00 5.333788059004469062e+00 5.333788059004469062e+00
-1.006367728711764364e+01 -7.927066200329435652e+00 -6.790542439698405985e+00 -5.367012706080147133e+00 -3.158285823909780632e+00 -1.481525642806640342e+00 -2.291926748822659565e+00 2.094280836593004125e+00 3.321863135068271244e+00 5.001730018085921436e+00 3.258733024230634268e+00 -1.780390027246062434e+00 4.077206139129150309e-01 2.544835921404831502e+00 5.197034909762640709e+00 5.197034909762640709e+00 5.197034909762640709e+00 5.197034909762640709e+00
-9.462023941229809054e+00 -7.657246373976033027e+00 -5.876401296762048254e+00 -4.559618389767083890e+00 -2.081728092857672685e+00 -2.818706539149092638e+00 1.593855462884481156e-01 3.004261420469889643e+00 3.537913730622876063e+00 5.494565181760755479e+00 4.438064523035476938e+00 -9.159284679784652772e-01 1.006181078097047266e+00 2.466843634156508980e+00 5.180167205531134300e+00 5.180167205531134300e+00 5.180167205531134300e+00 5.180167205531134300e+00
-9.043831758617784544e+00 -6.924267652628762093e+00 -5.199197135589253449e+00 -3.794875183040561595e+00 -1.657120073445326192e+00 -2.088983848986702530e+00 1.741639004164873716e+00 2.965545119454742640e+00 4.116934930839455831e+00 6.332843918826801755e+00 6.001029656618624308e+00 1.956968413847847810e+00 9.447669194386560942e-01 2.778578318811218750e+00 5.125820266955495086e+00 5.125820266955495086e+00 5.125820266955495086e+00 5.125820266955495086e+00
-8.711190017563268384e+00 -6.500102627261209243e+00 -4.642737209270775267e+00 -2.677170522928136620e+00 -1.635850584482053893e+00 -1.364594035262736593e+00 3.023340105442044567e+00 3.396928431892771272e+00 4.194963884664776543e+00 5.089272760059668776e+00 4.567137404516754096e+00 4.687869746321522868e+00 3.583010456129104071e+00 3.237218967430756766e+00 5.373534792271518867e+00 5.373534792271518867e+00 5.373534792271518867e+00 5.373534792271518867e+00
-7.981599099248206208e+00 -6.192402847767455754e+00 -4.309152034136349840e+00 -1.839007393904843912e+00 -2.364059428599186941e+00 7.035635626826579614e-01 3.469142001876063031e+00 3.874010616763855275e+00 4.102099084180514943e+00 3.214245705332845038e+00 3.345924737753325218e+00 3.161621437274356516e+00 3.948389577128535777e+00 5.150045853746624047e+00 5.390075373338812703e+00 5.390075373338812703e+00 5.390075373338812703e+00 5.390075373338812703e+00
-7.389937894841855481e+00 -6.049179021618995122e+00 -4.163329615118571247e+00 -1.795464487461874148e+00 -2.050086154008113670e+00 1.669615946347183133e+00 3.117351831986177046e+00 3.798624057459303760e+00 3.772737632521910633e+00 1.793697259236919583e+00 1.532258245501069815e+00 1.570043330162063988e+00 2.817634147603549799e+00 4.291782560045286132e+00 5.171615600040976091e+00 5.171615600040976091e+00 5.171615600040976091e+00 5.171615600040976091e+00
-7.928549353724785753e+00 -6.121342223185746612e+00 -3.853827548120047464e+00 -2.896078562320977934e+00 -1.535443846822606151e+00 2.117847217286939809e+00 3.062425326055037811e+00 4.043336167259924174e+00 3.078876080282225480e+00 1.549595649200692593e+00 8.055434185189712659e-01 1.013398653967392260e+00 1.994774674475292331e+00 3.647253848953530220e+00 5.353733013351619441e+00 5.353733013351619441e+00 5.353733013351619441e+00 5.353733013351619441e+00
-8.224470791956516535e+00 -6.286644021939823190e+00 -4.101989889641893150e+00 -1.731950584996315934e+00 -1.793451099390775738e+00 1.742093590677993298e+00 3.133343110820877353e+00 3.998016559058815034e+00 3.014471634774496422e+00 1.414297718691995387e+00 6.117088366505571972e-01 3.704018958003358897e-01 1.282311914831585353e+00 3.334076016179353008e+00 5.209500978163093876e+00 5.209500978163093876e+00 5.209500978163093876e+00 5.209500978163093876e+00
-8.098198987571622709e+00 -6.314877602463734085e+00 -4.026692745067734336e+00 -1.921321948749383113e+00 -1.525938489950761312e+00 1.906905623445036113e+00 3.190699443589974482e+00 4.045625313652195132e+00 2.804218300635188843e+00 1.202267888959158482e+00 -2.515989407669485534e+00 -1.544320133470868717e+00 1.206207959114592665e+00 3.198552408840563466e+00 5.155154039587455550e+00 5.155154039587455550e+00 5.155154039587455550e+00 5.155154039587455550e+00
-8.092049218045000103e+00 -6.855418188932801193e+00 -4.683562749717548712e+00 -2.649725967052339648e+00 -1.619266697306994462e+00 8.135406519970537209e-01 3.191939456872663783e+00 3.934851613476880949e+00 2.345512719887114184e+00 8.244486582943162389e-01 -2.556923174080844241e+00 -1.514911041071698605e+00 1.239299859712519325e+00 3.513255897343595002e+00 5.446362687673145686e+00 5.446362687673145686e+00 5.446362687673145686e+00 5.446362687673145686e+00
-8.040468303896320279e+00 -7.169077312075387454e+00 -4.954418308971953344e+00 -2.909853694158040405e+00 -1.326295091635433909e+00 -1.258298045439598223e+00 3.061636196161977352e+00 3.710188969438357187e+00 2.059887190401227919e+00 -1.491875305074191527e+00 -2.641172970051774982e+00 -1.155233836706994088e+00 1.236411635804609777e+00 3.758803420927421701e+00 5.278489641328715010e+00 5.278489641328715010e+00 5.278489641328715010e+00 5.278489641328715010e+00
-7.953869506785671284e+00 -7.126956959801534097e+00 -5.631931971080842203e+00 -4.035859538733892471e+00 -2.987559967793678606e+00 -1.912215529458580976e+00 6.783978208937221366e-01 2.957271443778808795e+00 1.963921479944052306e+00 -3.702912911020314279e+00 -2.338737217862651541e+00 -5.033224307847445900e-01 1.445296871323738630e+00 3.719859585945425096e+00 5.453204290306284285e+00 5.453204290306284285e+00 5.453204290306284285e+00 5.453204290306284285e+00
-8.308191426007887515e+00 -7.746997654146101198e+00 -6.529632389530236836e+00 -4.928648051601395075e+00 -2.999809401868381187e+00 -1.976833781573861026e+00 -8.547099661043652263e-01 2.057996862297936325e+00 1.650512221790060297e+00 -3.220951718271499953e+00 -1.804214672386377227e-01 1.013721149997332427e+00 1.842753146176966617e+00 4.116387353720330822e+00 5.353395382472722730e+00 5.353395382472722730e+00 5.353395382472722730e+00 5.353395382472722730e+00
-8.710863853683319391e+00 -7.793707993536654222e+00 -6.855809053749635673e+00 -5.505055966611598350e+00 -4.185291108567154694e+00 -2.662331656672732638e+00 -2.324334851461223650e+00 4.757005908191210691e-02 1.806518250325193531e+00 -2.018287379319851083e-01 4.603331398682077857e-01 3.154699643205335913e-01 2.218427481537865287e+00 4.646053914483763592e+00 5.238834750795051676e+00 5.238834750795051676e+00 5.238834750795051676e+00 5.238834750795051676e+00
-9.102137165463371815e+00 -8.185947362314744069e+00 -7.356823873643488554e+00 -6.351063187490003870e+00 -5.106212357716002792e+00 -3.903180873894974923e+00 -1.774505986448419392e+00 -1.650018570484589109e+00 8.609977847549526997e-01 1.513241056784528471e+00 4.277984358429012812e-01 4.315938053394164364e-01 1.841163671240550581e+00 4.760998937893344163e+00 5.184487812219406244e+00 5.184487812219406244e+00 5.184487812219406244e+00 5.184487812219406244e+00
-9.345617543353169410e+00 -8.508087705324232530e+00 -7.964119265451735430e+00 -7.262639234368604590e+00 -6.223791643089990444e+00 -5.017635506480282892e+00 -2.614319336556330864e+00 -2.320947357124056420e+00 -2.400682596536792279e-01 9.433548945775959149e-01 1.042719284874391361e+00 5.262812153149279970e-01 1.134029021455758457e+00 4.102761966244891312e+00 5.106891000416635684e+00 5.106891000416635684e+00 5.106891000416635684e+00 5.106891000416635684e+00
-9.890227592763904951e+00 -8.948027918417210458e+00 -8.519719820588093739e+00 -8.071006503587083714e+00 -7.321539804695509801e+00 -6.404073162923262785e+00 -4.513459420610517192e+00 -2.310956389226708652e+00 -2.019827415305795792e+00 5.462022022422600154e-01 1.197414383938632421e+00 9.897673495054848392e-01 9.880522183093552735e-02 3.912647081764526913e+00 5.337381057150174080e+00 5.337381057150174080e+00 5.337381057150174080e+00 5.337381057150174080e+00
-1.030601537527963707e+01 -9.811003873978776824e+00 -9.302493817619424732e+00 -8.815019873191952016e+00 -8.254057113538934232e+00 -7.202370607368320243e+00 -5.473391381982555259e+00 -2.873218704973781179e+00 -2.860831436112925452e+00 -1.729695014215507642e-01 9.051584249931883264e-01 1.136093776805009004e+00 4.012188494838146435e-01 4.470136047456028550e+00 5.437076093680309974e+00 5.437076093680309974e+00 5.437076093680309974e+00 5.437076093680309974e+00
-1.035982878545782704e+01 -1.001804857407559091e+01 -9.562756035312771630e+00 -9.139429375435266678e+00 -8.561219564526787451e+00 -7.624778496694476715e+00 -6.325719342769259512e+00 -3.687183072579541587e+00 -2.756766131013972831e+00 -2.380987037128181605e+00 4.835766746297123775e-01 1.102906442181559310e+00 7.655460947866002952e-01 3.686066917131371135e+00 5.322515462002645137e+00 5.322515462002645137e+00 5.322515462002645137e+00 5.322515462002645137e+00
-1.039998457657505604e+01 -1.010730811285191066e+01 -9.720147070792860333e+00 -9.292917370984721259e+00 -8.791119859102426659e+00 -7.880464254340436625e+00 -6.628183265507155753e+00 -5.236926093901653090e+00 -2.913174445162168613e+00 -2.830123746025226428e+00 2.699916762171961776e-02 1.248326767233837842e+00 5.865514764283058513e-01 2.826811730533844269e+00 5.268168523427008587e+00 5.268168523427008587e+00 5.268168523427008587e+00 5.268168523427008587e+00
-1.043647094166247946e+01 -1.014679490104673043e+01 -9.742208273831391097e+00 -9.418984709340739059e+00 -8.908516315178390599e+00 -8.069883474109687427e+00 -6.862748992082851274e+00 -5.573413962213087380e+00 -3.725660355502738774e+00 -2.308963274214204109e+00 -9.893642855373443457e-01 7.197860040479711063e-01 6.518793187283475898e-01 2.652963966051361311e+00 5.213821584851368485e+00 5.213821584851368485e+00 5.213821584851368485e+00 5.213821584851368485e+00
-1.044396901804606159e+01 -1.013373390198529300e+01 -9.884513867039927959e+00 -9.484803159769509051e+00 -9.039292807408674690e+00 -8.260074747656261707e+00 -7.051129374804246730e+00 -5.705031703252532616e+00 -4.736945306486102680e+00 -2.044924793531679885e+00 -2.119534680226743628e+00 2.575245754821557931e-01 8.625816218427323490e-01 2.770044334247184548e+00 5.185809464442457717e+00 5.185809464442457717e+00 5.185809464442457717e+00 5.185809464442457717e+00
-1.048162075055169318e+01 -1.019354352562822186e+01 -9.821692858282400351e+00 -9.488464453145049049e+00 -9.132246896181133167e+00 -8.392785594692371731e+00 -7.167443478863101625e+00 -5.779367052011671113e+00 -5.013128165348504695e+00 -2.710647391176217003e+00 -2.877495332356091673e+00 5.125782835703034807e-02 7.310406029768596881e-01 2.423162509290676336e+00 5.520756804887904323e+00 5.520756804887904323e+00 5.520756804887904323e+00 5.520756804887904323e+00
-1.051253533224498682e+01 -1.020559091761758630e+01 -9.931214009351808869e+00 -9.566149727443880479e+00 -9.159988366843048624e+00 -8.553538035427198594e+00 -7.327238992552931762e+00 -5.827422420873300979e+00 -4.942352781732106237e+00 -3.228469161131472642e+00 -2.108259090468735053e+00 -2.272928043530845765e-01 -1.528228033469664349e-01 2.381852252986131901e+00 5.466409866312269550e+00 5.466409866312269550e+00 5.466409866312269550e+00 5.466409866312269550e+00
-1.053202622223056650e+01 -1.027670019092072451e+01 -9.913328274053261779e+00 -9.603559869579582298e+00 -9.252357082535128896e+00 -8.576582876275672618e+00 -7.381674565445612402e+00 -5.920720466029727014e+00 -5.092967009525064981e+00 -2.811153384483222162e+00 -3.080428906516615495e+00 -1.049599467233270245e+00 2.417577034966211513e-01 2.279251609558008873e+00 5.351849234634595831e+00 5.351849234634595831e+00 5.351849234634595831e+00 5.351849234634595831e+00
-1.058012852185306052e+01 -1.027163813661773695e+01 -9.940644899134062129e+00 -9.654201776810394264e+00 -9.263005126395276179e+00 -8.665700971678308662e+00 -7.610625154572528750e+00 -5.936904342291975389e+00 -5.178680752597204950e+00 -3.533026059594311707e+00 -3.181503416630289127e+00 -1.792230165955439158e+00 3.016315998336026663e-02 2.336748286797775354e+00 5.299141222139555296e+00 5.299141222139555296e+00 5.299141222139555296e+00 5.299141222139555296e+00
-1.059385725092017161e+01 -1.029467383218732301e+01 -9.986783687864718928e+00 -9.649831574640632681e+00 -9.301287747176370857e+00 -8.857370593030692518e+00 -7.552499646614922568e+00 -5.879795027267004315e+00 -5.200838272668736550e+00 -3.705010573130996132e+00 -3.577253852390945177e+00 -2.136529259245113277e+00 -2.091700648808970664e-01 2.530685457214432610e+00 5.034237871734740466e+00 5.034237871734740466e+00 5.034237871734740466e+00 5.034237871734740466e+00
