-1.040762220810022143e+01 -1.027537038777041190e+01 -9.929689182571184602e+00 -9.611489775270287694e+00 -9.299602330595517330e+00 -8.948260957787386616e+00 -8.326923783055654837e+00 -7.261476288899993747e+00 -4.974755803422297618e+00 -2.370167702601007509e+00 -2.488472995277288380e+00 -3.112331868941911051e-01 7.030207083411535995e-01 1.789852353175719335e+00 5.087793254923000497e+00 5.087793254923000497e+00 5.087793254923000497e+00 5.087793254923000497e+00
-1.032276596699812288e+01 -1.004671449085261337e+01 -9.931345801731577438e+00 -9.773117960454353437e+00 -9.432412555552527778e+00 -8.879865873138191645e+00 -8.136673509712437635e+00 -6.827145090174573383e+00 -4.307213022212645903e+00 -2.358790535758509055e+00 -1.659714350979084374e+00 -6.806779521172814928e-02 1.686250519262312730e+00 1.933654437130578163e+00 5.016074209659397987e+00 5.016074209659397987e+00 5.016074209659397987e+00 5.016074209659397987e+00
-1.026534255568967957e+01 -9.945776164880951953e+00 -9.777647650626390075e+00 -9.758202625600443270e+00 -9.575060591545557998e+00 -9.060824150230091689e+00 -8.110461874702304286e+00 -6.786828062587542121e+00 -3.550361507487834523e+00 -3.240097642382226084e+00 -6.819645528328660555e-01 1.341158476679051026e-01 1.118730152802103417e+00 1.938497404839046867e+00 4.687362508347654000e+00 4.687362508347654000e+00 4.687362508347654000e+00 4.687362508347654000e+00
-1.041551862373486514e+01 -1.026095230332438213e+01 -9.791508590986198968e+00 -9.283481301983565359e+00 -9.160626288178436383e+00 -9.054497476427721736e+00 -8.160698071131710307e+00 -6.423135321471209025e+00 -2.658899072693422738e+00 -3.170688825079683859e+00 -5.615102335988514382e-01 8.628774891258506052e-01 1.052341706821664946e+00 2.160609358858918583e+00 4.853550511300173120e+00 4.853550511300173120e+00 4.853550511300173120e+00 4.853550511300173120e+00
-1.052341177536485972e+01 -1.024432983118592055e+01 -9.866540257436449579e+00 -9.564495340465704487e+00 -8.971835683938163442e+00 -8.639989909026088100e+00 -8.105281356030083373e+00 -5.269970673665570260e+00 -2.572226413532516354e+00 -3.017089319596571340e+00 -3.464692747987681565e-01 3.762347548486394411e-01 1.830303191818229980e+00 2.311606549358401264e+00 4.859896691797655599e+00 4.859896691797655599e+00 4.859896691797655599e+00 4.859896691797655599e+00
-1.036041718111913390e+01 -9.986108549827413583e+00 -1.012437630411784539e+01 -9.840492479955718963e+00 -9.298858200281491904e+00 -8.552159348265144345e+00 -7.576240756987634661e+00 -4.086422037560705434e+00 -3.729891712752361421e+00 -1.313262865361389364e+00 6.702797822973900754e-03 3.102766350113390081e-01 1.428200537548146576e+00 2.140217358209609344e+00 4.458205616033665386e+00 4.458205616033665386e+00 4.458205616033665386e+00 4.458205616033665386e+00
-1.040604934508553825e+01 -1.023113748879360863e+01 -9.881980644082656084e+00 -9.732678782055849354e+00 -9.280360174106533577e+00 -8.510547154660027758e+00 -7.283146199625612383e+00 -2.971217493645054386e+00 -3.665321735500544964e+00 -5.242871097891637078e-01 1.326544810890071924e+00 1.576991782699400435e+00 1.592457183117018005e+00 3.323523643352728207e+00 4.273330012098296216e+00 4.273330012098296216e+00 4.273330012098296216e+00 4.273330012098296216e+00
-1.045382183494044526e+01 -1.005084744967806998e+01 -9.948775938282594211e+00 -9.703793688873805223e+00 -9.162500306677330286e+00 -8.264046758932412473e+00 -4.905268243048407584e+00 -2.437134661570536931e+00 -2.778447077738857018e+00 -1.370821295841358478e-01 1.510005609228507462e+00 1.990311277500633969e+00 1.764589474410753311e+00 4.349713428962778572e+00 5.029822198014464618e+00 5.029822198014464618e+00 5.029822198014464618e+00 5.029822198014464618e+00
-1.043131987989946907e+01 -1.012598915733184768e+01 -9.548544176437339104e+00 -9.039981512396183305e+00 -8.229188169309171741e+00 -6.900409434968660882e+00 -3.819825246159877619e+00 -4.092744728479209115e+00 -9.360158218945959785e-01 1.271019837976764544e+00 2.041849392021136467e+00 2.708636970160991364e+00 3.381062361435589025e+00 4.746226115734821782e+00 5.001875290538137619e+00 5.001875290538137619e+00 5.001875290538137619e+00 5.001875290538137619e+00
-1.041533068214486590e+01 -1.005587089504633092e+01 -9.473289045948979137e+00 -8.433868131199021789e+00 -7.406003239102420643e+00 -5.376083876330694622e+00 -2.513251703261514702e+00 -3.583706683239577195e+00 4.347957986062502694e-02 2.034932082169733647e+00 3.077056089139198036e+00 3.481355226818859006e+00 4.952127018705404282e+00 4.979007563254045365e+00 5.284247035204884924e+00 5.284247035204884924e+00 5.284247035204884924e+00 5.284247035204884924e+00
-1.022129883652321958e+01 -9.432367461977948508e+00 -8.907746371221550774e+00 -8.424003970956574605e+00 -6.839114145806179934e+00 -3.948463065243900338e+00 -3.878646868550850613e+00 -1.551881252738189998e+00 1.444180099445925292e+00 3.092397799193217889e+00 3.030086968066824316e+00 4.573510318647635131e+00 2.811720039573900376e+00 2.224473151809772009e+00 5.276238462978867005e+00 5.276238462978867005e+00 5.276238462978867005e+00 5.276238462978867005e+00
-9.899702535944490123e+00 -8.982600804241684500e+00 -8.202262634942304231e+00 -7.688709736751482282e+00 -5.253717961469356545e+00 -2.655218352186484942e+00 -2.932416788563846133e+00 8.123169825984285705e-03 2.834319251582373855e+00 3.082016154163666588e+00 4.411703275249983847e+00 3.770953960532889671e+00 1.927455590352897818e+00 2.527571906470595930e+00 5.134033378281584348e+00 5.134033378281584348e+00 5.134033378281584348e+00 5.134033378281584348e+00
-9.388330231187838493e+00 -8.494484628331587572e+00 -7.839910455483250828e+00 -6.196887831355401666e+00 -4.117188371894144439e+00 -2.650140293019569881e+00 -2.391807856023724810e+00 1.444373596770031742e+00 3.238030611047967078e+00 4.046731180013733997e+00 4.703318937896584728e+00 1.975630679043307580e+00 5.065588144918389268e-01 2.392973263901261749e+00 5.005820671696545432e+00 5.005820671696545432e+00 5.005820671696545432e+00 5.005820671696545432e+00
-9.986067183128250591e+00 -7.749598737108421176e+00 -6.676126538503424968e+00 -5.016560652131199838e+00 -3.032136087386693823e+00 -3.466552042067466033e+00 -3.607995026897264923e-01 2.985935748060942974e+00 3.274824654446842231e+00 5.000271155601883954e+00 3.286187063840613209e+00 -1.962678141641222451e+00 3.531649537481270640e-01 2.591214238262514513e+00 5.012321543714846506e+00 5.012321543714846506e+00 5.012321543714846506e+00 5.012321543714846506e+00
-9.372944539834048072e+00 -7.543432665461431874e+00 -5.668893634113480573e+00 -4.215922786007006984e+00 -2.059971201266982632e+00 -2.540731013654776937e+00 1.551629569160097866e-01 3.095453383304663131e+00 3.531925421639502183e+00 5.517954933041693266e+00 4.467993930486770182e+00 -8.714596925069728606e-01 9.705055113939483613e-01 2.573689108772607259e+00 5.308618997913594484e+00 5.308618997913594484e+00 5.308618997913594484e+00 5.308618997913594484e+00
-8.999990456125166460e+00 -6.814565663668804341e+00 -4.933604731106893126e+00 -3.221579846519174062e+00 -1.658143305691528901e+00 -1.483372882121307690e+00 2.969830559565698191e+00 2.985893670075114859e+00 4.185886860493019945e+00 6.222099928975691085e+00 6.051897346731943017e+00 1.913207541123751687e+00 5.834232163007236904e-01 2.739345181324390754e+00 5.282540378820414162e+00 5.282540378820414162e+00 5.282540378820414162e+00 5.282540378820414162e+00
-8.595276988174132882e+00 -6.431482300370573668e+00 -4.238650241381846762e+00 -2.364939208764893497e+00 -2.087122753636366568e+00 -1.050675950814630166e-01 3.196216288273032280e+00 3.245326543879850423e+00 4.251391139313136058e+00 5.094998248821333675e+00 4.604822888094292743e+00 4.753871989199843107e+00 4.189081366949459095e+00 3.181638927442310472e+00 5.288324978464584269e+00 5.288324978464584269e+00 5.288324978464584269e+00 5.288324978464584269e+00
-7.840615868754490236e+00 -6.004338955804518818e+00 -3.978237462431485127e+00 -1.706046261177693424e+00 -1.821891617882302805e+00 6.629836093618859394e-01 3.528870409325798096e+00 3.862743544610458990e+00 4.100528153381412189e+00 3.268048005899777397e+00 3.378190928817527805e+00 3.189290848364230602e+00 3.916851115461121413e+00 5.143588761298985901e+00 5.160131910421038803e+00 5.160131910421038803e+00 5.160131910421038803e+00 5.160131910421038803e+00
-7.565344075686371461e+00 -5.994098456712402267e+00 -3.641513594519034225e+00 -1.569125131328450662e+00 -8.663588586287070958e-01 2.991343798026983691e+00 3.114085969308116653e+00 3.889975004374565337e+00 3.783005421615035502e+00 1.740352217388698053e+00 1.492381759649278106e+00 1.532350105421660613e+00 2.797742059810407245e+00 4.265017691833727476e+00 5.044582846423188549e+00 5.044582846423188549e+00 5.044582846423188549e+00 5.044582846423188549e+00
-7.948530024680449557e+00 -6.047027996123457427e+00 -3.368327623263853710e+00 -1.793433043104091684e+00 -1.719783158921105892e+00 2.975641600447040513e+00 3.028664776505832101e+00 4.008781108780892666e+00 3.051157119880677726e+00 1.503344851200588028e+00 6.057861248385014719e-01 9.358230362694511806e-01 1.988801595403140832e+00 3.607678091469469717e+00 5.264053268079434744e+00 5.264053268079434744e+00 5.264053268079434744e+00 5.264053268079434744e+00
-8.134637995366720276e+00 -6.084991339360419360e+00 -3.370157860419491502e+00 -1.423589412916643759e+00 -9.780176820479200561e-01 3.080426799571171159e+00 3.101526971122126053e+00 4.037567076357650109e+00 2.935068111585065420e+00 1.387550057183257968e+00 4.786847862223974071e-01 4.171795531586834915e-01 1.254041482789400863e+00 3.327102448469846596e+00 5.323797648260439885e+00 5.323797648260439885e+00 5.323797648260439885e+00 5.323797648260439885e+00
-7.970565430578118615e+00 -6.187239696092118102e+00 -3.458792199165187320e+00 -1.610594502762467073e+00 -9.393593446199575148e-01 3.146118877125435809e+00 3.194264287297399196e+00 4.137881309876079605e+00 2.752749252588357010e+00 1.131135146378269063e+00 -2.575241923332230343e+00 -1.561124732195811271e+00 1.171595013986912015e+00 3.154034701051617873e+00 5.297719029167260452e+00 5.297719029167260452e+00 5.297719029167260452e+00 5.297719029167260452e+00
-8.051532262912223459e+00 -6.916496281822845482e+00 -4.435255166334119536e+00 -2.915876277704423369e+00 -1.816124290863889934e+00 9.336878150087659645e-01 3.154934907389832066e+00 3.948692246935997741e+00 2.313535505263981218e+00 7.238560175888484327e-01 -2.528119900213448901e+00 -1.591285863637302844e+00 1.187912115633981802e+00 3.454996107465484911e+00 5.246921696541527069e+00 5.246921696541527069e+00 5.246921696541527069e+00 5.246921696541527069e+00
-8.051132797991600754e+00 -7.137576079279842389e+00 -5.052230969034246399e+00 -2.810562750026553758e+00 -1.627963152076228104e+00 -4.402252355282956775e-01 3.163755160785758136e+00 3.766088012660153250e+00 2.039437830795063800e+00 -2.869950499421949797e+00 -2.677051857801808765e+00 -1.331888567450704386e+00 1.259563709017659683e+00 3.665040155211943596e+00 5.186230442560500364e+00 5.186230442560500364e+00 5.186230442560500364e+00 5.186230442560500364e+00
-7.905067454292168172e+00 -7.102035908046098633e+00 -5.350725951424019300e+00 -3.699312680079217763e+00 -2.463260764055854590e+00 -1.108622361469118855e+00 1.295460160900354207e+00 2.981608150107747157e+00 1.933503287933798775e+00 -3.778676896682765296e+00 -2.460649661858810511e+00 -4.804539623712672514e-01 1.499791921799434657e+00 3.749039413136640242e+00 5.294619676618827597e+00 5.294619676618827597e+00 5.294619676618827597e+00 5.294619676618827597e+00
-8.326836895296702679e+00 -7.583950639285227169e+00 -6.187208867363932718e+00 -4.699645815702227836e+00 -3.060050300621019570e+00 -2.318598188618929967e+00 -8.670488290352760252e-01 2.744610894259984502e+00 1.309276020301818777e+00 -3.306339948205624601e+00 -1.537393692094782549e-01 1.028561224844126709e+00 1.871777327364271937e+00 4.200943942023799949e+00 5.394169266863013235e+00 5.394169266863013235e+00 5.394169266863013235e+00 5.394169266863013235e+00
-8.752283358999136453e+00 -7.628176205935986331e+00 -6.679110020437470929e+00 -5.360906661703611853e+00 -3.891629009266602157e+00 -2.239381989836951803e+00 -1.661685458194850806e+00 5.558237931357465911e-01 1.818845695602915979e+00 -4.288927800896992770e-01 3.720228525009645071e-01 3.418473655840578718e-01 2.157478440877788284e+00 4.671076644578130654e+00 5.338976298607283510e+00 5.338976298607283510e+00 5.338976298607283510e+00 5.338976298607283510e+00
-9.002288667580756965e+00 -8.306942880299105880e+00 -7.470272729600456074e+00 -6.153197983307084229e+00 -4.937932208905563058e+00 -3.705471454854296631e+00 -2.188318247371368930e+00 -1.379096016570504624e+00 1.557634489894934582e+00 1.224254604151858272e+00 4.131198254028511374e-01 3.096070215967253181e-01 1.883292544917093192e+00 4.753518458737779007e+00 5.312897679514104077e+00 5.312897679514104077e+00 5.312897679514104077e+00 5.312897679514104077e+00
-9.336993205180579736e+00 -8.470201271173223745e+00 -7.891650768678501571e+00 -7.263187314975033892e+00 -6.217287245255752381e+00 -4.866973755510734634e+00 -2.937076898905082611e+00 -1.764029809153049078e+00 3.445599263729211548e-01 1.068817532984655205e+00 6.518767478701845697e-01 4.154589288311269502e-01 1.242381494890442584e+00 4.103349731743628048e+00 5.266407680329773910e+00 5.266407680329773910e+00 5.266407680329773910e+00 5.266407680329773910e+00
-9.979000626025754883e+00 -9.006026295258822145e+00 -8.574005758244878095e+00 -8.072174875325632826e+00 -7.394486582512071138e+00 -6.498150654261499071e+00 -4.393478651627265918e+00 -2.209130407372486893e+00 -1.642648785622086605e+00 9.446918016698176990e-01 8.457832505735634054e-01 9.519655200425105601e-01 9.982452860811866224e-02 3.958451698905575356e+00 5.326661227147118538e+00 5.326661227147118538e+00 5.326661227147118538e+00 5.326661227147118538e+00
-1.028258081662906598e+01 -9.819949141361643541e+00 -9.323203693619921850e+00 -8.845085334360996754e+00 -8.280090649308514017e+00 -7.253433342528171401e+00 -5.602641504810481621e+00 -3.829193531402971917e+00 -1.474253152140534651e+00 -4.122522503298299834e-01 1.067454038921045179e+00 1.098570789347573795e+00 1.126188069172246731e-01 4.212655152702614814e+00 5.430161722333935792e+00 5.430161722333935792e+00 5.430161722333935792e+00 5.430161722333935792e+00
-1.037764083849990371e+01 -1.000724441338071280e+01 -9.554769475050330030e+00 -9.152878835891888443e+00 -8.607605622054645522e+00 -7.674604583085219645e+00 -6.371179861067949091e+00 -4.764283898393919969e+00 -2.778361391200004249e+00 -1.755008246216773093e+00 1.373677462249277337e+00 6.932219868591826817e-01 8.142711658575495504e-01 3.942707401666361910e+00 5.380233568047307458e+00 5.380233568047307458e+00 5.380233568047307458e+00 5.380233568047307458e+00
-1.034071814435653280e+01 -1.010450831751655620e+01 -9.717611236721737100e+00 -9.306904483719243615e+00 -8.834340024256952972e+00 -7.924802914626683403e+00 -6.651938762488253332e+00 -5.354854458670644135e+00 -3.760837794928002964e+00 -2.030689966177004813e+00 -1.894235266218356195e-01 9.321036840264803613e-01 4.855729376792476404e-01 2.944785775296215657e+00 5.354154948954128024e+00 5.354154948954128024e+00 5.354154948954128024e+00 5.354154948954128024e+00
-1.040866627351054241e+01 -1.010402291781564266e+01 -9.576129500217566815e+00 -9.439685810550365375e+00 -8.965804090397185178e+00 -8.079242665276888502e+00 -6.860941653730904477e+00 -5.613249209356297342e+00 -4.153658166796541984e+00 -2.784356363673424983e+00 -2.886326912989700233e+00 8.164065344031604665e-01 -3.462298681477257722e-02 2.579323712619232989e+00 5.328076329860946814e+00 5.328076329860946814e+00 5.328076329860946814e+00 5.328076329860946814e+00
-1.044683047058286540e+01 -1.014044153050025798e+01 -9.851242145222288471e+00 -9.512326129825744658e+00 -9.034539307880981696e+00 -8.305504523804993156e+00 -6.995769859091676146e+00 -5.756885198067106302e+00 -4.784376017562866679e+00 -3.228712954630454046e+00 -2.366685598500406940e+00 1.868762809414500348e-01 -1.898239580873536253e-03 2.796001548673470172e+00 5.344892206163434523e+00 5.344892206163434523e+00 5.344892206163434523e+00 5.344892206163434523e+00
-1.051913142371632048e+01 -1.018387765877916529e+01 -9.869355905739531920e+00 -9.529975502246214702e+00 -9.121859512537886516e+00 -8.429697192987335441e+00 -7.183555763549999362e+00 -5.764563892185278426e+00 -5.186157704889618358e+00 -3.731265554682707819e+00 -1.937791142760619811e+00 -1.636372427494075799e-01 -2.316686047341274257e-01 2.279346065253453624e+00 5.465229319759363769e+00 5.465229319759363769e+00 5.465229319759363769e+00 5.465229319759363769e+00
-1.049613574989686171e+01 -1.022526054394152517e+01 -9.915471843665079277e+00 -9.611410382116137185e+00 -9.160232511069402506e+00 -8.610247678021384132e+00 -7.325159134725400811e+00 -5.804884662932454198e+00 -5.025134432206510127e+00 -3.430800223007703487e+00 -2.903720526011402292e+00 -1.125942375775122573e+00 6.439847688483596455e-01 2.348171383100720266e+00 5.450605186649881695e+00 5.450605186649881695e+00 5.450605186649881695e+00 5.450605186649881695e+00
-1.051554907424435825e+01 -1.027198441573948884e+01 -9.918984986398550419e+00 -9.579057560174501162e+00 -9.244890719272875756e+00 -8.627048670084878523e+00 -7.354688705648141145e+00 -5.854937100769230796e+00 -5.082925423400324938e+00 -3.751854708740800959e+00 -3.093908149425800946e+00 -2.311462713105134625e+00 3.038808501527657246e-01 2.216259905081299664e+00 5.395412218394151971e+00 5.395412218394151971e+00 5.395412218394151971e+00 5.395412218394151971e+00
-1.060011719831544141e+01 -1.022820175975192747e+01 -9.939624683970274432e+00 -9.569978662979021777e+00 -9.276662390808443348e+00 -8.720524680066240819e+00 -7.518592217670593492e+00 -5.875101917739635304e+00 -5.144506463580756694e+00 -3.817212955532562013e+00 -3.868391532453282711e+00 -1.653910220868199499e+00 -3.961657812167545534e-01 2.164063567671220323e+00 5.372968949620209322e+00 5.372968949620209322e+00 5.372968949620209322e+00 5.372968949620209322e+00
-1.061421939350573140e+01 -1.023319451034562100e+01 -9.950557290153767553e+00 -9.619530018342645761e+00 -9.311508274682056552e+00 -8.886584996716580420e+00 -7.590341877250581959e+00 -5.856164022678729708e+00 -5.257883474614555297e+00 -3.853416735387756642e+00 -4.132545363358018697e+00 -2.249217756678972169e+00 -9.236067097385912694e-01 2.090869003210316102e+00 5.209456792604096442e+00 5.209456792604096442e+00 5.209456792604096442e+00 5.209456792604096442e+00
