-1.049566347516315190e+01 -1.024088747274239708e+01 -9.979607328821852974e+00 -9.670581697422358403e+00 -9.320213211368882256e+00 -8.905945418617450926e+00 -8.201493544373510858e+00 -6.504486577494496657e+00 -4.128097011555036389e+00 -4.083249175643818063e+00 -2.615436676726780707e+00 -5.566516260346963119e-01 2.306636884578590951e+00 2.135314913867184305e+00 6.041643556787063218e+00 6.041643556787063218e+00 6.041643556787063218e+00 6.041643556787063218e+00
-1.046783834377138334e+01 -1.011487856927331386e+01 -9.976193115721226690e+00 -9.743905465691875989e+00 -9.384933110171132853e+00 -8.842755462589863669e+00 -7.954201950224063289e+00 -5.992508614464559180e+00 -3.203179463257738391e+00 -4.540100274421813964e+00 -1.654103382462420946e+00 -8.798217362860437374e-02 1.806947340920924683e+00 2.044913124898316781e+00 6.326786609462240030e+00 6.326786609462240030e+00 6.326786609462240030e+00 6.326786609462240030e+00
-1.012029321333815268e+01 -9.846827931188288474e+00 -9.964393772563067131e+00 -9.864156999962771621e+00 -9.484165704476497538e+00 -9.020213393658563561e+00 -7.906343829809434176e+00 -5.301266603431122881e+00 -3.032756224827533931e+00 -3.223744834395951386e+00 -1.210670820824176097e+00 -1.477200638852529113e-01 2.138986496438901153e+00 2.086233307759984612e+00 5.703114333686960080e+00 5.703114333686960080e+00 5.703114333686960080e+00 5.703114333686960080e+00
-1.041514153086600203e+01 -1.011335273115657785e+01 -9.761215275721511375e+00 -9.413740217423512746e+00 -9.247362930522708524e+00 -8.987101267708172969e+00 -7.696528531901178916e+00 -4.153344621828257921e+00 -3.354854306570428601e+00 -2.059716492972154533e+00 -1.228827327303723571e+00 4.071052157552502160e-01 2.114985187335943539e+00 2.121866193335443018e+00 5.277768245666836222e+00 5.277768245666836222e+00 5.277768245666836222e+00 5.277768245666836222e+00
-1.055231024496842274e+01 -1.018696538295296605e+01 -1.000680251931003006e+01 -9.443161369765185498e+00 -8.904509204302083702e+00 -8.585514184686003247e+00 -6.937579264210690155e+00 -4.042915494633775531e+00 -4.028508848125817998e+00 -2.556570831994168458e+00 -7.867176355851478453e-01 1.775698307225575423e+00 1.680105096912794194e+00 2.377183846842267467e+00 5.124520974719277255e+00 5.124520974719277255e+00 5.124520974719277255e+00 5.124520974719277255e+00
-1.019336021153491423e+01 -1.029225808220376770e+01 -1.017021122604247552e+01 -9.779801703684377401e+00 -9.224063908938040512e+00 -8.272011849019619945e+00 -6.517627611915337127e+00 -4.419629857295134023e+00 -3.751697278791318091e+00 -1.521386459580374328e+00 -7.172037263325043988e-01 2.038291178933061332e+00 1.574587401521294394e+00 2.139146490945682100e+00 4.707028100590929576e+00 4.707028100590929576e+00 4.707028100590929576e+00 4.707028100590929576e+00
-1.053445750590801744e+01 -1.021230103548780832e+01 -1.010133210034830853e+01 -9.699069791048582800e+00 -9.156842219207959488e+00 -8.210686163564787421e+00 -5.407758013083880932e+00 -4.542100832069662530e+00 -3.702591277899618394e+00 -1.069253156027542007e+00 3.075990211793057094e-01 1.860183363137064338e+00 1.697171182845265580e+00 2.996846248147982283e+00 4.537593351790083496e+00 4.537593351790083496e+00 4.537593351790083496e+00 4.537593351790083496e+00
-1.038729860344065159e+01 -1.025733785226116623e+01 -1.008776423959834467e+01 -9.549311764320362883e+00 -9.092989543779454564e+00 -7.869026964782953826e+00 -4.463669360335835279e+00 -4.072871746152424421e+00 -3.495808700793863633e+00 -4.743556978817288772e-01 1.395872711988793036e+00 1.973175446771100905e+00 1.887240953336113858e+00 4.268707733638210655e+00 5.604931662545976856e+00 5.604931662545976856e+00 5.604931662545976856e+00 5.604931662545976856e+00
-1.046227108918268556e+01 -1.003544333193232418e+01 -9.645386485377663632e+00 -9.549493527358981382e+00 -8.620738565353526894e+00 -6.882810233022383706e+00 -3.845875613276391825e+00 -4.377355374513484776e+00 -2.720520237803822461e+00 -1.616230151045226215e-01 2.050477855952124617e+00 2.612063323567820117e+00 3.244831501328890866e+00 4.712251110782106345e+00 5.565241003032466161e+00 5.565241003032466161e+00 5.565241003032466161e+00 5.565241003032466161e+00
-1.039460606063461334e+01 -1.017100673969896896e+01 -9.347985966866934504e+00 -8.420308111534664519e+00 -7.644811357222281778e+00 -5.618956422529020500e+00 -2.739526088945760662e+00 -3.898507563875062587e+00 -1.092386200733910462e+00 7.236329335172327903e-01 2.701843961256907622e+00 3.308134028713884511e+00 4.870385550356077786e+00 4.926062027941825683e+00 5.724677025157567378e+00 5.724677025157567378e+00 5.724677025157567378e+00 5.724677025157567378e+00
-1.029492759204845065e+01 -9.652878320469881146e+00 -8.982665026783594797e+00 -8.486821893959312746e+00 -6.813407080855204079e+00 -4.524630290004845179e+00 -3.482625909890774807e+00 -2.880588001687435007e+00 -2.544733366459930521e-03 1.940090232617783350e+00 2.734743287638328191e+00 4.500323002785511228e+00 3.057478385182595737e+00 2.188130712662780475e+00 5.821214469519200740e+00 5.821214469519200740e+00 5.821214469519200740e+00 5.821214469519200740e+00
-9.971303203199544996e+00 -9.199829845660191907e+00 -8.642202826922742886e+00 -7.732523806012474132e+00 -6.176104944548749920e+00 -3.530612785106221008e+00 -4.167408867794551774e+00 -2.631481012795956254e+00 1.135937669357947460e-01 3.076644898296550856e+00 4.247226212297257497e+00 3.666386499688674583e+00 1.951779541199561541e+00 2.432476570126692383e+00 5.839357339525693469e+00 5.839357339525693469e+00 5.839357339525693469e+00 5.839357339525693469e+00
-9.472961362348964798e+00 -8.827278267677293400e+00 -7.916519918405230172e+00 -6.945250211489607750e+00 -5.075777717732327332e+00 -2.353670211275357804e+00 -3.836497940843161647e+00 -1.354742384909030983e+00 1.418136553543146716e+00 3.902350983616252655e+00 4.468194557925483146e+00 2.010210617702427260e+00 1.783375488921507435e+00 2.325791737721914387e+00 5.447232988867035886e+00 5.447232988867035886e+00 5.447232988867035886e+00 5.447232988867035886e+00
-9.875481907957690098e+00 -8.256770598171346620e+00 -7.308082704588220402e+00 -5.842252992167621173e+00 -3.885934392806989823e+00 -2.350896636540702023e+00 -2.865541398117108951e+00 8.640122799150347366e-02 3.223126170997684170e+00 4.818103468906484110e+00 3.229242584137663741e+00 -1.996436620202260537e+00 3.430067667627921257e-01 2.420565905058863265e+00 5.500606401205554441e+00 5.500606401205554441e+00 5.500606401205554441e+00 5.500606401205554441e+00
-9.806047065817466546e+00 -7.841592829831618872e+00 -6.498401518088455120e+00 -4.914027837285498634e+00 -2.885107997915620004e+00 -2.100334509075021838e+00 -2.841984887946633620e+00 6.031354470352962016e-01 3.355799479838484700e+00 5.329600113597292577e+00 4.199448656054473261e+00 -1.162258249675485633e+00 1.034282697303956278e+00 2.466671292082407430e+00 5.621358695768262415e+00 5.621358695768262415e+00 5.621358695768262415e+00 5.621358695768262415e+00
-9.084831710172119656e+00 -7.379635455224954121e+00 -5.813597575791606076e+00 -4.135141390959898189e+00 -2.989127271937472852e+00 -2.202702775180536587e+00 -2.155005649856092109e+00 1.782820107030249845e+00 3.874794455149709549e+00 5.992991023634217207e+00 5.750067800351988723e+00 1.868055617920058475e+00 7.589120596673253338e-01 2.700380493544120242e+00 5.453384468960492448e+00 5.453384468960492448e+00 5.453384468960492448e+00 5.453384468960492448e+00
-8.828128110978116894e+00 -6.931986202729944146e+00 -5.255185364571038242e+00 -3.769951953838106551e+00 -3.668764878883604919e+00 -2.556760379373667291e+00 -1.697147762630343060e+00 3.199132409521209031e+00 4.093287568772257856e+00 4.923295133099727217e+00 4.518014880236461472e+00 4.621736822313960324e+00 3.435826934064243776e+00 3.201594415094112467e+00 5.480448477313244915e+00 5.480448477313244915e+00 5.480448477313244915e+00 5.480448477313244915e+00
-8.335724887822042461e+00 -6.748686373419888085e+00 -5.107883915063887059e+00 -3.116887864414263465e+00 -2.950140093274627340e+00 -3.024552485347867581e+00 -3.987912665404349521e-01 3.831854733425849702e+00 3.876799322970412298e+00 3.186906585741843045e+00 3.175787526629250124e+00 3.120090949008766046e+00 3.875175524650947168e+00 5.091646188035252152e+00 5.675973219850174445e+00 5.675973219850174445e+00 5.675973219850174445e+00 5.675973219850174445e+00
-7.815581420608321395e+00 -6.702379998410912698e+00 -4.780136245945788787e+00 -3.065548260101226052e+00 -1.667720749483527998e+00 -2.401599100031524880e+00 8.272296387471552714e-01 3.702600263477271003e+00 3.587241173309385189e+00 1.785528309091529264e+00 1.603118669092418846e+00 1.680917466490412959e+00 2.772849568024788880e+00 4.234667888210622344e+00 5.416520458681392647e+00 5.416520458681392647e+00 5.416520458681392647e+00 5.416520458681392647e+00
-7.844423117083148433e+00 -6.596209682946104103e+00 -4.909817361422330606e+00 -3.026658102866937483e+00 -1.407985355647735526e+00 -1.396169253106001928e+00 2.036443714727302456e+00 3.855937422038297591e+00 2.971298218391321910e+00 1.577282497020073171e+00 1.246034052303020001e+00 1.231467290530966485e+00 1.941582952017385955e+00 3.593664531742854606e+00 5.736891365355983652e+00 5.736891365355983652e+00 5.736891365355983652e+00 5.736891365355983652e+00
-8.188489384875442312e+00 -6.430750957383779109e+00 -4.821992562530654780e+00 -3.123434557338196083e+00 -1.214617350399455953e+00 -1.019000824479498135e+00 2.993567855893641827e+00 3.899667991889600671e+00 2.843648799844871622e+00 1.483342220436429271e+00 9.893433543552949683e-01 4.380789431264796030e-01 1.278194699412406266e+00 3.189806826706783838e+00 5.554194026693557440e+00 5.554194026693557440e+00 5.554194026693557440e+00 5.554194026693557440e+00
-8.218974315665697361e+00 -7.067773057834808803e+00 -4.995699199643328647e+00 -2.967521404738719504e+00 -1.778829228511307425e+00 -1.345468530159410037e+00 2.024281890735576628e+00 3.822160671402542675e+00 2.602027308062199840e+00 1.349739802222400087e+00 3.624985380718437344e-01 -1.637599154195546358e+00 1.167147831433327898e+00 3.015291584655711787e+00 5.452735370798130532e+00 5.452735370798130532e+00 5.452735370798130532e+00 5.452735370798130532e+00
-8.237205901821264220e+00 -7.188697443120473096e+00 -5.380396876683633423e+00 -3.256601392918698767e+00 -2.331051184332237014e+00 -1.352769916543241635e+00 9.330304348643476686e-01 3.723039065172203621e+00 2.240463610439478614e+00 1.193760587885260849e+00 -2.434781802830149999e+00 -1.525909508454878161e+00 1.162624228001276183e+00 3.383190597998402271e+00 5.295316676911265397e+00 5.295316676911265397e+00 5.295316676911265397e+00 5.295316676911265397e+00
-8.180733402479505756e+00 -7.415230806752394876e+00 -5.741738315417613592e+00 -3.940307488066155717e+00 -2.112608802903249039e+00 -1.601218714279654343e+00 -4.720309712392843915e-01 3.401807384330580941e+00 2.050172769913691795e+00 9.505188255369758643e-01 -2.431944910167820773e+00 -1.101655519544483486e+00 1.191469175936752167e+00 3.654018004580287027e+00 5.343448575973120285e+00 5.343448575973120285e+00 5.343448575973120285e+00 5.343448575973120285e+00
-8.204697022326364220e+00 -7.340754229489808935e+00 -6.055407371836930785e+00 -4.634668397427829767e+00 -3.126722617768074919e+00 -1.536093721562777681e+00 -1.486455982407099752e+00 9.246841229275841734e-01 2.353701262536004535e+00 -3.448457231030374270e+00 -2.217595154666768931e+00 -3.818706632914117827e-01 1.430577640372042492e+00 3.664015403360906475e+00 5.598485758530068246e+00 5.598485758530068246e+00 5.598485758530068246e+00 5.598485758530068246e+00
-8.386054656771246840e+00 -7.695539374959303736e+00 -6.473433769212443956e+00 -5.262948685548204608e+00 -4.053970682996987485e+00 -2.318282527673380500e+00 -1.645175139770590711e+00 -6.092261181889191413e-01 2.196257070668415246e+00 -2.861753658787842269e+00 2.090267511574673553e-01 1.032694662694323862e+00 1.887357592436561982e+00 4.357186805592401235e+00 5.683135711655189937e+00 5.683135711655189937e+00 5.683135711655189937e+00 5.683135711655189937e+00
-8.745259100688670628e+00 -7.909001843505970797e+00 -6.869880603444491030e+00 -5.903012308134490738e+00 -4.762067476024008705e+00 -3.413810318601116833e+00 -1.668562223117810550e+00 -2.383641596128315054e+00 1.168629669907230939e+00 1.478189119909096849e+00 2.745460411255536415e-01 8.598991435268072969e-01 2.086732657320468309e+00 4.799446413790285249e+00 5.487029357618864012e+00 5.487029357618864012e+00 5.487029357618864012e+00 5.487029357618864012e+00
-9.161520976522654180e+00 -8.241896461385678663e+00 -7.413172412152291280e+00 -6.408241771791162833e+00 -5.485066947129946691e+00 -4.443530421208809145e+00 -2.334475851135327407e+00 -3.080436986126633858e+00 -9.663323372150330881e-01 1.633198220034213222e+00 1.124552451519725160e+00 3.781822022487619783e-01 1.609794595070761503e+00 5.213204555278015739e+00 5.383663372029382721e+00 5.383663372029382721e+00 5.383663372029382721e+00 5.383663372029382721e+00
-9.411332700351568548e+00 -8.542716309582120360e+00 -7.944581724314232929e+00 -7.282313860565449382e+00 -6.402539127806239350e+00 -5.341248126062940749e+00 -2.596933841977687063e+00 -2.601938295041484217e+00 -2.373446089757309974e+00 1.098981799172294549e+00 1.357697685832272239e+00 9.976447912798038775e-01 1.095724733470529788e+00 4.083022830669416514e+00 5.190418540958799731e+00 5.190418540958799731e+00 5.190418540958799731e+00 5.190418540958799731e+00
-9.851755342009674621e+00 -8.967006952367544415e+00 -8.402875004898804789e+00 -7.902532023775282966e+00 -7.294966041299510984e+00 -6.418972033592275750e+00 -4.090598110789096964e+00 -1.843631241011462141e+00 -2.212531317399315078e+00 8.739506446916972537e-01 1.513498808633109149e+00 1.131042498632929050e+00 2.061750074960151946e-01 4.032374729050059337e+00 5.450880911710902943e+00 5.450880911710902943e+00 5.450880911710902943e+00 5.450880911710902943e+00
-1.024539289097937811e+01 -9.751321143667682989e+00 -9.212476148040989798e+00 -8.668176635555520093e+00 -8.074656079951548548e+00 -7.023267807943457619e+00 -4.917752839457874892e+00 -2.951344222008252416e+00 -3.515287076432724866e+00 -1.990095310584152899e-01 1.323122647946643804e+00 1.266774031342853490e+00 6.593645134608814296e-01 4.359365585744303218e+00 5.720740686506133876e+00 5.720740686506133876e+00 5.720740686506133876e+00 5.720740686506133876e+00
-1.036556466751550865e+01 -9.917512518441414571e+00 -9.458230768092025897e+00 -9.047182551675343021e+00 -8.401129421651086560e+00 -7.420354245883884481e+00 -5.920959835896252521e+00 -4.007671016994606816e+00 -3.326599301010785048e+00 -1.795660415066182569e+00 1.082499588914695554e+00 1.312174576317479247e+00 9.367253487227299447e-01 2.888707471057581966e+00 5.524634332469797293e+00 5.524634332469797293e+00 5.524634332469797293e+00 5.524634332469797293e+00
-1.043997816389380695e+01 -1.010497375136029774e+01 -9.700071730697526817e+00 -9.233450500320113719e+00 -8.688391926899276640e+00 -7.761503127528659896e+00 -6.200275575945108031e+00 -4.278278474834172229e+00 -2.835613078650474961e+00 -2.851686480343940122e+00 1.081311860497087274e+00 1.328049245636171216e+00 9.838939244873025070e-01 1.857868929397914926e+00 5.419864688544171472e+00 5.419864688544171472e+00 5.419864688544171472e+00 5.419864688544171472e+00
-1.049218311506557733e+01 -1.009049702827478434e+01 -9.731566194074078524e+00 -9.342024544305045808e+00 -8.752254521126747733e+00 -7.950695454941101303e+00 -6.806410369750965472e+00 -4.216456897091369171e+00 -2.735300665721521085e+00 -3.642866073683834749e+00 5.146219766276367569e-01 1.243304556514853720e+00 1.015020605525653430e+00 2.256373582107383591e+00 5.315095044618544762e+00 5.315095044618544762e+00 5.315095044618544762e+00 5.315095044618544762e+00
-1.047452765288973886e+01 -1.015809637367212659e+01 -9.863967559942086183e+00 -9.424634726796792705e+00 -8.906064426663188982e+00 -8.178564433566025471e+00 -7.065798890333190307e+00 -5.290848595729090498e+00 -2.666143346298175842e+00 -3.984431962243205838e+00 1.565034932222451880e-01 1.166596651672703100e+00 9.849750119180346042e-01 2.724398107512318479e+00 5.303276064891703001e+00 5.303276064891703001e+00 5.303276064891703001e+00 5.303276064891703001e+00
-1.063536266991700607e+01 -1.017499037908078563e+01 -9.843736770546962944e+00 -9.492534030257342437e+00 -8.999628295893121077e+00 -8.316865461696185235e+00 -7.219253891782163812e+00 -5.799725448788075610e+00 -3.326648285556386142e+00 -2.241732163872068639e+00 -1.417694977532754974e+00 9.134281734240735640e-01 9.805461118767395678e-01 2.087083409081661678e+00 5.758345661357067158e+00 5.758345661357067158e+00 5.758345661357067158e+00 5.758345661357067158e+00
-1.051164779097675073e+01 -1.018242013255511047e+01 -9.899740817551656136e+00 -9.535851118361669876e+00 -9.044319130532706197e+00 -8.437498464714002111e+00 -7.350622532578861446e+00 -5.976691338549169785e+00 -3.325781689848403389e+00 -3.250334988382426182e+00 -2.769786069330317790e+00 3.937481973510517097e-01 1.064455576204278886e+00 2.378006363878946150e+00 5.653576017431417355e+00 5.653576017431417355e+00 5.653576017431417355e+00 5.653576017431417355e+00
-1.053259135360639753e+01 -1.024923004109687064e+01 -9.913485142865436472e+00 -9.565240066574311584e+00 -9.161029127399597627e+00 -8.460998782284010034e+00 -7.463065104559232665e+00 -6.059020059493038346e+00 -3.666239638928528777e+00 -3.721525168734202804e+00 -3.048659226236641651e+00 1.745158358560739975e-01 1.100440072130162150e+00 2.300294761473199223e+00 5.457469663395104753e+00 5.457469663395104753e+00 5.457469663395104753e+00 5.457469663395104753e+00
-1.058728913298692476e+01 -1.026909434433760104e+01 -9.972465045517177273e+00 -9.620089817791900089e+00 -9.212293715130430272e+00 -8.556015662177262726e+00 -7.532105263211053447e+00 -5.956366859173830797e+00 -3.642951488932544724e+00 -4.117241837472138677e+00 -3.175420524779856368e+00 -9.876020160736270759e-02 9.564934088722836236e-01 2.405770844180865176e+00 5.352700019469477155e+00 5.352700019469477155e+00 5.352700019469477155e+00 5.352700019469477155e+00
-1.061472256479543219e+01 -1.032037115061337218e+01 -9.995341374718075045e+00 -9.684589806724037686e+00 -9.273745102005152674e+00 -8.722992282346528015e+00 -7.586392835052953920e+00 -6.123995328408876837e+00 -4.292764597941603810e+00 -4.256077934296415677e+00 -3.035842122599696324e+00 -6.514708737000498573e-01 9.293946685054591539e-01 2.496032903841766792e+00 5.156735469795021842e+00 5.156735469795021842e+00 5.156735469795021842e+00 5.156735469795021842e+00
