-1.047524721068063691e+01 -1.049982808653188826e+01 -1.000619498037183241e+01 -9.648868731569773871e+00 -9.346731708866236943e+00 -8.996074786262923340e+00 -8.396613007789898830e+00 -7.075049317624286793e+00 -3.510591320302309803e+00 -3.614667163174426268e+00 -1.857750949309983302e+00 2.502688516964006737e-01 3.676138252498089010e-01 2.061248795368943121e+00 5.158774769340428001e+00 5.158774769340428001e+00 5.158774769340428001e+00 5.158774769340428001e+00
-1.047448819305726708e+01 -1.023784800199941181e+01 -1.006694036689571270e+01 -9.802075672063631728e+00 -9.426830546032880065e+00 -8.923105625348574321e+00 -8.154827653635388529e+00 -6.709691537163967823e+00 -2.869965696925333098e+00 -4.035985517654768984e+00 -1.801992547700391523e+00 5.470567774787876703e-02 1.139086969690733309e+00 1.993561262925177768e+00 5.167328218126090000e+00 5.167328218126090000e+00 5.167328218126090000e+00 5.167328218126090000e+00
-1.028525369263977396e+01 -1.000146583428938918e+01 -9.855626969620036704e+00 -9.921744360422987796e+00 -9.648920059262053428e+00 -9.075721685096063140e+00 -8.136480759231892179e+00 -6.482322029529792751e+00 -2.850543449786297145e+00 -4.087794924229960714e+00 -8.788188380077160966e-01 -1.461596212951343787e-01 1.922475646348515532e+00 2.043377009636951236e+00 5.286229770886084367e+00 5.286229770886084367e+00 5.286229770886084367e+00 5.286229770886084367e+00
-1.042790737577038307e+01 -1.033167446890224817e+01 -9.727590826352168207e+00 -9.386753941138776369e+00 -9.280493996284453928e+00 -9.284202456350879373e+00 -8.129038182872854179e+00 -5.899795519089932938e+00 -2.429229718488342460e+00 -3.821577621135834768e+00 -9.934390402087746041e-01 4.685845331546333314e-01 1.407989097247533072e+00 2.105981079869558847e+00 4.834998162726582116e+00 4.834998162726582116e+00 4.834998162726582116e+00 4.834998162726582116e+00
-1.055941632517800244e+01 -1.029490476905531082e+01 -9.949616843554345280e+00 -9.595574649643054954e+00 -9.083511468336745054e+00 -8.653535331962341814e+00 -8.032964925115676280e+00 -5.091090657261956309e+00 -2.270458346553004603e+00 -3.082708546049403253e+00 -2.021327856810463119e-01 7.627248013784211356e-01 1.511497432218882775e+00 2.298459693307842056e+00 4.765085726590584159e+00 4.765085726590584159e+00 4.765085726590584159e+00 4.765085726590584159e+00
-1.033339897572495758e+01 -1.015894077705545229e+01 -1.014402800256516812e+01 -9.859976139008473695e+00 -9.344011700435638446e+00 -8.526751773180343719e+00 -7.820844659904206964e+00 -3.782001259016678052e+00 -4.396530412679511279e+00 -1.432129396288409184e+00 3.992564387813845039e-01 1.114889200072597397e+00 1.655676975421724206e+00 2.131663967481224997e+00 4.475719409566448093e+00 4.475719409566448093e+00 4.475719409566448093e+00 4.475719409566448093e+00
-1.057759945532123069e+01 -1.020032417620275211e+01 -1.003261285567495520e+01 -9.867624323665211250e+00 -9.294902759267023029e+00 -8.484724545659849682e+00 -6.805444919640739165e+00 -2.674084535456411782e+00 -4.241504811847293333e+00 -7.953036518388801879e-01 8.643986949317610247e-01 1.911995985973349299e+00 1.702644723988814501e+00 3.093516364656455409e+00 4.389963160725228519e+00 4.389963160725228519e+00 4.389963160725228519e+00 4.389963160725228519e+00
-1.042428475418203071e+01 -1.023844104179012504e+01 -1.015035399765742774e+01 -9.778908534399064933e+00 -9.235046994757157179e+00 -8.307629720756818159e+00 -4.962341077678719792e+00 -3.338320119852819179e+00 -3.242198255548133012e+00 -1.068973606100923346e-01 1.308179276793106194e+00 2.037666346095318826e+00 1.873185794527239212e+00 4.278031194975323359e+00 5.189005440952576542e+00 5.189005440952576542e+00 5.189005440952576542e+00 5.189005440952576542e+00
-1.034807366246114491e+01 -1.014185111152647956e+01 -9.473516113809083095e+00 -9.220577609250920403e+00 -8.418609407003817324e+00 -7.031456645206978884e+00 -3.264991829210354801e+00 -4.290886348143813755e+00 -2.269681729095946121e+00 7.502858067524700303e-01 2.060443437005214928e+00 2.718419236024242291e+00 3.260904037064425776e+00 4.743383447534833763e+00 5.269421174887846782e+00 5.269421174887846782e+00 5.269421174887846782e+00 5.269421174887846782e+00
-1.057309309920003493e+01 -1.020431452960197660e+01 -9.391331150616000656e+00 -8.470765456507447055e+00 -7.512136999998661580e+00 -5.477507278299671434e+00 -3.053639253802569620e+00 -4.224992872494838458e+00 -2.010886468476240363e-01 1.532422801994014261e+00 2.857119646376224509e+00 3.387232756024427527e+00 4.905518908605498218e+00 4.939645242211472720e+00 5.416448879466684296e+00 5.416448879466684296e+00 5.416448879466684296e+00 5.416448879466684296e+00
-1.021300931473850326e+01 -9.594462452444947331e+00 -9.060123122905189064e+00 -8.494777181466373506e+00 -6.965937100112774338e+00 -3.843512034168242053e+00 -3.769582157666277134e+00 -2.992749470723429894e+00 5.909384094913392449e-01 2.795578898836413195e+00 2.935587122341915212e+00 4.543675640167549545e+00 2.959505857251887306e+00 2.274977530000942494e+00 5.769366403441726021e+00 5.769366403441726021e+00 5.769366403441726021e+00 5.769366403441726021e+00
-9.870480152889438585e+00 -9.112627382617541016e+00 -8.349116177175110565e+00 -8.065162297547143311e+00 -5.515634475995591757e+00 -2.415320922708137807e+00 -3.408998885678805379e+00 -5.261167260946597590e-01 1.664600585303816160e+00 3.229611692281827651e+00 4.368577068706096078e+00 3.712922093800847811e+00 2.054481544316581143e+00 2.444060154402635909e+00 5.197274461559167946e+00 5.197274461559167946e+00 5.197274461559167946e+00 5.197274461559167946e+00
-9.490746050901881503e+00 -8.689070276299169393e+00 -7.977553773389182368e+00 -6.432599724900581073e+00 -4.046193273088606546e+00 -3.469462714294481387e+00 -3.177275551052762381e+00 4.779965082192244585e-02 3.392660535939044486e+00 3.976153214054966245e+00 4.696928932440534332e+00 2.183165288625316780e+00 4.897491382959893724e-01 2.330761470830871929e+00 4.930319166171117651e+00 4.930319166171117651e+00 4.930319166171117651e+00 4.930319166171117651e+00
-1.007274675124684293e+01 -8.055981545187323789e+00 -6.881244288750785643e+00 -5.358735998502256237e+00 -2.706609735738624511e+00 -2.386030118469046446e+00 -2.053427985234129949e+00 1.010369845523329424e+00 3.246696382889141308e+00 4.893499960923516134e+00 3.227758950596719245e+00 -1.981042355038644232e+00 4.017001823903227908e-01 2.515807382024989547e+00 5.172196844954325634e+00 5.172196844954325634e+00 5.172196844954325634e+00 5.172196844954325634e+00
-9.543028000248630960e+00 -7.749449910462455904e+00 -5.952256831538884185e+00 -4.472060331147390322e+00 -2.126008641430743307e+00 -2.924576016065461470e+00 -1.247105909895141335e-01 2.720211745086160260e+00 3.476155257688829270e+00 5.532364995185819367e+00 4.339546465423294030e+00 -6.900847411601576109e-01 9.880877443654001446e-01 2.560079206239878502e+00 5.272069897400284866e+00 5.272069897400284866e+00 5.272069897400284866e+00 5.272069897400284866e+00
-9.110162004398752345e+00 -7.079372105358386236e+00 -5.194533222449170040e+00 -3.675926718996450404e+00 -1.827201221929709796e+00 -2.390957581987985137e+00 5.979456020825971718e-01 2.947877605519033217e+00 4.098389043366272411e+00 6.118452241692127203e+00 5.873419966977744267e+00 2.033663448369368520e+00 7.021991743225161065e-01 2.709980685045096926e+00 5.329171616898219277e+00 5.329171616898219277e+00 5.329171616898219277e+00 5.329171616898219277e+00
-8.850503840480731910e+00 -6.593561472989938999e+00 -4.690773009075251743e+00 -3.101364708265328396e+00 -2.387493252333802829e+00 -1.151331706372920483e+00 2.399303896053812668e+00 3.267558200564717019e+00 4.151542945168616328e+00 5.023201529196159143e+00 4.503247074148713835e+00 4.608856550686278197e+00 3.532170810095889735e+00 3.199269316091337245e+00 5.675972129354556195e+00 5.675972129354556195e+00 5.675972129354556195e+00 5.675972129354556195e+00
-8.127432717693359621e+00 -6.349575572113819177e+00 -4.203151861586927218e+00 -2.157290829507949148e+00 -2.755047333029789325e+00 2.343524515210628628e-02 3.547550062463364018e+00 3.828978295642590624e+00 3.932405660498645261e+00 3.210010980308288353e+00 3.153904329152446007e+00 3.091542000805314494e+00 3.895840832206376447e+00 5.087098768093252232e+00 5.253368396132674256e+00 5.253368396132674256e+00 5.253368396132674256e+00 5.253368396132674256e+00
-7.635005603664338558e+00 -6.237376913627286967e+00 -4.143586095492049814e+00 -1.802171964133733262e+00 -2.611696342841763219e+00 4.505274027666444359e-01 2.986412920341051436e+00 3.720607484543109855e+00 3.689593946598445307e+00 1.798306111363710214e+00 1.512942177948729316e+00 1.549079502971499878e+00 2.764124160146815168e+00 4.250041125998169633e+00 5.095998871939187325e+00 5.095998871939187325e+00 5.095998871939187325e+00 5.095998871939187325e+00
-8.031958046688620456e+00 -6.217225129230225633e+00 -3.694398028245925669e+00 -1.827045394095752506e+00 -2.027908066501990181e+00 7.247224526293362112e-01 3.187173918151858132e+00 3.927359107102580182e+00 3.005850119409183563e+00 1.515686366627202020e+00 8.477225318701513412e-01 9.833674847414561881e-01 1.927768850854608473e+00 3.583479992180513385e+00 5.372874090904685929e+00 5.372874090904685929e+00 5.372874090904685929e+00 5.372874090904685929e+00
-8.271818424543457837e+00 -6.421464683315242894e+00 -4.049961607300152089e+00 -2.899863855886144481e+00 -1.992113624765309510e+00 4.837887613408851095e-01 3.115621267207805634e+00 4.019077662289376462e+00 2.958868491673702916e+00 1.371260774965906926e+00 5.321965552119038989e-01 3.962049720396508823e-01 1.222982740655896183e+00 3.204585151793574394e+00 5.313557456544865332e+00 5.313557456544865332e+00 5.313557456544865332e+00 5.313557456544865332e+00
-8.204692320921520121e+00 -6.627121972357716828e+00 -3.955957889276081829e+00 -2.638897955247990534e+00 -2.235820459270682292e+00 5.627106668384644905e-01 3.303884863092431345e+00 3.990049419417131649e+00 2.742783341454297030e+00 1.092767498633241186e+00 -2.439394652425372900e+00 -1.652212296033473526e+00 1.152018685599297543e+00 3.082421876750998102e+00 5.285505986079725993e+00 5.285505986079725993e+00 5.285505986079725993e+00 5.285505986079725993e+00
-8.204845982098358803e+00 -6.961666915602583217e+00 -4.723011602112047846e+00 -2.283730416266735119e+00 -2.030433699712537177e+00 4.253888669523328558e-01 3.442105384601664042e+00 3.901128787477310844e+00 2.270200451440208766e+00 6.865228178086543176e-01 -2.529422081822175095e+00 -1.560478179331628468e+00 1.130402764440529895e+00 3.379707841449861583e+00 5.494486999759346624e+00 5.494486999759346624e+00 5.494486999759346624e+00 5.494486999759346624e+00
-8.174699100692409459e+00 -7.269521695570578146e+00 -5.115607128965641515e+00 -2.748078612668318321e+00 -2.076041961671192926e+00 -2.458275119673198061e-01 2.182923842530078762e+00 3.608190875336905634e+00 1.983389162629524582e+00 -1.365497412290923585e+00 -2.642385994874497879e+00 -1.348382126682454052e+00 1.182623833417583814e+00 3.697412780323937387e+00 5.001883932350396300e+00 5.001883932350396300e+00 5.001883932350396300e+00 5.001883932350396300e+00
-8.059531824611509521e+00 -7.206087850978187603e+00 -5.700080812252038776e+00 -4.084818249228490572e+00 -2.185388554587660792e+00 -1.805716611130395943e+00 6.305294099128706531e-01 2.777070121867299513e+00 2.314506666899419862e+00 -3.722191041324327987e+00 -2.349308828383915859e+00 -5.390914562668200904e-01 1.443481242266658970e+00 3.671299403406611539e+00 5.447496938913786835e+00 5.447496938913786835e+00 5.447496938913786835e+00 5.447496938913786835e+00
-8.374762247359608835e+00 -7.834497671893368320e+00 -6.632969975943935559e+00 -4.817753474662901603e+00 -3.028883210741819987e+00 -2.128697772644033925e+00 -8.629492773137544814e-01 1.246975841738213520e+00 2.152656879748351404e+00 -3.182872319865948540e+00 -2.687035640466326480e-01 1.002220154633482130e+00 1.845527697331634798e+00 4.265121107456524285e+00 5.419445468448648384e+00 5.419445468448648384e+00 5.419445468448648384e+00 5.419445468448648384e+00
-8.778314015198517950e+00 -7.876489092231434341e+00 -7.069243435779059226e+00 -5.650263005008270056e+00 -4.021266783468092854e+00 -2.363280446799961521e+00 -2.517321434590687801e+00 2.749911460067127056e-01 1.421856932762001424e+00 1.416156841126132993e-02 2.598576574510667037e-01 7.293728552272114030e-01 2.200743364218594511e+00 4.699494652660956007e+00 5.355045015689453791e+00 5.355045015689453791e+00 5.355045015689453791e+00 5.355045015689453791e+00
-9.125103844704794298e+00 -8.188814519782331658e+00 -7.371060400903615140e+00 -6.604477369663359632e+00 -5.126144320429185441e+00 -3.542113493551652059e+00 -2.580198124190569597e+00 -2.140089231248198942e+00 2.617220328555177611e-01 1.226397429711506115e+00 5.912402765018801576e-01 -2.767392592839441612e-01 1.743514712759248741e+00 4.862544154023398235e+00 5.326993545224311788e+00 5.326993545224311788e+00 5.326993545224311788e+00 5.326993545224311788e+00
-9.424850300002511005e+00 -8.525593226308702199e+00 -7.977760309878369149e+00 -7.289714343744237546e+00 -6.314984166438664559e+00 -4.993500846890190914e+00 -2.663639118497803437e+00 -2.877006819168297813e+00 -3.311920509410677949e-01 9.415833331229750414e-01 9.839877614944821937e-01 7.814398927307938392e-01 1.031846372026632208e+00 4.049506856796668330e+00 4.927154551995629461e+00 4.927154551995629461e+00 4.927154551995629461e+00 4.927154551995629461e+00
-9.905620463655100849e+00 -9.011839424631238771e+00 -8.525158760393429347e+00 -8.070808955333218293e+00 -7.362856233267878636e+00 -6.435780172107413932e+00 -4.126051141108817433e+00 -2.515137703166955507e+00 -2.049212709131382315e+00 3.683009038227995080e-01 8.903547056189335951e-01 9.777379569080848487e-01 1.762326717705793855e-01 3.905955442477341055e+00 5.517035968523506639e+00 5.517035968523506639e+00 5.517035968523506639e+00 5.517035968523506639e+00
-1.030543615933524570e+01 -9.874609318552012738e+00 -9.358710777584052565e+00 -8.861327433258388453e+00 -8.272236898375933123e+00 -7.209365856639156078e+00 -5.419700945873602294e+00 -2.602628367451555125e+00 -2.822211104666637826e+00 -1.944804450379714611e-01 8.347366999406365951e-01 9.705764180014863074e-01 2.876307656671064361e-01 4.371527080898924389e+00 5.488984498058364636e+00 5.488984498058364636e+00 5.488984498058364636e+00 5.488984498058364636e+00
-1.040258422959364104e+01 -1.003473523815428159e+01 -9.579941169623850783e+00 -9.161103450210715593e+00 -8.570238473889173036e+00 -7.626112955638046031e+00 -6.335006882996514932e+00 -3.603300450876381511e+00 -2.789300914479688753e+00 -1.383683850906845869e+00 5.736390792855620147e-01 9.271408617190670665e-01 7.883836522305318617e-01 3.115362302021283281e+00 5.424584045299175372e+00 5.424584045299175372e+00 5.424584045299175372e+00 5.424584045299175372e+00
-1.051924851314432985e+01 -1.014236994159560545e+01 -9.745502759326431175e+00 -9.299731301722891530e+00 -8.839647409644348031e+00 -7.919642192091680855e+00 -6.670475553543521841e+00 -4.949676315274577298e+00 -2.372363059053848922e+00 -2.853865507403857471e+00 1.657808457716281603e-01 8.372174162560812594e-01 5.899175740293528536e-01 2.759683924895394380e+00 5.396532574834033369e+00 5.396532574834033369e+00 5.396532574834033369e+00 5.396532574834033369e+00
-1.048423786735355634e+01 -1.018246167975931193e+01 -9.795552589541316024e+00 -9.437108532500340985e+00 -8.929441549251226462e+00 -8.097999622252986640e+00 -6.935721662481114436e+00 -5.566252138069261335e+00 -2.906468434162197134e+00 -3.245647943890705989e+00 -3.894242698706819050e-01 6.344397675416200144e-01 7.778937052593966062e-01 2.670089653414869701e+00 4.846292999390212408e+00 4.846292999390212408e+00 4.846292999390212408e+00 4.846292999390212408e+00
-1.050014215698021580e+01 -1.019610860966298560e+01 -9.879264523070968806e+00 -9.519779440186811215e+00 -9.022229494863765353e+00 -8.305693668848538991e+00 -7.127357674556214384e+00 -5.707731677854861907e+00 -4.248332931676165991e+00 -3.266549577390329695e+00 -1.411311291960316350e+00 3.071894301128989535e-01 4.176201513955445366e-01 2.840764197702977167e+00 5.107871426568699746e+00 5.107871426568699746e+00 5.107871426568699746e+00 5.107871426568699746e+00
-1.053705462885894484e+01 -1.023400031582990088e+01 -9.891914931546809342e+00 -9.514707815518733014e+00 -9.109544466281462860e+00 -8.392835558286108721e+00 -7.239143203633023660e+00 -5.858594572820003066e+00 -4.746812551277756143e+00 -2.812612681172338203e+00 -2.576708892683788665e+00 1.671510048897931894e-02 5.325014756114969661e-01 2.496041157238654051e+00 5.558523527668087993e+00 5.558523527668087993e+00 5.558523527668087993e+00 5.558523527668087993e+00
-1.055660781783550384e+01 -1.022763251123203254e+01 -9.944706311369429841e+00 -9.590677052586206841e+00 -9.154797396454775082e+00 -8.558819919903152496e+00 -7.338198981521138364e+00 -5.887915104766259233e+00 -4.847990039023353681e+00 -2.457377305394717659e+00 -2.875375853294712680e+00 -2.887454880101327781e-01 1.487858002539318991e-02 2.539834568824717032e+00 5.530472057202949543e+00 5.530472057202949543e+00 5.530472057202949543e+00 5.530472057202949543e+00
-1.056583255381707609e+01 -1.028084009034188639e+01 -9.942243992304906186e+00 -9.612462056124529752e+00 -9.234146492785164639e+00 -8.587406338915936743e+00 -7.406090923914836921e+00 -5.927859516304701870e+00 -5.067262707709964786e+00 -2.614753244306050828e+00 -3.006810533633387905e+00 -2.478309180106860188e-01 -1.410333657269234597e-01 2.517041800338833735e+00 5.466071604443752285e+00 5.466071604443752285e+00 5.466071604443752285e+00 5.466071604443752285e+00
-1.061654616207125734e+01 -1.030753302432078122e+01 -9.965486009914673815e+00 -9.634145941620912978e+00 -9.302048655250299447e+00 -8.647607828753548276e+00 -7.538502630321268327e+00 -5.902538087237692466e+00 -5.208298436702929912e+00 -3.409410106614966907e+00 -2.983081071593352895e+00 -5.124661715214188229e-01 -3.915562996539247165e-02 2.465696943442896139e+00 4.882406320167969049e+00 4.882406320167969049e+00 4.882406320167969049e+00 4.882406320167969049e+00
-1.062413763438598480e+01 -1.034358030975152332e+01 -9.991408484354860065e+00 -9.667342080807809879e+00 -9.361362031464892652e+00 -8.842127143571095971e+00 -7.556709007137058620e+00 -5.793336352914571385e+00 -5.375869920863184603e+00 -3.753582992525500206e+00 -2.823984141340312171e+00 -1.327062154892798329e+00 -2.926195855157084913e-01 2.330076813027783800e+00 5.141598663787895873e+00 5.141598663787895873e+00 5.141598663787895873e+00 5.141598663787895873e+00
