-1.055241545250938806e+01 -1.029543557133845155e+01 -9.994309906791249531e+00 -9.640730736496900377e+00 -9.338461598868642355e+00 -8.950963765731867028e+00 -8.300691019147789618e+00 -6.813705137831118641e+00 -3.793260930178135482e+00 -4.133631024305850055e+00 -1.899709819070607875e+00 -2.390600315305447254e-01 1.332831596769188609e+00 2.072876879545248130e+00 5.629018296337410909e+00 5.629018296337410909e+00 5.629018296337410909e+00 5.629018296337410909e+00
-1.047184900872662539e+01 -1.020322325382876372e+01 -1.001742806587821732e+01 -9.817919774969022129e+00 -9.423611948723898735e+00 -8.862124022037868087e+00 -8.033960838268789928e+00 -6.211157759775177922e+00 -4.295728969816369869e+00 -4.324102873605998099e+00 -1.649733828285769865e+00 1.915760704690828153e-01 1.824582070834559033e+00 2.001010607801305685e+00 5.569131858913599409e+00 5.569131858913599409e+00 5.569131858913599409e+00 5.569131858913599409e+00
-1.024605130887358939e+01 -1.002966553921854675e+01 -9.908065377471615420e+00 -9.959804210330505114e+00 -9.585346422427113211e+00 -8.995852527239845742e+00 -8.019123026493774731e+00 -6.001300315008038844e+00 -2.837648593618058435e+00 -4.099989574572237672e+00 -9.881966455637493096e-01 2.002135088301036092e-01 2.178959766727959213e+00 2.105418523208974602e+00 5.532728450970823886e+00 5.532728450970823886e+00 5.532728450970823886e+00 5.532728450970823886e+00
-1.043224097063707845e+01 -1.018970570608813730e+01 -9.680036714294324440e+00 -9.399468588721289208e+00 -9.367423633302756514e+00 -8.997167138192033065e+00 -7.854179122473307295e+00 -4.985881618419172767e+00 -2.581412030274238933e+00 -3.259263393912575246e+00 -5.393854492615892671e-01 4.105547029933120928e-01 2.220656197654714337e+00 2.159094328273988506e+00 5.043959118393419594e+00 5.043959118393419594e+00 5.043959118393419594e+00 5.043959118393419594e+00
-1.056344190372661096e+01 -1.029107947135159051e+01 -9.930919512641132485e+00 -9.514697235719406621e+00 -8.950908724100679947e+00 -8.602547260286545594e+00 -7.385351696215009198e+00 -4.299892215255787242e+00 -2.841775281886840254e+00 -3.081697486717779988e+00 -5.072494261206873523e-01 1.158924820732234018e+00 1.694765506250120124e+00 2.326493716665816613e+00 4.980352329712091297e+00 4.980352329712091297e+00 4.980352329712091297e+00 4.980352329712091297e+00
-1.033336297035231510e+01 -1.017188196848136705e+01 -1.012612357969019783e+01 -9.798347105243086830e+00 -9.253286666658446791e+00 -8.318519770725860241e+00 -6.938909678680720283e+00 -4.811399288442244071e+00 -4.221551579885273853e+00 -1.970200782811565965e+00 1.124838132675324148e-01 1.392530519475343898e+00 1.616418900068236741e+00 2.155523076118794013e+00 4.612285881312124580e+00 4.612285881312124580e+00 4.612285881312124580e+00 4.612285881312124580e+00
-1.049895159212053564e+01 -1.023492602139264207e+01 -1.007283051641599236e+01 -9.742751294432288489e+00 -9.247350356027247642e+00 -8.304958529688789781e+00 -5.249361594333874947e+00 -5.011682574450295746e+00 -3.556103377622446882e+00 -1.519297080176291281e+00 7.644066682869634644e-01 1.905923289641270113e+00 1.746550268778331416e+00 3.028727210535436587e+00 4.455486187994995184e+00 4.455486187994995184e+00 4.455486187994995184e+00 4.455486187994995184e+00
-1.042720168621327481e+01 -1.018966805051965707e+01 -1.007891427987284239e+01 -9.637133446090411226e+00 -9.134018711995658180e+00 -8.079373936143742441e+00 -3.864814072642350329e+00 -4.567696879504897112e+00 -3.077439522650444736e+00 -3.905937216601559347e-01 1.106088123084052244e+00 1.968005018472441581e+00 1.901853671877293595e+00 4.283669501185618955e+00 5.317878627732214092e+00 5.317878627732214092e+00 5.317878627732214092e+00 5.317878627732214092e+00
-1.044401053758032738e+01 -9.934637298201510092e+00 -9.611430355359541267e+00 -9.493838001724213882e+00 -8.468081496569851652e+00 -6.867325547900165361e+00 -3.440673476596580294e+00 -4.542269510721075321e+00 -2.465597035203706877e+00 -5.068088351849834305e-01 2.122883023099355615e+00 2.629387607765184320e+00 3.231468983770013459e+00 4.689646699548857711e+00 5.516617536012857315e+00 5.516617536012857315e+00 5.516617536012857315e+00 5.516617536012857315e+00
-1.058342400873753952e+01 -1.017708079365566221e+01 -9.315656770657906094e+00 -8.441499340943289909e+00 -7.516332073410567638e+00 -5.540738347148611354e+00 -2.293474867479909918e+00 -4.492553506531914209e+00 -1.749291178502853317e+00 8.755511934993807088e-01 2.750563415967449021e+00 3.371465280290019795e+00 4.912229166345015940e+00 4.957096814643263905e+00 5.734501462797602755e+00 5.734501462797602755e+00 5.734501462797602755e+00 5.734501462797602755e+00
-1.022463722944501896e+01 -9.794767409618957643e+00 -8.984834448778594052e+00 -8.471119207038706023e+00 -6.801685275559844257e+00 -4.006920148010119753e+00 -3.554245498689669880e+00 -2.158686970174606756e+00 1.641279228783552313e-01 2.251209988296906772e+00 2.857074484927637492e+00 4.534127840932539399e+00 3.045299590066009809e+00 2.244161958267502310e+00 5.676188631274365903e+00 5.676188631274365903e+00 5.676188631274365903e+00 5.676188631274365903e+00
-9.921839931150923775e+00 -9.179448228628750428e+00 -8.479362996468607250e+00 -7.890606187325538201e+00 -5.855561758440088305e+00 -3.087319667420568514e+00 -3.446769614680758043e+00 -1.508906489928458994e+00 7.252288842682845793e-01 3.207664995671483332e+00 4.397387038534303905e+00 3.728280462640160220e+00 2.048206552653228485e+00 2.404357725162574955e+00 5.620658252638135011e+00 5.620658252638135011e+00 5.620658252638135011e+00 5.620658252638135011e+00
-9.535127829215058526e+00 -8.786044443110700541e+00 -7.985561619422991697e+00 -6.635680239626058352e+00 -4.851166202764631841e+00 -3.019760956777395311e+00 -4.077558537888625878e+00 -6.349339779358045277e-01 1.714357650691352930e+00 3.906644149010476852e+00 4.538029315436487465e+00 2.060847355862574837e+00 4.981433895475266271e-01 2.352904282645477352e+00 5.541394141731301737e+00 5.541394141731301737e+00 5.541394141731301737e+00 5.541394141731301737e+00
-9.943524049621384364e+00 -8.214614226443156753e+00 -7.146608792931019138e+00 -5.680808258730978721e+00 -3.676079071952804256e+00 -1.812298375016751617e+00 -2.677217170227470966e+00 -1.888239006843891454e-01 3.252819765332861213e+00 4.856904818433836368e+00 3.274508579538487840e+00 -1.964160095647366822e+00 3.795725405328674862e-01 2.466964394256428772e+00 5.498520078213329221e+00 5.498520078213329221e+00 5.498520078213329221e+00 5.498520078213329221e+00
-9.702633203437578402e+00 -7.736920429586769288e+00 -6.220940748538120069e+00 -4.728323610731448134e+00 -2.523097990885317277e+00 -2.326440000054852852e+00 -1.206903982570475486e+00 1.381817224778766784e+00 3.365096664157476880e+00 5.533472406253781450e+00 4.309412396980949467e+00 -9.747055690129798888e-01 9.918658216567928232e-01 2.560181881670823945e+00 5.820566647828244733e+00 5.820566647828244733e+00 5.820566647828244733e+00 5.820566647828244733e+00
-9.040716728737525187e+00 -7.248349024228950555e+00 -5.566879590397142863e+00 -3.720465216358670446e+00 -2.920724224449217310e+00 -2.612546233239598337e+00 -4.111959372919214983e-01 2.817253275965855952e+00 3.960487784518300636e+00 6.018917819536369507e+00 5.846718208089585644e+00 1.875905287096990559e+00 6.890951828019871162e-01 2.576165834462500470e+00 5.766135267651121943e+00 5.766135267651121943e+00 5.766135267651121943e+00 5.766135267651121943e+00
-8.950421634056748843e+00 -6.773598191620266107e+00 -5.030858295907025379e+00 -2.759363654986358938e+00 -3.160020425506902875e+00 -2.868015350074405667e+00 2.165397318543111349e-01 3.337531599799556048e+00 4.143411013331901316e+00 5.046916541288884339e+00 4.518554956239325016e+00 4.596579861152617852e+00 3.678485353242157530e+00 3.252207785818098884e+00 5.688839874716708600e+00 5.688839874716708600e+00 5.688839874716708600e+00 5.688839874716708600e+00
-8.285672070549640722e+00 -6.581539875247044868e+00 -4.824127258382804762e+00 -2.516352820117904621e+00 -2.263084273873161134e+00 -2.774320145028576157e+00 3.994117763460947046e-01 3.832013134799759690e+00 3.915922233074150327e+00 3.244835577547680927e+00 3.277624752104886685e+00 3.138832909263225446e+00 3.884448754426183648e+00 5.082367827518755377e+00 5.628016919300590004e+00 5.628016919300590004e+00 5.628016919300590004e+00 5.628016919300590004e+00
-7.702441196724026717e+00 -6.508350604210772161e+00 -4.623693211815751880e+00 -2.484462688933441576e+00 -1.569339135000859420e+00 -1.762782023547240895e+00 1.296303048769695154e+00 3.742705038674040363e+00 3.697434724766995195e+00 1.792492856452776895e+00 1.636437795088111713e+00 1.675194299265733378e+00 2.789111837572950225e+00 4.255302796468769522e+00 5.725452068770115588e+00 5.725452068770115588e+00 5.725452068770115588e+00 5.725452068770115588e+00
-7.875117066087883089e+00 -6.330346547982826699e+00 -4.698929342795904240e+00 -2.557707232800321417e+00 -1.233087409030801274e+00 2.326080438121089500e-01 2.765813150127549136e+00 3.915110224520004678e+00 3.023097138115180993e+00 1.595203217107833416e+00 1.149879087379205078e+00 1.195478929065773022e+00 1.934383142027006119e+00 3.621421939534267942e+00 5.899615227706210163e+00 5.899615227706210163e+00 5.899615227706210163e+00 5.899615227706210163e+00
-8.320142433443871610e+00 -6.510833706568734058e+00 -4.511501388452142436e+00 -2.406192376646620890e+00 -1.340727363047498732e+00 -2.503836959203784018e-02 3.218976183807289004e+00 3.954375426841697738e+00 2.935251212093924700e+00 1.506524916179566853e+00 8.398135714098737825e-01 6.501205111971518624e-01 1.294307042196910285e+00 3.235563301855697294e+00 5.828257506261436127e+00 5.828257506261436127e+00 5.828257506261436127e+00 5.828257506261436127e+00
-8.266071494904943862e+00 -6.930025860260764503e+00 -4.667521583817282327e+00 -2.260789143563491255e+00 -1.713964943074334890e+00 -1.768743497961611455e+00 1.665322263463975050e+00 3.956559039174011527e+00 2.705268752086654516e+00 1.363796093138615939e+00 -1.365396176006540729e+00 -1.538854225695362565e+00 1.198556406341590996e+00 3.048639418110964172e+00 5.792499325211617034e+00 5.792499325211617034e+00 5.792499325211617034e+00 5.792499325211617034e+00
-8.252020824481586914e+00 -6.925077978635867382e+00 -5.187261840781671296e+00 -2.779950508456453750e+00 -1.961160632608832222e+00 -1.538873958030766875e+00 2.794947591101433759e-01 3.831746866155878450e+00 2.318879326503189287e+00 1.141132365128960213e+00 -2.363691819037776920e+00 -1.494849824671157457e+00 1.170559178776607201e+00 3.396120988055226331e+00 5.671384825618570602e+00 5.671384825618570602e+00 5.671384825618570602e+00 5.671384825618570602e+00
-8.179218221542502221e+00 -7.418556983608917577e+00 -5.439809088369963241e+00 -3.552653842347092805e+00 -1.665898576033848943e+00 -1.717377815081882808e+00 -6.830896772057907240e-01 3.528576408854440682e+00 2.171885476240562163e+00 3.655473998616060038e-01 -2.501604824612303712e+00 -1.142099035946454233e+00 1.200568162764348301e+00 3.734430602073145256e+00 5.592213605491794581e+00 5.592213605491794581e+00 5.592213605491794581e+00 5.592213605491794581e+00
-8.138692299221089499e+00 -7.284274994810052029e+00 -6.048116398050791709e+00 -4.503385650873623192e+00 -2.475782320195271780e+00 -2.101514221266676863e+00 -1.509121307371176224e+00 1.584461840632835461e+00 2.527115460511829337e+00 -3.493201351845438563e+00 -2.204207297937900378e+00 -4.373794407415215746e-01 1.486737988151967560e+00 3.726773298718858207e+00 5.952336889593289548e+00 5.952336889593289548e+00 5.952336889593289548e+00 5.952336889593289548e+00
-8.347417768740021060e+00 -7.797900302722884369e+00 -6.414742176011695385e+00 -5.068924645947416430e+00 -3.694775500879474706e+00 -2.162824343225991264e+00 -2.093933120118240510e+00 5.218259075869562391e-01 2.280252208096938293e+00 -2.926951668725416678e+00 3.371862513597230215e-01 9.704923034691967931e-01 1.859533085272677244e+00 4.181108958030318234e+00 5.914867749384686846e+00 5.914867749384686846e+00 5.914867749384686846e+00 5.914867749384686846e+00
-8.741029345419855545e+00 -7.885910853704917400e+00 -6.807005182110033914e+00 -5.761760682724585081e+00 -4.540450251104439339e+00 -2.403273475414811955e+00 -2.954981778760562339e+00 -1.491960953805326895e+00 1.325657680028796470e+00 7.294903296016221894e-01 3.424401265590393262e-01 9.077070895348705593e-01 2.141595691667809831e+00 4.780564234256238443e+00 5.835948364694628410e+00 5.835948364694628410e+00 5.835948364694628410e+00 5.835948364694628410e+00
-9.157303511088246140e+00 -8.183867313699911605e+00 -7.308848978897103166e+00 -6.382919409415221956e+00 -5.343361832462935723e+00 -4.056353863600945076e+00 -2.501127131995191988e+00 -2.600462241216999093e+00 3.276836692162641285e-01 1.584856921368789751e+00 1.006305462336796630e+00 4.853697906753204894e-01 1.737720981756872174e+00 4.902114734500854887e+00 5.800190183644808428e+00 5.800190183644808428e+00 5.800190183644808428e+00 5.800190183644808428e+00
-9.440819706717443083e+00 -8.525105180573927299e+00 -7.884864690452358715e+00 -7.211105555117819144e+00 -6.347044000838803157e+00 -5.137846608884442112e+00 -2.404986632137926961e+00 -3.056367301023065419e+00 -1.044913212323991036e+00 1.340709302397320224e+00 1.309510323967205014e+00 8.664760245229180535e-01 1.010317307162903022e+00 4.072750391038012729e+00 5.696134781613562126e+00 5.696134781613562126e+00 5.696134781613562126e+00 5.696134781613562126e+00
-9.833742552526354430e+00 -8.977420896311100407e+00 -8.438165269879055685e+00 -7.967555751400761999e+00 -7.357375778424931845e+00 -6.371878272044501301e+00 -3.796189840608116484e+00 -2.740921921965429497e+00 -2.153154903346718552e+00 7.360912056383844826e-01 1.317897861367505863e+00 1.134944248775133113e+00 2.334280196110711803e-01 3.973115832755805599e+00 5.944866295882110130e+00 5.944866295882110130e+00 5.944866295882110130e+00 5.944866295882110130e+00
-1.024626111715599741e+01 -9.777245547982053253e+00 -9.277860677608540385e+00 -8.758210505334369955e+00 -8.166887122117143960e+00 -7.133359233204253691e+00 -4.995537214444963681e+00 -2.354965335447222863e+00 -2.909076089275091981e+00 3.678464655810737005e-01 1.196120962851699110e+00 1.210644340176023848e+00 6.095117528825051423e-01 4.368569723533235916e+00 5.958042038470952484e+00 5.958042038470952484e+00 5.958042038470952484e+00 5.958042038470952484e+00
-1.040859728563649078e+01 -9.994761041422377090e+00 -9.530151788744390728e+00 -9.074426241277716798e+00 -8.486884074269697820e+00 -7.535605938507386803e+00 -6.211652419997794716e+00 -2.625719271793672149e+00 -3.103611788576224662e+00 -1.054012788789179922e+00 1.032135865711991007e+00 1.250409492459617855e+00 8.235505293584658437e-01 3.073828374055832313e+00 5.879397404177639785e+00 5.879397404177639785e+00 5.879397404177639785e+00 5.879397404177639785e+00
-1.047182260502279227e+01 -1.010927310774892618e+01 -9.686703132496118585e+00 -9.252202347635339663e+00 -8.709658275617561785e+00 -7.814311812975358151e+00 -6.606962111672957327e+00 -3.832263318575420907e+00 -3.199154058693395086e+00 -2.687295281424556759e+00 7.830523417082313475e-01 1.274939097316438730e+00 8.654814500533107857e-01 2.324109998481071138e+00 5.843639223127819804e+00 5.843639223127819804e+00 5.843639223127819804e+00 5.843639223127819804e+00
-1.047936593448216236e+01 -1.014316940628907560e+01 -9.765457089139598423e+00 -9.383391618243011933e+00 -8.822869041754517028e+00 -8.018508512459705528e+00 -6.881867756976322248e+00 -5.248933078531261565e+00 -2.856908807967016184e+00 -3.109306555510229941e+00 2.333238840541178027e-01 1.167495544011505348e+00 8.046150504875798637e-01 2.479403645073587015e+00 5.807881042077999822e+00 5.807881042077999822e+00 5.807881042077999822e+00 5.807881042077999822e+00
-1.048033251804632471e+01 -1.018215228496815250e+01 -9.928377002540061724e+00 -9.490968630438466391e+00 -8.955930166392446878e+00 -8.260330397102649158e+00 -7.139717612953066173e+00 -5.541659966755780431e+00 -2.569112849968677725e+00 -3.278080239926168815e+00 4.739128266008590940e-02 8.900835391259167562e-01 4.009323186504414882e-01 2.753865967853176944e+00 5.962314822887300636e+00 5.962314822887300636e+00 5.962314822887300636e+00 5.962314822887300636e+00
-1.053560650679609267e+01 -1.018179865949673868e+01 -9.865733077889624170e+00 -9.518305600170689829e+00 -9.050640890404180183e+00 -8.293985112952105609e+00 -7.243025636530694200e+00 -5.886641951725004596e+00 -3.060818253391493826e+00 -3.462669679073886009e+00 -1.140169422358169760e+00 6.267003142947084049e-01 1.041263098867602821e+00 2.278631343359787120e+00 5.991866398958547002e+00 5.991866398958547002e+00 5.991866398958547002e+00 5.991866398958547002e+00
-1.051309301326068635e+01 -1.019707542700818514e+01 -9.907180642155513084e+00 -9.587902543437197167e+00 -9.054906086605919668e+00 -8.482928931835951758e+00 -7.385666173662590595e+00 -5.971925442691918384e+00 -3.798445904356331670e+00 -2.804952483309872679e+00 -2.381930732731806444e+00 4.623397616058096959e-01 9.888650500314624114e-01 2.452986754974030958e+00 5.960142796397113862e+00 5.960142796397113862e+00 5.960142796397113862e+00 5.960142796397113862e+00
-1.055668062874889657e+01 -1.025236938777002393e+01 -9.912836953309582810e+00 -9.596486786114690304e+00 -9.197143476211090629e+00 -8.504618310244707047e+00 -7.471109762149097833e+00 -6.080157259834791716e+00 -4.638749953688758865e+00 -2.473699138460091707e+00 -3.782926153788260581e+00 1.890672383896869480e-01 6.846701817820416425e-01 2.431049093651322934e+00 5.887088262610832956e+00 5.887088262610832956e+00 5.887088262610832956e+00 5.887088262610832956e+00
-1.059776272545028419e+01 -1.028265740492256342e+01 -9.987411930355643008e+00 -9.627693398231706112e+00 -9.246808542678968124e+00 -8.554871671710847281e+00 -7.576716134816246395e+00 -6.032214929937929071e+00 -4.988383318044813386e+00 -2.684214570326015181e+00 -4.009923200923280362e+00 1.531771639485035030e-01 5.436997866271421342e-01 2.529164031795739565e+00 5.851330081561012975e+00 5.851330081561012975e+00 5.851330081561012975e+00 5.851330081561012975e+00
-1.063221540368597928e+01 -1.033928344117654063e+01 -1.004953594326351585e+01 -9.691630458521721891e+00 -9.316503500290441053e+00 -8.765446405445839417e+00 -7.554502542782479679e+00 -5.987044064822283573e+00 -5.201748376001315677e+00 -3.096801551546210618e+00 -4.602172953900586450e+00 -1.517783079261117440e-01 3.152049862570853178e-01 2.611892096447860023e+00 5.962558201457226481e+00 5.962558201457226481e+00 5.962558201457226481e+00 5.962558201457226481e+00
