-1.046162528440227035e+01 -1.050892765634897152e+01 -1.001319694053568554e+01 -9.658347108583161145e+00 -9.345773910599310952e+00 -8.992684474088628477e+00 -8.388821669385491120e+00 -7.099668445237772296e+00 -3.515957112970696130e+00 -3.531549604929053565e+00 -2.156021237542691260e+00 2.595166932847016716e-01 2.966201518748660115e-01 2.065420094793606332e+00 5.171357011928009229e+00 5.171357011928009229e+00 5.171357011928009229e+00 5.171357011928009229e+00
-1.047555417824929869e+01 -1.020805945282588922e+01 -1.005271008909009467e+01 -9.807169282265729038e+00 -9.430442032584785750e+00 -8.928791446299269907e+00 -8.158928654279947068e+00 -6.704065020204625469e+00 -2.965743160592704264e+00 -3.982869870485170161e+00 -1.840157622999936127e+00 -8.028865980631114119e-03 1.132075178105112601e+00 1.992423308629153844e+00 5.145876444587848653e+00 5.145876444587848653e+00 5.145876444587848653e+00 5.145876444587848653e+00
-1.029272204289283899e+01 -1.000549332292519544e+01 -9.843342585659820898e+00 -9.951498682570056431e+00 -9.661526372347783109e+00 -9.082556695811575764e+00 -8.138367020547965680e+00 -6.507843227243510498e+00 -2.796289088223515407e+00 -4.057091651125128706e+00 -8.364221379570411230e-01 -1.163153765451383492e-01 1.821026321144459059e+00 2.042707282288834136e+00 5.323386150678297568e+00 5.323386150678297568e+00 5.323386150678297568e+00 5.323386150678297568e+00
-1.040873111079311109e+01 -1.032807942504635612e+01 -9.740748700318814457e+00 -9.374485547789651818e+00 -9.283253925761304259e+00 -9.307286319699745292e+00 -8.134616436069020295e+00 -5.940524448962426263e+00 -2.480994144193118700e+00 -3.835285289112295715e+00 -7.086735515254579676e-01 4.685595946404448875e-01 1.394682925589560085e+00 2.084237182841624847e+00 4.848275861966561351e+00 4.848275861966561351e+00 4.848275861966561351e+00 4.848275861966561351e+00
-1.056934899809399653e+01 -1.029504888674228980e+01 -9.944041438411614919e+00 -9.607239436264196186e+00 -9.064025773964081267e+00 -8.650214481743146777e+00 -8.031811006679417275e+00 -5.000171477986873114e+00 -2.594871613977835167e+00 -3.220253909487515553e+00 -1.511801639918572415e-02 7.095007739296639304e-01 1.520345053048450801e+00 2.308076474017173751e+00 4.760365791646400169e+00 4.760365791646400169e+00 4.760365791646400169e+00 4.760365791646400169e+00
-1.035373938001620431e+01 -1.014213413599769531e+01 -1.016675165711278339e+01 -9.867155944432065340e+00 -9.333947919506007551e+00 -8.511120838114397458e+00 -7.728447390243369242e+00 -3.653965151436645797e+00 -4.342929644919031773e+00 -1.654928174858917966e+00 5.264250562867838212e-01 1.126042221273740207e+00 1.659079585850886884e+00 2.123931014588031019e+00 4.470780679001295610e+00 4.470780679001295610e+00 4.470780679001295610e+00 4.470780679001295610e+00
-1.059715363581966585e+01 -1.018631088562771581e+01 -1.002672604158875558e+01 -9.854522092244124565e+00 -9.304200378769664326e+00 -8.506613571924981798e+00 -6.868672654050315352e+00 -2.702145559652683104e+00 -4.245408419357090679e+00 -7.430261234544248694e-01 8.144110956064289919e-01 1.921458289941368580e+00 1.678898505155550502e+00 3.099178686923573345e+00 4.381822315020794889e+00 4.381822315020794889e+00 4.381822315020794889e+00 4.381822315020794889e+00
-1.041712381652334507e+01 -1.024133162436723232e+01 -1.016591196269175512e+01 -9.791516622914448575e+00 -9.241283460504870817e+00 -8.335614755700756717e+00 -4.956590406528700754e+00 -3.297729415161959388e+00 -3.312951611283035724e+00 4.732281464323713494e-02 1.331204162827323678e+00 2.064555224591201110e+00 1.864513599960017753e+00 4.280014120987869930e+00 5.240262055700454447e+00 5.240262055700454447e+00 5.240262055700454447e+00 5.240262055700454447e+00
-1.035386119225323398e+01 -1.012036998466149029e+01 -9.486075736088514176e+00 -9.233079019326813963e+00 -8.425069506046821033e+00 -7.037453773247696276e+00 -3.341708955473233100e+00 -4.263095931170628461e+00 -2.242930216613030936e+00 7.896675481089026061e-01 2.084369875371252068e+00 2.720211924544462700e+00 3.282002707151669085e+00 4.714876203331590077e+00 5.284529456840608042e+00 5.284529456840608042e+00 5.284529456840608042e+00 5.284529456840608042e+00
-1.056146726918730749e+01 -1.022101304247125597e+01 -9.411556572368404261e+00 -8.472178202946949455e+00 -7.489071113973745142e+00 -5.482740185585974757e+00 -2.945713463425021050e+00 -4.176794582506320630e+00 -1.770675817207918445e-01 1.523568660520961515e+00 2.874798438014831703e+00 3.389060662218582376e+00 4.882629944138951572e+00 4.924678552535108444e+00 5.391406798048714144e+00 5.391406798048714144e+00 5.391406798048714144e+00 5.391406798048714144e+00
-1.019924800058582193e+01 -9.594760887990609888e+00 -9.054130568503767407e+00 -8.482776549362634810e+00 -6.968755933743738140e+00 -3.789801160393243329e+00 -3.688097815586805162e+00 -2.887051248462480402e+00 6.912496992301189191e-01 2.810026114501605221e+00 2.952561419267853093e+00 4.523976920191339346e+00 2.931409219137707467e+00 2.254770213672299128e+00 5.737826710922442786e+00 5.737826710922442786e+00 5.737826710922442786e+00 5.737826710922442786e+00
-9.878689819547529893e+00 -9.106754642484226281e+00 -8.337745430298367566e+00 -8.044388170075327693e+00 -5.517202579721832478e+00 -2.538971241435000969e+00 -3.392617153717448097e+00 -5.041338506120123242e-01 1.739447512305743349e+00 3.223466952002638664e+00 4.374305645191736147e+00 3.719647380103966672e+00 2.025176279835132931e+00 2.422399370482946068e+00 5.245969204267963981e+00 5.245969204267963981e+00 5.245969204267963981e+00 5.245969204267963981e+00
-9.504298467902547287e+00 -8.686800796507636591e+00 -7.957414441320036502e+00 -6.425531585190382700e+00 -4.141416712514769394e+00 -3.368489468348817795e+00 -3.228717822351530931e+00 2.695641814805137537e-01 3.413172991953660418e+00 3.992106858209840237e+00 4.669863860561474844e+00 2.134912405869828333e+00 4.953749112099100627e-01 2.320119849780743149e+00 4.991848477173260079e+00 4.991848477173260079e+00 4.991848477173260079e+00 4.991848477173260079e+00
-1.006955466425851675e+01 -8.046405160262372291e+00 -6.859657647937192237e+00 -5.357852225805902258e+00 -2.747416118760231285e+00 -2.311469100539194077e+00 -2.125569512578932674e+00 1.319130805432834341e+00 3.259213038341045809e+00 4.901310083829269360e+00 3.237675490846694260e+00 -1.967545584782435242e+00 4.026903166109204735e-01 2.504841613021502766e+00 5.201405361862745380e+00 5.201405361862745380e+00 5.201405361862745380e+00 5.201405361862745380e+00
-9.520700226034467306e+00 -7.757345421707258382e+00 -5.929617249188420480e+00 -4.452803642511089954e+00 -2.154718038313540696e+00 -2.896325467042785817e+00 -9.030529316420839170e-02 2.756950508508891673e+00 3.492057824741431560e+00 5.520540897535580527e+00 4.335651707254199572e+00 -7.445808827275512964e-01 1.012778749927964128e+00 2.595294684964992271e+00 5.237575257660211037e+00 5.237575257660211037e+00 5.237575257660211037e+00 5.237575257660211037e+00
-9.076487221589442100e+00 -7.074879317889562813e+00 -5.203631956954477999e+00 -3.653931824657917105e+00 -1.949320893025610513e+00 -2.427738607897870438e+00 8.505602969482601861e-01 2.954961019335130779e+00 4.085255787977723152e+00 6.137408319117859890e+00 5.886630441119303114e+00 2.034888253360460642e+00 6.934416963603206030e-01 2.680174931578241715e+00 5.272225088760261080e+00 5.272225088760261080e+00 5.272225088760261080e+00 5.272225088760261080e+00
-8.840295952562271964e+00 -6.603740963254785434e+00 -4.632228644841819509e+00 -2.943412593188363680e+00 -2.303133722506337744e+00 -1.276292610747276957e+00 2.430825248735283495e+00 3.276163533830242613e+00 4.154352325848063465e+00 5.042576296374320144e+00 4.512520283016783651e+00 4.622047088303093076e+00 3.577931517622013224e+00 3.192499857239976091e+00 5.601962242946635584e+00 5.601962242946635584e+00 5.601962242946635584e+00 5.601962242946635584e+00
-8.084692568356587117e+00 -6.332835701756030389e+00 -4.189262073221120986e+00 -2.180025597502272205e+00 -2.628717712593734213e+00 1.429214624888029417e-01 3.560177026395200173e+00 3.841965442756818838e+00 3.930181779399682718e+00 3.216826898839155291e+00 3.179970929341856767e+00 3.110880007606930953e+00 3.881933040218919384e+00 5.075365628117593175e+00 5.276001703504253904e+00 5.276001703504253904e+00 5.276001703504253904e+00 5.276001703504253904e+00
-7.640611380221866256e+00 -6.216730787681008508e+00 -3.981442422875712595e+00 -1.900478342747209837e+00 -2.506788508461086806e+00 6.579612641428119746e-01 3.003959527017773468e+00 3.740212542376903038e+00 3.705316477243789652e+00 1.803018892140995533e+00 1.501288544254332002e+00 1.537055928296165552e+00 2.759080497244438490e+00 4.241108780771257969e+00 5.175625876662248714e+00 5.175625876662248714e+00 5.175625876662248714e+00 5.175625876662248714e+00
-8.044467226136740479e+00 -6.220326751216303407e+00 -3.640848690451712777e+00 -2.198397119684027512e+00 -1.926907578791122067e+00 9.232212344032699747e-01 3.198054625861809441e+00 3.914016488063738919e+00 3.006035834981447330e+00 1.519743540349664190e+00 8.389667730271274104e-01 9.731429928476587055e-01 1.937811701076901816e+00 3.582303346282985856e+00 5.338481792982609164e+00 5.338481792982609164e+00 5.338481792982609164e+00 5.338481792982609164e+00
-8.278169605226187500e+00 -6.422060542551555784e+00 -4.022473688409418102e+00 -2.861864888254008754e+00 -1.999432240198480315e+00 6.037196732217811057e-01 3.146479207427088198e+00 4.005737179960659589e+00 2.957722661537508735e+00 1.380181083734435266e+00 5.468537813334083397e-01 3.829196764180734514e-01 1.222708357769968224e+00 3.212678311520103414e+00 5.287623443636309872e+00 5.287623443636309872e+00 5.287623443636309872e+00 5.287623443636309872e+00
-8.183103546863998545e+00 -6.614277080168592171e+00 -3.940429841123780808e+00 -2.469141425861444361e+00 -2.165237256081218753e+00 7.006235012668080575e-01 3.321855286408990526e+00 4.000217608950888959e+00 2.746398822859021926e+00 1.102517932867501660e+00 -2.386724668686553752e+00 -1.619202538903986133e+00 1.150834974535409394e+00 3.090825454586084042e+00 5.265504481427642602e+00 5.265504481427642602e+00 5.265504481427642602e+00 5.265504481427642602e+00
-8.187740211553839131e+00 -6.962055517337665478e+00 -4.708900926005590293e+00 -2.298847352035564562e+00 -1.944599093350664276e+00 4.124616558164391211e-01 3.474132181888727189e+00 3.897428620539179711e+00 2.289049536906219373e+00 7.173245413903459600e-01 -2.518131680131238781e+00 -1.550812094371725625e+00 1.126917813082152442e+00 3.386977877321506014e+00 5.505534512278668302e+00 5.505534512278668302e+00 5.505534512278668302e+00 5.505534512278668302e+00
-8.161098293882195875e+00 -7.230536894560830596e+00 -5.150472889311766167e+00 -2.874468749856467387e+00 -1.914332219652555622e+00 -6.316237520177599984e-01 2.175423988845409884e+00 3.632208666947782660e+00 2.015829577017119512e+00 -1.472819271027709043e+00 -2.646958736471997753e+00 -1.322526545624667316e+00 1.188440719170525073e+00 3.678216108175417887e+00 5.100981937170022462e+00 5.100981937170022462e+00 5.100981937170022462e+00 5.100981937170022462e+00
-8.036132930132975360e+00 -7.206605077158025452e+00 -5.711948973569159982e+00 -4.012721621778251091e+00 -2.134673083871742261e+00 -2.074229754737667797e+00 5.908919770668457083e-01 2.814960782680379303e+00 2.337900871838961780e+00 -3.722163932486426852e+00 -2.396940377905381503e+00 -5.762576823912037849e-01 1.441049640710318380e+00 3.668178413103223345e+00 5.414038153433625489e+00 5.414038153433625489e+00 5.414038153433625489e+00 5.414038153433625489e+00
-8.377940709941501751e+00 -7.794104632754752515e+00 -6.617647454688077246e+00 -4.817260514228447477e+00 -3.030822860026117560e+00 -2.290134474373487272e+00 -8.249902341283186225e-01 1.325142554793010685e+00 2.163524878203462620e+00 -3.181741882156966739e+00 -3.298447075083662527e-01 1.013283522854457219e+00 1.864581269953239140e+00 4.253311475569793387e+00 5.391919191224959107e+00 5.391919191224959107e+00 5.391919191224959107e+00 5.391919191224959107e+00
-8.787462644935445155e+00 -7.881862531495805513e+00 -7.062195513319823093e+00 -5.660463309453863445e+00 -4.025457426576825704e+00 -2.450912304010492093e+00 -2.549876408052258014e+00 1.785103613219919949e-01 1.430190600604408502e+00 1.116628899128332131e-01 3.100594097250027881e-01 6.536773939119170374e-01 2.193930295328998525e+00 4.700491398332426130e+00 5.337671629612410484e+00 5.337671629612410484e+00 5.337671629612410484e+00 5.337671629612410484e+00
-9.136457199785354533e+00 -8.205168348164468384e+00 -7.389255514203984632e+00 -6.550607533699878360e+00 -5.109619102871816310e+00 -3.533403612587445064e+00 -2.647776868961162489e+00 -2.139434400176456474e+00 3.658429477833605170e-01 1.304299828471783274e+00 5.454654948760031541e-01 -7.215831969519964639e-02 1.765996610172136272e+00 4.823647334190698466e+00 5.315552667403742326e+00 5.315552667403742326e+00 5.315552667403742326e+00 5.315552667403742326e+00
-9.413750797533666059e+00 -8.531567159440724524e+00 -7.947571093165127998e+00 -7.281599841791539518e+00 -6.311689513810431862e+00 -5.012700942641101776e+00 -2.650628790603369644e+00 -2.809467890050708405e+00 -3.196836338908031205e-01 9.507043349980056623e-01 1.015817455339949493e+00 6.903396617008075165e-01 1.025414432578632962e+00 4.063825487606080422e+00 5.079207704679626900e+00 5.079207704679626900e+00 5.079207704679626900e+00 5.079207704679626900e+00
-9.917934554998261376e+00 -9.015924686788459042e+00 -8.534113260465366224e+00 -8.075077799826020808e+00 -7.365358943919581236e+00 -6.456361682786056377e+00 -4.154358322894411870e+00 -2.546370766687556131e+00 -2.090860240909049317e+00 3.719209644895918876e-01 9.463079066261077532e-01 9.772708440575823552e-01 1.352688861602850678e-01 3.919784804815314772e+00 5.486205301618387153e+00 5.486205301618387153e+00 5.486205301618387153e+00 5.486205301618387153e+00
-1.030495143623559073e+01 -9.870140705239743184e+00 -9.363152609779657354e+00 -8.869343007093723585e+00 -8.263192050757350415e+00 -7.249482354335979650e+00 -5.439348780595487653e+00 -2.608222807810369304e+00 -2.844301231953425990e+00 -2.655452129813123952e-01 7.833768172800422702e-01 1.012186816617706375e+00 2.953581182421736173e-01 4.391019097814493399e+00 5.464086339409718107e+00 5.464086339409718107e+00 5.464086339409718107e+00 5.464086339409718107e+00
-1.040764385689374372e+01 -1.003714197497135174e+01 -9.581394153008076842e+00 -9.163064944583460658e+00 -8.587099425859573643e+00 -7.618431309888833880e+00 -6.347556121998638723e+00 -3.596841853432782177e+00 -2.823365388530354458e+00 -1.798611883135856626e+00 4.772756361839999295e-01 9.656122762612968646e-01 7.725147801731920838e-01 3.133161355397457548e+00 5.409838777797173037e+00 5.409838777797173037e+00 5.409838777797173037e+00 5.409838777797173037e+00
-1.049564873743851834e+01 -1.015091000445244163e+01 -9.748069909743936279e+00 -9.303192112862596730e+00 -8.846555219812213267e+00 -7.917393098658930484e+00 -6.679880205293183160e+00 -4.977910861924804919e+00 -2.400947404761176074e+00 -2.944159027491535241e+00 1.353969529240406922e-01 8.644000158474935969e-01 5.850729600337125635e-01 2.790619823985087677e+00 5.387719815588502215e+00 5.387719815588502215e+00 5.387719815588502215e+00 5.387719815588502215e+00
-1.047804829474250177e+01 -1.016504047028128355e+01 -9.782960186557891902e+00 -9.438731305759651136e+00 -8.925177592692113748e+00 -8.103549409174735985e+00 -6.928844096701659794e+00 -5.578241755139629277e+00 -2.924938016577673494e+00 -3.245955567758720406e+00 -5.223701025648865848e-01 6.365707329135324999e-01 7.028309437510835700e-01 2.679832016257771787e+00 5.017475450060721265e+00 5.017475450060721265e+00 5.017475450060721265e+00 5.017475450060721265e+00
-1.049680349471323204e+01 -1.018463907367462440e+01 -9.874775046035839665e+00 -9.520322010648348154e+00 -9.027866381534979112e+00 -8.294481765040902843e+00 -7.117511127636594992e+00 -5.692881692158278994e+00 -4.238095350411542839e+00 -3.246331976141652476e+00 -1.669864260062406958e+00 3.556514727132236153e-01 4.608042464500064495e-01 2.874643545092514074e+00 5.239236735426800351e+00 5.239236735426800351e+00 5.239236735426800351e+00 5.239236735426800351e+00
-1.053801111230723109e+01 -1.022289271885541950e+01 -9.893273381872511152e+00 -9.517617879897615651e+00 -9.106368226789303577e+00 -8.392053151836954328e+00 -7.230078556236187559e+00 -5.862866167555962349e+00 -4.747835938818502299e+00 -2.831837987253729150e+00 -2.661985190130013557e+00 4.667614285911639294e-02 5.587773041444621391e-01 2.509367107353255300e+00 5.536253487594482436e+00 5.536253487594482436e+00 5.536253487594482436e+00 5.536253487594482436e+00
-1.056425332041571252e+01 -1.023046310171252848e+01 -9.947169079049315243e+00 -9.595588232350225510e+00 -9.156667067579057573e+00 -8.560347139496723656e+00 -7.331567942653766323e+00 -5.876769213807142123e+00 -4.851412999771684831e+00 -2.495624938684512628e+00 -2.958583722986730002e+00 -2.738874557243609065e-01 -3.839023013122199596e-02 2.591435104714794768e+00 5.514134525385819607e+00 5.514134525385819607e+00 5.514134525385819607e+00 5.514134525385819607e+00
-1.055929242932422696e+01 -1.028629722332644469e+01 -9.943611718462710414e+00 -9.620250030261590979e+00 -9.234237903906102218e+00 -8.596688165286582972e+00 -7.395443938395068528e+00 -5.906971118651806130e+00 -5.067958173423013690e+00 -2.639420577389746114e+00 -2.930786872374570695e+00 -3.507631146974690139e-01 -1.992422541949944725e-01 2.539783410284551124e+00 5.459886963773261215e+00 5.459886963773261215e+00 5.459886963773261215e+00 5.459886963773261215e+00
-1.061515186006656819e+01 -1.029770918129521462e+01 -9.952576912162195200e+00 -9.621217197701232848e+00 -9.299781723786159304e+00 -8.647128558450678071e+00 -7.528302181897087664e+00 -5.908613735328252403e+00 -5.214419677572651679e+00 -3.298262640236703902e+00 -3.026971453048779015e+00 -7.827341884550254036e-01 -7.857348015104009820e-02 2.483702468255478024e+00 5.072275570599261485e+00 5.072275570599261485e+00 5.072275570599261485e+00 5.072275570599261485e+00
-1.061991886823087938e+01 -1.032225364360764885e+01 -9.960718757698581172e+00 -9.657967496406657304e+00 -9.347311272797114157e+00 -8.839386028603129830e+00 -7.529130703345876086e+00 -5.766506974974030086e+00 -5.369132246054362234e+00 -3.678571930874654505e+00 -3.020890259451178395e+00 -1.597182054303118104e+00 -3.109155016921382186e-01 2.343605677924172959e+00 5.287529355351210825e+00 5.287529355351210825e+00 5.287529355351210825e+00 5.287529355351210825e+00
