-1.043036438237121288e+01 -1.025554002583398550e+01 -9.999669309728826505e+00 -9.725497790694817013e+00 -9.417869758605313280e+00 -8.986576173747005569e+00 -8.302184120355626362e+00 -7.299330382769813497e+00 -4.851034120580711040e+00 -3.156804249344887570e+00 -1.846269977271651763e+00 -1.592924495110533245e+00 4.954957285862227057e-01 1.831564449771153402e+00 4.402112406409060874e+00 4.402112406409060874e+00 4.402112406409060874e+00 4.402112406409060874e+00
-1.042111571118305946e+01 -1.022326070140495169e+01 -1.005097292440836654e+01 -9.912007437071771676e+00 -9.453725407055443952e+00 -8.993080226338308947e+00 -8.268091775639074825e+00 -7.003298389273965086e+00 -4.791738641760970197e+00 -2.181569249275685074e+00 -2.218049900125283358e+00 -2.140442789261226553e-01 5.221337498053049142e-01 2.066376486438654680e+00 4.420657647933821544e+00 4.420657647933821544e+00 4.420657647933821544e+00 4.420657647933821544e+00
-1.037611893205681923e+01 -1.012492349284145554e+01 -9.733739520895790420e+00 -9.698074017981252126e+00 -9.570540937337900900e+00 -9.071893689087032087e+00 -8.188124252675317294e+00 -6.942874734373479129e+00 -4.309234910475923996e+00 -2.061020400301635469e+00 -2.978070443446735993e+00 -1.900604391297411322e-01 -2.059068423713550366e-01 2.141773971496612639e+00 4.631055043665068816e+00 4.631055043665068816e+00 4.631055043665068816e+00 4.631055043665068816e+00
-1.033993103823542192e+01 -1.025055299449319790e+01 -9.944285315353978305e+00 -9.355567334627000520e+00 -9.223546615751102351e+00 -9.081712572686388540e+00 -8.291074533089723531e+00 -6.767397769995723067e+00 -3.205377517530168863e+00 -2.740352733986354039e+00 -1.346027894053662965e+00 5.198547549453026023e-02 4.080506645396864140e-01 2.305445070111677097e+00 4.562077889304651634e+00 4.562077889304651634e+00 4.562077889304651634e+00 4.562077889304651634e+00
-1.068983244025220003e+01 -1.027421336376062300e+01 -9.943518141845929748e+00 -9.620271290952510768e+00 -9.106484080376848311e+00 -8.703205103124005859e+00 -8.173402138419611163e+00 -6.201387320247551571e+00 -2.623268097553207667e+00 -2.937495522852588081e+00 -5.867870688689064140e-01 -1.162168760269979145e-02 1.462191059434287954e+00 2.363042113710125847e+00 4.221088791813722096e+00 4.221088791813722096e+00 4.221088791813722096e+00 4.221088791813722096e+00
-1.048905079577554211e+01 -9.950095521645486940e+00 -1.011604810778336017e+01 -9.845669568376990810e+00 -9.328165137098872961e+00 -8.696840771787741176e+00 -7.887595724132395958e+00 -5.137894415122902458e+00 -2.696858039234288462e+00 -2.569823190546632219e+00 -5.041251196199802997e-03 9.747520420682836972e-01 1.175428796379001550e+00 2.147514753314595737e+00 4.395193827449111801e+00 4.395193827449111801e+00 4.395193827449111801e+00 4.395193827449111801e+00
-1.045050084876463181e+01 -1.026747499676813469e+01 -9.939104865552177870e+00 -9.709588304660146107e+00 -9.324699428624629860e+00 -8.685282420634482747e+00 -7.697823827706921307e+00 -3.601476201819145295e+00 -3.233261642701386940e+00 -9.849182193737877622e-01 -1.818001078119534653e-01 1.398548056136812434e+00 1.577628534275972605e+00 3.308149280851257146e+00 4.199095030325628031e+00 4.199095030325628031e+00 4.199095030325628031e+00 4.199095030325628031e+00
-1.057335212863605811e+01 -1.013726923707750771e+01 -9.932256888518100624e+00 -9.739277075238973680e+00 -9.194416800604244600e+00 -8.255812130858583231e+00 -5.872523612035823071e+00 -2.278888128683103531e+00 -2.711043744091760743e+00 6.175047563967303588e-02 1.458685506115651620e+00 2.084114376883658526e+00 1.786888965512989147e+00 4.353893460226258227e+00 4.879021332149603651e+00 4.879021332149603651e+00 4.879021332149603651e+00 4.879021332149603651e+00
-1.049398576243657999e+01 -1.027114485645411079e+01 -9.704383901818733449e+00 -9.056891770350633308e+00 -8.233308810002682776e+00 -7.066863607996109131e+00 -3.847448144228899913e+00 -3.298351678741830550e+00 -7.974788155434273662e-01 1.202991173857047125e+00 2.099525149772617283e+00 2.761029618720623802e+00 3.432335448227291863e+00 4.796173513494246698e+00 4.997086704304236626e+00 4.997086704304236626e+00 4.997086704304236626e+00 4.997086704304236626e+00
-1.025163219371185619e+01 -1.005537339178580325e+01 -9.578054468600637250e+00 -8.513956506731286566e+00 -7.423428088076830633e+00 -5.095297352502933919e+00 -2.316903951656057004e+00 -2.840535538905716972e+00 2.362088805229819177e-01 2.103739136099476159e+00 3.066191670564129890e+00 3.491857045127999992e+00 4.981102180668538715e+00 4.952643304320366369e+00 5.048496856637222585e+00 5.048496856637222585e+00 5.048496856637222585e+00 5.048496856637222585e+00
-1.021888597846354330e+01 -9.446813571391269093e+00 -8.737336967303621194e+00 -8.509796707544845518e+00 -6.811679689410041760e+00 -3.301220359231020307e+00 -3.488774741636698984e+00 -8.312425620873400423e-01 1.991602135319227918e+00 3.056953330071859209e+00 3.060713901513372193e+00 4.599505827023814497e+00 2.855134132893341281e+00 2.262960148213209344e+00 4.749610659059586126e+00 4.749610659059586126e+00 4.749610659059586126e+00 4.749610659059586126e+00
-9.770955549171132404e+00 -9.050975062988520392e+00 -8.177780694473495871e+00 -7.525099303152359198e+00 -4.705074567057220492e+00 -2.231667094651956340e+00 -2.497833057092854858e+00 4.448654347879296700e-01 2.959329624015426763e+00 3.220166166171576361e+00 4.485046779822772223e+00 3.810959607625394874e+00 1.389532463994869405e+00 2.447659091837490308e+00 4.729546496176980419e+00 4.729546496176980419e+00 4.729546496176980419e+00 4.729546496176980419e+00
-9.614976425838609231e+00 -8.613925138118283087e+00 -7.547898272603566383e+00 -6.006916630794520984e+00 -3.160070683014123638e+00 -3.318257863646313588e+00 -1.213177071729866080e-01 3.157501411158831317e+00 3.366749653339425219e+00 4.172730455238284009e+00 4.829469336230173937e+00 9.565556957579872399e-02 5.940672431094257133e-01 2.343080016637017149e+00 4.561770076597769119e+00 4.561770076597769119e+00 4.561770076597769119e+00 4.561770076597769119e+00
-1.010420943857670828e+01 -8.003497951401644883e+00 -6.483696954333995066e+00 -4.264582037312042218e+00 -2.420137123059506123e+00 -2.133349254747999080e+00 1.330167164074850028e+00 3.092106552442070111e+00 3.348166567473160882e+00 5.079649002077621489e+00 3.385100495573256207e+00 -1.906241291319119124e+00 4.260351394528366087e-01 2.564421332726223746e+00 4.467883592848396646e+00 4.467883592848396646e+00 4.467883592848396646e+00 4.467883592848396646e+00
-9.461978289435752032e+00 -7.487384313464783503e+00 -5.250103879800471773e+00 -2.816274486544752875e+00 -2.685352323104688743e+00 -3.998226899351459696e-01 3.117709496194387420e+00 3.199218734912138817e+00 3.636458038121658465e+00 5.663758033294675087e+00 4.551079730063896989e+00 -9.383134743283294554e-01 8.122156220121141690e-01 2.636478093675020062e+00 4.502055536462330032e+00 4.502055536462330032e+00 4.502055536462330032e+00 4.502055536462330032e+00
-9.186756525372592463e+00 -6.883916770268148966e+00 -4.313250538568322412e+00 -2.106001137214279506e+00 -1.588709373488003784e+00 1.067208400796213486e+00 3.069641930178488298e+00 3.115838577680773991e+00 4.237959761899809941e+00 6.379481588877810694e+00 6.172876556029208928e+00 2.043950522979071316e+00 7.458616314216176546e-01 2.775877864923800509e+00 4.922243434203745771e+00 4.922243434203745771e+00 4.922243434203745771e+00 4.922243434203745771e+00
-8.854818605904089424e+00 -5.941634708841391443e+00 -3.603607572119124747e+00 -2.430746089178348779e+00 -1.186120717429939075e+00 2.939403509416286475e+00 3.287890974776189523e+00 3.418958820149619271e+00 4.275149239130903389e+00 5.053144004086803420e+00 4.627933345423750566e+00 4.775829732100051572e+00 3.815061570973016458e+00 3.326191713775701331e+00 4.816428699566957405e+00 4.816428699566957405e+00 4.816428699566957405e+00 4.816428699566957405e+00
-7.768142645322535955e+00 -5.720176366628006548e+00 -3.171315157153830278e+00 -1.783630359584826852e+00 -8.497110326823271720e-01 2.687955054643964115e+00 3.512901421923711354e+00 3.869053421723938513e+00 4.079170579360798854e+00 3.231743239974824267e+00 3.256992875462863424e+00 3.115245379039153661e+00 3.943278864105599801e+00 5.143953386800542482e+00 4.556910151915453788e+00 4.556910151915453788e+00 4.556910151915453788e+00 4.556910151915453788e+00
-7.496376529649621645e+00 -5.812108073707567435e+00 -2.955019783758619845e+00 -1.356168785279657119e+00 3.485889077750489728e-01 3.095335170936984071e+00 3.162894303170943999e+00 3.909133965028777080e+00 3.789267355144557925e+00 1.773579572365445500e+00 1.335642314792779839e+00 1.433851454563640715e+00 2.789423191128367119e+00 4.423210770867084030e+00 4.436302492431575928e+00 4.436302492431575928e+00 4.436302492431575928e+00 4.436302492431575928e+00
-8.234581787120657026e+00 -5.861980891726565446e+00 -2.505499015188859868e+00 -8.773382888167207128e-01 1.658183272584807577e+00 3.099252693300766026e+00 3.162929547979216327e+00 4.079427761044499334e+00 3.150655135110785210e+00 1.508685676710712409e+00 -8.957193650798587203e-01 8.662669276367483961e-01 1.944516914660795237e+00 3.678143250838572520e+00 4.501886652110419718e+00 4.501886652110419718e+00 4.501886652110419718e+00 4.501886652110419718e+00
-8.131537437605587115e+00 -5.902819795858215812e+00 -3.432779806613972085e+00 -1.438509677159370170e+00 1.276697781902631501e+00 3.108414638289366039e+00 3.219735067105610415e+00 4.086948249199243044e+00 2.986154682286546347e+00 1.395597275130299186e+00 -5.905497274247532014e-01 6.199948512876399948e-02 1.287762092552040993e+00 3.306334325904456861e+00 4.885524988690650439e+00 4.885524988690650439e+00 4.885524988690650439e+00 4.885524988690650439e+00
-8.098896038059757885e+00 -6.366168538055180015e+00 -3.411606580129171284e+00 -2.611127679016022718e+00 1.157999322989171354e-02 3.209301248066267043e+00 3.256422538404858180e+00 4.196113673945367495e+00 2.742005552794593459e+00 1.144528547816989095e+00 -2.789660638746104038e+00 -1.663002958351344596e+00 1.221223872836687985e+00 3.168630879466964423e+00 4.738600382219298801e+00 4.738600382219298801e+00 4.738600382219298801e+00 4.738600382219298801e+00
-8.065612362220459630e+00 -6.791072761116637935e+00 -3.896159117649753867e+00 -2.077687918261817757e+00 -1.688700739900896308e-01 3.167509773224704617e+00 3.269200042811585050e+00 4.023032968808923471e+00 2.348136324706206146e+00 2.090746690504255711e-01 -2.740053739502412711e+00 -1.619582651587253341e+00 1.252212501983720694e+00 3.452875076044697344e+00 4.540708741352977640e+00 4.540708741352977640e+00 4.540708741352977640e+00 4.540708741352977640e+00
-8.061416177681060447e+00 -7.089280863049953751e+00 -4.597669199907692850e+00 -2.591069313105371030e+00 -3.686220010875780329e-01 2.374428680311657658e+00 3.209748949651415550e+00 3.756510207956628822e+00 2.127570590043168952e+00 -3.606298474808394161e+00 -2.976536835154707905e+00 -1.311668129170554975e+00 1.293736922186105476e+00 3.701712662843343438e+00 4.402747254209412375e+00 4.402747254209412375e+00 4.402747254209412375e+00 4.402747254209412375e+00
-7.852490154695910718e+00 -7.241742031948833258e+00 -5.321558005018111714e+00 -3.237745614209699863e+00 -7.772359648941060684e-01 1.390130866046071501e-02 3.204874036700252837e+00 3.058132759597927297e+00 2.056947935703625330e+00 -4.209546142299721794e+00 -2.841250124777027430e+00 -6.998610625005688979e-01 1.525887704687760582e+00 3.725595773479605466e+00 4.350111834425153035e+00 4.350111834425153035e+00 4.350111834425153035e+00 4.350111834425153035e+00
-8.391490377827096836e+00 -7.702410657009682637e+00 -6.342493422235033762e+00 -4.019539636320751619e+00 -2.215788310236254333e+00 -6.016353915592366208e-01 2.342582676422809707e-01 2.805410118224421101e+00 1.368316453607276273e+00 -3.743366507256824516e+00 -1.431858886999616054e+00 1.108843307106983644e+00 1.890504552268532423e+00 4.148393304435769480e+00 4.758798993261249777e+00 4.758798993261249777e+00 4.758798993261249777e+00 4.758798993261249777e+00
-8.846548983857129400e+00 -7.881814334557340374e+00 -6.843033998450145816e+00 -5.231052277606105250e+00 -3.384450218980665781e+00 -2.019029416225182949e+00 -9.034329726892560419e-01 2.028154545672537223e-01 1.991509382979249398e+00 -1.016042287404047340e+00 -4.129548983862944556e-01 -3.168276404114310218e-01 2.131060000998098225e+00 4.403569503885084835e+00 4.664330147262974791e+00 4.664330147262974791e+00 4.664330147262974791e+00 4.664330147262974791e+00
-9.142890557361976533e+00 -8.362307294743747121e+00 -7.629127097471899432e+00 -6.111755691437564586e+00 -4.473253432714871636e+00 -3.081895398801362873e+00 -1.573969426246881520e+00 -1.647853112251356444e+00 1.164308420905998398e+00 1.481171839636198362e+00 -4.030112309596802778e-01 2.006835740734056600e-02 1.816533143518992865e+00 4.437685194726982196e+00 4.547333009815115901e+00 4.547333009815115901e+00 4.547333009815115901e+00 4.547333009815115901e+00
-9.331256091604803515e+00 -8.501632367189181139e+00 -7.964217359028541665e+00 -7.336376215246914967e+00 -6.095436712208719854e+00 -4.413089116380824350e+00 -2.536092634419437442e+00 -2.393250997064607422e+00 -8.928903008742181679e-01 1.336863011821711522e+00 1.367470666835639836e-01 -1.959868302505429205e-01 1.488127476971702556e+00 4.087607440059489505e+00 4.369192015987255040e+00 4.369192015987255040e+00 4.369192015987255040e+00 4.369192015987255040e+00
-1.016856648262377227e+01 -9.042806262025800734e+00 -8.696030782427424555e+00 -8.279893542720865085e+00 -7.476396842079141791e+00 -6.639210949346304957e+00 -4.191471564513704173e+00 -2.777029202306340316e+00 -2.054486375570151235e+00 -5.060981742979923093e-01 1.214431088490559807e+00 2.061807625135962940e-01 -3.420106821493429927e-01 4.012990161549184975e+00 4.764466583115355647e+00 4.764466583115355647e+00 4.764466583115355647e+00 4.764466583115355647e+00
-1.038154059601026624e+01 -9.917863622569589310e+00 -9.489537488460198844e+00 -9.055557813193884087e+00 -8.599714545319120163e+00 -7.428066561590089378e+00 -5.764325471774277787e+00 -3.074979678983785991e+00 -2.827167410210839726e+00 -2.728274176749620139e+00 -1.050898443387803527e-01 1.149690671840321698e+00 -5.065169208193120998e-01 4.394832172941711690e+00 4.839670156963804537e+00 4.839670156963804537e+00 4.839670156963804537e+00 4.839670156963804537e+00
-1.048454773483194735e+01 -1.006552542201996125e+01 -9.649485567871439073e+00 -9.300282783250082730e+00 -8.901877701355873640e+00 -7.853665058526621223e+00 -6.362357671818505978e+00 -4.808383330060695293e+00 -3.591537976475347005e+00 -2.944052656812600866e+00 -1.847868828853444167e+00 4.090849782453127581e-01 -5.900862789337506520e-01 3.894981386040480942e+00 4.610988152364381421e+00 4.610988152364381421e+00 4.610988152364381421e+00 4.610988152364381421e+00
-1.049853720468076013e+01 -1.019111664421890318e+01 -9.851394841847140427e+00 -9.429075374126952624e+00 -9.070477997953407368e+00 -8.172345351469450847e+00 -6.683887156466383317e+00 -5.556426272783495435e+00 -3.844400384339000443e+00 -3.056791514558051759e+00 -2.720179382412145408e+00 -1.830157679495129641e-01 2.566187153080520256e-01 3.069721310581470242e+00 4.500256977674014891e+00 4.500256977674014891e+00 4.500256977674014891e+00 4.500256977674014891e+00
-1.049672662908238507e+01 -1.025813144780273412e+01 -9.872893141555088903e+00 -9.503835243922599929e+00 -9.148865675688991672e+00 -8.326757563517826810e+00 -6.991249043248165762e+00 -5.756558699510297750e+00 -4.676160231218366548e+00 -2.462917786764721839e+00 -2.611865944915122917e+00 -3.520405950035497278e-01 5.278191453576557279e-01 2.676214197392620342e+00 4.417835276837254632e+00 4.417835276837254632e+00 4.417835276837254632e+00 4.417835276837254632e+00
-1.051569073481234540e+01 -1.024824176070169024e+01 -1.002433430352693300e+01 -9.535183802907596373e+00 -9.189474897473688841e+00 -8.563539705406112645e+00 -7.262140345185768453e+00 -5.828259846739632266e+00 -5.455354639269827111e+00 -3.346763633050785725e+00 -1.553557722377604700e+00 -1.402396442027957102e+00 3.072433174576833514e-01 2.520817662909579759e+00 4.249607187213879200e+00 4.249607187213879200e+00 4.249607187213879200e+00 4.249607187213879200e+00
-1.059432023767205244e+01 -1.025852751776267269e+01 -9.916299498242537425e+00 -9.587835515803405428e+00 -9.324589762717957697e+00 -8.643135151570465524e+00 -7.385945414950767507e+00 -5.938387603556240180e+00 -5.703030143949691322e+00 -4.087652682334949716e+00 -1.952794354447343617e+00 -1.875661039757675619e+00 7.638124020962472685e-03 2.155823054120395987e+00 4.765399922007477862e+00 4.765399922007477862e+00 4.765399922007477862e+00 4.765399922007477862e+00
-1.061357837976586538e+01 -1.026256146196035068e+01 -1.001131537234225632e+01 -9.698413315047559990e+00 -9.265552210489884644e+00 -8.780502551894137753e+00 -7.529217949884087879e+00 -5.798671560181106521e+00 -5.357191135109975022e+00 -4.110725677609040396e+00 -2.488028838633514095e+00 -1.864123680067808708e+00 -1.896446000938080412e-01 2.213474024963786757e+00 4.643081853547360360e+00 4.643081853547360360e+00 4.643081853547360360e+00 4.643081853547360360e+00
-1.067375907813861780e+01 -1.037442850900757207e+01 -1.001073170971567627e+01 -9.685592903226982742e+00 -9.337583760736448468e+00 -8.784722764157702812e+00 -7.548930263898001591e+00 -5.978431346889837350e+00 -5.307479208907943224e+00 -3.966704305717028589e+00 -5.069326242410586936e+00 -2.149894671070619712e+00 -2.516696943342991433e-01 2.131418080611791943e+00 4.453180945532916546e+00 4.453180945532916546e+00 4.453180945532916546e+00 4.453180945532916546e+00
-1.072783384655171446e+01 -1.037100718586400738e+01 -1.000191308096173692e+01 -9.702695382839756633e+00 -9.420517990665812746e+00 -8.829596623570090230e+00 -7.651548965992294171e+00 -6.006501797235448414e+00 -5.321859421142824509e+00 -3.494827523686288906e+00 -3.837441258364470809e+00 -2.801764800554639834e+00 -8.172648853973245586e-01 2.301472819662913949e+00 4.383944354419648803e+00 4.383944354419648803e+00 4.383944354419648803e+00 4.383944354419648803e+00
-1.069732768629165243e+01 -1.040157575387964961e+01 -1.001262308961108616e+01 -9.741947117643361409e+00 -9.458519237336409091e+00 -8.991353357726623585e+00 -7.711982858621613701e+00 -5.774758936740461479e+00 -5.375714916165312829e+00 -3.741054919339664941e+00 -3.959341638839765309e+00 -1.873507221807541478e+00 -6.501191148535576669e-01 2.297762202709461299e+00 4.409828748043590707e+00 4.409828748043590707e+00 4.409828748043590707e+00 4.409828748043590707e+00
