-1.051150017997265529e+01 -1.028523146363628804e+01 -9.993166343986905176e+00 -9.622758689811632848e+00 -9.340986733769495842e+00 -9.040611887652344691e+00 -8.349706069561753097e+00 -7.015558298364533485e+00 -3.416998443477167857e+00 -4.010695508619911642e+00 -2.473188702846531140e+00 -7.926809009576770704e-01 1.776714533083478376e+00 2.080872201214714057e+00 5.470159138275479727e+00 5.470159138275479727e+00 5.470159138275479727e+00 5.470159138275479727e+00
-1.044025901454877570e+01 -1.018395726888812014e+01 -1.001536178710706260e+01 -9.790739149936248609e+00 -9.415108095671660848e+00 -8.900199221381953407e+00 -8.130752668090618585e+00 -6.550899714266180673e+00 -3.165705718835751803e+00 -4.620620270061862378e+00 -2.125447447689380542e+00 -7.543109314303843016e-01 1.505530255951998075e+00 1.923561559547814159e+00 5.891008868175154234e+00 5.891008868175154234e+00 5.891008868175154234e+00 5.891008868175154234e+00
-1.023725067930904409e+01 -9.986209301274948658e+00 -9.843526651989648713e+00 -9.854609308841174808e+00 -9.551153356445874820e+00 -8.996264139735162146e+00 -8.101613871375738185e+00 -6.316039421066275139e+00 -2.432527619508976890e+00 -4.504709915998331482e+00 -5.846960289476013095e-01 -3.665509215164636236e-01 1.970035086098319566e+00 2.033386791078405142e+00 5.750493817331809865e+00 5.750493817331809865e+00 5.750493817331809865e+00 5.750493817331809865e+00
-1.042264971603638735e+01 -1.023378470681343444e+01 -9.730556267501579981e+00 -9.373140915369257087e+00 -9.306146217312306845e+00 -9.120010497944651462e+00 -8.120062636470105844e+00 -5.758134860912216269e+00 -2.804709888115900718e+00 -4.210610286612499920e+00 -2.249665798783118467e-02 -2.265730569166999053e-01 1.530283688768435013e+00 2.157878270396803799e+00 5.126243497624178858e+00 5.126243497624178858e+00 5.126243497624178858e+00 5.126243497624178858e+00
-1.052413953437713090e+01 -1.020896631438866464e+01 -9.924130144158757716e+00 -9.558801412271970221e+00 -8.981775215109220056e+00 -8.693228340142123756e+00 -7.912803148079151860e+00 -4.185948117131799151e+00 -3.376421864628839753e+00 -3.200207890594749749e+00 -1.516571429856569952e-01 1.403486630531253887e+00 1.489977028590835140e+00 2.326432984535202309e+00 4.932217258084344635e+00 4.932217258084344635e+00 4.932217258084344635e+00 4.932217258084344635e+00
-1.032488550911147485e+01 -1.017947271090354988e+01 -1.013685253104138084e+01 -9.850597554360573938e+00 -9.273204395481899454e+00 -8.467717210048210319e+00 -7.583997763918061352e+00 -3.070355588605599095e+00 -4.276717404324521965e+00 -1.563689889271223654e+00 -8.895750777855528091e-02 1.459085729807592324e+00 1.620018782083974207e+00 2.133069445167916633e+00 4.569859328581953761e+00 4.569859328581953761e+00 4.569859328581953761e+00 4.569859328581953761e+00
-1.055427903921716393e+01 -1.023566145517017389e+01 -1.004793722092896324e+01 -9.734280589732971833e+00 -9.257912549958412285e+00 -8.454497292721423918e+00 -6.562988518193226817e+00 -3.008285775880096491e+00 -4.246880856890163258e+00 -7.028451469534187090e-01 5.518995281622528504e-01 1.842290970535643169e+00 1.655795241959336250e+00 2.987899423837972357e+00 4.410057288563153932e+00 4.410057288563153932e+00 4.410057288563153932e+00 4.410057288563153932e+00
-1.043958478376270094e+01 -1.015683700235512177e+01 -1.009405556257150494e+01 -9.666282000685107789e+00 -9.217220779550851617e+00 -8.203907049154564035e+00 -4.749174781648969557e+00 -3.729995617126025564e+00 -3.488004432102600028e+00 -4.909575160987760672e-02 1.403150153245528831e+00 1.973042444890784175e+00 1.891106051302259061e+00 4.294066061190036088e+00 5.748602193575266917e+00 5.748602193575266917e+00 5.748602193575266917e+00 5.748602193575266917e+00
-1.044994718232730868e+01 -9.994600831467224111e+00 -9.547663216657113594e+00 -9.255568123428069782e+00 -8.481754830303239956e+00 -7.057988882194674574e+00 -3.655488469811829066e+00 -4.743932025077303827e+00 -2.576281456105481205e+00 1.910615988970160439e-01 2.197723285595958309e+00 2.676743352790438735e+00 3.239149475401624567e+00 4.757445660874753735e+00 5.675212595113014125e+00 5.675212595113014125e+00 5.675212595113014125e+00 5.675212595113014125e+00
-1.055226086759084403e+01 -1.013849427805835646e+01 -9.312901716546349462e+00 -8.456402576847802166e+00 -7.470550806992592996e+00 -5.756491435219565744e+00 -2.363315105733162724e+00 -4.499496383143518408e+00 -4.496829081430969155e-01 1.151628861228647382e+00 2.800510197115517297e+00 3.394249624599135373e+00 4.916682835506497540e+00 4.950672285694968089e+00 5.930356716180016363e+00 5.930356716180016363e+00 5.930356716180016363e+00 5.930356716180016363e+00
-1.014736038153642816e+01 -9.685744522312015548e+00 -9.081934544437492818e+00 -8.386673717327939315e+00 -6.901913187788768056e+00 -4.031378030581718619e+00 -3.373476800786434193e+00 -2.516540310156485827e+00 3.176669323533612976e-01 2.591635395401955755e+00 2.893352122683546135e+00 4.515653642592802441e+00 3.033888112984203023e+00 2.247342268767299256e+00 5.727455966510468066e+00 5.727455966510468066e+00 5.727455966510468066e+00 5.727455966510468066e+00
-9.879100340164207239e+00 -9.144441858936628975e+00 -8.391527317249561690e+00 -7.988994713368920308e+00 -5.648704683944141713e+00 -2.851559337014403006e+00 -3.570904006496042893e+00 -1.392015486451478878e+00 1.094980979040684810e+00 3.245261280120967928e+00 4.335629390301320107e+00 3.761662740142683425e+00 2.072276926128239882e+00 2.478303673426344833e+00 5.619163427942665656e+00 5.619163427942665656e+00 5.619163427942665656e+00 5.619163427942665656e+00
-9.543911060726703255e+00 -8.727360221785621874e+00 -7.901532232635479325e+00 -6.589824196614453733e+00 -4.777050052132158164e+00 -2.514757083158116302e+00 -3.849908259373383768e+00 -1.787197119380487531e-01 2.524932718930691156e+00 3.959563185668281360e+00 4.589394133457492586e+00 2.009328684880240967e+00 4.688447650278541601e-01 2.347997930003809852e+00 6.145242315922438969e+00 6.145242315922438969e+00 6.145242315922438969e+00 6.145242315922438969e+00
-1.001199422502656233e+01 -8.127724542804378061e+00 -6.988657367448982249e+00 -5.420293790805430945e+00 -3.222844921806539809e+00 -2.031305273231151620e+00 -2.899475284105446526e+00 7.148718980605638373e-01 3.341829823942405575e+00 4.907549939969187314e+00 3.307027019766471287e+00 -1.936176866306507760e+00 3.547933599174104002e-01 2.501674587248764681e+00 6.013160336613029955e+00 6.013160336613029955e+00 6.013160336613029955e+00 6.013160336613029955e+00
-9.583390560336198405e+00 -7.703943900334543571e+00 -6.108560457654646392e+00 -4.822748507589722955e+00 -2.315609482753894888e+00 -3.006351374578538405e+00 -7.974735783711948134e-01 2.083714772496433554e+00 3.446834231108518498e+00 5.389113454305674011e+00 4.320042146390781213e+00 -9.922797993910690284e-01 9.609664317970396663e-01 2.603335658521709117e+00 5.919098528503871748e+00 5.919098528503871748e+00 5.919098528503871748e+00 5.919098528503871748e+00
-9.093842998676294087e+00 -7.089864672612208985e+00 -5.440174162679340952e+00 -3.992434549966814572e+00 -2.132390443126483959e+00 -2.658119291382756266e+00 2.970514438605633689e-01 2.948426787634686796e+00 3.958518005838374876e+00 6.069835109282337271e+00 5.868659118673299702e+00 1.868310840250759330e+00 6.483193001102099950e-01 2.678095104110341573e+00 5.840288413525287936e+00 5.840288413525287936e+00 5.840288413525287936e+00 5.840288413525287936e+00
-8.776960223063278832e+00 -6.631986654956383731e+00 -4.758994898036005949e+00 -3.397830261928056483e+00 -2.571048181123383625e+00 -2.466041080057662427e+00 1.123545390497490581e+00 3.391715370682063302e+00 4.200614576955875812e+00 5.009118370890644378e+00 4.528217746508643060e+00 4.592293240258960019e+00 3.548680694283371295e+00 3.257208361426842558e+00 5.761141641717249406e+00 5.761141641717249406e+00 5.761141641717249406e+00 5.761141641717249406e+00
-8.216987803201838858e+00 -6.421222717158472371e+00 -4.566006745077458184e+00 -2.488669374477701535e+00 -2.438377409476094826e+00 -1.973856949895032908e+00 2.288250278164240203e+00 3.816177169922263079e+00 3.938526029181576238e+00 3.216917654304690011e+00 3.336111327298952212e+00 3.140535956670487128e+00 3.881704344853246447e+00 5.124104869397049455e+00 6.019325347362986633e+00 6.019325347362986633e+00 6.019325347362986633e+00 6.019325347362986633e+00
-7.686457582903154062e+00 -6.300113283530951236e+00 -4.253501526953602507e+00 -2.299297623088998765e+00 -2.022353418437584427e+00 -1.102662376918228215e+00 2.647237260668849679e+00 3.759580767491308428e+00 3.703533031843555534e+00 1.765801222658794689e+00 1.554825859493757845e+00 1.604410212478030839e+00 2.796342219319076783e+00 4.288434334482839283e+00 6.154962709445015001e+00 6.154962709445015001e+00 6.154962709445015001e+00 6.154962709445015001e+00
-7.864019669976262783e+00 -6.140196397897491387e+00 -4.142207905167403226e+00 -1.869711098282143436e+00 -2.463218186617088357e+00 -3.879432698471928925e-02 3.287943599679787887e+00 3.940983331809058576e+00 3.044354918076552341e+00 1.591042480573814588e+00 1.103944655238361383e+00 1.108787452553564368e+00 1.967123400354659601e+00 3.611727419124759919e+00 5.940879608345739804e+00 5.940879608345739804e+00 5.940879608345739804e+00 5.940879608345739804e+00
-8.198709330015711672e+00 -6.486764088400908790e+00 -4.184059960799646483e+00 -2.582717562567685921e+00 -1.983983710070882145e+00 -9.285610117944795849e-01 3.461124589326961765e+00 3.996187317797079697e+00 2.966267023824625149e+00 1.508347325503357261e+00 7.818348829984138604e-01 5.423272292027845332e-01 1.247021109425954455e+00 3.242576551767287985e+00 5.766233511936170508e+00 5.766233511936170508e+00 5.766233511936170508e+00 5.766233511936170508e+00
-8.216688761687283460e+00 -6.731176285846920848e+00 -4.224771295595665777e+00 -2.210155117897596888e+00 -2.144447844080480614e+00 -2.529204007562724232e-01 2.869269605997101902e+00 3.985950990159034646e+00 2.754577716836342560e+00 1.282034899921059123e+00 -2.447162437903193766e+00 -1.574599242598138549e+00 1.158065405938272008e+00 3.072109189718799982e+00 5.754908239956638027e+00 5.754908239956638027e+00 5.754908239956638027e+00 5.754908239956638027e+00
-8.206014838822188295e+00 -6.986160920839322941e+00 -4.846560175212744070e+00 -2.477110560151045249e+00 -1.873038974706592752e+00 -1.976289011294987796e+00 1.754920382869122442e+00 3.871618617626343628e+00 2.309132312671331011e+00 9.296905014938305900e-01 -2.461223423715257486e+00 -1.539466129189669852e+00 1.163995981570012717e+00 3.392224080213225079e+00 5.672493639645665553e+00 5.672493639645665553e+00 5.672493639645665553e+00 5.672493639645665553e+00
-8.142761904574250309e+00 -7.245843099330746995e+00 -5.253459723662320613e+00 -3.356756750168171877e+00 -1.807129656249448546e+00 -1.959563375854995737e+00 6.329056443098650675e-01 3.600981708337994469e+00 2.163931504450249399e+00 5.166179623068602872e-02 -2.634912211722316044e+00 -1.147354042536782082e+00 1.254292612613647107e+00 3.638818761806291491e+00 6.243887878032651884e+00 6.243887878032651884e+00 6.243887878032651884e+00 6.243887878032651884e+00
-8.069142036781100202e+00 -7.177770666687948165e+00 -5.799407427655784986e+00 -4.266593904171580576e+00 -2.372847281833011301e+00 -1.675105085664658100e+00 -1.352335241229379870e+00 2.447570665623227448e+00 2.612426787257627225e+00 -3.608321022621514107e+00 -2.221410853808013286e+00 -7.562401901304119933e-01 1.468799850700957865e+00 3.717075623338940815e+00 6.165121806485914568e+00 6.165121806485914568e+00 6.165121806485914568e+00 6.165121806485914568e+00
-8.316449318750660069e+00 -7.820794233933535011e+00 -6.495743061246791683e+00 -4.946257982469380643e+00 -3.562818164449609082e+00 -1.613898738107172770e+00 -2.228949574669867317e+00 1.166015108821288893e+00 2.238591149836149263e+00 -3.029190504086675784e+00 2.821943343828541284e-01 1.038900345995199537e+00 1.832530883097025942e+00 4.218258595016354917e+00 5.947975615035304919e+00 5.947975615035304919e+00 5.947975615035304919e+00 5.947975615035304919e+00
-8.760089639714957244e+00 -7.837653475382527546e+00 -6.938192158106848417e+00 -5.693155023017905769e+00 -4.425449807980928796e+00 -2.400618115107753248e+00 -2.390389929896783450e+00 -9.690917048997342853e-01 1.746541903519368555e+00 1.183666420654893026e-01 3.309392100361251421e-01 7.990847102208734620e-01 2.144780195011602331e+00 4.798165990605355091e+00 5.645124299722658279e+00 5.645124299722658279e+00 5.645124299722658279e+00 5.645124299722658279e+00
-9.129365758701599276e+00 -8.197897678559172618e+00 -7.345869240340607398e+00 -6.396921935495796241e+00 -5.291155605563558240e+00 -3.958100575776568153e+00 -2.031664770777759088e+00 -2.595697277005929227e+00 9.528509786615406707e-01 1.422654591128688528e+00 9.016447593395165994e-01 -4.446691638949105130e-01 1.780642316479836840e+00 4.986360459064020034e+00 5.567055135052525472e+00 5.567055135052525472e+00 5.567055135052525472e+00 5.567055135052525472e+00
-9.448445024332984943e+00 -8.510380008781810446e+00 -7.914360159586691701e+00 -7.216241145058761575e+00 -6.310881800833372246e+00 -5.095297431024103929e+00 -2.576250018811075293e+00 -2.237265741330963120e+00 5.390596790678202355e-02 1.559703489582014990e+00 9.547518517204562905e-01 8.108764906490502078e-01 9.280908613113709738e-01 4.078785045155456146e+00 6.162821913297881871e+00 6.162821913297881871e+00 6.162821913297881871e+00 6.162821913297881871e+00
-9.836659351449938526e+00 -9.012183225276867660e+00 -8.463852443249662016e+00 -8.094609605139302388e+00 -7.323623675269379518e+00 -6.398540123345270558e+00 -4.062307958102155503e+00 -2.161599555659224681e+00 -2.262674120497055075e+00 9.467322617694734488e-01 1.169243207890816372e+00 9.753883654520124624e-01 4.645067354882613242e-01 3.989506794728042482e+00 6.292090172927641056e+00 6.292090172927641056e+00 6.292090172927641056e+00 6.292090172927641056e+00
-1.025224932397597755e+01 -9.823779474663924205e+00 -9.284402101505952132e+00 -8.758315837266803072e+00 -8.194202462645609586e+00 -7.138500438423379002e+00 -5.067983723582242916e+00 -2.470657684465213944e+00 -2.776009753693142734e+00 4.638707416982196796e-01 1.222796269221143595e+00 1.000608433999964797e+00 6.187968467897009273e-01 4.481593103613339402e+00 6.172205650763332052e+00 6.172205650763332052e+00 6.172205650763332052e+00 6.172205650763332052e+00
-1.041331424077443835e+01 -1.000894116262909073e+01 -9.556666156438867077e+00 -9.114126048950925707e+00 -8.490774864177042858e+00 -7.553867623159974620e+00 -6.244783326634715692e+00 -3.067163167021651038e+00 -2.635357420621509572e+00 -1.497100002902327143e+00 9.099743969158571311e-01 1.087612837527305087e+00 8.241685192751403433e-01 3.021336665124946474e+00 5.736518391348552015e+00 5.736518391348552015e+00 5.736518391348552015e+00 5.736518391348552015e+00
-1.046876480855254243e+01 -1.012527437074286496e+01 -9.714433597911588336e+00 -9.283006359178294531e+00 -8.734041426997356083e+00 -7.854179578959524122e+00 -6.627759054739975397e+00 -4.502145265336039870e+00 -3.181473865091270170e+00 -2.717135728072632705e+00 5.707785504435927137e-01 1.138044938126165695e+00 7.545643470559555421e-01 2.592462313636099580e+00 5.524015087509148714e+00 5.524015087509148714e+00 5.524015087509148714e+00 5.524015087509148714e+00
-1.046121415692196344e+01 -1.014195626638188941e+01 -9.783768617578287419e+00 -9.404641453125426764e+00 -8.814687652300090548e+00 -8.017447199455952855e+00 -6.865019400565377516e+00 -5.473666611535752402e+00 -2.556352040947357462e+00 -2.718748841451652520e+00 2.927097710179900614e-01 1.105516781372947177e+00 7.088818052561361993e-01 2.587340187977108297e+00 5.459254148701166542e+00 5.459254148701166542e+00 5.459254148701166542e+00 5.459254148701166542e+00
-1.046049851523705598e+01 -1.017160148964183897e+01 -9.843781441640620855e+00 -9.461761903756578107e+00 -8.968461535567964660e+00 -8.219543557981506154e+00 -7.072302716619335072e+00 -5.648643748118675312e+00 -3.560220258657767367e+00 -2.412408453754699700e+00 -8.639431701938127262e-01 7.522641960855298571e-01 1.357097698332778990e-01 2.796422408801237047e+00 5.642630740345786933e+00 5.642630740345786933e+00 5.642630740345786933e+00 5.642630740345786933e+00
-1.050659451667415567e+01 -1.015599627216360901e+01 -9.834225358401258887e+00 -9.491956183809204362e+00 -9.038723004071547606e+00 -8.314520618960630216e+00 -7.235506577414053453e+00 -5.862401072660690993e+00 -3.798831417246141040e+00 -2.581011893895452047e+00 -2.814290851328620224e+00 2.955299871972000836e-01 7.533283660806540105e-01 2.393152867519773519e+00 6.335343019684191113e+00 6.335343019684191113e+00 6.335343019684191113e+00 6.335343019684191113e+00
-1.051124220757781025e+01 -1.018170557783793129e+01 -9.891419814775861852e+00 -9.544627521338815868e+00 -9.053054625042660675e+00 -8.498433835783798074e+00 -7.366565347313919432e+00 -5.897400138935282143e+00 -4.427583915343515919e+00 -3.623010191408063463e+00 -2.798881637388894283e+00 1.614365501826026117e-01 9.911852654667477336e-02 2.437199591990308001e+00 6.179301657452914931e+00 6.179301657452914931e+00 6.179301657452914931e+00 6.179301657452914931e+00
-1.051311871316143254e+01 -1.023043676325660023e+01 -9.874334208908360111e+00 -9.563931661043286070e+00 -9.180516619741009521e+00 -8.500973014378155668e+00 -7.396806401664854036e+00 -5.964927428882884186e+00 -5.054568050092253628e+00 -3.056341156552093263e+00 -2.795272358212558927e+00 2.673754184941317114e-01 -8.137138479703734384e-02 2.492630875199923324e+00 5.743614398038088709e+00 5.743614398038088709e+00 5.743614398038088709e+00 5.743614398038088709e+00
-1.055908962289943709e+01 -1.028216900184963123e+01 -9.935593949882967735e+00 -9.603532701207273092e+00 -9.234150571072854419e+00 -8.564454372507883662e+00 -7.499600068504628680e+00 -5.894945399901468264e+00 -5.166954789174466711e+00 -3.064093379160938380e+00 -3.117968518193139804e+00 -4.970832507322146820e-02 2.372312308690908700e-01 2.388146399491125837e+00 5.526480368999687087e+00 5.526480368999687087e+00 5.526480368999687087e+00 5.526480368999687087e+00
-1.058266223589887467e+01 -1.029435850195889302e+01 -9.993896419346974369e+00 -9.665718478160778560e+00 -9.323959173657074828e+00 -8.749292318149000991e+00 -7.549669010462928043e+00 -5.815588848719001724e+00 -5.342537326602168513e+00 -3.433450395532796851e+00 -2.646854625273717954e+00 -6.029962996802891162e-01 4.423956057466419955e-01 2.602297624049279889e+00 6.252920624636156610e+00 6.252920624636156610e+00 6.252920624636156610e+00 6.252920624636156610e+00
