-1.036128082823666219e+01 -1.032683628417036559e+01 -9.973290506258257082e+00 -9.652742615129046300e+00 -9.385404305662589763e+00 -8.973498333480085520e+00 -8.348211455561216354e+00 -7.245534606706434566e+00 -4.880523089586175978e+00 -3.019020005253455707e+00 -2.037770100982618793e+00 -1.318027131708807698e+00 5.291560569636473144e-01 1.808454402423953500e+00 4.966432431756278021e+00 4.966432431756278021e+00 4.966432431756278021e+00 4.966432431756278021e+00
-1.041257913434264637e+01 -1.008791371440615237e+01 -1.003253005565267131e+01 -9.864092464875977129e+00 -9.436743587456714266e+00 -8.960855535584155263e+00 -8.234120903327847074e+00 -6.922570935009972004e+00 -4.655374054841746378e+00 -2.249638310333535340e+00 -2.472632962525325606e+00 -1.973893265650374373e-01 5.773534690689738902e-01 2.051594325234772143e+00 4.930725611756706428e+00 4.930725611756706428e+00 4.930725611756706428e+00 4.930725611756706428e+00
-1.040427306173801725e+01 -1.007102525953403749e+01 -9.721987605386818387e+00 -9.739102868436983584e+00 -9.619747469199648293e+00 -9.154687393828512043e+00 -8.163613762369385185e+00 -6.941666353972950176e+00 -4.227435173909859678e+00 -2.145089409609988174e+00 -2.764488909242934334e+00 1.403598709113753618e-01 -2.613639344234174045e-02 2.044446630464370696e+00 5.184886183711667762e+00 5.184886183711667762e+00 5.184886183711667762e+00 5.184886183711667762e+00
-1.028176527899830184e+01 -1.022955567741767346e+01 -9.915241298440109929e+00 -9.302738157172166567e+00 -9.196292426957842991e+00 -9.110164709057004373e+00 -8.223406697295176926e+00 -6.772981877533593931e+00 -3.271538383974140984e+00 -2.725451619430412808e+00 -1.361385208650939926e+00 2.038211829644991924e-01 9.046142012749440742e-01 2.281508637736589407e+00 4.771350603920571309e+00 4.771350603920571309e+00 4.771350603920571309e+00 4.771350603920571309e+00
-1.053415470875747673e+01 -1.031392493038990743e+01 -9.956157042946681912e+00 -9.607870373973861788e+00 -9.083791762393868652e+00 -8.672922901704854581e+00 -8.131088251260049304e+00 -5.989697968850189014e+00 -2.632815551485360395e+00 -3.193257826270993860e+00 -4.250294837393745473e-01 9.936442260083511169e-02 1.490380515072142309e+00 2.409956453838212997e+00 4.711715072342670396e+00 4.711715072342670396e+00 4.711715072342670396e+00 4.711715072342670396e+00
-1.042293802405922776e+01 -9.988484433225966796e+00 -1.019868063974837469e+01 -9.946633576102765772e+00 -9.376047349600623804e+00 -8.682544447563667944e+00 -7.809134088165579968e+00 -5.068670982438746364e+00 -2.569622441311764316e+00 -2.117094244074743337e+00 -3.537774603764057835e-01 2.842105395749485730e-01 1.230381021860680102e+00 2.180012805702731260e+00 4.450043952845981643e+00 4.450043952845981643e+00 4.450043952845981643e+00 4.450043952845981643e+00
-1.040807329234817047e+01 -1.023545084642972647e+01 -1.011181737126920588e+01 -9.843817091866844393e+00 -9.357136118791085977e+00 -8.636810364461055656e+00 -7.613296999158874812e+00 -3.609928690983391419e+00 -3.406451278654149206e+00 -7.575335733449282127e-01 3.469202257220079799e-01 1.807425572623537757e+00 1.600021091489884473e+00 3.330887920095057630e+00 4.279715494860355740e+00 4.279715494860355740e+00 4.279715494860355740e+00 4.279715494860355740e+00
-1.051978431434840999e+01 -1.007187673868517308e+01 -9.999157596102161705e+00 -9.812589845905112185e+00 -9.285960475150751847e+00 -8.279101920392760050e+00 -5.703961986188405220e+00 -2.088774061117717018e+00 -2.793922351243688151e+00 -2.129952817376701280e-02 1.502718732673660629e+00 2.050747868152799747e+00 1.760206925376536002e+00 4.376855525777958000e+00 5.695662561619362130e+00 5.695662561619362130e+00 5.695662561619362130e+00 5.695662561619362130e+00
-1.044562294714997996e+01 -1.032563443290357874e+01 -9.597236953502790158e+00 -9.112628931166790736e+00 -8.166189241575485980e+00 -6.983176609923489764e+00 -3.776759232258962484e+00 -3.247659533192513770e+00 -8.316426390262623425e-01 9.494527040004845375e-01 2.059426752145283590e+00 2.740239555239327274e+00 3.425397613270702024e+00 4.831526292242099174e+00 5.689743227854210161e+00 5.689743227854210161e+00 5.689743227854210161e+00 5.689743227854210161e+00
-1.024922004188894320e+01 -1.001960058039602508e+01 -9.522981046241374870e+00 -8.484752753571326522e+00 -7.415145518680663628e+00 -5.157666291999077224e+00 -2.454400505084973538e+00 -3.161432195423408587e+00 -1.091743295101645639e-01 2.074205683165069924e+00 3.038096430616807453e+00 3.491059157808562574e+00 4.966131754967360479e+00 4.958743052403884910e+00 5.239531007787344485e+00 5.239531007787344485e+00 5.239531007787344485e+00 5.239531007787344485e+00
-1.022545293571375247e+01 -9.420687088600327996e+00 -8.809090437459396128e+00 -8.567600718632165879e+00 -6.762482733503741628e+00 -3.443083910976582729e+00 -3.582077990009675084e+00 -8.819022902495113891e-01 1.697725324644231204e+00 3.103391047134254954e+00 3.131341911417723445e+00 4.649056104184927207e+00 3.037713755397473570e+00 2.273607625195066984e+00 5.519970289301829425e+00 5.519970289301829425e+00 5.519970289301829425e+00 5.519970289301829425e+00
-9.906815304007308143e+00 -9.060013184158934862e+00 -8.185725273086848830e+00 -7.570053399711496489e+00 -4.860130163639610146e+00 -2.464855679563043633e+00 -2.842346394548643573e+00 -2.972089463959041999e-02 2.931059347733601772e+00 3.182967267708853853e+00 4.429329782598989240e+00 3.795196013418761893e+00 1.684265118777608983e+00 2.456320154677985812e+00 5.279077301747975071e+00 5.279077301747975071e+00 5.279077301747975071e+00 5.279077301747975071e+00
-9.532825102483670321e+00 -8.535080904671723090e+00 -7.598391968673150032e+00 -6.028120632416294811e+00 -3.297965260014319444e+00 -3.552561710612736512e+00 -6.220764532155853566e-01 3.014998445226281021e+00 3.279338161572110444e+00 4.091936320632914459e+00 4.730400358517853121e+00 2.925920770218078393e-01 4.625769395583735344e-01 2.427309470954940984e+00 5.099049811041749258e+00 5.099049811041749258e+00 5.099049811041749258e+00 5.099049811041749258e+00
-1.014743232508827120e+01 -7.956597251228041401e+00 -6.438501695821793547e+00 -4.541105149310737055e+00 -2.170901219727047415e+00 -2.510094453691168237e+00 7.538264170886070925e-01 3.136671222400075898e+00 3.395963511359288312e+00 5.039324136999594472e+00 3.403292825679151257e+00 -1.935614306917111005e+00 3.541318938627954771e-01 2.625839552279671807e+00 6.200519605762028874e+00 6.200519605762028874e+00 6.200519605762028874e+00 6.200519605762028874e+00
-9.387345044131622629e+00 -7.479006076377778811e+00 -5.379362818054460149e+00 -3.268336670971057067e+00 -3.014484532663728622e+00 -5.217991281517440072e-01 3.074727976919425565e+00 3.167232589393872644e+00 3.610468234968850609e+00 5.630572256899793793e+00 4.534601194469668251e+00 -8.909320167215333264e-01 9.157937410815419899e-01 2.585701033654303149e+00 5.773673343285979698e+00 5.773673343285979698e+00 5.773673343285979698e+00 5.773673343285979698e+00
-9.171583723251016451e+00 -6.834421558519819584e+00 -4.374918789756261361e+00 -2.149047360370527127e+00 -2.337212249812779419e+00 4.774886702310990882e-01 3.016371218665491849e+00 3.072874386330197716e+00 4.187633034475754634e+00 6.206595237371489659e+00 6.135943747091515021e+00 1.909652048917696465e+00 5.803195456407679309e-01 2.790826109506423514e+00 5.772526353786641806e+00 5.772526353786641806e+00 5.772526353786641806e+00 5.772526353786641806e+00
-8.771413550022732153e+00 -6.143954526688013118e+00 -3.677429733227167929e+00 -2.366721718148231179e+00 -1.290809844801647843e+00 2.517499510543124153e+00 3.251046138580521827e+00 3.293232374745413971e+00 4.239170077983494878e+00 5.153118073082390893e+00 4.691357418951562330e+00 4.762927756676853974e+00 3.700716077547589578e+00 3.357338619092061549e+00 5.872735197065289015e+00 5.872735197065289015e+00 5.872735197065289015e+00 5.872735197065289015e+00
-7.784851402401329779e+00 -5.754025718268989564e+00 -3.268151596477484322e+00 -2.007897726308246256e+00 -6.209130956973241827e-02 2.727048162649506224e+00 3.554953671386012815e+00 3.917091836914131875e+00 4.095254161371256529e+00 3.278041251726987682e+00 3.335262910841811923e+00 3.208488913157425237e+00 4.046524953037069494e+00 5.256128371679265499e+00 5.506738968106612120e+00 5.506738968106612120e+00 5.506738968106612120e+00 5.506738968106612120e+00
-7.452626002584910481e+00 -5.809344712509155961e+00 -2.990411343627911833e+00 -2.125229093793895352e+00 2.409947507854244830e-01 3.141605879958424552e+00 3.137880571995001144e+00 3.971423337641892815e+00 3.818693642948850275e+00 1.815404388755565757e+00 1.430106357140883411e+00 1.511391304105254685e+00 2.848782809025590446e+00 4.390149087210168943e+00 6.093913958370121620e+00 6.093913958370121620e+00 6.093913958370121620e+00 6.093913958370121620e+00
-8.203517178278207922e+00 -5.753265121583693187e+00 -2.783232567541229052e+00 -1.649588199192937088e+00 1.013604251154324842e+00 3.061734520160307227e+00 3.134796847650040519e+00 4.067356687505899515e+00 3.208081884515404436e+00 1.568821461497101666e+00 -1.860723410497044927e-01 8.946262123864447968e-01 2.008704208221227194e+00 3.661455920751305548e+00 6.260738268450360522e+00 6.260738268450360522e+00 6.260738268450360522e+00 6.260738268450360522e+00
-8.110663416263466985e+00 -5.715719958661144240e+00 -2.992635242129352502e+00 -1.450418611949705783e+00 1.078751426976020777e+00 3.124452619327274583e+00 3.212012049441653971e+00 4.096868335350308143e+00 3.038522266069951350e+00 1.486857161560117380e+00 -4.016527827308842558e-02 1.527412880675422246e-01 1.280530135217632592e+00 3.341631797254788871e+00 6.232285414585012617e+00 6.232285414585012617e+00 6.232285414585012617e+00 6.232285414585012617e+00
-8.218066327943876814e+00 -6.164905063243034000e+00 -3.337876680553191200e+00 -1.859529332382906297e+00 2.208116323954316951e-01 3.189276897877308059e+00 3.233669134330090955e+00 4.186750039148854796e+00 2.794296130239241727e+00 1.188764724991342447e+00 -2.643082899568580224e+00 -1.661918119461054388e+00 1.246560965702012247e+00 3.176124207320334847e+00 6.130069420577452632e+00 6.130069420577452632e+00 6.130069420577452632e+00 6.130069420577452632e+00
-8.141325964344980903e+00 -6.860733377992993098e+00 -3.772404663898060839e+00 -2.154021595919542342e+00 -1.929088873236001200e-01 3.177083401166954424e+00 3.248160509376687877e+00 4.038242886017763489e+00 2.357030511244954329e+00 3.538362845845359206e-01 -2.724189056834198652e+00 -1.627095555685708295e+00 1.257133822826994152e+00 3.462761877724033877e+00 6.214535805816330694e+00 6.214535805816330694e+00 6.214535805816330694e+00 6.214535805816330694e+00
-8.112735451233419326e+00 -7.036766412221791001e+00 -4.654370613452099903e+00 -2.415373993124228846e+00 -9.013873567776414797e-01 2.196486267313057628e+00 3.216719059027123961e+00 3.757082125484801693e+00 2.146268592735942171e+00 -3.760771146772316165e+00 -2.890909848100386093e+00 -1.362773424815851842e+00 1.332473953727386862e+00 3.711120644479395381e+00 5.961303542968369840e+00 5.961303542968369840e+00 5.961303542968369840e+00 5.961303542968369840e+00
-7.848179468228392963e+00 -7.112808201022606802e+00 -5.238508753828933884e+00 -3.335298935536816778e+00 -1.141499724990570064e+00 3.396843295192977230e-01 3.210476576028838736e+00 3.025439754802300207e+00 2.003156499798610213e+00 -4.106981189081139405e+00 -2.493056619225693105e+00 -7.744070721296389959e-01 1.547769819832725435e+00 3.733244985256728654e+00 6.769328035028054025e+00 6.769328035028054025e+00 6.769328035028054025e+00 6.769328035028054025e+00
-8.436591432823449921e+00 -7.626728632356079451e+00 -6.226318470651464487e+00 -4.159125964538235465e+00 -2.611143463885519544e+00 -8.600402734942191874e-01 9.383025466843593065e-01 2.781502388836743833e+00 1.408235389302541662e+00 -3.703798821637560135e+00 -1.758528991421957732e+00 1.104246089644443263e+00 1.860875041376448547e+00 4.144697986269040513e+00 6.803600892991537918e+00 6.803600892991537918e+00 6.803600892991537918e+00 6.803600892991537918e+00
-8.900426034021636568e+00 -7.874992366294712554e+00 -6.815544782374546529e+00 -5.265759874529839735e+00 -3.539300444654521982e+00 -1.852205419070509063e+00 -9.811819520197804234e-01 -2.889611862060398328e-02 1.690214790119493493e+00 -7.351663930492126076e-01 -4.051656402428229775e-01 1.623633417675697521e-02 2.170630308351523929e+00 4.524921535598513955e+00 6.705096874797178863e+00 6.705096874797178863e+00 6.705096874797178863e+00 6.705096874797178863e+00
-9.135765689490517261e+00 -8.388120919850761581e+00 -7.530754842581890429e+00 -6.098167925056596772e+00 -4.525046358829222015e+00 -3.275960973132576282e+00 -1.522521121520888698e+00 -9.886621400705914997e-01 -5.058423635173846522e-01 1.539649510155232548e+00 -3.875076045799669133e-01 3.632386311973825332e-01 1.824226297030836275e+00 4.681399774561272764e+00 6.769409512696325848e+00 6.769409512696325848e+00 6.769409512696325848e+00 6.769409512696325848e+00
-9.350542698139507891e+00 -8.530843753684344222e+00 -7.995628463355323845e+00 -7.353540464085882356e+00 -6.176604111272661513e+00 -4.414045895439859812e+00 -2.818714128735281488e+00 -1.603958231747382168e+00 -1.403166606787448645e+00 8.932765155950245228e-01 5.278094715768815171e-01 -1.486511153705438182e-01 1.433606799281609057e+00 4.097109007374241330e+00 5.803422945354782314e+00 5.803422945354782314e+00 5.803422945354782314e+00 5.803422945354782314e+00
-1.007521456161735074e+01 -9.003882521374595882e+00 -8.679167766734860123e+00 -8.240458684984146132e+00 -7.470861918906459564e+00 -6.619905086660635263e+00 -4.269682167235589354e+00 -2.249629693251419482e+00 -1.843861499702324824e+00 -9.130374088485586626e-01 1.411673370059074450e+00 3.699898536148578665e-01 -5.212479681151082067e-01 4.027604650993050761e+00 7.284567725574861541e+00 7.284567725574861541e+00 7.284567725574861541e+00 7.284567725574861541e+00
-1.032229581340569524e+01 -9.959805227382988235e+00 -9.459129534618057278e+00 -9.045731441033478148e+00 -8.472055188789418878e+00 -7.376414959548108996e+00 -5.679717916310402792e+00 -3.403891211628224056e+00 -2.678685943712669548e+00 -1.608196999301449770e+00 -1.737261448371007488e-01 1.096182488119611609e+00 -1.021691115083159518e-01 4.465468967305412207e+00 7.344247472281054456e+00 7.344247472281054456e+00 7.344247472281054456e+00 7.344247472281054456e+00
-1.037353744052358984e+01 -1.006388079819670089e+01 -9.623207442823757063e+00 -9.261558448842780678e+00 -8.801122686481029689e+00 -7.776774603236274785e+00 -6.390390555284897189e+00 -4.726022116927587113e+00 -3.376722862735925812e+00 -2.486485837396928744e+00 -1.626071605319253210e+00 9.335082262643755735e-01 1.069030648021099816e-01 3.983995307388838114e+00 7.109840478626495930e+00 7.109840478626495930e+00 7.109840478626495930e+00 7.109840478626495930e+00
-1.042580470748596255e+01 -1.016327109912990245e+01 -9.792165010691416427e+00 -9.396163336699457247e+00 -9.008278034297127590e+00 -8.086527459451062327e+00 -6.654840892910199202e+00 -5.557811193592158361e+00 -3.900320245593897006e+00 -3.020570294724463700e+00 -2.634139721765561770e+00 4.068580232578564160e-02 2.109818916764574503e-01 3.118650688709867502e+00 6.509707346483086354e+00 6.509707346483086354e+00 6.509707346483086354e+00 6.509707346483086354e+00
-1.046242379530273681e+01 -1.016679380035141200e+01 -9.893555863470520961e+00 -9.518474112116804164e+00 -9.054760075493490490e+00 -8.251925715450546761e+00 -6.917542484415116988e+00 -5.750346154102391694e+00 -4.480625404777208054e+00 -2.698978740721976521e+00 -2.237953216452408522e+00 -1.241795468208460596e-01 3.874263167206708491e-01 2.796011994267556755e+00 5.655120086073576857e+00 5.655120086073576857e+00 5.655120086073576857e+00 5.655120086073576857e+00
-1.046831091675767844e+01 -1.020788032505426024e+01 -9.973521742240659904e+00 -9.561862184825185906e+00 -9.155313660157510469e+00 -8.504916391452217894e+00 -7.145816840130216008e+00 -5.857285371759201276e+00 -5.449967432498784348e+00 -3.473059052358686838e+00 -1.700732339114441993e+00 -6.873294797510687282e-01 3.264630518478033316e-01 2.676081492268447271e+00 6.004605954990108074e+00 6.004605954990108074e+00 6.004605954990108074e+00 6.004605954990108074e+00
-1.058672539458472350e+01 -1.024147993460109163e+01 -9.925311264723893245e+00 -9.560426524725176733e+00 -9.211837601888804627e+00 -8.565632596985128799e+00 -7.312004981454709451e+00 -5.847350589250662978e+00 -5.725656477006578093e+00 -4.150104409681785178e+00 -2.293004764083968805e+00 -1.388119830276706157e+00 -5.423991830730504060e-02 2.148516185140139090e+00 6.352825886185550885e+00 6.352825886185550885e+00 6.352825886185550885e+00 6.352825886185550885e+00
-1.054595068929539892e+01 -1.023525136362468047e+01 -1.001049351269123200e+01 -9.658148508034686941e+00 -9.209748339463589062e+00 -8.715438554331782939e+00 -7.469479151495219682e+00 -5.797956203351091631e+00 -5.324185141794629317e+00 -4.104828754754054287e+00 -2.423119968164058058e+00 -2.705665349058008040e+00 -1.579187902357541973e-01 2.209202622479453204e+00 5.866106766759867419e+00 5.866106766759867419e+00 5.866106766759867419e+00 5.866106766759867419e+00
-1.057096810133059250e+01 -1.030596403837982145e+01 -9.994504944717425232e+00 -9.651562669500126646e+00 -9.325261302845184730e+00 -8.726295835787420074e+00 -7.479186065353394142e+00 -5.912195726234111604e+00 -5.277762444948328024e+00 -3.884985691610713054e+00 -4.892679394608765442e+00 -1.787416666770659912e+00 -5.763476199016299706e-01 2.059270308305848118e+00 5.166294410992168906e+00 5.166294410992168906e+00 5.166294410992168906e+00 5.166294410992168906e+00
-1.059056463528734682e+01 -1.030348062087664474e+01 -9.974115019573375207e+00 -9.635524048919805296e+00 -9.350799438697597665e+00 -8.780155781633707690e+00 -7.614172550446632215e+00 -5.898646336165856319e+00 -5.333890653473854826e+00 -3.623114852129670549e+00 -3.950903121851050415e+00 -2.288939803744624690e+00 -7.722049687637457804e-01 2.280746533250507468e+00 5.514084174500506919e+00 5.514084174500506919e+00 5.514084174500506919e+00 5.514084174500506919e+00
-1.064668568185405206e+01 -1.035543422565627480e+01 -9.986922296471863802e+00 -9.677058839645118482e+00 -9.395190284959660687e+00 -8.922976310581944404e+00 -7.598437259306846769e+00 -5.712400880293910355e+00 -5.364867397878366972e+00 -3.674422305185252036e+00 -4.124182004420048564e+00 -2.233199000581619131e+00 -6.943668395346715982e-01 2.274816507673397492e+00 5.133939149887090991e+00 5.133939149887090991e+00 5.133939149887090991e+00 5.133939149887090991e+00
