-1.044904184868830122e+01 -1.030792582711235283e+01 -9.967954716866847420e+00 -9.657334211317355255e+00 -9.321815471315815671e+00 -8.960323877516175983e+00 -8.332313091327693044e+00 -7.259311568602837994e+00 -4.993212972760341373e+00 -2.321267151410273399e+00 -2.412492137600979358e+00 -3.942207402056688847e-01 7.737202039618156224e-01 1.812826604063486169e+00 5.130194494903753899e+00 5.130194494903753899e+00 5.130194494903753899e+00 5.130194494903753899e+00
-1.034965984370557734e+01 -1.009659620774647237e+01 -9.978290465960464317e+00 -9.817285295827455016e+00 -9.458925693955196223e+00 -8.916801476881527577e+00 -8.191698206928251125e+00 -6.824949247431509214e+00 -4.308010702103796774e+00 -2.465787449311034774e+00 -1.592627440716405385e+00 7.795881199343970835e-02 1.674422402838303459e+00 1.977507022227005917e+00 5.050905322433801636e+00 5.050905322433801636e+00 5.050905322433801636e+00 5.050905322433801636e+00
-1.028424047224952886e+01 -9.977923735772622038e+00 -9.801628344159336592e+00 -9.775194136469069761e+00 -9.554521133694809265e+00 -9.048225115236169458e+00 -8.107720359863893833e+00 -6.787181687585400525e+00 -3.539773844134333824e+00 -3.262339803561395080e+00 -7.005628865405872929e-01 3.896907821791099624e-01 1.096045221266121361e+00 1.963777127175863058e+00 4.706874896884884585e+00 4.706874896884884585e+00 4.706874896884884585e+00 4.706874896884884585e+00
-1.030863870436017038e+01 -1.027643241845755817e+01 -9.793143827248474764e+00 -9.259777094059629121e+00 -9.195913350290670252e+00 -9.037049447477826902e+00 -8.174953814422767806e+00 -6.458776892022846106e+00 -2.601626729606264288e+00 -3.131411121438341549e+00 -6.162914019793639397e-01 6.950358406867128691e-01 9.545406527681478126e-01 2.195675358578864866e+00 4.894167273900296600e+00 4.894167273900296600e+00 4.894167273900296600e+00 4.894167273900296600e+00
-1.051832045753787170e+01 -1.025199047383976314e+01 -9.850698397952696084e+00 -9.563878857771607400e+00 -9.019335390168716771e+00 -8.646859180468787542e+00 -8.144387322057053069e+00 -5.299360529473208459e+00 -2.593591660724993364e+00 -3.083728785399459937e+00 -3.974786810952907201e-01 3.586087886484827236e-01 1.855303570369553734e+00 2.306983265679824147e+00 4.785296592170716679e+00 4.785296592170716679e+00 4.785296592170716679e+00 4.785296592170716679e+00
-1.037582150796417402e+01 -9.931936532525659445e+00 -1.012033481728249029e+01 -9.862107459790447450e+00 -9.331139064425951091e+00 -8.577216093358401849e+00 -7.651212826821535806e+00 -4.076056991689936737e+00 -3.784705902711381409e+00 -1.860180460340064457e+00 2.921750044218752174e-01 3.021541156602189915e-01 1.428837229209744875e+00 2.143874129767102676e+00 4.432548044154668965e+00 4.432548044154668965e+00 4.432548044154668965e+00 4.432548044154668965e+00
-1.046463843458668741e+01 -1.026936491205647783e+01 -9.912568735899380812e+00 -9.735457302345153607e+00 -9.317012504980228371e+00 -8.540572690796498279e+00 -7.346045446209934937e+00 -2.957302402242787842e+00 -3.696214996835774258e+00 -5.368762686052865885e-01 1.007851791085752291e+00 1.606277430566449116e+00 1.602297456952062049e+00 3.340104451273997022e+00 4.378704674023891741e+00 4.378704674023891741e+00 4.378704674023891741e+00 4.378704674023891741e+00
-1.049447900712012327e+01 -1.007119150990665091e+01 -9.951471660531295171e+00 -9.734556770678022275e+00 -9.176029647951624568e+00 -8.247252415171203666e+00 -4.890268781936794262e+00 -2.468296526857753470e+00 -2.810947028865558472e+00 -1.009619214361646145e-01 1.520106461942998255e+00 2.012017809189597273e+00 1.792549112122465704e+00 4.349168809477077069e+00 5.176160333015901394e+00 5.176160333015901394e+00 5.176160333015901394e+00 5.176160333015901394e+00
-1.045421270660622959e+01 -1.013483420986326422e+01 -9.555737814395776297e+00 -9.060230541319874931e+00 -8.242472278294933119e+00 -6.913668610935417291e+00 -3.796570502643975775e+00 -4.205657921044087644e+00 -9.060476740618645941e-01 9.903863619405590679e-01 2.085121541370705156e+00 2.711503218646073687e+00 3.417025002969197978e+00 4.827180850694540837e+00 5.035247685690986685e+00 5.035247685690986685e+00 5.035247685690986685e+00 5.035247685690986685e+00
-1.041826239723721059e+01 -1.008228199929101443e+01 -9.532366104693553055e+00 -8.408358990817060175e+00 -7.422588080558974788e+00 -5.393591645697997095e+00 -2.441067662624092804e+00 -3.630369311581735925e+00 -8.459029497970051159e-02 2.086750550797398240e+00 3.023051832346397738e+00 3.496721211357658010e+00 4.937608508967394449e+00 4.967722805361707294e+00 5.251600062652099332e+00 5.251600062652099332e+00 5.251600062652099332e+00 5.251600062652099332e+00
-1.023187953422158891e+01 -9.487760892007985447e+00 -8.924444687561752687e+00 -8.462618657675857747e+00 -6.882538711691678301e+00 -3.972553908881246265e+00 -3.886170173270007133e+00 -1.430699758238561214e+00 1.114433985932213877e+00 3.035157416376588646e+00 3.034105697316820560e+00 4.585366066131213003e+00 2.756264228822657536e+00 2.222042271261564839e+00 5.465902636517170343e+00 5.465902636517170343e+00 5.465902636517170343e+00 5.465902636517170343e+00
-9.909284643845126084e+00 -9.005417181392004977e+00 -8.213398796071126995e+00 -7.699502733324918857e+00 -5.301516446728589571e+00 -2.623513860186780455e+00 -3.147068917615967631e+00 3.338347732885342534e-02 2.755880733787947179e+00 3.079696542821245497e+00 4.472998454818720937e+00 3.791107843089522422e+00 1.965559072828684473e+00 2.423423725036755627e+00 5.152706062351952276e+00 5.152706062351952276e+00 5.152706062351952276e+00 5.152706062351952276e+00
-9.477101239010877975e+00 -8.575830613877622355e+00 -7.851959875236428132e+00 -6.197050087105823835e+00 -4.108429330130126900e+00 -2.790762554401279072e+00 -2.368101318497547236e+00 1.448503928626203807e+00 3.216626528189595380e+00 4.075208068922219873e+00 4.715559341767146861e+00 1.963345183710945907e+00 5.697460466236115018e-01 2.412552703788033881e+00 5.087454332852959560e+00 5.087454332852959560e+00 5.087454332852959560e+00 5.087454332852959560e+00
-1.004084433827362766e+01 -7.792648381609035724e+00 -6.722218029627565095e+00 -5.024863314350157317e+00 -3.003663176922943379e+00 -3.518300420406715645e+00 -3.622544323387838494e-01 2.899595588824990244e+00 3.281415331827536974e+00 5.029479193045939489e+00 3.339735506217343719e+00 -1.978358120943027432e+00 4.244395369956461272e-01 2.559524958497827019e+00 4.933467307476497865e+00 4.933467307476497865e+00 4.933467307476497865e+00 4.933467307476497865e+00
-9.427062120358261410e+00 -7.591341778129504725e+00 -5.713639496172913113e+00 -4.238386890700216902e+00 -2.069326273928799420e+00 -2.496833829536603488e+00 2.534148529559042684e-01 3.031447261205769017e+00 3.563132455970903223e+00 5.577477780793151041e+00 4.445648967594160617e+00 -7.310568311463855329e-01 9.831250972064938809e-01 2.608242748639311603e+00 5.205189553642975753e+00 5.205189553642975753e+00 5.205189553642975753e+00 5.205189553642975753e+00
-9.041047596169867973e+00 -6.856235085083716818e+00 -4.941994611335302601e+00 -3.216809644183159289e+00 -1.668383032989057657e+00 -1.494197758938010434e+00 3.010859681278474032e+00 2.975664706877846122e+00 4.162822358419274948e+00 6.234014664997359567e+00 6.110613659275295539e+00 1.959807528623286554e+00 6.434035982113459617e-01 2.786227890424265219e+00 5.066188952716172089e+00 5.066188952716172089e+00 5.066188952716172089e+00 5.066188952716172089e+00
-8.560492443111369809e+00 -6.461324304405470897e+00 -4.292488960956514887e+00 -2.378717626410832509e+00 -2.003137008328538471e+00 -1.337157812872732943e-01 3.082159356991986510e+00 3.181413404676129097e+00 4.268011976027424659e+00 5.078475234149882667e+00 4.598978845241027180e+00 4.706216085412342487e+00 3.794472492084003612e+00 3.276975733213501218e+00 5.233426113213804243e+00 5.233426113213804243e+00 5.233426113213804243e+00 5.233426113213804243e+00
-7.811462392984237724e+00 -6.014494184625354123e+00 -4.037324489840126596e+00 -1.684984452643260910e+00 -1.773967754313981793e+00 6.911770810871462611e-01 3.487241981174230343e+00 3.886286708908109677e+00 4.057266839166340233e+00 3.260114305339079976e+00 3.318858768818495619e+00 3.187468256870983119e+00 3.932117809786414675e+00 5.120785961421435495e+00 5.020648991733704491e+00 5.020648991733704491e+00 5.020648991733704491e+00 5.020648991733704491e+00
-7.553685145238327792e+00 -6.040134095462097896e+00 -3.639925693157286979e+00 -1.981233395812171505e+00 -5.736551685138401302e-01 3.044139097427339014e+00 3.139178140989655308e+00 3.872025593288274337e+00 3.827713135846917858e+00 1.752713534350926583e+00 1.490980210913809501e+00 1.528729766215344954e+00 2.806716794269560111e+00 4.274281865525768609e+00 4.988028117561714936e+00 4.988028117561714936e+00 4.988028117561714936e+00 4.988028117561714936e+00
-8.051746139049967610e+00 -5.999816686224533235e+00 -3.351662362708225373e+00 -1.668128956148960729e+00 -1.830271812864272318e+00 2.957377825237029079e+00 3.021506323485944279e+00 4.046313075485787003e+00 3.039915941714579350e+00 1.488689967481603205e+00 6.119404970196189453e-01 9.279495764932653712e-01 1.994058610455104574e+00 3.611666306396150272e+00 4.994398096626066597e+00 4.994398096626066597e+00 4.994398096626066597e+00 4.994398096626066597e+00
-8.178339355016834844e+00 -6.105321307841355072e+00 -3.425480482128469006e+00 -1.399470218384465614e+00 -9.536016428763658404e-01 3.078216475132047769e+00 3.103497081451839446e+00 4.048697988530451042e+00 2.956652368841178102e+00 1.360563801827455954e+00 4.121480675274278305e-01 3.621197947024132890e-01 1.266316580187513585e+00 3.261442310379481402e+00 5.140789808614800727e+00 5.140789808614800727e+00 5.140789808614800727e+00 5.140789808614800727e+00
-8.187079499938501925e+00 -6.347951424806788090e+00 -3.509238196274328647e+00 -1.613153207404462997e+00 -1.059479313507827758e+00 3.133954338127570516e+00 3.210530727689710595e+00 4.103975138330900663e+00 2.785505633020080474e+00 1.150415995669545000e+00 -2.526258462785853975e+00 -1.593565007475791218e+00 1.174579773261955173e+00 3.161476102806322075e+00 5.001789207687983740e+00 5.001789207687983740e+00 5.001789207687983740e+00 5.001789207687983740e+00
-8.112865658841402094e+00 -6.837081031001029707e+00 -4.416822319905381100e+00 -2.965750319901672150e+00 -1.930303953605356782e+00 8.031597856549896886e-01 3.155828673840361809e+00 3.938822890065734939e+00 2.313407324747682736e+00 6.511934032810599016e-01 -2.671088194813488581e+00 -1.511284864506684311e+00 1.260498831899868222e+00 3.468581181744302633e+00 5.002485629991952010e+00 5.002485629991952010e+00 5.002485629991952010e+00 5.002485629991952010e+00
-8.097446018516963662e+00 -7.118970125182236153e+00 -5.051806887297718873e+00 -2.998023091279562458e+00 -1.527358803900673578e+00 -2.207085223008663499e-01 3.142698319960514741e+00 3.757105417796422042e+00 2.032752954592182526e+00 -2.899540872938380698e+00 -2.648112609436964693e+00 -1.270661649082357680e+00 1.270965566772322086e+00 3.664342893112196631e+00 4.888591921115457595e+00 4.888591921115457595e+00 4.888591921115457595e+00 4.888591921115457595e+00
-7.887639398007546987e+00 -7.146218545443682402e+00 -5.311176442224574856e+00 -3.606100292468855883e+00 -2.355372994622820126e+00 -1.020721731895944950e+00 1.179134246706473377e+00 2.987420107577497319e+00 1.909399944756539735e+00 -3.793600694483698632e+00 -2.100239307860712223e+00 -4.507395968212449811e-01 1.560911240047648363e+00 3.740068325857740739e+00 4.910687235026811592e+00 4.910687235026811592e+00 4.910687235026811592e+00 4.910687235026811592e+00
-8.405310075150595139e+00 -7.610118093396073036e+00 -6.139456953862699962e+00 -4.762041906837850114e+00 -2.994967895748749331e+00 -2.351223758310076573e+00 -6.000849478236857104e-01 2.746304212831084612e+00 1.359283081449711217e+00 -3.258080151180224870e+00 -2.110171391447090983e-01 1.030531184136881606e+00 1.885075912507552243e+00 4.160522334962377222e+00 5.341511316434590206e+00 5.341511316434590206e+00 5.341511316434590206e+00 5.341511316434590206e+00
-8.768232185642524712e+00 -7.686285567819815867e+00 -6.717122513989457033e+00 -5.419512314390805052e+00 -3.827230885936814708e+00 -2.086981803509089684e+00 -1.833029746879088817e+00 5.719205393776700674e-01 1.812344190312317638e+00 -4.856482681797953393e-01 3.693530620103731565e-01 3.497592186540154913e-01 2.184189646641391480e+00 4.707068504248494989e+00 5.076390063586599943e+00 5.076390063586599943e+00 5.076390063586599943e+00 5.076390063586599943e+00
-9.127424806948152280e+00 -8.221005185341178745e+00 -7.459707020106766784e+00 -6.183586314907996595e+00 -4.932891822632683443e+00 -3.722833633264889031e+00 -2.217109695758172627e+00 -1.251105476761394941e+00 1.346533417865708904e+00 1.213077812568419622e+00 4.069658065050487661e-01 4.654375230367807648e-01 1.860060320320569005e+00 4.735255378394906955e+00 4.937389462659796280e+00 4.937389462659796280e+00 4.937389462659796280e+00 4.937389462659796280e+00
-9.391167671037093712e+00 -8.490976344749528337e+00 -7.954374688695468265e+00 -7.296200586006236222e+00 -6.241672313927747240e+00 -4.868017255281720246e+00 -2.922279930944686299e+00 -1.950052200928017454e+00 2.739912313938170918e-01 1.075220755868137257e+00 6.002381315870243261e-01 4.934271699294294211e-01 1.265356941156448478e+00 4.103188465877710911e+00 4.823038629523404452e+00 4.823038629523404452e+00 4.823038629523404452e+00 4.823038629523404452e+00
-1.001458237464624190e+01 -9.029341218847770634e+00 -8.572878032238623547e+00 -8.131642339843054401e+00 -7.395399275464328959e+00 -6.513232067234667966e+00 -4.424139203410865306e+00 -2.040615136575570698e+00 -1.691667434887996091e+00 8.358873088865266254e-01 8.636720077928285999e-01 9.855891529221545433e-01 1.879787774308224468e-01 3.969087833285943390e+00 4.867776599719300989e+00 4.867776599719300989e+00 4.867776599719300989e+00 4.867776599719300989e+00
-1.028979448783875306e+01 -9.856387129824083715e+00 -9.327786966049531614e+00 -8.864892863992686500e+00 -8.304521603472688085e+00 -7.261725247675179240e+00 -5.599563915767922673e+00 -3.821933245581342398e+00 -1.397588656602800183e+00 -2.709800771812718723e-01 1.045500156669503911e+00 1.120718932915755861e+00 2.987941944441665498e-01 4.563554503308366428e+00 5.378381005554657257e+00 5.378381005554657257e+00 5.378381005554657257e+00 5.378381005554657257e+00
-1.037992042623577049e+01 -1.002410418978097262e+01 -9.559541653332667366e+00 -9.171187362773782326e+00 -8.658670988042198147e+00 -7.644825952228682553e+00 -6.377924027200339019e+00 -4.748146470190817148e+00 -2.680346797083483779e+00 -1.745264327931422610e+00 1.101991610992336446e+00 6.628023084066680948e-01 8.087372992878698597e-01 3.929541230015856090e+00 5.150990919485226804e+00 5.150990919485226804e+00 5.150990919485226804e+00 5.150990919485226804e+00
-1.035088733111172843e+01 -1.012528118521144727e+01 -9.735404115902008826e+00 -9.327456089690750574e+00 -8.862228935174812250e+00 -7.965244008976099188e+00 -6.628892718222823888e+00 -5.355045285051255988e+00 -3.710492210064828100e+00 -1.940586044931325471e+00 -2.137119888515172372e-01 9.327421856675335299e-01 5.351685860472865652e-01 2.976599842724965139e+00 5.011990318558417812e+00 5.011990318558417812e+00 5.011990318558417812e+00 5.011990318558417812e+00
-1.042058366656122814e+01 -1.013776802569729085e+01 -9.617840431259175205e+00 -9.452696484881396799e+00 -8.935786013740782963e+00 -8.117223852697014408e+00 -6.876274776796911681e+00 -5.617266694476304778e+00 -4.136035910680347705e+00 -2.851794087325531635e+00 -2.964818017089929203e+00 7.633903623200611888e-01 9.520446978175783892e-02 2.595651898120096668e+00 4.872989717631601714e+00 4.872989717631601714e+00 4.872989717631601714e+00 4.872989717631601714e+00
-1.046215047210301030e+01 -1.016734587915211385e+01 -9.900110807423851966e+00 -9.559658498486948375e+00 -9.043678645787487369e+00 -8.324021813388146285e+00 -7.001067626039765734e+00 -5.747759765145920241e+00 -4.791453443314948935e+00 -3.216334427657503436e+00 -2.397987298295773506e+00 1.723554657980382321e-01 -2.265457555874285933e-01 2.760488700485520308e+00 4.821786756685479958e+00 4.821786756685479958e+00 4.821786756685479958e+00 4.821786756685479958e+00
-1.048625298580012988e+01 -1.022228895383618585e+01 -9.891693527085003268e+00 -9.522343222247974026e+00 -9.138288168747765283e+00 -8.427249047066343479e+00 -7.192599545080446966e+00 -5.749530975637525465e+00 -5.210538733472769302e+00 -3.854147822231739795e+00 -1.772202835583867042e+00 -3.651995731234320974e-01 -9.421304251656235917e-02 2.284304801715446587e+00 5.408622545348675814e+00 5.408622545348675814e+00 5.408622545348675814e+00 5.408622545348675814e+00
-1.051615589782746696e+01 -1.024023821055442518e+01 -9.944549082523218786e+00 -9.615487006229308520e+00 -9.183827415834580066e+00 -8.580760918108193636e+00 -7.327289032848080197e+00 -5.778875124914423012e+00 -5.034087064720053739e+00 -3.367588238668901113e+00 -3.013785631271094001e+00 -1.230405898782860330e+00 5.747247069100289707e-01 2.353175264593011295e+00 5.351712427305029607e+00 5.351712427305029607e+00 5.351712427305029607e+00 5.351712427305029607e+00
-1.053192293115489520e+01 -1.027958104494258684e+01 -9.934499302426274880e+00 -9.584619098118603020e+00 -9.280500156484899676e+00 -8.636588209463107901e+00 -7.378012749276697591e+00 -5.848171454042038420e+00 -5.084212926374963359e+00 -3.768859008550016654e+00 -3.008792987490049420e+00 -2.317972529265144743e+00 2.800251329725300109e-01 2.222799206178071696e+00 5.086591174457041120e+00 5.086591174457041120e+00 5.086591174457041120e+00 5.086591174457041120e+00
-1.057811641499184674e+01 -1.024303269111415204e+01 -9.959817311813703000e+00 -9.604328624064290665e+00 -9.317552545579713907e+00 -8.702918781202274801e+00 -7.516976542597769040e+00 -5.846375863879048396e+00 -5.193543115700964385e+00 -3.750130347414113885e+00 -3.826994826481871392e+00 -1.582072079342086601e+00 -1.784364944585199175e-01 2.172877316508216694e+00 4.948364052321554851e+00 4.948364052321554851e+00 4.948364052321554851e+00 4.948364052321554851e+00
-1.059772588628905687e+01 -1.026094899101646973e+01 -9.986085787528724111e+00 -9.661538501339478557e+00 -9.335906865877408478e+00 -8.893110299741810110e+00 -7.592346250651015538e+00 -5.831450035755119998e+00 -5.247847673217282960e+00 -3.848935283562895826e+00 -4.113624972965816973e+00 -2.151276641283250690e+00 -8.527461036678560813e-01 2.128971769962040739e+00 4.743101936507859939e+00 4.743101936507859939e+00 4.743101936507859939e+00 4.743101936507859939e+00
