-1.050060018257764405e+01 -1.034740644492917561e+01 -1.005764857254875722e+01 -9.706877379941614592e+00 -9.409561634506356853e+00 -9.082397136688419081e+00 -8.330572954942738306e+00 -7.315569981348869710e+00 -4.819662874101703132e+00 -3.068602301082141715e+00 -1.957033972557844503e+00 -2.132584261058471764e+00 3.788272321070776383e-01 1.856148460820297608e+00 4.807828307347301156e+00 4.807828307347301156e+00 4.807828307347301156e+00 4.807828307347301156e+00
-1.054087642729393437e+01 -1.020676702079810738e+01 -1.008416835860939464e+01 -9.917864058927870374e+00 -9.537194058037773203e+00 -9.001291995875778440e+00 -8.295611264467728674e+00 -7.045470054643428348e+00 -4.816823094872559885e+00 -2.033767151449300759e+00 -2.041051258689927650e+00 -3.490905671514569208e-01 3.128582541998225497e-01 2.093945905154039000e+00 5.144743999628047959e+00 5.144743999628047959e+00 5.144743999628047959e+00 5.144743999628047959e+00
-1.046490385596578321e+01 -1.007288487438826685e+01 -9.694855954547490384e+00 -9.682722155745468129e+00 -9.655309848929059413e+00 -9.146465052243955896e+00 -8.217697903000278359e+00 -6.988227607424226662e+00 -4.305022436995457724e+00 -2.210748574013153167e+00 -3.073051086003280474e+00 -8.552013160724722396e-03 -2.531807069623800421e-01 2.138349471677177149e+00 5.024768466030380409e+00 5.024768466030380409e+00 5.024768466030380409e+00 5.024768466030380409e+00
-1.024889790786070165e+01 -1.023692978346317162e+01 -9.995290919992086742e+00 -9.314105490341836102e+00 -9.196232608263965602e+00 -9.102816817541281580e+00 -8.270364935844467524e+00 -6.744622879001871851e+00 -3.196519861502600257e+00 -2.811806962845126989e+00 -1.854836623139174190e+00 3.475566880848371953e-01 3.043951845711341253e-01 2.320592418904170895e+00 4.669202008439357066e+00 4.669202008439357066e+00 4.669202008439357066e+00 4.669202008439357066e+00
-1.062056052187832300e+01 -1.030346571142190371e+01 -1.000401261600853964e+01 -9.614432300786811325e+00 -9.110717022606683813e+00 -8.673036226891907674e+00 -8.252087711346655752e+00 -6.302548668787541608e+00 -2.416534196612349028e+00 -2.797337512917483782e+00 -4.976830736783960374e-01 -8.220479575715747278e-02 1.270626155541222602e+00 2.403464946565355476e+00 4.534423703039601072e+00 4.534423703039601072e+00 4.534423703039601072e+00 4.534423703039601072e+00
-1.059723790968327251e+01 -9.987598602807125303e+00 -1.030633293984671717e+01 -9.945271489983326774e+00 -9.363191175328740457e+00 -8.724544785672691205e+00 -7.940173057705410820e+00 -5.065438770025143533e+00 -2.809044379360387644e+00 -2.623238183329242190e+00 -3.263487907625732543e-02 1.181053211025141936e+00 1.176217948007414194e+00 2.174376874834359263e+00 4.406517625822490736e+00 4.406517625822490736e+00 4.406517625822490736e+00 4.406517625822490736e+00
-1.044019857419082165e+01 -1.040707908417016903e+01 -9.967804805302414195e+00 -9.659477564683976780e+00 -9.370648744247075612e+00 -8.681245116806081796e+00 -7.699734430171033317e+00 -3.566962906525115162e+00 -3.241915555470968435e+00 -1.165029529152182386e+00 -1.531738197350796526e-01 1.360534592178601843e+00 1.577904663267837737e+00 3.320535545755617157e+00 4.171599644582755673e+00 4.171599644582755673e+00 4.171599644582755673e+00 4.171599644582755673e+00
-1.047941386388760776e+01 -1.019068732744623063e+01 -9.971788402334020418e+00 -9.865642553491973388e+00 -9.269311974058775050e+00 -8.304659320867465055e+00 -5.968079131425751527e+00 -2.193379938047479882e+00 -2.537616173714471124e+00 5.861136279311633668e-02 1.433557623022989391e+00 2.087239974463776626e+00 1.798076511583334369e+00 4.299667002118434667e+00 4.957563319554673775e+00 4.957563319554673775e+00 4.957563319554673775e+00 4.957563319554673775e+00
-1.056042170492827914e+01 -1.031159634197928376e+01 -9.659432603033399900e+00 -9.167403751630811115e+00 -8.228965010250082202e+00 -7.073791239254146213e+00 -3.708486693238722154e+00 -3.354377976012827389e+00 -7.699162717782348508e-01 5.624554988148878776e-01 2.129227189434754752e+00 2.750334050014469067e+00 3.416992560326288064e+00 4.780389722047236667e+00 4.565283113268467474e+00 4.565283113268467474e+00 4.565283113268467474e+00 4.565283113268467474e+00
-1.025832686544363170e+01 -1.001522565228384565e+01 -9.594396609823974131e+00 -8.540363352394049201e+00 -7.396293343551227473e+00 -5.151054765432075300e+00 -2.482792497642525742e+00 -2.769607335988836017e+00 1.391427114189914271e-01 2.077051168586479868e+00 3.110804681073494837e+00 3.477160755287877159e+00 4.899836271039892388e+00 4.933509058731432084e+00 5.128104916909204114e+00 5.128104916909204114e+00 5.128104916909204114e+00 5.128104916909204114e+00
-1.026438579458325506e+01 -9.557646069357705443e+00 -8.821899397454014746e+00 -8.434974522861088175e+00 -6.853268774005565334e+00 -3.297988570166785927e+00 -3.432438449159240790e+00 -6.263637116782303504e-01 1.982028306936552742e+00 3.095855378744468034e+00 3.089990489987969990e+00 4.622046518213376309e+00 2.780781917644364221e+00 2.302422048676614263e+00 5.361018464258855865e+00 5.361018464258855865e+00 5.361018464258855865e+00 5.361018464258855865e+00
-9.930882921019172471e+00 -9.004908565905363815e+00 -8.103059782069838235e+00 -7.560975707773391008e+00 -4.641901014782194856e+00 -2.411274950289588936e+00 -2.142221003074396002e+00 7.502605175969214724e-01 2.932670242501608904e+00 3.165714617309978163e+00 4.465751312000124429e+00 3.689162322842205022e+00 7.611773373525784203e-01 2.524965734116785043e+00 4.974227507674295445e+00 4.974227507674295445e+00 4.974227507674295445e+00 4.974227507674295445e+00
-9.638966670782451729e+00 -8.665191005328360063e+00 -7.506065902786140498e+00 -5.982178144695380340e+00 -3.002762747519043707e+00 -3.254416745688792467e+00 -2.245627736363196569e-01 3.085787835355007225e+00 3.294026512271576834e+00 4.091525866596973593e+00 4.764322609538670150e+00 -1.715369392028647799e-01 4.773842247034693620e-01 2.403789959809019106e+00 4.832892101529339790e+00 4.832892101529339790e+00 4.832892101529339790e+00 4.832892101529339790e+00
-1.010807726390666694e+01 -8.025324185026184054e+00 -6.477904555198324310e+00 -4.082383525471028562e+00 -2.656847458496053527e+00 -1.755301196487906390e+00 1.417083852831945601e+00 3.110448440070186837e+00 3.333753018424087333e+00 5.054092371616119905e+00 3.305527795045381634e+00 -2.001140896340718012e+00 3.536912859380960117e-01 2.640784741845224826e+00 4.712028361555174349e+00 4.712028361555174349e+00 4.712028361555174349e+00 4.712028361555174349e+00
-9.473517566741730178e+00 -7.471304788708169831e+00 -5.227358504362309866e+00 -2.475436984311196298e+00 -2.509654559739861845e+00 1.347594074598565950e-01 3.179443391803312036e+00 3.229039955399445994e+00 3.555922637756789406e+00 5.670896018340408240e+00 4.507023502337695220e+00 -1.005790042261802686e+00 9.528613567489714331e-01 2.563354136699636854e+00 4.815530355117244810e+00 4.815530355117244810e+00 4.815530355117244810e+00 4.815530355117244810e+00
-9.207537734200997193e+00 -6.900058201695181914e+00 -4.178649582765336490e+00 -2.465384771729715485e+00 -1.370612224605768814e+00 1.957184528594427819e+00 3.034907639452715244e+00 3.057175325892439233e+00 4.143952348241022321e+00 6.277178754191897525e+00 6.058460466316049953e+00 1.813524560398054319e+00 6.362598919933496466e-01 2.756964422551051452e+00 4.850820883460281507e+00 4.850820883460281507e+00 4.850820883460281507e+00 4.850820883460281507e+00
-8.634674330495663241e+00 -5.968258289361495272e+00 -3.416852073360145514e+00 -2.274498544059398775e+00 -1.230681311444444592e+00 3.036996940186367677e+00 3.260060423479703484e+00 3.346211839504233954e+00 4.222968754505546762e+00 5.042680290538687160e+00 4.564370711260139934e+00 4.725038547630659558e+00 3.731128149338701405e+00 3.345138807392708191e+00 5.064462033253700923e+00 5.064462033253700923e+00 5.064462033253700923e+00 5.064462033253700923e+00
-7.832870454321223974e+00 -5.712505882109714328e+00 -3.023080121251475738e+00 -1.727961125305198742e+00 -3.429725324477563841e-01 2.719751914828607564e+00 3.596985551535095471e+00 3.887748892897426423e+00 4.109328029862096443e+00 3.182210954934461711e+00 3.262677549020768453e+00 3.157251600601881147e+00 4.002387164792301277e+00 5.132166422675757289e+00 4.733578647832734632e+00 4.733578647832734632e+00 4.733578647832734632e+00 4.733578647832734632e+00
-7.549142439374044500e+00 -5.783329330305695848e+00 -2.794460624541623694e+00 -1.119943897163127922e+00 8.988100613783510662e-01 3.109584848491008469e+00 3.204736226528323684e+00 3.865956012223843885e+00 3.807572082639622657e+00 1.778692880247704444e+00 1.327180095278723604e+00 1.448962378365589165e+00 2.780165178340106458e+00 4.376841246084337556e+00 4.748717915463973149e+00 4.748717915463973149e+00 4.748717915463973149e+00 4.748717915463973149e+00
-8.251112727651968015e+00 -5.795373953695998281e+00 -2.469422554134379499e+00 -9.804968517400288741e-01 1.638366993974726293e+00 3.090294135869967374e+00 3.183054631367535414e+00 4.068042550155832160e+00 3.135217369303697765e+00 1.528419645163963114e+00 -9.404270784365883484e-01 8.067060824922289708e-01 1.948964581202102586e+00 3.577307695732059756e+00 4.751899251195671248e+00 4.751899251195671248e+00 4.751899251195671248e+00 4.751899251195671248e+00
-8.091537637589171439e+00 -5.965915695666578422e+00 -3.480150199649583165e+00 -1.484110847120488241e+00 1.094338615325057606e+00 3.141434694324737542e+00 3.187331764766067721e+00 4.096284982861739365e+00 3.050402181014316483e+00 1.409609416532173531e+00 -8.566362552483939297e-01 8.533108241516259435e-03 1.272836277418945228e+00 3.370731691357572668e+00 4.685244108834569765e+00 4.685244108834569765e+00 4.685244108834569765e+00 4.685244108834569765e+00
-8.159521987872672355e+00 -6.368104923620891533e+00 -3.306936998572815867e+00 -2.387034405686503824e+00 2.407465699745520160e-02 3.236402823116297789e+00 3.273103389626250248e+00 4.160955159874238696e+00 2.716238423782355582e+00 1.153409895627437898e+00 -2.713484199546086995e+00 -1.715386706416851315e+00 1.217871119081237463e+00 3.197024025807625680e+00 4.632750085017268482e+00 4.632750085017268482e+00 4.632750085017268482e+00 4.632750085017268482e+00
-8.034966764746179990e+00 -6.710096687360028511e+00 -3.818595468454151209e+00 -1.825897191050553703e+00 -4.310517745201709050e-01 3.176620255706886997e+00 3.232436900996555895e+00 4.043061728477859162e+00 2.350811967209315512e+00 -2.001488931535713722e-02 -2.895052079591654781e+00 -1.654607177078323721e+00 1.185630463843301730e+00 3.446238913815722782e+00 4.642747861410953192e+00 4.642747861410953192e+00 4.642747861410953192e+00 4.642747861410953192e+00
-8.097513637122331076e+00 -7.110572618851409565e+00 -4.373655930469449338e+00 -2.103067903727661392e+00 -6.092487391274714614e-01 2.387700929108479642e+00 3.210507486328169957e+00 3.816381428046583313e+00 2.097198206167615542e+00 -3.888511307074163703e+00 -3.006020279230903203e+00 -1.070149808264405866e+00 1.273675755382842834e+00 3.710926182301623744e+00 4.710019448947216247e+00 4.710019448947216247e+00 4.710019448947216247e+00 4.710019448947216247e+00
-7.924659967979997610e+00 -7.251681974298561428e+00 -5.267361269804347046e+00 -2.932959975596593605e+00 -8.465754026927220233e-01 3.137061191777992253e-01 3.180769741070990531e+00 3.076810033672122024e+00 2.007900417482553657e+00 -4.261532087451887385e+00 -2.677080168727957954e+00 -5.346920271505208877e-01 1.523176028193276466e+00 3.729736652488226056e+00 4.683270585043945111e+00 4.683270585043945111e+00 4.683270585043945111e+00 4.683270585043945111e+00
-8.450885626419522012e+00 -7.667533574149975273e+00 -6.316841835631846536e+00 -3.910490365644683664e+00 -1.788927844328250139e+00 -7.606120751954457138e-01 1.129162312169384119e+00 2.763705844467540196e+00 1.377074809892616214e+00 -3.833458796715615513e+00 -1.810971139458660506e+00 1.079743463685118865e+00 1.891787215112846976e+00 4.071568551144744141e+00 4.633888660929977199e+00 4.633888660929977199e+00 4.633888660929977199e+00 4.633888660929977199e+00
-8.918444600189159743e+00 -7.929955844273868237e+00 -6.990478725255822923e+00 -5.161623795841186357e+00 -3.183145095817794701e+00 -1.294011867885024092e+00 -1.169053860617641938e+00 1.148515011080644577e+00 1.992536855327394107e+00 -1.419219587831011431e+00 -4.671727343726398418e-01 -3.085031934544545384e-01 2.137697022435450567e+00 4.331401164584314678e+00 4.554957862551900050e+00 4.554957862551900050e+00 4.554957862551900050e+00 4.554957862551900050e+00
-9.194051159068981960e+00 -8.474046705915931454e+00 -7.622221537394727520e+00 -6.134782380103644073e+00 -4.382712012850229932e+00 -2.802611126549157117e+00 -1.849773400571701698e+00 -1.895942868777724222e+00 1.634578902546436119e+00 1.495297715259205074e+00 -7.205283987191750672e-01 -1.728272880952746449e-01 1.853496036292173077e+00 4.402185036017020714e+00 4.488076277988196416e+00 4.488076277988196416e+00 4.488076277988196416e+00 4.488076277988196416e+00
-9.368028381245096625e+00 -8.606255234760158856e+00 -8.122782168223192656e+00 -7.437839927736400902e+00 -6.134870582823175766e+00 -4.351819684164365043e+00 -2.381487075363169836e+00 -2.393354850457674043e+00 -4.726661314390701030e-01 1.068620623257424462e+00 -4.824985681967406959e-01 -2.570215268804654229e-01 1.568984535090650168e+00 4.078456953891990366e+00 4.622516492196520943e+00 4.622516492196520943e+00 4.622516492196520943e+00 4.622516492196520943e+00
-1.022344102398553822e+01 -9.102253461370491294e+00 -8.794890986934396082e+00 -8.338433428550406035e+00 -7.507789439067524384e+00 -6.695734986645470954e+00 -4.051134087383563731e+00 -2.963920982468659204e+00 -1.758590661829043666e+00 -5.990924911317294654e-01 9.263271167087935298e-01 1.795437307318300535e-01 -5.719723973713229936e-01 4.058601057485590857e+00 4.605478362578583784e+00 4.605478362578583784e+00 4.605478362578583784e+00 4.605478362578583784e+00
-1.049821590504725144e+01 -1.006530887165529364e+01 -9.575200581172527592e+00 -9.145623968201611831e+00 -8.701150825949486745e+00 -7.482547540223217553e+00 -5.770702361136550884e+00 -2.939169519790461926e+00 -2.866822144637538372e+00 -3.017062680292431409e+00 -6.323344077267198937e-01 7.274288769562887724e-01 -8.722968390421118601e-01 4.379443634550890252e+00 4.556096438464617648e+00 4.556096438464617648e+00 4.556096438464617648e+00 4.556096438464617648e+00
-1.053537925652741869e+01 -1.017861359038355396e+01 -9.771989011825176874e+00 -9.407407580379320677e+00 -8.980151938301260017e+00 -7.972287767000378444e+00 -6.309542747323986234e+00 -5.042765787900574281e+00 -3.517114950407473906e+00 -3.172133690289292929e+00 -2.346468408212434742e+00 3.577366073480157116e-01 -1.172223792307695467e+00 3.798904422129305569e+00 4.477165640086548493e+00 4.477165640086548493e+00 4.477165640086548493e+00 4.477165640086548493e+00
-1.053412502804183326e+01 -1.021297492675045326e+01 -9.902497973513982643e+00 -9.521469020106515302e+00 -9.224792462288197825e+00 -8.243070555988563086e+00 -6.822279154971985449e+00 -5.617402865055693084e+00 -3.660065869416945894e+00 -3.040479779867535814e+00 -2.788989703891966432e+00 -6.917974142935529036e-02 1.061837181841645411e-01 3.130365289495386172e+00 4.424671616269231222e+00 4.424671616269231222e+00 4.424671616269231222e+00 4.424671616269231222e+00
-1.054178368284616063e+01 -1.025661278701918278e+01 -9.935912783887440369e+00 -9.622967363374698380e+00 -9.213204867621067606e+00 -8.471188850372733725e+00 -7.022081802247437388e+00 -5.683878261193131110e+00 -4.796803025819681210e+00 -2.419844964753547600e+00 -2.616364841771102956e+00 -5.103556185623363550e-01 2.905112086244057146e-01 2.685588296584482837e+00 4.584050602486621884e+00 4.584050602486621884e+00 4.584050602486621884e+00 4.584050602486621884e+00
-1.058194117079237451e+01 -1.027432807432587936e+01 -1.003091832638279435e+01 -9.679599991401303782e+00 -9.260659392038636639e+00 -8.659200974013899099e+00 -7.202744707776265187e+00 -5.834341120060878794e+00 -5.487560277608658943e+00 -3.150084600004749991e+00 -1.697828481836599401e+00 -2.164906246272683354e+00 3.403268142343144342e-01 2.475173994323879967e+00 4.528444478965973019e+00 4.528444478965973019e+00 4.528444478965973019e+00 4.528444478965973019e+00
-1.063454669247095197e+01 -1.031764760465330966e+01 -1.004151827900223104e+01 -9.697215592267401263e+00 -9.374222890736202629e+00 -8.733120373349755994e+00 -7.497390746654956750e+00 -5.899228817972118399e+00 -5.724672262131770495e+00 -3.981870704717674680e+00 -1.849042426389578608e+00 -2.683266072513501577e+00 -3.616058324950489899e-02 2.121509881905967898e+00 4.478304215999246551e+00 4.478304215999246551e+00 4.478304215999246551e+00 4.478304215999246551e+00
-1.062061206479208586e+01 -1.027029506941592274e+01 -1.005672697398303583e+01 -9.750087324357902929e+00 -9.365801794747900644e+00 -8.831538970034451097e+00 -7.574536528598992291e+00 -5.804392286740743145e+00 -5.392691261681465953e+00 -4.076050107628366170e+00 -2.361182382094871635e+00 -1.540472609143097582e+00 -1.958549580906603915e-01 2.224231825758078873e+00 4.425810192181947933e+00 4.425810192181947933e+00 4.425810192181947933e+00 4.425810192181947933e+00
-1.062971569341419453e+01 -1.036670666085704973e+01 -1.002874897593226500e+01 -9.732060060344052133e+00 -9.418890212082700941e+00 -8.838339275941809348e+00 -7.603365187705038331e+00 -5.973977016149454755e+00 -5.336632848321571032e+00 -3.883962217693064822e+00 -4.966795050678664225e+00 -2.259637112822999949e+00 -2.453239773805776514e-01 2.166912286946531374e+00 4.346879393803862790e+00 4.346879393803862790e+00 4.346879393803862790e+00 4.346879393803862790e+00
-1.068595342620241873e+01 -1.031193415031737004e+01 -1.001560054382973242e+01 -9.760282950576891992e+00 -9.448012398028817316e+00 -8.895207088836563969e+00 -7.675602758235990919e+00 -5.985994160873934433e+00 -5.342355677634243349e+00 -3.766581788601902403e+00 -3.853185206780092908e+00 -2.456309116272141324e+00 -5.302779611329070386e-01 2.318505209665509437e+00 4.506258380021273879e+00 4.506258380021273879e+00 4.506258380021273879e+00 4.506258380021273879e+00
-1.072464266711348557e+01 -1.034938840156971551e+01 -1.004918860472074194e+01 -9.781891115127146819e+00 -9.478803804865442828e+00 -9.046816811570318251e+00 -7.688082110244154777e+00 -5.914925890431303124e+00 -5.324246984310219588e+00 -3.948362591259067855e+00 -3.701205010676885010e+00 -1.746110242036213789e+00 -9.293514993148925818e-01 2.368445147818055929e+00 4.415468025117053052e+00 4.415468025117053052e+00 4.415468025117053052e+00 4.415468025117053052e+00
