-1.050883397111164186e+01 -1.028699209840970674e+01 -9.987597152216711294e+00 -9.621732304871297714e+00 -9.339562361342807151e+00 -9.033284034630067794e+00 -8.353614091840960043e+00 -7.024587941132012681e+00 -3.436183016741550134e+00 -3.975556431370938615e+00 -2.412644582994153186e+00 -7.578297124302124654e-01 1.746328579949142590e+00 2.076552794911710187e+00 5.455968054005167822e+00 5.455968054005167822e+00 5.455968054005167822e+00 5.455968054005167822e+00
-1.044001179373604593e+01 -1.019036443611958731e+01 -1.001396682196493515e+01 -9.786315387258710530e+00 -9.413107701217310108e+00 -8.899000334787737998e+00 -8.127510411049016170e+00 -6.563200253848422427e+00 -3.177780635540877974e+00 -4.587585068953194067e+00 -2.078685406738936425e+00 -7.617645305753319995e-01 1.465902442645530046e+00 1.921254893461369795e+00 5.823527513292203750e+00 5.823527513292203750e+00 5.823527513292203750e+00 5.823527513292203750e+00
-1.022693876585916861e+01 -9.977187399952073932e+00 -9.848312410504926007e+00 -9.848599543150715618e+00 -9.552209206450037016e+00 -8.999504731811265756e+00 -8.101460544790617391e+00 -6.324503391275129616e+00 -2.493899193857530783e+00 -4.499907185356692985e+00 -5.956384671350742899e-01 -4.030847550700200621e-01 1.931598862832229369e+00 2.029598012760859049e+00 5.652470393264297677e+00 5.652470393264297677e+00 5.652470393264297677e+00 5.652470393264297677e+00
-1.042446692999819646e+01 -1.023278594396715491e+01 -9.727992520508266239e+00 -9.370344726393685875e+00 -9.306474501926286891e+00 -9.118440196190114477e+00 -8.119409322810781759e+00 -5.772846281351558417e+00 -2.755650453077302942e+00 -4.184423553861434719e+00 -3.593300373932781927e-02 -2.271386525566504166e-01 1.521265091859846486e+00 2.155325723401223748e+00 5.109990769306013370e+00 5.109990769306013370e+00 5.109990769306013370e+00 5.109990769306013370e+00
-1.052156108150485281e+01 -1.020986682064555495e+01 -9.925772424826476481e+00 -9.556650943969248857e+00 -8.979136606422009947e+00 -8.684101585904572929e+00 -7.917972145194072553e+00 -4.250242256847739597e+00 -3.303998798555518146e+00 -3.188881532854309420e+00 -1.283877629847784418e-01 1.416728796484325148e+00 1.485953860954583039e+00 2.327651089524314099e+00 4.917134033924062564e+00 4.917134033924062564e+00 4.917134033924062564e+00 4.917134033924062564e+00
-1.032203700039193706e+01 -1.018240184626700895e+01 -1.013962523770227087e+01 -9.849465321969118392e+00 -9.275050130012077787e+00 -8.467141551623132756e+00 -7.608118323413630257e+00 -3.085882606008242490e+00 -4.245498074461589333e+00 -1.554158746193313512e+00 -6.308744868880243606e-02 1.464831744778144929e+00 1.618692998185978782e+00 2.128701704285010710e+00 4.561524679342046085e+00 4.561524679342046085e+00 4.561524679342046085e+00 4.561524679342046085e+00
-1.055011405015568293e+01 -1.023460141055282691e+01 -1.005120907819339848e+01 -9.737428262669054035e+00 -9.258212562986393834e+00 -8.453917498404225128e+00 -6.591072979324694714e+00 -2.967954736611261524e+00 -4.243155172370199679e+00 -6.885625543109513691e-01 5.802233090642981983e-01 1.843493263570412655e+00 1.656438099331619451e+00 3.000721935327618883e+00 4.405110036309595856e+00 4.405110036309595856e+00 4.405110036309595856e+00 4.405110036309595856e+00
-1.042847966413209271e+01 -1.015422748020431953e+01 -1.009240193579495326e+01 -9.668107172800418425e+00 -9.211844756858793559e+00 -8.206589240594617252e+00 -4.783093620760363152e+00 -3.694962077718367155e+00 -3.471282536584967104e+00 -6.471925987983676021e-02 1.459647747495229408e+00 1.972961621177539149e+00 1.887353121995500649e+00 4.290858591288023938e+00 5.681993575585379652e+00 5.681993575585379652e+00 5.681993575585379652e+00 5.681993575585379652e+00
-1.043870470560956676e+01 -9.994232849575052313e+00 -9.546722353776711856e+00 -9.256997733843681075e+00 -8.473201773453618912e+00 -7.058345482151738182e+00 -3.655738933782844757e+00 -4.704974896929333461e+00 -2.546665063567503662e+00 2.056114056636793586e-01 2.180234057624067745e+00 2.678531819841232675e+00 3.241113796865091601e+00 4.751311976020809347e+00 5.578951355057413686e+00 5.578951355057413686e+00 5.578951355057413686e+00 5.578951355057413686e+00
-1.055301164201328845e+01 -1.013457743559085955e+01 -9.313544526737590701e+00 -8.453136845569558133e+00 -7.463929159794661317e+00 -5.755278098454987834e+00 -2.369099993473458454e+00 -4.459757261313248122e+00 -4.445990075714397194e-01 1.225836727407744631e+00 2.793703448692851588e+00 3.392149747127137349e+00 4.909753878380412218e+00 4.951460820496321524e+00 5.854618196629248317e+00 5.854618196629248317e+00 5.854618196629248317e+00 5.854618196629248317e+00
-1.015452463921419124e+01 -9.676134413910371990e+00 -9.075667114825190396e+00 -8.384135550626572453e+00 -6.890402942097107797e+00 -4.049745571232002739e+00 -3.392285077706572949e+00 -2.542613466637770880e+00 3.112072546170105980e-01 2.608780055202990500e+00 2.901135182240371257e+00 4.517682004012084640e+00 3.036781918121419732e+00 2.251988864153563696e+00 5.670300043240634302e+00 5.670300043240634302e+00 5.670300043240634302e+00 5.670300043240634302e+00
-9.880602581150990105e+00 -9.139890164838554654e+00 -8.386482730792673479e+00 -7.994695192075991663e+00 -5.633739253871155483e+00 -2.832855314897714472e+00 -3.549374890755162326e+00 -1.388393138167897556e+00 1.123735632993682731e+00 3.237562327214759783e+00 4.334090892595028777e+00 3.758165833017681479e+00 2.071662850649815368e+00 2.479709612678070219e+00 5.575117623589303406e+00 5.575117623589303406e+00 5.575117623589303406e+00 5.575117623589303406e+00
-9.541494858469858897e+00 -8.723137672489380989e+00 -7.898086384558808959e+00 -6.585441646535431737e+00 -4.762471706948143257e+00 -2.576474326165599127e+00 -3.797454279992499515e+00 -1.675179128474358903e-01 2.610334280971700949e+00 3.962036696110319500e+00 4.593469472202444059e+00 2.020421362453298730e+00 4.704322137396178549e-01 2.352987523279658877e+00 6.050520261963948876e+00 6.050520261963948876e+00 6.050520261963948876e+00 6.050520261963948876e+00
-1.001145765053601799e+01 -8.120796286961413202e+00 -6.981840093805437242e+00 -5.408686481560312842e+00 -3.218606376169843131e+00 -2.062902737118513130e+00 -2.895129789407442811e+00 6.739846551784854922e-01 3.330879792598369527e+00 4.908174407922833105e+00 3.309102980098173941e+00 -1.939892366402198309e+00 3.566879995062274267e-01 2.502467642278927595e+00 5.884294832858355306e+00 5.884294832858355306e+00 5.884294832858355306e+00 5.884294832858355306e+00
-9.580080697217461250e+00 -7.694319102468592853e+00 -6.102246511503363280e+00 -4.825928112550871063e+00 -2.317304861103391289e+00 -3.030904743343132868e+00 -7.942710005325351874e-01 2.139504680059510111e+00 3.446096295429606382e+00 5.389547372956599247e+00 4.325172407250729378e+00 -9.863864301266916934e-01 9.643718950033186577e-01 2.589691420961476531e+00 5.860865127100185923e+00 5.860865127100185923e+00 5.860865127100185923e+00 5.860865127100185923e+00
-9.088922462533819413e+00 -7.085688183042960553e+00 -5.433859944525336161e+00 -4.001493569904877035e+00 -2.089899093578181599e+00 -2.644588289086053479e+00 3.226210414362696288e-01 2.948108271899631205e+00 3.963032356243238130e+00 6.073537323264907251e+00 5.870729878065813701e+00 1.871351330029298321e+00 6.514193544804643965e-01 2.677439193394158590e+00 5.774868193873059496e+00 5.774868193873059496e+00 5.774868193873059496e+00 5.774868193873059496e+00
-8.775659155176114723e+00 -6.621960762131721800e+00 -4.758069480442629562e+00 -3.394433380952408985e+00 -2.540999887123342127e+00 -2.433518719048473944e+00 1.219886158251477504e+00 3.384966814710479444e+00 4.198949649150347518e+00 5.020809440090062914e+00 4.531263039926237468e+00 4.593449406745353514e+00 3.534316784457256944e+00 3.246352010057010684e+00 5.686312742075645410e+00 5.686312742075645410e+00 5.686312742075645410e+00 5.686312742075645410e+00
-8.202612523573577619e+00 -6.415005861257690789e+00 -4.559453733197201153e+00 -2.489343954382646551e+00 -2.444196700054361404e+00 -1.933788626226035756e+00 2.424694817322586182e+00 3.820475162203222474e+00 3.943465446005329333e+00 3.216714181218038426e+00 3.320917507589038475e+00 3.140971469278440953e+00 3.880603786755906004e+00 5.118689914311471689e+00 5.918765306203606968e+00 5.918765306203606968e+00 5.918765306203606968e+00 5.918765306203606968e+00
-7.676801891955157942e+00 -6.292836820440312451e+00 -4.248052907181367743e+00 -2.289161705774226174e+00 -2.083812967623724255e+00 -1.050064284295715744e+00 2.676315097561421830e+00 3.761885834507824544e+00 3.705016357270966232e+00 1.764735515557309675e+00 1.552830513374578336e+00 1.601649477820028533e+00 2.788129998236151597e+00 4.287094446429153827e+00 6.008739064834904831e+00 6.008739064834904831e+00 6.008739064834904831e+00 6.008739064834904831e+00
-7.855942825362895121e+00 -6.131285324671258863e+00 -4.130590102275752074e+00 -1.844136840349565709e+00 -2.486091186104883111e+00 -3.988381411874285937e-02 3.271706868848369698e+00 3.947109984343996292e+00 3.047934454154127781e+00 1.590829356753910684e+00 1.096088127348692653e+00 1.106989518710806975e+00 1.969982080322937090e+00 3.610076693635694056e+00 5.820042509387826968e+00 5.820042509387826968e+00 5.820042509387826968e+00 5.820042509387826968e+00
-8.203169879382635088e+00 -6.479821816601985418e+00 -4.185204049136291182e+00 -2.584810322560858964e+00 -1.957561109170472324e+00 -9.501336339246773122e-01 3.424953100306513232e+00 4.001531858283572163e+00 2.969266368829539537e+00 1.503890787753969782e+00 7.845713329131275282e-01 5.376788979770976695e-01 1.248591746965077576e+00 3.246408706819486678e+00 5.727273108353041486e+00 5.727273108353041486e+00 5.727273108353041486e+00 5.727273108353041486e+00
-8.205308704392553665e+00 -6.731032287644255874e+00 -4.220638591949974483e+00 -2.205406237671950542e+00 -2.148049008033372953e+00 -3.480714431385437679e-01 2.915959191407251794e+00 3.994608397647137377e+00 2.752386818425640147e+00 1.274221907131314113e+00 -2.368917743057664449e+00 -1.575496130755562607e+00 1.158924812671535021e+00 3.076047859929232686e+00 5.699449487590485752e+00 5.699449487590485752e+00 5.699449487590485752e+00 5.699449487590485752e+00
-8.203535870380925132e+00 -6.980894392375563307e+00 -4.832683445610377326e+00 -2.468236078612825679e+00 -1.852191105036202545e+00 -1.959970830468940051e+00 1.936699837575440508e+00 3.869165702884475699e+00 2.310914361611235979e+00 9.275234567374209815e-01 -2.456467128375290354e+00 -1.545311547311734035e+00 1.163998724021449771e+00 3.396497856211153632e+00 5.590041922993035151e+00 5.590041922993035151e+00 5.590041922993035151e+00 5.590041922993035151e+00
-8.143369769813903147e+00 -7.244385284217894849e+00 -5.257015256005049153e+00 -3.363841775106950926e+00 -1.802070847954242439e+00 -1.947140224396674224e+00 7.018563534285655603e-01 3.604249104552836869e+00 2.163135928362850180e+00 5.083947650708459803e-02 -2.627639729706749083e+00 -1.149314376057896547e+00 1.250232477859973157e+00 3.645720800372559189e+00 6.104313116827144725e+00 6.104313116827144725e+00 6.104313116827144725e+00 6.104313116827144725e+00
-8.067619744124895576e+00 -7.174665551046903289e+00 -5.794998499542781012e+00 -4.250840359442759286e+00 -2.351838598047088169e+00 -1.667281851925869640e+00 -1.331619209386761593e+00 2.482989637174446429e+00 2.581451694494864668e+00 -3.614044157580145189e+00 -2.227472691883148670e+00 -7.295839048267680482e-01 1.468434438045769230e+00 3.718691849202040878e+00 6.015436228154813492e+00 6.015436228154813492e+00 6.015436228154813492e+00 6.015436228154813492e+00
-8.311748261642321722e+00 -7.819157289908316599e+00 -6.487718310788901377e+00 -4.940855329479505009e+00 -3.568499738525683362e+00 -1.620025829904107262e+00 -2.205407980974686488e+00 1.231709089551293212e+00 2.226679957197556181e+00 -3.026688007863917562e+00 2.652651733828880198e-01 1.039330077290921750e+00 1.834640740228798306e+00 4.214896051945713040e+00 5.898946451615306508e+00 5.898946451615306508e+00 5.898946451615306508e+00 5.898946451615306508e+00
-8.759472065375558003e+00 -7.834179897571845075e+00 -6.937665834994293235e+00 -5.691968603181306818e+00 -4.415443935446117685e+00 -2.407618401908424133e+00 -2.347671736461605541e+00 -9.264039888711171900e-01 1.734397667112664632e+00 9.880530630100971268e-02 3.120323664442901657e-01 7.961267969553835755e-01 2.147109103381322548e+00 4.794600785034536017e+00 5.619817574970126017e+00 5.619817574970126017e+00 5.619817574970126017e+00 5.619817574970126017e+00
-9.124683756497036669e+00 -8.195839556270085424e+00 -7.355667898906697921e+00 -6.386815536080184152e+00 -5.291600546765058866e+00 -3.959511403997448387e+00 -1.997924899066213955e+00 -2.569312507151497726e+00 9.677107179971963236e-01 1.399828737008315782e+00 8.843665120587949069e-01 -4.489105749772320242e-01 1.771204101675396769e+00 4.975975075853666496e+00 5.531683207800399238e+00 5.531683207800399238e+00 5.531683207800399238e+00 5.531683207800399238e+00
-9.439747844803001442e+00 -8.507918138066864699e+00 -7.915749375536728749e+00 -7.211513600190001760e+00 -6.308839893724920600e+00 -5.089851378758147860e+00 -2.602218471461722693e+00 -2.259241810360948399e+00 6.588249043397746696e-02 1.556921814983177388e+00 9.515068208764463353e-01 8.007885959524971842e-01 9.266536155225003624e-01 4.078810264612918957e+00 6.034863168897757646e+00 6.034863168897757646e+00 6.034863168897757646e+00 6.034863168897757646e+00
-9.836724062069484020e+00 -9.008511692672401594e+00 -8.465499404360718572e+00 -8.081401301905154710e+00 -7.320545031393893787e+00 -6.393111548319099668e+00 -4.064477904612513015e+00 -2.123148208411664406e+00 -2.257989892452494818e+00 9.479067283340341099e-01 1.151873282766210815e+00 9.695954826640946767e-01 4.723665557803974346e-01 3.979357470478731340e+00 6.123087820452984609e+00 6.123087820452984609e+00 6.123087820452984609e+00 6.123087820452984609e+00
-1.024482060152103102e+01 -9.815539341329845513e+00 -9.283776313112527490e+00 -8.754360012531885005e+00 -8.193626868706505917e+00 -7.138800425143148942e+00 -5.054886379854161227e+00 -2.573657616660814274e+00 -2.758382920113213732e+00 4.471975988860411588e-01 1.217125030159289301e+00 9.950192259718604326e-01 5.727478453927178359e-01 4.477114158157285750e+00 6.097436042823043856e+00 6.097436042823043856e+00 6.097436042823043856e+00 6.097436042823043856e+00
-1.040710211456179302e+01 -1.000958483763043105e+01 -9.552528332309094594e+00 -9.112762237429361534e+00 -8.491937645291464776e+00 -7.552254391069615380e+00 -6.244328981241878296e+00 -3.060979529491238971e+00 -2.638876861985659517e+00 -1.493930568515213997e+00 9.142873181243273972e-01 1.068046860637449136e+00 8.247094503953968925e-01 3.041615665713194083e+00 5.721973040536400212e+00 5.721973040536400212e+00 5.721973040536400212e+00 5.721973040536400212e+00
-1.046884991410740362e+01 -1.012345473229456516e+01 -9.715467056839072413e+00 -9.280598284006099874e+00 -8.733351187340190336e+00 -7.852348707184439114e+00 -6.629473533938032404e+00 -4.552755727915376305e+00 -3.110440448779974165e+00 -2.688982603506863800e+00 5.925813263808121789e-01 1.111446647084079142e+00 7.505615049570686370e-01 2.613122259066682940e+00 5.512362041587213213e+00 5.512362041587213213e+00 5.512362041587213213e+00 5.512362041587213213e+00
-1.045771259688255483e+01 -1.014310788532241681e+01 -9.780503462778721513e+00 -9.402041154233177878e+00 -8.815399873897192151e+00 -8.015594343016134715e+00 -6.863510747834379089e+00 -5.478538093909662621e+00 -2.627707956518997356e+00 -2.710147546564999566e+00 2.843591499406885603e-01 1.104133678633975935e+00 7.108803563220247312e-01 2.588611730642965458e+00 5.436253179714612749e+00 5.436253179714612749e+00 5.436253179714612749e+00 5.436253179714612749e+00
-1.045884040003863014e+01 -1.016717751752950605e+01 -9.843115756948442652e+00 -9.459882142712091380e+00 -8.966997270794452746e+00 -8.219449281953652431e+00 -7.069355853091241038e+00 -5.647560112757421535e+00 -3.614102036677627083e+00 -2.352728349785068396e+00 -9.127481775159576038e-01 7.484823974936276603e-01 1.524797542945895423e-01 2.798102790750868873e+00 5.529349043421365018e+00 5.529349043421365018e+00 5.529349043421365018e+00 5.529349043421365018e+00
-1.050966125529338768e+01 -1.015779110619172343e+01 -9.835022537998439063e+00 -9.489846390054614389e+00 -9.040286450345835334e+00 -8.313976046948077681e+00 -7.234776971742419960e+00 -5.859917243059634906e+00 -3.844048885067549826e+00 -2.636436989021857080e+00 -2.823195928083881423e+00 2.896302166291178648e-01 7.391444330733498713e-01 2.383584044181996653e+00 6.240721417036350083e+00 6.240721417036350083e+00 6.240721417036350083e+00 6.240721417036350083e+00
-1.050962898770593590e+01 -1.018192186059060056e+01 -9.894542607128425260e+00 -9.545743882585313145e+00 -9.057645952024806490e+00 -8.499709437176669269e+00 -7.363752893440299374e+00 -5.891536774715060432e+00 -4.455735511287536532e+00 -3.630987832362999601e+00 -2.790024139293923344e+00 1.760698580865253104e-01 9.590765227335057430e-02 2.443116520461978247e+00 6.159330878562815137e+00 6.159330878562815137e+00 6.159330878562815137e+00 6.159330878562815137e+00
-1.051148528425407314e+01 -1.022899715221165984e+01 -9.877027873116192680e+00 -9.564333320246799275e+00 -9.180288127426777578e+00 -8.501493675013483298e+00 -7.396096765583489940e+00 -5.958450246778278725e+00 -5.062137100425572633e+00 -3.023010193397533740e+00 -2.809780083969224407e+00 1.981094077262422204e-01 2.944494547865464384e-02 2.491563250697142351e+00 5.730365596523712135e+00 5.730365596523712135e+00 5.730365596523712135e+00 5.730365596523712135e+00
-1.056040447844436336e+01 -1.028137360947747325e+01 -9.936391215612786709e+00 -9.600228364091680788e+00 -9.235307297025375561e+00 -8.567706401285610340e+00 -7.498065043861921630e+00 -5.891687265593552603e+00 -5.173984925161543735e+00 -3.100189599265690710e+00 -3.065824435868886422e+00 -9.725353849413526097e-02 2.811469015693681683e-01 2.389123802907570315e+00 5.516570207334464016e+00 5.516570207334464016e+00 5.516570207334464016e+00 5.516570207334464016e+00
-1.058735787930052652e+01 -1.029623274430003832e+01 -9.992211267547116194e+00 -9.660033857329088036e+00 -9.324986029245152963e+00 -8.752000888320626615e+00 -7.541983364690937996e+00 -5.812837180799951931e+00 -5.348431866077697272e+00 -3.494618320553019686e+00 -2.536026611070536951e+00 -6.154513853953086366e-01 4.106402483102891132e-01 2.571790486919182772e+00 6.076083726952958841e+00 6.076083726952958841e+00 6.076083726952958841e+00 6.076083726952958841e+00
