-1.040114015690662974e+01 -1.029721829482006612e+01 -9.953494650362044283e+00 -9.638977694151577680e+00 -9.300981222292664441e+00 -8.994998675365771135e+00 -8.365133447487496099e+00 -7.249948224816626485e+00 -4.735706792406562116e+00 -2.475109683098911439e+00 -2.256703240831441803e+00 1.251292690003455443e-01 5.293052831292357485e-01 1.842496203300686419e+00 5.317385058575235135e+00 5.317385058575235135e+00 5.317385058575235135e+00 5.317385058575235135e+00
-1.035656347722264492e+01 -1.021670375318239721e+01 -9.963278831970585614e+00 -9.789871525153502674e+00 -9.448750528688764305e+00 -8.892130296859207306e+00 -8.176894565939136328e+00 -6.700378052992285838e+00 -3.338393052912740799e+00 -2.845612800579667923e+00 -1.726959337686551743e+00 -3.623021125238248125e-02 1.297577637165487907e+00 1.959560061036340617e+00 5.375692317020012823e+00 5.375692317020012823e+00 5.375692317020012823e+00 5.375692317020012823e+00
-1.030869318666900014e+01 -9.911342712828281165e+00 -9.839124251623942996e+00 -9.918451538535386192e+00 -9.574883759568523445e+00 -9.032584141461237337e+00 -8.106034781490933483e+00 -6.648837696675458986e+00 -3.026060964841184031e+00 -3.509560606145529782e+00 -6.562381513503251496e-01 1.676147945538959128e-01 1.736875627175418657e+00 1.923291093071954450e+00 4.975465921732408425e+00 4.975465921732408425e+00 4.975465921732408425e+00 4.975465921732408425e+00
-1.044549807477736714e+01 -1.034269998852594163e+01 -9.677914228078565273e+00 -9.323700078206350383e+00 -9.179501478638323775e+00 -9.334059127321101101e+00 -8.157274613224252846e+00 -6.183011307768198073e+00 -3.289043089604585912e+00 -3.377455519989475352e+00 -2.122367288614392458e-02 3.921549307439012866e-01 1.376190376537010929e+00 2.131135037764478213e+00 4.822791375304479544e+00 4.822791375304479544e+00 4.822791375304479544e+00 4.822791375304479544e+00
-1.053138700140733874e+01 -1.032875454150013539e+01 -9.859961778513810060e+00 -9.582176139696571227e+00 -9.015139835091860121e+00 -8.669786642229915685e+00 -8.155600911287747223e+00 -4.865374860751646935e+00 -3.422005519800188189e+00 -3.220159265193168530e+00 1.963652673934336845e-01 7.169272719676844652e-01 1.670003729536124082e+00 2.312198603856332912e+00 4.721886281153461873e+00 4.721886281153461873e+00 4.721886281153461873e+00 4.721886281153461873e+00
-1.041182632876799019e+01 -1.003690515341472178e+01 -1.012180262636478290e+01 -9.814405713289335864e+00 -9.356217480669798192e+00 -8.527761433927270929e+00 -7.479857035063691484e+00 -3.822248012700697473e+00 -4.028457965811328201e+00 -1.895874616354981113e+00 4.913399757948196944e-01 1.172818277198212300e+00 1.792381914451688152e+00 2.137440912938297632e+00 4.457483938230529574e+00 4.457483938230529574e+00 4.457483938230529574e+00 4.457483938230529574e+00
-1.043747935787079228e+01 -1.024614622136525277e+01 -9.950200711839396917e+00 -9.781827410920680421e+00 -9.342172682599569455e+00 -8.518353101690161466e+00 -7.086784392636602981e+00 -2.465498235450478415e+00 -3.779025963730199056e+00 -3.513287977082626412e-01 4.650186572140322383e-01 1.786607277668823990e+00 1.610739332719518302e+00 3.256705956649443401e+00 4.218428223712478164e+00 4.218428223712478164e+00 4.218428223712478164e+00 4.218428223712478164e+00
-1.045029316487681825e+01 -1.009737084008908425e+01 -1.001283768115658113e+01 -9.729696526494018727e+00 -9.196022687591632661e+00 -8.326760689485155353e+00 -4.945506217772980939e+00 -2.844709175785712585e+00 -2.710092004863345672e+00 4.026889189990243700e-01 1.555489553064644204e+00 1.913715637249266743e+00 1.828163231464779104e+00 4.353162001517574708e+00 5.249286618732576848e+00 5.249286618732576848e+00 5.249286618732576848e+00 5.249286618732576848e+00
-1.036411763239829753e+01 -9.913777606679182952e+00 -9.494889227711460933e+00 -9.098914745336708521e+00 -8.371489790437452783e+00 -6.954657377388620887e+00 -3.636361687874154480e+00 -3.966605844903998701e+00 -1.910299040136238968e+00 1.040131166237114657e+00 2.157919854580369723e+00 2.632639433304218013e+00 3.342077908550117549e+00 4.836846332357220390e+00 5.211016255454890889e+00 5.211016255454890889e+00 5.211016255454890889e+00 5.211016255454890889e+00
-1.046294389253216117e+01 -1.007749950032338226e+01 -9.433059895049506594e+00 -8.444262810789981089e+00 -7.447327152902744274e+00 -5.643227477569285000e+00 -2.322504888449568483e+00 -3.791996670961366167e+00 -1.171062304649771596e-01 1.805112924673827113e+00 3.042779495783834776e+00 3.423832823334295838e+00 4.962179195390937991e+00 5.002552882178550320e+00 5.334086501928825719e+00 5.334086501928825719e+00 5.334086501928825719e+00 5.334086501928825719e+00
-1.030174141831578893e+01 -9.581399795800070507e+00 -9.035155946050572595e+00 -8.464915130743055016e+00 -7.040593606164262219e+00 -4.122841653167603759e+00 -3.410684804737225573e+00 -2.427643123033961903e+00 9.988429170489956377e-01 3.060972354515048011e+00 3.067682298944820918e+00 4.609551526332419158e+00 3.000144039403872753e+00 2.228129600022511703e+00 5.723957275492818297e+00 5.723957275492818297e+00 5.723957275492818297e+00 5.723957275492818297e+00
-9.894909167601737110e+00 -9.057058468819811026e+00 -8.315878031662347070e+00 -7.860268605020230837e+00 -5.512542729410727205e+00 -2.329071114898198847e+00 -2.699793752862229113e+00 5.348562941870609738e-02 2.399963119726431504e+00 3.124585377225646443e+00 4.517041298947815697e+00 3.727946747880625189e+00 1.962740094214410203e+00 2.493273130033711205e+00 5.494117860077496474e+00 5.494117860077496474e+00 5.494117860077496474e+00 5.494117860077496474e+00
-9.423144579089351325e+00 -8.633944077482420099e+00 -7.935700967150441265e+00 -6.354483678012753600e+00 -4.429629378514938765e+00 -3.133117257154183655e+00 -2.816537250206508247e+00 8.455955246601025710e-01 3.162103290647355180e+00 4.076241526401021886e+00 4.686220554019393525e+00 2.011346434101117797e+00 5.122511482799623206e-01 2.441063767239220361e+00 5.335348601102912092e+00 5.335348601102912092e+00 5.335348601102912092e+00 5.335348601102912092e+00
-1.005768170023646313e+01 -7.902508161666535358e+00 -6.778994376936101851e+00 -5.343657198851505363e+00 -3.188054667534946152e+00 -1.540744586437787778e+00 -2.159297449781382827e+00 2.176001025822388524e+00 3.322868579682151768e+00 5.011154310798477063e+00 3.260189302467361383e+00 -1.774353371820452274e+00 4.034472207195841653e-01 2.555640999376422418e+00 5.177701031042533764e+00 5.177701031042533764e+00 5.177701031042533764e+00 5.177701031042533764e+00
-9.453544164857540011e+00 -7.635263360546012734e+00 -5.860445182801810482e+00 -4.552199094035161764e+00 -2.064938901795127180e+00 -2.797291597004881503e+00 1.790020015814798859e-01 3.031579544868586940e+00 3.538773709201698203e+00 5.495256225337018741e+00 4.453224248190682744e+00 -9.216582197764997542e-01 9.970329009317235869e-01 2.450810553412965831e+00 5.191679212639459529e+00 5.191679212639459529e+00 5.191679212639459529e+00 5.191679212639459529e+00
-9.044330002853881112e+00 -6.899651476158410901e+00 -5.177879427041029103e+00 -3.776297136072488847e+00 -1.594714296154259303e+00 -1.998536375078571847e+00 1.872001660224397401e+00 2.966669138480042989e+00 4.128759561417503221e+00 6.343268691647065971e+00 6.014151358996706165e+00 1.944033231422315211e+00 9.500446726388120933e-01 2.793669048530722954e+00 5.135467063096385232e+00 5.135467063096385232e+00 5.135467063096385232e+00 5.135467063096385232e+00
-8.690835726096041824e+00 -6.480545769260206868e+00 -4.628673164595490164e+00 -2.660931153364588297e+00 -1.610434913915912869e+00 -1.257313619155730811e+00 3.098287276134961576e+00 3.399079979646471017e+00 4.202793036237335578e+00 5.090784933352403563e+00 4.574034945463467672e+00 4.697615946229597661e+00 3.619865825973114681e+00 3.239018658795161265e+00 5.358845889062145318e+00 5.358845889062145318e+00 5.358845889062145318e+00 5.358845889062145318e+00
-7.970013673397177811e+00 -6.166689800341666583e+00 -4.302483880260032478e+00 -1.785009994875831785e+00 -2.325256793699500779e+00 7.377970305635898063e-01 3.460276938597195873e+00 3.873660414757512882e+00 4.122982632438435324e+00 3.216217159791576297e+00 3.362088517006198707e+00 3.164981589544519913e+00 3.956967721253383807e+00 5.161262231142209167e+00 5.383561470706476726e+00 5.383561470706476726e+00 5.383561470706476726e+00 5.383561470706476726e+00
-7.371904536391817864e+00 -6.030123146843203941e+00 -4.185663308484403267e+00 -1.739878653123030583e+00 -1.941847248548235649e+00 1.830914082007875088e+00 3.125940660942026383e+00 3.807454536497135056e+00 3.777131105712106418e+00 1.787643427299723031e+00 1.535792498567457587e+00 1.574076166751503969e+00 2.824119339572948917e+00 4.297771455485781544e+00 5.144385806630284108e+00 5.144385806630284108e+00 5.144385806630284108e+00 5.144385806630284108e+00
-7.912392521422775715e+00 -6.104448060962490707e+00 -3.857240739849141065e+00 -2.815081938199855749e+00 -1.525068357689691068e+00 2.270824446385344419e+00 3.041846675056853577e+00 4.058626846258504450e+00 3.085487855262747825e+00 1.549051460838252181e+00 7.896407964897935727e-01 1.015114650107283634e+00 1.998583867696207328e+00 3.652262340407374630e+00 5.360285545412223129e+00 5.360285545412223129e+00 5.360285545412223129e+00 5.360285545412223129e+00
-8.209967290155978148e+00 -6.256416853750519813e+00 -4.065768360614999466e+00 -1.588121310622950144e+00 -1.711001029508912863e+00 1.940254036361800827e+00 3.122392075295956193e+00 4.002862884336385818e+00 3.015531851308929312e+00 1.414623799877718247e+00 6.072840298996273756e-01 3.759349737141826631e-01 1.287186353174585518e+00 3.346564021267149247e+00 5.216527052747756521e+00 5.216527052747756521e+00 5.216527052747756521e+00 5.216527052747756521e+00
-8.081956146258892915e+00 -6.272299901869580196e+00 -4.000005410395995220e+00 -1.875326361642998263e+00 -1.425606538985329852e+00 2.101954197857485607e+00 3.171339346420554595e+00 4.055382655858983831e+00 2.806124552953512818e+00 1.206398689720028061e+00 -2.547965909362985837e+00 -1.544097903319983089e+00 1.210463494184109035e+00 3.205921125914898973e+00 5.160314903204683112e+00 5.160314903204683112e+00 5.160314903204683112e+00 5.160314903204683112e+00
-8.081369827915139581e+00 -6.848108186519366036e+00 -4.666725625798193278e+00 -2.705065302451139075e+00 -1.613887290326078805e+00 8.730636328253595924e-01 3.149087858299499665e+00 3.941143200098588650e+00 2.345457202536253671e+00 8.235237701673923105e-01 -2.560418591130802390e+00 -1.519239265407930972e+00 1.248753424418849622e+00 3.522013039588264949e+00 5.425729226697145080e+00 5.425729226697145080e+00 5.425729226697145080e+00 5.425729226697145080e+00
-8.029828052092112145e+00 -7.169002718272722063e+00 -4.930372374832129978e+00 -2.875503192749642611e+00 -1.317792050057246644e+00 -1.186678020883706663e+00 3.173789432366435292e+00 3.717684940669228943e+00 2.056110918818102373e+00 -1.565267609753732803e+00 -2.642277234002540887e+00 -1.154858321305869406e+00 1.242127047557245678e+00 3.766079408576368248e+00 5.273005081335444544e+00 5.273005081335444544e+00 5.273005081335444544e+00 5.273005081335444544e+00
-7.946528315103519979e+00 -7.115331604808420529e+00 -5.600635166034064305e+00 -4.032811593918403048e+00 -3.063023142706755131e+00 -1.775698339052224073e+00 7.423008984990435710e-01 2.966643075364207682e+00 1.913151555064255049e+00 -3.705815356303727715e+00 -2.333521780882572116e+00 -4.849390656261718946e-01 1.449476825921906187e+00 3.728737574400960320e+00 5.458793750423439839e+00 5.458793750423439839e+00 5.458793750423439839e+00 5.458793750423439839e+00
-8.299758485414354681e+00 -7.739202522476730906e+00 -6.499535526593835932e+00 -4.924973029655637546e+00 -3.000708755056125998e+00 -1.926431707072359556e+00 -8.708844837061114896e-01 2.173061175543436807e+00 1.563893509015873873e+00 -3.232297678494721715e+00 -1.463177727492309121e-01 1.012216234580510577e+00 1.837666406924125972e+00 4.109593465014179436e+00 5.358768759963857597e+00 5.358768759963857597e+00 5.358768759963857597e+00 5.358768759963857597e+00
-8.702550512423661289e+00 -7.769963858954343827e+00 -6.820654844294473662e+00 -5.473862587524198631e+00 -4.183072108348995677e+00 -2.638658221000784732e+00 -2.242216167426152928e+00 9.017507294726315181e-02 1.849265483872182037e+00 -2.761914283826725769e-01 4.599791392078513841e-01 2.955091532507506669e-01 2.218289676823630874e+00 4.640836848479438004e+00 5.241374892856050849e+00 5.241374892856050849e+00 5.241374892856050849e+00 5.241374892856050849e+00
-9.087097947280717847e+00 -8.189355852839565131e+00 -7.356884686583721411e+00 -6.326195381182828648e+00 -5.097936041452528322e+00 -3.934155784325942484e+00 -1.685916224615203740e+00 -1.575764515320126291e+00 9.455122736312262521e-01 1.499315986868078321e+00 4.238046306582479161e-01 4.322819597852157747e-01 1.847887539242684118e+00 4.762443249535719403e+00 5.185162743312971223e+00 5.185162743312971223e+00 5.185162743312971223e+00 5.185162743312971223e+00
-9.339059029810403700e+00 -8.501081403779910062e+00 -7.967277187337510114e+00 -7.261985305863408513e+00 -6.213607411024184124e+00 -5.003186959564097869e+00 -2.635884258705484484e+00 -2.238763812304945588e+00 -1.917636562898240027e-01 9.490895886485414268e-01 1.011673409225132492e+00 5.197476196842215623e-01 1.155474764111792396e+00 4.104002224393881626e+00 5.090955831014971622e+00 5.090955831014971622e+00 5.090955831014971622e+00 5.090955831014971622e+00
-9.889953843564919467e+00 -8.942980326132026647e+00 -8.519777478785735880e+00 -8.068947458992719035e+00 -7.320959863682973356e+00 -6.399623651232571930e+00 -4.539876810930114637e+00 -2.271112837895434389e+00 -1.974927866202664362e+00 5.947500820120963372e-01 1.188779151788055710e+00 9.883008702686115754e-01 1.031610826299439454e-01 3.911687583417796432e+00 5.331706941321638027e+00 5.331706941321638027e+00 5.331706941321638027e+00 5.331706941321638027e+00
-1.030452945229220418e+01 -9.805380718247018734e+00 -9.295807172029668664e+00 -8.808720928012737872e+00 -8.256643127317918385e+00 -7.191047048201312464e+00 -5.481863156213455213e+00 -2.969724422540919395e+00 -2.761426883499244589e+00 -1.640384389030594692e-01 9.428666088143431434e-01 1.137945522767068951e+00 3.894132048004987356e-01 4.452794654468561930e+00 5.439828749615217340e+00 5.439828749615217340e+00 5.439828749615217340e+00 5.439828749615217340e+00
-1.035431488736774952e+01 -1.001432172741722404e+01 -9.559638305603098019e+00 -9.136959328790727142e+00 -8.556958222429473793e+00 -7.631128193546292238e+00 -6.323368799997418854e+00 -3.774767102635436355e+00 -2.743728243419313095e+00 -2.308509472562741749e+00 5.721047275583176495e-01 1.081589677674264838e+00 7.718990697024709080e-01 3.764318196530784810e+00 5.322434882507416809e+00 5.322434882507416809e+00 5.322434882507416809e+00 5.322434882507416809e+00
-1.039008648145916958e+01 -1.009982204254587934e+01 -9.715924696684620443e+00 -9.291664103042636569e+00 -8.785778267290067944e+00 -7.879338835560570686e+00 -6.621911403259627349e+00 -5.268724901919321191e+00 -3.025982903138210389e+00 -2.740936337813201895e+00 6.588298438893165979e-03 1.264495433996515983e+00 5.802182513706060085e-01 2.831723493607850806e+00 5.266222732964346065e+00 5.266222732964346065e+00 5.266222732964346065e+00 5.266222732964346065e+00
-1.043099504471265249e+01 -1.014534719342472613e+01 -9.728299608084167716e+00 -9.417613261073276121e+00 -8.911921701567749210e+00 -8.064903489277625681e+00 -6.856363904862766034e+00 -5.572808008731395368e+00 -3.844610032702524105e+00 -2.232478404506975878e+00 -1.144638857027557632e+00 7.363295721898621693e-01 6.138794059072395504e-01 2.642235291143092191e+00 5.210010583421270880e+00 5.210010583421270880e+00 5.210010583421270880e+00 5.210010583421270880e+00
-1.043862964806819527e+01 -1.013064697617532595e+01 -9.883806062510366530e+00 -9.481937267279509030e+00 -9.038874064462802949e+00 -8.261651587590851165e+00 -7.041766515282413152e+00 -5.713630094349038124e+00 -4.800556662952792486e+00 -1.992967485129384375e+00 -2.128640549173996366e+00 2.300693490312201994e-01 8.412844022167207392e-01 2.752227851545456350e+00 5.166129855552319405e+00 5.166129855552319405e+00 5.166129855552319405e+00 5.166129855552319405e+00
-1.047784195041808175e+01 -1.019160156742664114e+01 -9.816138633848078499e+00 -9.487391187445926022e+00 -9.135080162875965470e+00 -8.395664252318898235e+00 -7.163294882424631638e+00 -5.767801556783258121e+00 -5.055565759225518541e+00 -2.762137492369937330e+00 -2.818822005016381915e+00 3.206985679892804253e-02 6.760071304105134127e-01 2.399919501921812248e+00 5.520888739266583300e+00 5.520888739266583300e+00 5.520888739266583300e+00 5.520888739266583300e+00
-1.050337031027260615e+01 -1.020324827101636345e+01 -9.927354621461223161e+00 -9.564707622587807379e+00 -9.159689025387844907e+00 -8.556695788077190556e+00 -7.328107701370513816e+00 -5.822994876191406988e+00 -4.957821784067045989e+00 -3.319650443026236797e+00 -2.044495935041784840e+00 -2.870503364840975014e-01 -9.717786627053254245e-02 2.343076660169313374e+00 5.464676589723513445e+00 5.464676589723513445e+00 5.464676589723513445e+00 5.464676589723513445e+00
-1.052903783883871291e+01 -1.027389941621479430e+01 -9.909709688720937493e+00 -9.598030641783820371e+00 -9.253515323303560081e+00 -8.575511930700411511e+00 -7.380395530373600188e+00 -5.922647343781594742e+00 -5.094995065016282965e+00 -2.891038239282292199e+00 -3.117410013340406572e+00 -1.195163989486445644e+00 3.111769300404794714e-01 2.239193714193457474e+00 5.347282722615704920e+00 5.347282722615704920e+00 5.347282722615704920e+00 5.347282722615704920e+00
-1.057803017997570905e+01 -1.026768252368405854e+01 -9.941958539172171427e+00 -9.654756630647778337e+00 -9.259748758509301680e+00 -8.672008955392453089e+00 -7.616142838916957203e+00 -5.934780446982099278e+00 -5.170154081568137272e+00 -3.606813653997575031e+00 -3.237815320370132977e+00 -1.837879823231583165e+00 1.965389704966751666e-02 2.303290600385761611e+00 5.291357533704227123e+00 5.291357533704227123e+00 5.291357533704227123e+00 5.291357533704227123e+00
-1.059342102461528512e+01 -1.029180752559757295e+01 -9.994009953147664049e+00 -9.648467402617505684e+00 -9.299642793657479700e+00 -8.862069545126148640e+00 -7.564254445699188700e+00 -5.897828960544922339e+00 -5.186947691699669072e+00 -3.735963439019319043e+00 -3.635235625376158186e+00 -2.145425454039691093e+00 -2.439032861170875588e-01 2.518068350795369170e+00 4.988422933262667947e+00 4.988422933262667947e+00 4.988422933262667947e+00 4.988422933262667947e+00
