-1.040114772617373262e+01 -1.029809336473888948e+01 -9.954462737122318217e+00 -9.640104215175892222e+00 -9.301141900441850296e+00 -8.996569445260080400e+00 -8.366394208981489555e+00 -7.249565028048650994e+00 -4.728092084131450434e+00 -2.478239107659746754e+00 -2.248829338424681357e+00 1.387713662525068004e-01 5.240713914473552615e-01 1.844314571182073204e+00 5.325013048265746285e+00 5.325013048265746285e+00 5.325013048265746285e+00 5.325013048265746285e+00
-1.035779440236523641e+01 -1.022244821090477451e+01 -9.964554499018728251e+00 -9.790643003711574366e+00 -9.449416251301194336e+00 -8.892719134958717575e+00 -8.178479855619766425e+00 -6.696277307192632477e+00 -3.307144968531964935e+00 -2.861876449472168460e+00 -1.728777596663535254e+00 -3.443932175828763598e-02 1.284977928938699332e+00 1.960625120840256752e+00 5.387475103985129188e+00 5.387475103985129188e+00 5.387475103985129188e+00 5.387475103985129188e+00
-1.031019044982993726e+01 -9.910400121458971867e+00 -9.841232811692039562e+00 -9.923709741537830809e+00 -9.574770612637177436e+00 -9.031607267412054441e+00 -8.105877631065604660e+00 -6.644388244374883179e+00 -3.009092659646722900e+00 -3.518369309394280720e+00 -6.555055560123934644e-01 1.700323278074694633e-01 1.756697138040803630e+00 1.922932806061177224e+00 4.984861650264631017e+00 4.984861650264631017e+00 4.984861650264631017e+00 4.984861650264631017e+00
-1.044590606097817265e+01 -1.034541798769181398e+01 -9.674258447773414815e+00 -9.324873460484203846e+00 -9.180294943694724097e+00 -9.342985973798306532e+00 -8.157238751425795797e+00 -6.175451814234020453e+00 -3.309070722182780866e+00 -3.383919950233428064e+00 -4.081636498971256272e-03 3.760923461312013494e-01 1.386125506837923460e+00 2.130367684772172421e+00 4.822011612918916335e+00 4.822011612918916335e+00 4.822011612918916335e+00 4.822011612918916335e+00
-1.053161763388912675e+01 -1.033151799236111934e+01 -9.859666700155450769e+00 -9.582743263214773322e+00 -9.016785215937606068e+00 -8.670783760588413713e+00 -8.157428687522006783e+00 -4.852477122353242578e+00 -3.449529511443656826e+00 -3.227058502143378860e+00 2.136092269604191463e-01 7.278251510750982645e-01 1.664963557057370869e+00 2.312193517818278643e+00 4.717044096505163431e+00 4.717044096505163431e+00 4.717044096505163431e+00 4.717044096505163431e+00
-1.041356526898078627e+01 -1.003826037767707469e+01 -1.012169846333263123e+01 -9.813677273457036776e+00 -9.358236642447682385e+00 -8.527105477205438433e+00 -7.477140064451500479e+00 -3.813672050019751403e+00 -4.038375870347453933e+00 -1.917529490249170188e+00 5.084667489635656956e-01 1.200599711936492842e+00 1.804133031361365935e+00 2.137370478896716719e+00 4.457326442581018178e+00 4.457326442581018178e+00 4.457326442581018178e+00 4.457326442581018178e+00
-1.043879971097459247e+01 -1.024683034311305363e+01 -9.952561366641402785e+00 -9.783427385105280649e+00 -9.344358364203305456e+00 -8.518761971138228972e+00 -7.080779169115166916e+00 -2.449111920627799588e+00 -3.782855445868392952e+00 -3.458153516802795480e-01 4.355603958323066016e-01 1.793522262151013180e+00 1.611380554322223269e+00 3.254637282228786344e+00 4.217208417087610961e+00 4.217208417087610961e+00 4.217208417087610961e+00 4.217208417087610961e+00
-1.045039201600212131e+01 -1.009897801516020799e+01 -1.001491829041536796e+01 -9.730693024735318275e+00 -9.197174827209307679e+00 -8.328695867661165764e+00 -4.946725754214252646e+00 -2.858019749645943630e+00 -2.708057010975259971e+00 4.202898344710947476e-01 1.557009614998579705e+00 1.911358357825407417e+00 1.830360255734412300e+00 4.353270396868589742e+00 5.257131616445374078e+00 5.257131616445374078e+00 5.257131616445374078e+00 5.257131616445374078e+00
-1.036206957119751060e+01 -9.906978341588548176e+00 -9.493196053103694965e+00 -9.100921740796465542e+00 -8.376149654984674342e+00 -6.956476670261627859e+00 -3.630321862139483713e+00 -3.963127501802957919e+00 -1.941570766542467741e+00 1.031215140334251101e+00 2.161890421285503905e+00 2.630202893310503942e+00 3.341008467479881450e+00 4.840193042404986379e+00 5.217937310444286325e+00 5.217937310444286325e+00 5.217937310444286325e+00 5.217937310444286325e+00
-1.046449513845620949e+01 -1.007833535474423492e+01 -9.432071214813399607e+00 -8.444464683765197321e+00 -7.448746938307583498e+00 -5.651936596891021125e+00 -2.315974167968429587e+00 -3.798959796781557152e+00 -1.229563562113496211e-01 1.797970467816301099e+00 3.041391300932130726e+00 3.422057641972747533e+00 4.962427512286262221e+00 5.003253377603879670e+00 5.335523449124527140e+00 5.335523449124527140e+00 5.335523449124527140e+00 5.335523449124527140e+00
-1.030439168833541963e+01 -9.586497055548630186e+00 -9.039353281854159761e+00 -8.466436840448736234e+00 -7.047320099127262871e+00 -4.128592789013289632e+00 -3.395628608980652885e+00 -2.455259601006015480e+00 9.827522872061285053e-01 3.059659203904767200e+00 3.068916073677153911e+00 4.610776163794702676e+00 3.005932141521746370e+00 2.228234833937578596e+00 5.739391958234096869e+00 5.739391958234096869e+00 5.739391958234096869e+00 5.739391958234096869e+00
-9.894804667182139468e+00 -9.059579682291730052e+00 -8.319601298136117151e+00 -7.865859220630853521e+00 -5.521141951141665061e+00 -2.318384388889772829e+00 -2.693412637302815771e+00 5.508107218239216563e-02 2.385541316774874243e+00 3.125946443995688995e+00 4.520759937094487313e+00 3.726664844155433975e+00 1.964077624761690677e+00 2.491621914849083463e+00 5.505831166032919555e+00 5.505831166032919555e+00 5.505831166032919555e+00 5.505831166032919555e+00
-9.424731987039912440e+00 -8.638868293290489220e+00 -7.938854014622285682e+00 -6.359568263767614305e+00 -4.439662301788160015e+00 -3.149432759544132487e+00 -2.830114188619416549e+00 8.263017088999192739e-01 3.159542056687483225e+00 4.077342436732129372e+00 4.685733023260689301e+00 2.012434289345359062e+00 5.127653067306607859e-01 2.442717494582572257e+00 5.346405563051450649e+00 5.346405563051450649e+00 5.346405563051450649e+00 5.346405563051450649e+00
-1.006027838730174295e+01 -7.907665918053330856e+00 -6.782553800622896034e+00 -5.354252131895937517e+00 -3.192935356290571569e+00 -1.478892462995536672e+00 -2.217321123382329340e+00 2.149422450688785791e+00 3.324452859802457638e+00 5.011658168659800516e+00 3.259630778913263249e+00 -1.768360401805144866e+00 4.054420693485545346e-01 2.554327707730935426e+00 5.182623363748458445e+00 5.182623363748458445e+00 5.182623363748458445e+00 5.182623363748458445e+00
-9.456427243854065523e+00 -7.638476255397048220e+00 -5.866858332299478285e+00 -4.563164227448588406e+00 -2.065148086935068239e+00 -2.805338117039096524e+00 1.802849623738615459e-01 3.029184280043192068e+00 3.539157866870215940e+00 5.494835375207494543e+00 4.452630919487709171e+00 -9.225430744764202551e-01 9.979546367013599761e-01 2.447027480432053537e+00 5.187365918201128245e+00 5.187365918201128245e+00 5.187365918201128245e+00 5.187365918201128245e+00
-9.045975082251642263e+00 -6.902614154092678866e+00 -5.185803143720133512e+00 -3.794166289079861532e+00 -1.592721763469783447e+00 -2.015211177607184823e+00 1.836802449635599244e+00 2.965995484209597244e+00 4.126796094043278629e+00 6.347239687841460309e+00 6.013240893721253144e+00 1.945271374810322085e+00 9.621849308567483883e-01 2.795666676552722496e+00 5.129591020168386528e+00 5.129591020168386528e+00 5.129591020168386528e+00 5.129591020168386528e+00
-8.693736306769741518e+00 -6.482284566446890217e+00 -4.641536181575745879e+00 -2.670551356028985968e+00 -1.594618554245900821e+00 -1.294632705474809020e+00 3.094531639659988009e+00 3.403705435869786466e+00 4.201312299712907539e+00 5.090562587441000097e+00 4.573011215616509695e+00 4.695551945346752021e+00 3.599439820510762722e+00 3.241368328276139632e+00 5.360833579123702286e+00 5.360833579123702286e+00 5.360833579123702286e+00 5.360833579123702286e+00
-7.974035293202895502e+00 -6.171980046741667003e+00 -4.313252528580963308e+00 -1.787447036981868687e+00 -2.341243688489235808e+00 7.403578478389295503e-01 3.457846486124774632e+00 3.874135727034083487e+00 4.123480668916045921e+00 3.214503695528831972e+00 3.361258715613859138e+00 3.164187885860746174e+00 3.958341665961548905e+00 5.161713060771619510e+00 5.390039235500231563e+00 5.390039235500231563e+00 5.390039235500231563e+00 5.390039235500231563e+00
-7.365603562951027250e+00 -6.031526047773750676e+00 -4.203208218692378928e+00 -1.747542585026519379e+00 -1.975009278440418070e+00 1.793757039552509092e+00 3.126454328440321007e+00 3.804698691878143801e+00 3.777175479379920819e+00 1.789233612712522792e+00 1.537185513430195050e+00 1.575403230599774496e+00 2.825017166737699092e+00 4.298876489746704443e+00 5.147309417052684744e+00 5.147309417052684744e+00 5.147309417052684744e+00 5.147309417052684744e+00
-7.911766722874984836e+00 -6.106053356986597791e+00 -3.872924954103999173e+00 -2.847382883794286279e+00 -1.519365205360220239e+00 2.247992870664732301e+00 3.042234451454646660e+00 4.060431104398784186e+00 3.086536495315180151e+00 1.550449207354625214e+00 7.956037861011138190e-01 1.017631257738794259e+00 1.998926924509768943e+00 3.653721404487812574e+00 5.361979236111955593e+00 5.361979236111955593e+00 5.361979236111955593e+00 5.361979236111955593e+00
-8.212625870857898747e+00 -6.262053055880701713e+00 -4.088496803716558325e+00 -1.593302622783316247e+00 -1.734517932404315843e+00 1.903462707516655916e+00 3.123075448893523287e+00 4.001801620490047284e+00 3.018240363875031473e+00 1.415355980302792638e+00 6.110843365289976292e-01 3.743164837488957564e-01 1.288319754036521436e+00 3.346848343294140271e+00 5.212109390087038108e+00 5.212109390087038108e+00 5.212109390087038108e+00 5.212109390087038108e+00
-8.086681988365562290e+00 -6.275884468553148743e+00 -4.017727785982913247e+00 -1.883879483706146996e+00 -1.441920284412397057e+00 2.068207833108661298e+00 3.170684922558227203e+00 4.052544044500741904e+00 2.808017686690305048e+00 1.208927404802323524e+00 -2.546829803626159183e+00 -1.543718347071747710e+00 1.211732929513617663e+00 3.207633807807200199e+00 5.154334492054299943e+00 5.154334492054299943e+00 5.154334492054299943e+00 5.154334492054299943e+00
-8.082653167305448250e+00 -6.845486694774676195e+00 -4.674095991902464498e+00 -2.698525841395178038e+00 -1.607960794211475308e+00 8.704252170303214964e-01 3.148903919138524188e+00 3.940848055482890633e+00 2.346486264189240778e+00 8.263587581007483251e-01 -2.562208356895006478e+00 -1.516496693368462489e+00 1.251095751116875210e+00 3.524245940141199629e+00 5.430218557313065908e+00 5.430218557313065908e+00 5.430218557313065908e+00 5.430218557313065908e+00
-8.029383068417196512e+00 -7.169919152377474347e+00 -4.926439234051050775e+00 -2.878578657813524178e+00 -1.307260265520406639e+00 -1.209608842835568687e+00 3.174002969422698328e+00 3.716076562959685248e+00 2.056613791529205315e+00 -1.523335853278906971e+00 -2.641004089651397102e+00 -1.148827387899096220e+00 1.241624218152269865e+00 3.769335091925875680e+00 5.274247304967530248e+00 5.274247304967530248e+00 5.274247304967530248e+00 5.274247304967530248e+00
-7.947774595410679765e+00 -7.115991619284960379e+00 -5.608489868636832298e+00 -4.043082025903047771e+00 -3.081805951245103703e+00 -1.796757107485646987e+00 7.238485461067055704e-01 2.966190733585051031e+00 1.912368962060561506e+00 -3.703543050979212659e+00 -2.327535561423017096e+00 -4.849283094161730978e-01 1.448173475758018469e+00 3.728035748283355044e+00 5.462081323292854229e+00 5.462081323292854229e+00 5.462081323292854229e+00 5.462081323292854229e+00
-8.299295484467078765e+00 -7.744347530674421165e+00 -6.509360788067680481e+00 -4.932568045752490526e+00 -2.998454063151039239e+00 -1.913951840987724529e+00 -8.696117164310909198e-01 2.154632945655829523e+00 1.572368565205330970e+00 -3.229656769374011027e+00 -1.463779885736269382e-01 1.011699281760983782e+00 1.836635620049299700e+00 4.106435228491315925e+00 5.357351352415610890e+00 5.357351352415610890e+00 5.357351352415610890e+00 5.357351352415610890e+00
-8.701029655960338616e+00 -7.774841626463483202e+00 -6.825419651133201704e+00 -5.477812895433078033e+00 -4.192136629644609869e+00 -2.650740888337397294e+00 -2.261839272895781239e+00 7.523834917261425226e-02 1.850212757746828363e+00 -2.715624684135187761e-01 4.628024730048969637e-01 2.940557594077579107e-01 2.220391056914805983e+00 4.640049645953170376e+00 5.236852861972947082e+00 5.236852861972947082e+00 5.236852861972947082e+00 5.236852861972947082e+00
-9.090488322333118987e+00 -8.185113179617463430e+00 -7.353171738154270720e+00 -6.331934904906462158e+00 -5.103071088956102841e+00 -3.941623520386025259e+00 -1.669860316897978869e+00 -1.581439137129090122e+00 9.246621180654612804e-01 1.508130468481853059e+00 4.241171098919557236e-01 4.370543710507907020e-01 1.846623913647625681e+00 4.762635611155133120e+00 5.179077963940200924e+00 5.179077963940200924e+00 5.179077963940200924e+00 5.179077963940200924e+00
-9.339409057976441275e+00 -8.502186212278520117e+00 -7.970044860406808596e+00 -7.262119225034338932e+00 -6.213616265902532021e+00 -5.007586392474821402e+00 -2.626090963592016436e+00 -2.255050902511807287e+00 -2.094335645098729382e-01 9.452608923947181108e-01 1.023009629602145809e+00 5.235196257942078546e-01 1.152791506604195382e+00 4.104022428956099589e+00 5.082976813814025441e+00 5.082976813814025441e+00 5.082976813814025441e+00 5.082976813814025441e+00
-9.887267496172304604e+00 -8.941068546431800712e+00 -8.518022280271328128e+00 -8.069154425324704505e+00 -7.318592808374375203e+00 -6.396524252248935838e+00 -4.544759718693765826e+00 -2.272230761439085089e+00 -1.985902964613367683e+00 5.828924790617602270e-01 1.199937112457847954e+00 9.896488648245345132e-01 1.037298515852567299e-01 3.910234701581034589e+00 5.329469263605762563e+00 5.329469263605762563e+00 5.329469263605762563e+00 5.329469263605762563e+00
-1.030527520778199957e+01 -9.805101377597964074e+00 -9.294947388538593813e+00 -8.807651496576735184e+00 -8.256014554877930678e+00 -7.189077962360673979e+00 -5.477950981468603153e+00 -2.941961633750312721e+00 -2.802547581918639175e+00 -1.552925417263534280e-01 9.387328178749734242e-01 1.139331533227339266e+00 3.993159467768219728e-01 4.462376657667319613e+00 5.439869722334251811e+00 5.439869722334251811e+00 5.439869722334251811e+00 5.439869722334251811e+00
-1.035357436194013303e+01 -1.001463822199242237e+01 -9.559820328096686026e+00 -9.136541568894083198e+00 -8.555591560188666733e+00 -7.629569956233232197e+00 -6.321861786690692320e+00 -3.742762790506158233e+00 -2.742098327087504117e+00 -2.326313380030125000e+00 5.448263436951031879e-01 1.093958541222166181e+00 7.705032800275311011e-01 3.758494833305048299e+00 5.319371231891594221e+00 5.319371231891594221e+00 5.319371231891594221e+00 5.319371231891594221e+00
-1.039173220385963070e+01 -1.009977953603520362e+01 -9.715963367385324290e+00 -9.291279984080818011e+00 -8.784357646939353614e+00 -7.878083801245530537e+00 -6.620822224046853499e+00 -5.265947527340841816e+00 -3.002014546987032073e+00 -2.763376174101837890e+00 1.278420668115022932e-02 1.275221088537699554e+00 5.835307627017205512e-01 2.828242743810207127e+00 5.261596333858856944e+00 5.261596333858856944e+00 5.261596333858856944e+00 5.261596333858856944e+00
-1.043177766798447692e+01 -1.014685675649780805e+01 -9.733426512685138476e+00 -9.416969302673393827e+00 -8.910026534308265411e+00 -8.064639616228408414e+00 -6.856296443686022535e+00 -5.571524469487802556e+00 -3.834548555371943390e+00 -2.215028658955758623e+00 -1.088865961259469106e+00 7.334691147928346089e-01 6.354779702231014848e-01 2.644350110252410513e+00 5.203821435826115227e+00 5.203821435826115227e+00 5.203821435826115227e+00 5.203821435826115227e+00
-1.043844524490871706e+01 -1.013047176046642228e+01 -9.885112145259160599e+00 -9.481204578785835224e+00 -9.039061703539493564e+00 -8.260333841381239495e+00 -7.043277991202853805e+00 -5.712187032940933662e+00 -4.801115641535129264e+00 -1.953039975510049597e+00 -2.121125416980182088e+00 2.313867148799220452e-01 8.673087026966437296e-01 2.750630027759175533e+00 5.157626943896278959e+00 5.157626943896278959e+00 5.157626943896278959e+00 5.157626943896278959e+00
-1.047633804358326692e+01 -1.019205165669455582e+01 -9.814538796592707115e+00 -9.485977575128924144e+00 -9.135592574384045150e+00 -8.394553609180052334e+00 -7.162688613974364849e+00 -5.767827359826710243e+00 -5.051480653891540662e+00 -2.731518098559755803e+00 -2.846376156769130805e+00 3.732860893584544204e-02 7.060060280335797023e-01 2.403834906957122985e+00 5.522388092252898062e+00 5.522388092252898062e+00 5.522388092252898062e+00 5.522388092252898062e+00
-1.050370840933231520e+01 -1.020261654643174865e+01 -9.927890041000550170e+00 -9.563222406931426889e+00 -9.159794919423044135e+00 -8.554814061409873105e+00 -7.328213958000509898e+00 -5.823443019750668803e+00 -4.955697239876915461e+00 -3.315734301992804500e+00 -2.017354767444297536e+00 -2.605357555636777511e-01 -1.214486403516388535e-01 2.342938489759977649e+00 5.464613194220161674e+00 5.464613194220161674e+00 5.464613194220161674e+00 5.464613194220161674e+00
-1.052955861253658121e+01 -1.027400092867582693e+01 -9.909491641538805240e+00 -9.598671769287925315e+00 -9.253979810637829928e+00 -8.573899356924512105e+00 -7.381346791730717172e+00 -5.924796153817421640e+00 -5.095391143270544099e+00 -2.863358916203731397e+00 -3.117722897379836322e+00 -1.159188406333061749e+00 3.112874973053129102e-01 2.239967721816587876e+00 5.344114703777496089e+00 5.344114703777496089e+00 5.344114703777496089e+00 5.344114703777496089e+00
-1.057720260859078287e+01 -1.026903367787208055e+01 -9.942139453217096801e+00 -9.657671089732570380e+00 -9.259417055399936203e+00 -8.670351834898893273e+00 -7.619281181493834154e+00 -5.936555293763970731e+00 -5.171237936649440314e+00 -3.599675668116576244e+00 -3.217257604517556491e+00 -1.843438538522157222e+00 3.420638511976950569e-02 2.307827900040042568e+00 5.286503783248530652e+00 5.286503783248530652e+00 5.286503783248530652e+00 5.286503783248530652e+00
-1.059266383133520861e+01 -1.029384345275393642e+01 -9.995597502855618544e+00 -9.649620614575789901e+00 -9.299387666150296994e+00 -8.861312858211853438e+00 -7.563423400601543278e+00 -5.899043711006568103e+00 -5.184606942984556710e+00 -3.732151180364932763e+00 -3.619094402492390117e+00 -2.141564981598516493e+00 -2.216066947392148767e-01 2.532048291912333049e+00 4.978853289032318941e+00 4.978853289032318941e+00 4.978853289032318941e+00 4.978853289032318941e+00
