-1.037949698578875868e+01 -1.036486587725597985e+01 -9.999313102198710723e+00 -9.679493663142816118e+00 -9.384494175515174064e+00 -8.983014832255840076e+00 -8.374970808512861353e+00 -7.241602838865382807e+00 -4.807282297125877513e+00 -2.690015458748026944e+00 -1.892393132740353145e+00 -9.340973511781121008e-01 5.898600091852364002e-01 1.904425404290392976e+00 4.949160628740199463e+00 4.949160628740199463e+00 4.949160628740199463e+00 4.949160628740199463e+00
-1.040248988200759328e+01 -1.012666192254793707e+01 -9.999951160387254845e+00 -9.837644507205641986e+00 -9.494254347602725019e+00 -8.966397536180537031e+00 -8.204346283480067115e+00 -6.916142152436666635e+00 -4.392714564893027251e+00 -2.731938819684780029e+00 -2.514512916083157190e+00 -3.032896449861020582e-01 7.931607741338639883e-01 1.986942871750250639e+00 4.845189926430086835e+00 4.845189926430086835e+00 4.845189926430086835e+00 4.845189926430086835e+00
-1.039948037723906538e+01 -1.009390239989122051e+01 -9.726727244181095244e+00 -9.796220432417987567e+00 -9.694353700043164324e+00 -9.163566135407227975e+00 -8.146230467947926712e+00 -6.882319713920983517e+00 -3.460694069754595148e+00 -2.568237608574318376e+00 -2.098366340643337935e+00 -2.212995044067399275e-02 1.142867819737701379e-01 2.026132857573713864e+00 5.034836288545231575e+00 5.034836288545231575e+00 5.034836288545231575e+00 5.034836288545231575e+00
-1.030433803776712232e+01 -1.026483655837669318e+01 -9.858344062174149158e+00 -9.278818962726610664e+00 -9.185490332643169609e+00 -9.201484072558837823e+00 -8.226535893224163232e+00 -6.657244065823439527e+00 -2.849926768514165598e+00 -2.598868361018162432e+00 -6.886805406146478958e-01 -6.347544443235625389e-02 9.653628350393381741e-01 2.262629869819337003e+00 4.837071388662958604e+00 4.837071388662958604e+00 4.837071388662958604e+00 4.837071388662958604e+00
-1.054548720993332367e+01 -1.033401776972843855e+01 -9.939247280043035815e+00 -9.583858404262983299e+00 -9.065022894215317706e+00 -8.664088234342022687e+00 -8.159658110042709467e+00 -5.752632070898427763e+00 -2.826951073651756463e+00 -3.233784779935476195e+00 -2.382335539834113114e-01 3.954549169860177571e-01 1.887733677197675153e+00 2.386649314919661258e+00 4.737219572444871574e+00 4.737219572444871574e+00 4.737219572444871574e+00 4.737219572444871574e+00
-1.040479914505889170e+01 -1.005782991416280403e+01 -1.018223436300363360e+01 -9.935642269912001723e+00 -9.419444031138624496e+00 -8.666468278009093140e+00 -7.754843674602039272e+00 -4.306955367843315230e+00 -3.438881340211580984e+00 -2.173764832785192169e+00 -2.473487887937944052e-01 1.998882410155860823e-01 1.252990901055755391e+00 2.171839626986254324e+00 4.430776369560886607e+00 4.430776369560886607e+00 4.430776369560886607e+00 4.430776369560886607e+00
-1.040931010261684975e+01 -1.025098108057836299e+01 -1.004659710904265424e+01 -9.873080698854323600e+00 -9.373023250467721112e+00 -8.622632716827917321e+00 -7.515170731250173652e+00 -3.043735325732129571e+00 -3.694362624764225167e+00 -4.843443975525951739e-01 5.416172997491224272e-01 1.897731091087214494e+00 1.620580433613100890e+00 3.333580443190837350e+00 4.275589300174710061e+00 4.275589300174710061e+00 4.275589300174710061e+00 4.275589300174710061e+00
-1.052731320023935879e+01 -1.010832849640765119e+01 -1.002330479478506753e+01 -9.811490411915166021e+00 -9.302693592891092322e+00 -8.296003585147960990e+00 -5.251823724800003035e+00 -2.851032164639395905e+00 -2.882454828300513583e+00 -1.370429545886182182e-02 1.551986361131455716e+00 2.039564852302833131e+00 1.827415716647714294e+00 4.406961831355926229e+00 5.272033502344953604e+00 5.272033502344953604e+00 5.272033502344953604e+00 5.272033502344953604e+00
-1.038385910803520673e+01 -1.025838664017552659e+01 -9.551593196489486459e+00 -9.130633687431334522e+00 -8.243075367595194436e+00 -6.962098581696748667e+00 -3.430554132474064488e+00 -3.620274314768617607e+00 -9.746679164474661983e-01 9.738235480104273645e-01 2.086823793799700510e+00 2.744876073749227707e+00 3.455795884657237416e+00 4.806951879859122201e+00 5.348192793698673952e+00 5.348192793698673952e+00 5.348192793698673952e+00 5.348192793698673952e+00
-1.036972935560037001e+01 -1.002446527005539068e+01 -9.523959439181972186e+00 -8.438446653125005525e+00 -7.435777571842811184e+00 -5.263548732060979951e+00 -2.654441184070458259e+00 -3.366370067304917058e+00 -5.614340489200515816e-02 2.162373832059008905e+00 3.025360915655516791e+00 3.494207399761274146e+00 4.984702426913115048e+00 4.932546132436009145e+00 5.168930276051614925e+00 5.168930276051614925e+00 5.168930276051614925e+00 5.168930276051614925e+00
-1.023717441167655551e+01 -9.470574934405840750e+00 -8.851706818955321410e+00 -8.515165972998843813e+00 -6.803854131668861882e+00 -3.382438208474048302e+00 -3.972210910530614481e+00 -1.207379462249440483e+00 1.375481912447872546e+00 3.097727970520542495e+00 3.073677857002653724e+00 4.612189190762088664e+00 2.980220754961895757e+00 2.205417002223979850e+00 5.388736937235449886e+00 5.388736937235449886e+00 5.388736937235449886e+00 5.388736937235449886e+00
-9.905699890143434772e+00 -9.043483402187522557e+00 -8.209310839939941928e+00 -7.616477801303599193e+00 -5.052248291563804727e+00 -2.526066774808566340e+00 -3.193303269427583135e+00 1.114984812048784579e-01 2.987327407296111570e+00 3.140697821323548133e+00 4.470010750831979962e+00 3.785905704460927002e+00 1.819165743801090418e+00 2.507211021619835556e+00 5.184240261240038450e+00 5.184240261240038450e+00 5.184240261240038450e+00 5.184240261240038450e+00
-9.556124820405313969e+00 -8.495604028215577586e+00 -7.667534000598710264e+00 -6.122165923781592412e+00 -3.369786655398455899e+00 -3.644332005784033157e+00 -1.186327119962496957e+00 2.321299785758406120e+00 3.271041445940872983e+00 4.050548146097388447e+00 4.721324736729750171e+00 4.694710686157799184e-01 4.317628585302062949e-01 2.369619559352056815e+00 5.013451252028811922e+00 5.013451252028811922e+00 5.013451252028811922e+00 5.013451252028811922e+00
-1.009111075618899456e+01 -7.893289779823305707e+00 -6.518534343171879186e+00 -4.770454940960324741e+00 -2.262595760075808649e+00 -2.848026080348305733e+00 3.603656290452605937e-01 3.075504852172884718e+00 3.374024211321031252e+00 5.011717273508078385e+00 3.393764380064957287e+00 -1.966971627651279642e+00 3.774653760544194325e-01 2.617451114396846190e+00 5.640267568440513912e+00 5.640267568440513912e+00 5.640267568440513912e+00 5.640267568440513912e+00
-9.405358159238913274e+00 -7.556152351593748762e+00 -5.595327829570574174e+00 -3.437992299933835483e+00 -3.245756105296908611e+00 -1.470894882725079178e+00 2.216702430852373062e+00 3.140133045047170057e+00 3.597235687876687571e+00 5.629298680455881332e+00 4.521791955336215807e+00 -9.230607891003583809e-01 9.684906362637355492e-01 2.591572185719076771e+00 5.419797523467705602e+00 5.419797523467705602e+00 5.419797523467705602e+00 5.419797523467705602e+00
-9.081289273574359555e+00 -6.892653127577787586e+00 -4.625016594954253435e+00 -2.241591743406480042e+00 -2.954514938606314089e+00 1.170931819567439386e-01 3.067020387248409641e+00 3.063158237910675652e+00 4.157380194804128237e+00 6.173012237102937227e+00 6.110251127339447308e+00 1.945750711844367320e+00 6.252808423305495911e-01 2.763993359293934304e+00 5.404759652833923234e+00 5.404759652833923234e+00 5.404759652833923234e+00 5.404759652833923234e+00
-8.664465326513703047e+00 -6.282248204055742136e+00 -3.978826698730729028e+00 -1.980877478595918006e+00 -2.128079455801445530e+00 1.604651453827389496e+00 3.183878334799715049e+00 3.292129548573830888e+00 4.211082823116388596e+00 5.119833865510226900e+00 4.677619763779443218e+00 4.775645935272933684e+00 3.727292078389936592e+00 3.332086016985829513e+00 5.456146398886994042e+00 5.456146398886994042e+00 5.456146398886994042e+00 5.456146398886994042e+00
-7.787166842761090280e+00 -5.849909683619545220e+00 -3.409465810560425858e+00 -1.772672895976252327e+00 -7.993909329242688822e-01 2.610087604439259135e+00 3.540860141367855096e+00 3.907849143483177023e+00 4.090551855027704242e+00 3.302407589290360157e+00 3.376928903130325565e+00 3.231151219363947114e+00 4.008875982937479598e+00 5.250411094427345660e+00 5.223153777378886531e+00 5.223153777378886531e+00 5.223153777378886531e+00 5.223153777378886531e+00
-7.488349499650514218e+00 -5.920267395129500620e+00 -2.969684709017443858e+00 -1.989670405591035474e+00 6.365890093121143178e-02 3.124727777447501964e+00 3.168859399112303077e+00 3.915323862754400253e+00 3.801386851782040388e+00 1.833558267318815105e+00 1.451662864779929452e+00 1.514247578849368114e+00 2.828603820226268439e+00 4.377773195563955611e+00 5.621307240859407806e+00 5.621307240859407806e+00 5.621307240859407806e+00 5.621307240859407806e+00
-8.099188790690808659e+00 -5.879943858139206725e+00 -3.045014405764244980e+00 -2.271281670957562948e+00 2.903949118984969768e-01 3.050855338975823727e+00 3.104112021673952171e+00 4.056462207897404859e+00 3.153994792744357234e+00 1.550794189582941796e+00 -8.309349964151843682e-02 8.875641415140197443e-01 2.011143613467973879e+00 3.675522662385930506e+00 5.687059565928180405e+00 5.687059565928180405e+00 5.687059565928180405e+00 5.687059565928180405e+00
-8.097373013555642984e+00 -5.994819811399725751e+00 -3.067379709928725440e+00 -1.440751210479983113e+00 7.319050669303668322e-01 3.124890801183037858e+00 3.178513941268689358e+00 4.115326065391188948e+00 3.016454973891891100e+00 1.494671906554940755e+00 1.232657891641682213e-01 1.995995852230014189e-01 1.268930472828513345e+00 3.325535022940909080e+00 5.644770915875602313e+00 5.644770915875602313e+00 5.644770915875602313e+00 5.644770915875602313e+00
-8.125582903553214109e+00 -6.314872127746467001e+00 -3.216406023079275478e+00 -1.656543307671787701e+00 1.198894989898820346e-01 3.186334247759483596e+00 3.235569694443519495e+00 4.170656345699224055e+00 2.786055980355729211e+00 1.179178235292213994e+00 -2.620876450995170082e+00 -1.674497291326689119e+00 1.209593947370110500e+00 3.170804856636880054e+00 5.579198542987708009e+00 5.579198542987708009e+00 5.579198542987708009e+00 5.579198542987708009e+00
-8.094461973246854569e+00 -6.899240161670292082e+00 -4.214723531987655036e+00 -2.318901623613996321e+00 -7.872404905794635477e-01 3.174951380047955851e+00 3.187962482438346790e+00 4.010461713603003631e+00 2.372498232476246471e+00 5.272232408074473131e-01 -2.644964832976334890e+00 -1.629357879076544169e+00 1.230356340687543959e+00 3.467616116680710014e+00 5.582158905452425657e+00 5.582158905452425657e+00 5.582158905452425657e+00 5.582158905452425657e+00
-8.093757263018229509e+00 -7.008461998834071949e+00 -4.915472302068129906e+00 -2.307384500959287266e+00 -1.759938570790914758e+00 1.588544351673624844e+00 3.210285744733293534e+00 3.761751833488155228e+00 2.170906649734070992e+00 -3.720509347147312518e+00 -2.816703114422505649e+00 -1.229152789447458094e+00 1.320330770185909053e+00 3.719018084890622688e+00 5.569392741578734984e+00 5.569392741578734984e+00 5.569392741578734984e+00 5.569392741578734984e+00
-7.901718845124909407e+00 -7.059823311278886848e+00 -5.400599738870523581e+00 -3.165585783195536074e+00 -2.091859682221128391e+00 2.844675137935125386e-01 3.189309519546142724e+00 2.990606722132288731e+00 2.030664742787326560e+00 -4.068353663635082107e+00 -2.620673772882046393e+00 -7.438392468920607126e-01 1.546144435613433288e+00 3.692238383585218386e+00 5.951486181859521274e+00 5.951486181859521274e+00 5.951486181859521274e+00 5.951486181859521274e+00
-8.386809224000435492e+00 -7.634576202375827236e+00 -6.259781501109006996e+00 -4.324710341932076041e+00 -2.292021062792566788e+00 -1.469034533387937547e+00 8.830027713252373012e-01 2.796611424611723518e+00 1.430254075216028431e+00 -3.606724755872715349e+00 -1.548306126987903930e+00 1.128230241642613318e+00 1.893495433857784960e+00 4.180820397389735099e+00 5.954158234957146689e+00 5.954158234957146689e+00 5.954158234957146689e+00 5.954158234957146689e+00
-8.862605370660538995e+00 -7.817035408897934801e+00 -6.803840237332044794e+00 -5.396749933621935114e+00 -3.595150968042978068e+00 -2.242746294476272606e+00 -6.955856206285581100e-01 5.375765859437314775e-01 1.771196847694320953e+00 -5.529662923898389648e-01 -3.735156135177327141e-01 1.538940082507806173e-01 2.213111505073949825e+00 4.554529005528872077e+00 5.876844002740064354e+00 5.876844002740064354e+00 5.876844002740064354e+00 5.876844002740064354e+00
-9.122431333920172136e+00 -8.327357134288176255e+00 -7.521980657910239287e+00 -6.172861953726952677e+00 -4.703053902542567499e+00 -3.226222771204441564e+00 -2.033366371555411778e+00 -3.683775007414938907e-01 -9.934210509549917800e-02 1.503872783180299377e+00 -2.136739280598720647e-02 4.093034988198107627e-01 1.836120445561881143e+00 4.643498880815390528e+00 5.958778009228783645e+00 5.958778009228783645e+00 5.958778009228783645e+00 5.958778009228783645e+00
-9.390769910530391229e+00 -8.522119270595119644e+00 -7.968411452501325876e+00 -7.353554381827363429e+00 -6.146764202756198614e+00 -4.615331347175199106e+00 -2.521109600519246374e+00 -1.978552404248148155e+00 -3.601480213291399779e-01 2.756228325484526009e-01 4.678532062764131916e-01 4.309857986409163649e-02 1.400800821444476929e+00 4.094365516506461411e+00 5.491499992211965164e+00 5.491499992211965164e+00 5.491499992211965164e+00 5.491499992211965164e+00
-1.005406976934111718e+01 -9.023913223347122425e+00 -8.654746301661020880e+00 -8.242296577019024184e+00 -7.429930405685377437e+00 -6.571417309044273125e+00 -4.404781158044063005e+00 -2.207566522973561263e+00 -1.829825774133413407e+00 -4.605092466670813733e-01 9.718380810575586448e-01 6.565279161008212849e-01 -2.565557896917556868e-01 4.017115180623157755e+00 6.219237759775416485e+00 6.219237759775416485e+00 6.219237759775416485e+00 6.219237759775416485e+00
-1.037278756769627996e+01 -9.914693725276251257e+00 -9.472132261601624137e+00 -8.989576197781051548e+00 -8.452151181877455954e+00 -7.319702742030862908e+00 -5.650953046053091455e+00 -3.568274470206265647e+00 -2.336164971406164081e+00 -1.759571116155627113e+00 -1.344411767568208238e-01 1.204899207866083177e+00 5.069338234487409389e-01 4.407788980985513305e+00 6.234613257244395967e+00 6.234613257244395967e+00 6.234613257244395967e+00 6.234613257244395967e+00
-1.038618426881525103e+01 -1.008030492679948331e+01 -9.617465156007012794e+00 -9.249470597188373944e+00 -8.749796224781734466e+00 -7.768094926126210886e+00 -6.398009084300120719e+00 -4.718776385081900671e+00 -2.552744255517237271e+00 -2.558311087706477416e+00 -1.153683701478820378e+00 8.009135403412642740e-01 7.545811742880450534e-01 3.981046740715487697e+00 6.089347537297215673e+00 6.089347537297215673e+00 6.089347537297215673e+00 6.089347537297215673e+00
-1.043643103993871257e+01 -1.020602388429739982e+01 -9.810256960664295534e+00 -9.429123089408701475e+00 -9.019146294938199304e+00 -8.065577676001064233e+00 -6.690869270590019013e+00 -5.453972814551132586e+00 -3.585615902007234901e+00 -2.835749286366722188e+00 -2.295155310225056589e+00 -5.930327692382282578e-02 5.097518457187761864e-01 3.063384852653307178e+00 5.774816595341400571e+00 5.774816595341400571e+00 5.774816595341400571e+00 5.774816595341400571e+00
-1.051915923713045053e+01 -1.019934500328808724e+01 -9.840158313828000658e+00 -9.526450549724376771e+00 -9.036025143511380975e+00 -8.242482939305055822e+00 -6.874658950471056684e+00 -5.668281798715065989e+00 -4.022488477036072929e+00 -2.604907715133780499e+00 -2.420602115418877265e+00 -6.753300814198035518e-01 3.785795553344902808e-01 2.719537484499943147e+00 5.450397215240679216e+00 5.450397215240679216e+00 5.450397215240679216e+00 5.450397215240679216e+00
-1.048142671116013425e+01 -1.019166121328338903e+01 -9.928169884381631505e+00 -9.574674133939936382e+00 -9.136424916742585722e+00 -8.409186160311254099e+00 -7.073340727891437751e+00 -5.819132912544687564e+00 -5.079019445007496358e+00 -3.600852732170476855e+00 -2.239765613274013578e+00 -7.899720322140384443e-01 -3.162396017657045366e-01 2.656779150229676922e+00 5.602986454361325031e+00 5.602986454361325031e+00 5.602986454361325031e+00 5.602986454361325031e+00
-1.057224887197567220e+01 -1.024827441418372764e+01 -9.932691349196316466e+00 -9.578450794723563533e+00 -9.227831394071159821e+00 -8.523044141541346264e+00 -7.213992295934231080e+00 -5.781925060608859468e+00 -5.504385276818929640e+00 -3.878274961894294215e+00 -2.675952308625387133e+00 -8.561121320288089809e-01 2.747698963025781427e-01 2.245608421664487597e+00 5.749034196839142297e+00 5.749034196839142297e+00 5.749034196839142297e+00 5.749034196839142297e+00
-1.054466627059212769e+01 -1.028238031797076069e+01 -1.000537968071954609e+01 -9.673606087932315134e+00 -9.275452286700680560e+00 -8.725232154065066581e+00 -7.399905882725706263e+00 -5.743593058207773439e+00 -5.190265025908946228e+00 -3.542128956340928170e+00 -2.874466250378352683e+00 -1.540757484931670973e+00 -1.485608026009333227e-01 2.298825476822108804e+00 5.491210261242193802e+00 5.491210261242193802e+00 5.491210261242193802e+00 5.491210261242193802e+00
-1.059144884108765794e+01 -1.030981800458073749e+01 -1.002216899827756258e+01 -9.650872079107379875e+00 -9.321633363881209888e+00 -8.705050425199173603e+00 -7.446249652395632523e+00 -5.843863115695079102e+00 -5.169599047592370766e+00 -3.906666771643674707e+00 -3.573976115364884798e+00 -1.781988618489332543e+00 -4.247159385394421172e-01 2.159528984063140200e+00 5.113241860238431968e+00 5.113241860238431968e+00 5.113241860238431968e+00 5.113241860238431968e+00
-1.063595478312475962e+01 -1.030151153880964721e+01 -1.000801330247002063e+01 -9.658289236917564580e+00 -9.368071171973323175e+00 -8.777778910004704116e+00 -7.612010119766296157e+00 -5.873396926694534059e+00 -5.247789825012020515e+00 -3.777534164177185794e+00 -3.937474120278550593e+00 -2.524653030546496701e+00 -5.247842069422010702e-01 2.240786873970141535e+00 5.383252153949431573e+00 5.383252153949431573e+00 5.383252153949431573e+00 5.383252153949431573e+00
-1.068461726291636715e+01 -1.033786055430323714e+01 -1.003938938156876937e+01 -9.709825376978550082e+00 -9.399123199451450361e+00 -8.963629166958288153e+00 -7.595962047398389316e+00 -5.752177797066462261e+00 -5.352796036271611158e+00 -3.630469431105077582e+00 -4.076359952700676637e+00 -1.736802826716624670e+00 -5.320342638117004919e-01 2.241633621077311123e+00 5.177784784452315492e+00 5.177784784452315492e+00 5.177784784452315492e+00 5.177784784452315492e+00
