-1.050265407889899194e+01 -1.033058002345171822e+01 -1.004887604167417159e+01 -9.711441191870383349e+00 -9.417504066003486329e+00 -9.088300163019495059e+00 -8.336765523470539563e+00 -7.317574883225123727e+00 -4.827409593584211400e+00 -3.065035870269206431e+00 -1.938347682917209713e+00 -2.010005099230953718e+00 3.874512178734982326e-01 1.839318371009954767e+00 4.752582506726859002e+00 4.752582506726859002e+00 4.752582506726859002e+00 4.752582506726859002e+00
-1.055201119302603807e+01 -1.022187451108650080e+01 -1.008802817220073145e+01 -9.922234518707103490e+00 -9.527464397794135564e+00 -9.012383954290282162e+00 -8.306746199040224710e+00 -7.049095034166747098e+00 -4.827237090769338934e+00 -2.054692009499359706e+00 -2.079715105611580128e+00 -3.018660372959547367e-01 4.920889895658328017e-01 2.081365448509530758e+00 5.120585813605373460e+00 5.120585813605373460e+00 5.120585813605373460e+00 5.120585813605373460e+00
-1.046511237962124952e+01 -1.007943989905922777e+01 -9.708520913664568042e+00 -9.690073034900855475e+00 -9.643066576504406129e+00 -9.137834567059746504e+00 -8.228202399510488263e+00 -6.984077948890831777e+00 -4.321206226847021270e+00 -2.155101124927432998e+00 -3.070483066340972567e+00 -8.346783649050448783e-02 -2.564373455888885323e-01 2.131873167485398124e+00 5.034293435562810615e+00 5.034293435562810615e+00 5.034293435562810615e+00 5.034293435562810615e+00
-1.026565790701834047e+01 -1.024496761871229289e+01 -9.991121395409853889e+00 -9.323939490511596873e+00 -9.200252756570451496e+00 -9.089500416377715553e+00 -8.268832803590061786e+00 -6.741119233515934006e+00 -3.209235449010503505e+00 -2.840599159626511216e+00 -1.753961893982645126e+00 3.346161692378750718e-01 3.181475296856792201e-01 2.314458261784745119e+00 4.712174060878020043e+00 4.712174060878020043e+00 4.712174060878020043e+00 4.712174060878020043e+00
-1.063211338838423714e+01 -1.029831686210645003e+01 -9.994927338060501043e+00 -9.609919962041425734e+00 -9.110310031350682181e+00 -8.673578411611199357e+00 -8.264738783251793564e+00 -6.292786467504859260e+00 -2.414894492567198903e+00 -2.816546136585559523e+00 -4.115115884666644130e-01 -1.130975236045712873e-01 1.259601630097308078e+00 2.395314856090948297e+00 4.494858693705010566e+00 4.494858693705010566e+00 4.494858693705010566e+00 4.494858693705010566e+00
-1.060164348195108985e+01 -9.993127049245089211e+00 -1.029558030623767984e+01 -9.925105286346683542e+00 -9.353742217280615279e+00 -8.733181344923460543e+00 -7.939902752508549710e+00 -5.061719057361204754e+00 -2.778346506770724034e+00 -2.613388331089408823e+00 2.597431164619699862e-02 1.114019769514485558e+00 1.170176297221436679e+00 2.169079075370072385e+00 4.404339615562989252e+00 4.404339615562989252e+00 4.404339615562989252e+00 4.404339615562989252e+00
-1.043913620949493648e+01 -1.039054399635116255e+01 -9.952280732974228883e+00 -9.664924757373547948e+00 -9.357463884663729914e+00 -8.684134753551481012e+00 -7.713830060531103427e+00 -3.579571546897136969e+00 -3.245590343131310451e+00 -1.093371468074652242e+00 -1.283059825477367577e-01 1.351430292971063762e+00 1.573995959901699271e+00 3.311828566772782700e+00 4.172004012075417378e+00 4.172004012075417378e+00 4.172004012075417378e+00 4.172004012075417378e+00
-1.046173282372443580e+01 -1.019112997941105903e+01 -9.956083559648824632e+00 -9.826560949335179984e+00 -9.252402023967462696e+00 -8.310636279400331006e+00 -5.950718660967694973e+00 -2.174434919768595709e+00 -2.530026241430884504e+00 9.896127043014355321e-03 1.435633771563011196e+00 2.079820360363777265e+00 1.789047267975834243e+00 4.297516927914788454e+00 4.959555443733476565e+00 4.959555443733476565e+00 4.959555443733476565e+00 4.959555443733476565e+00
-1.054383541558374660e+01 -1.030451302048384044e+01 -9.663452061347516775e+00 -9.163621508964537199e+00 -8.226034269202260774e+00 -7.075166956443921684e+00 -3.733314199912545206e+00 -3.342727290376974913e+00 -7.651258366632320840e-01 6.136908544561077150e-01 2.123048704948662824e+00 2.751133569875335638e+00 3.412223137301867215e+00 4.785783960577419727e+00 4.543788014996529512e+00 4.543788014996529512e+00 4.543788014996529512e+00 4.543788014996529512e+00
-1.025635162082414986e+01 -1.001499626864069370e+01 -9.593717833645229121e+00 -8.540599711174062136e+00 -7.398385594657151287e+00 -5.154008314096206078e+00 -2.426125474963686468e+00 -2.791598856112051052e+00 1.204289142924029749e-01 2.075226118727165669e+00 3.104623599061478778e+00 3.477542182912268576e+00 4.898061629879268075e+00 4.936337225637246640e+00 5.150567220531952373e+00 5.150567220531952373e+00 5.150567220531952373e+00 5.150567220531952373e+00
-1.026880769000611338e+01 -9.555977569123760063e+00 -8.817823301388601820e+00 -8.441088063858993351e+00 -6.843584405902062962e+00 -3.333048164269878821e+00 -3.444136199539893806e+00 -7.269072431609180374e-01 1.975090187059941105e+00 3.075913747503181028e+00 3.073755230410367911e+00 4.610024695297984643e+00 2.770240201760731491e+00 2.284076650923688057e+00 5.307561568104487648e+00 5.307561568104487648e+00 5.307561568104487648e+00 5.307561568104487648e+00
-9.909003142711725332e+00 -9.003241999652239258e+00 -8.095448971037400909e+00 -7.554901242479230561e+00 -4.651266617268273507e+00 -2.322592073821831971e+00 -2.171667155298547147e+00 6.978004665421744246e-01 2.931929365428109335e+00 3.168033506540325117e+00 4.460638340847834726e+00 3.696070521370254269e+00 7.866481271419041299e-01 2.516280259486089133e+00 4.933023553657363003e+00 4.933023553657363003e+00 4.933023553657363003e+00 4.933023553657363003e+00
-9.638358345230919610e+00 -8.663137622973067664e+00 -7.502188503920714346e+00 -5.991591155659528489e+00 -3.039397764755036313e+00 -3.223153206545441574e+00 -2.851370863627090690e-01 3.101798791574470027e+00 3.299420899722925515e+00 4.092326363527723387e+00 4.774216285486101441e+00 -1.352176819294452215e-01 5.053045178247187463e-01 2.390629096751224036e+00 4.801808594036565125e+00 4.801808594036565125e+00 4.801808594036565125e+00 4.801808594036565125e+00
-1.010376166575166934e+01 -8.026436543548895131e+00 -6.489294515818884612e+00 -4.115396470938835982e+00 -2.568947630595922682e+00 -1.782551833673564845e+00 1.426988146474440944e+00 3.099966902838922511e+00 3.330802230915938633e+00 5.063897280749724672e+00 3.306834923058946885e+00 -1.997920431112881534e+00 3.561673659155050742e-01 2.613378529253239879e+00 4.714828459217361711e+00 4.714828459217361711e+00 4.714828459217361711e+00 4.714828459217361711e+00
-9.469817483545746484e+00 -7.470347628640539028e+00 -5.239898254800564814e+00 -2.515923247264646001e+00 -2.537681704994431797e+00 2.987360586426720394e-02 3.172970611152067910e+00 3.220907655043984352e+00 3.564696138996753305e+00 5.673169026497651757e+00 4.512792534044669068e+00 -1.058215879937664416e+00 9.424801400471251034e-01 2.544991920691064724e+00 4.754223815029803291e+00 4.754223815029803291e+00 4.754223815029803291e+00 4.754223815029803291e+00
-9.201927587810970977e+00 -6.900639527764929504e+00 -4.214133446424696672e+00 -2.398681010927157686e+00 -1.394217345539011443e+00 1.867203921783941345e+00 3.034786368331721551e+00 3.052422974426479030e+00 4.151018563700042741e+00 6.315526079782040725e+00 6.058367217803123594e+00 1.807609782284667066e+00 6.529422691534985113e-01 2.749529789367878063e+00 4.863766469284409588e+00 4.863766469284409588e+00 4.863766469284409588e+00 4.863766469284409588e+00
-8.662116980670370836e+00 -5.965646207635791676e+00 -3.487452514287613603e+00 -2.315172323258243292e+00 -1.354610416465301448e+00 3.027575195529079721e+00 3.279717208728378797e+00 3.366075407727464164e+00 4.233202855009021270e+00 5.041810349318703643e+00 4.579952329324697757e+00 4.724575074608381442e+00 3.785339751634817507e+00 3.340904449861138659e+00 5.051003574960378550e+00 5.051003574960378550e+00 5.051003574960378550e+00 5.051003574960378550e+00
-7.831550559614051998e+00 -5.730746692821865551e+00 -3.078498955752198896e+00 -1.691072258581071797e+00 -5.120850990640144484e-01 2.708001053908776878e+00 3.570259117187303044e+00 3.875331287023631610e+00 4.101684611011376269e+00 3.187025725771593265e+00 3.258628902697474850e+00 3.149508331815821460e+00 3.995250254417972435e+00 5.132151473758304938e+00 4.678546178596792338e+00 4.678546178596792338e+00 4.678546178596792338e+00 4.678546178596792338e+00
-7.555323824460797866e+00 -5.786874429027217381e+00 -2.829299751713695965e+00 -1.155963634148855279e+00 8.372586394420087341e-01 3.103366182613724433e+00 3.200365736932266891e+00 3.862675506181255436e+00 3.799899941263471526e+00 1.774047771408485685e+00 1.318962045927488891e+00 1.439986944066636188e+00 2.782246526818899390e+00 4.377928547106482604e+00 4.718469835886816455e+00 4.718469835886816455e+00 4.718469835886816455e+00 4.718469835886816455e+00
-8.262299579201627608e+00 -5.818895635319838888e+00 -2.475947283905316709e+00 -9.768369802928599244e-01 1.650886097066140756e+00 3.087584994608817635e+00 3.183613950651863256e+00 4.069932308244907482e+00 3.123991003267254207e+00 1.516426094631840416e+00 -9.198972449793163531e-01 8.055620830799370413e-01 1.940490411539392834e+00 3.578292920086843409e+00 4.705532282915964259e+00 4.705532282915964259e+00 4.705532282915964259e+00 4.705532282915964259e+00
-8.101124060773662094e+00 -5.969770925616236568e+00 -3.519808847598926427e+00 -1.497206626114794714e+00 1.131459571539580988e+00 3.129092738592286871e+00 3.178673825186904445e+00 4.092469209871478775e+00 3.036720900323643502e+00 1.395982964241937019e+00 -8.132634793644932802e-01 1.476845109436867795e-02 1.269610591247106290e+00 3.366288072097912476e+00 4.691602057868435871e+00 4.691602057868435871e+00 4.691602057868435871e+00 4.691602057868435871e+00
-8.154499855486285753e+00 -6.360486757318307482e+00 -3.286546013928450805e+00 -2.567686751965798653e+00 -3.121460380966960269e-02 3.223206226835571453e+00 3.261783477017690114e+00 4.155210966595204169e+00 2.707393939527583893e+00 1.147396442364010394e+00 -2.691325055879262962e+00 -1.683130395188747963e+00 1.212657159218790692e+00 3.184447854193773519e+00 4.620204238454046042e+00 4.620204238454046042e+00 4.620204238454046042e+00 4.620204238454046042e+00
-8.046664229182512784e+00 -6.727580178045340809e+00 -3.868465494581848851e+00 -1.787970947927379095e+00 -3.931067755892281301e-01 3.168149113748970791e+00 3.223739985982419842e+00 4.034352048913102173e+00 2.345288667929472659e+00 5.253871419040205548e-02 -2.871910885385105416e+00 -1.658968935499006925e+00 1.183995966150532375e+00 3.441737821306405376e+00 4.559409649124615882e+00 4.559409649124615882e+00 4.559409649124615882e+00 4.559409649124615882e+00
-8.095628419286759581e+00 -7.110744705321357273e+00 -4.389269106943885390e+00 -2.177948242677952173e+00 -5.451284686627005938e-01 2.379166233682740828e+00 3.200572127470360240e+00 3.804362358682567891e+00 2.089801054237710787e+00 -3.858922866230479976e+00 -3.011426298163084159e+00 -1.070041371699849808e+00 1.273422123765938219e+00 3.703725633232082703e+00 4.668924921368561520e+00 4.668924921368561520e+00 4.668924921368561520e+00 4.668924921368561520e+00
-7.936733558576585246e+00 -7.266592238753522892e+00 -5.291897532842645191e+00 -2.997882715297053746e+00 -8.672220979789747597e-01 1.337606882172770184e-01 3.172056578162638640e+00 3.079397641833738319e+00 1.981439637764437878e+00 -4.240775431440589216e+00 -2.691860617613720752e+00 -5.569876076179461899e-01 1.512554801404280225e+00 3.728759396452881347e+00 4.604881607115528297e+00 4.604881607115528297e+00 4.604881607115528297e+00 4.604881607115528297e+00
-8.458559092211892505e+00 -7.670357507855693591e+00 -6.319874803607423708e+00 -3.943779928627439091e+00 -1.863208324621175693e+00 -6.198567783894335381e-01 9.496726839795051056e-01 2.750802752767134152e+00 1.370445080074099042e+00 -3.821474927786813414e+00 -1.748867698582790009e+00 1.070313336584186592e+00 1.887266160420759453e+00 4.067161507829941236e+00 4.620815718291465757e+00 4.620815718291465757e+00 4.620815718291465757e+00 4.620815718291465757e+00
-8.921904170395425382e+00 -7.935824395902066897e+00 -7.001271439963020704e+00 -5.172615181788546401e+00 -3.257543396412104997e+00 -1.428092338590028598e+00 -1.034347095740172140e+00 9.931835531804215078e-01 1.973262294573089548e+00 -1.377438540408078227e+00 -4.384579324327275707e-01 -4.069921042538405809e-01 2.131271326675111322e+00 4.330217901262432001e+00 4.533938216609383787e+00 4.533938216609383787e+00 4.533938216609383787e+00 4.533938216609383787e+00
-9.190361937148239235e+00 -8.474997447159706709e+00 -7.635345033633062606e+00 -6.147767701692972153e+00 -4.412958670945688944e+00 -2.867711645683125976e+00 -1.632453488929508367e+00 -1.934852218137082858e+00 1.687280086674222357e+00 1.474586617063242011e+00 -5.706050902655686041e-01 -1.178572642067624715e-01 1.850651170186951466e+00 4.385721743141061779e+00 4.452198628656935497e+00 4.452198628656935497e+00 4.452198628656935497e+00 4.452198628656935497e+00
-9.362880026536517519e+00 -8.590598772550524842e+00 -8.099527590744937555e+00 -7.435901368677834355e+00 -6.134980154714778422e+00 -4.376595856718655142e+00 -2.386027653660477199e+00 -2.380879836596640153e+00 -5.125556484353989140e-01 1.085628067767328675e+00 -4.305491974859905202e-01 -3.085002318830409873e-01 1.558295479257066241e+00 4.069628142714210028e+00 4.557620453260822657e+00 4.557620453260822657e+00 4.557620453260822657e+00 4.557620453260822657e+00
-1.023096071107857696e+01 -9.094610678033427931e+00 -8.797856273913055247e+00 -8.337599508998492226e+00 -7.508560922940181293e+00 -6.689378189112663797e+00 -4.076951500833510877e+00 -2.977524783886442261e+00 -1.743013562021953344e+00 -5.449306061381645749e-01 9.889023032493670096e-01 1.795354376359614146e-01 -5.718477356033718761e-01 4.053606408252250937e+00 4.595418428228862595e+00 4.595418428228862595e+00 4.595418428228862595e+00 4.595418428228862595e+00
-1.050122016723116936e+01 -1.005830075321860662e+01 -9.578982814170881710e+00 -9.142446144236128447e+00 -8.701735738888338290e+00 -7.479772871472023077e+00 -5.760985668137289295e+00 -2.938783978150580456e+00 -2.864825345816777169e+00 -2.985063943022545629e+00 -6.644098213965040634e-01 8.183963104919731446e-01 -8.439403084389458520e-01 4.409768307679325261e+00 4.558935065341705339e+00 4.558935065341705339e+00 4.558935065341705339e+00 4.558935065341705339e+00
-1.053815006288634315e+01 -1.017104038171077462e+01 -9.771029152448051036e+00 -9.400418869760477136e+00 -8.972500645103080430e+00 -7.970293344158391413e+00 -6.304668021862384286e+00 -4.970164722511121624e+00 -3.544552735827938950e+00 -3.120980415733630497e+00 -2.252407651212050332e+00 3.617544859768349608e-01 -1.160739221033130875e+00 3.798382743462184408e+00 4.450961728432347719e+00 4.450961728432347719e+00 4.450961728432347719e+00 4.450961728432347719e+00
-1.054119380386044647e+01 -1.020617944306580327e+01 -9.896041312464667783e+00 -9.507894773914843611e+00 -9.222137210573714938e+00 -8.241717128570174467e+00 -6.834770335933825436e+00 -5.600150266420631517e+00 -3.666654884956928040e+00 -3.044628873822413873e+00 -2.814114198465885508e+00 -1.241314090581502327e-01 2.084619082791491496e-01 3.127184661508077390e+00 4.385252849514682971e+00 4.385252849514682971e+00 4.385252849514682971e+00 4.385252849514682971e+00
-1.054829329983538244e+01 -1.026392780160396789e+01 -9.930540140338779409e+00 -9.613594124034278821e+00 -9.211166507955045546e+00 -8.476685078155837161e+00 -7.032460029272353808e+00 -5.694737931448665691e+00 -4.779732328949644504e+00 -2.444577852525056105e+00 -2.630523747108886479e+00 -4.771220091032771782e-01 4.237306683112196937e-01 2.677142174655337215e+00 4.541110517038544181e+00 4.541110517038544181e+00 4.541110517038544181e+00 4.541110517038544181e+00
-1.058527127507372079e+01 -1.026530194630270998e+01 -1.003095635372066674e+01 -9.663658861482966600e+00 -9.253200933937282713e+00 -8.660131008800643571e+00 -7.206683609634267462e+00 -5.843235981991606209e+00 -5.480884725186329298e+00 -3.219388089254776819e+00 -1.609955085893231885e+00 -2.092996918007132390e+00 4.444861337002491419e-01 2.473771932152724062e+00 4.463624670691517693e+00 4.463624670691517693e+00 4.463624670691517693e+00 4.463624670691517693e+00
-1.064046226878670254e+01 -1.031808055936257951e+01 -1.004370067363582919e+01 -9.690567790459848396e+00 -9.368994632980241377e+00 -8.735322704913428993e+00 -7.511505892333065759e+00 -5.898884467154076106e+00 -5.714699523457545283e+00 -4.012715148032426349e+00 -1.866327593997369805e+00 -2.524565018799182159e+00 1.372022372629684399e-02 2.118570792512997514e+00 4.472669043497038643e+00 4.472669043497038643e+00 4.472669043497038643e+00 4.472669043497038643e+00
-1.062981077935357632e+01 -1.027313474997378151e+01 -1.005506046679224141e+01 -9.752363961080479982e+00 -9.364237130069476223e+00 -8.838484811251385409e+00 -7.573597532769672291e+00 -5.815670210397594353e+00 -5.389964162337405718e+00 -4.082528751986870041e+00 -2.437890371172592552e+00 -1.483047884560017238e+00 -1.437054372858482254e-01 2.218016278752361625e+00 4.405138918404199799e+00 4.405138918404199799e+00 4.405138918404199799e+00 4.405138918404199799e+00
-1.064438546005568043e+01 -1.036724577689716575e+01 -1.003099161853233134e+01 -9.732773770773752275e+00 -9.419893726572997394e+00 -8.842604972805871100e+00 -7.605128615455280183e+00 -5.990340700372916771e+00 -5.337510780970733393e+00 -3.951342667569030631e+00 -4.967358998347203958e+00 -2.241142031834078896e+00 -1.427192769278141926e-01 2.164899341905588415e+00 4.303261255212792236e+00 4.303261255212792236e+00 4.303261255212792236e+00 4.303261255212792236e+00
-1.069183564341329884e+01 -1.032509159066757753e+01 -1.001702021191747427e+01 -9.761259683061153325e+00 -9.456880791796294261e+00 -8.901220477720855229e+00 -7.683153578011258311e+00 -5.996926339384070381e+00 -5.338485868463991757e+00 -3.789739336674107228e+00 -3.837016856467311055e+00 -2.519865152057721325e+00 -5.996121149890493163e-01 2.313281686526115877e+00 4.459118922736676538e+00 4.459118922736676538e+00 4.459118922736676538e+00 4.459118922736676538e+00
-1.073074385094394145e+01 -1.035876727050618129e+01 -1.005008679946553052e+01 -9.788664180038573193e+00 -9.487340823886057706e+00 -9.052933073703361089e+00 -7.702678741238970339e+00 -5.926560192286308926e+00 -5.332645667579693161e+00 -3.901999359671416201e+00 -3.756521084117863118e+00 -1.680540882118354507e+00 -9.492093522410428585e-01 2.357845870839537117e+00 4.414216437886381073e+00 4.414216437886381073e+00 4.414216437886381073e+00 4.414216437886381073e+00
