-1.031683444844625086e+01 -1.034082343029560214e+01 -9.991814494851924522e+00 -9.679245952978922318e+00 -9.359488987542107452e+00 -8.987447577347914773e+00 -8.324207549757383973e+00 -7.204460227408194584e+00 -4.913520013235118000e+00 -2.282488308041927372e+00 -2.409110975853446579e+00 -3.129909395340043088e-01 1.489102183714807071e+00 1.839808760708001145e+00 5.122821309276819335e+00 5.122821309276819335e+00 5.122821309276819335e+00 5.122821309276819335e+00
-1.025375565902607988e+01 -1.009247235684051347e+01 -9.993973885907676546e+00 -9.804764536602013081e+00 -9.489840274663276176e+00 -8.949568028444776502e+00 -8.209587454643514803e+00 -6.861471396232653674e+00 -4.304048120162441649e+00 -2.573690015507501982e+00 -1.980931682021725315e+00 -3.408723809967217910e-01 1.141870311682739558e+00 2.011003037045042241e+00 5.061661146731028182e+00 5.061661146731028182e+00 5.061661146731028182e+00 5.061661146731028182e+00
-1.033978677122715695e+01 -1.001250328148694280e+01 -9.806969287135656188e+00 -9.769664225620040554e+00 -9.614644806457036452e+00 -9.039919747285081186e+00 -8.124403343379606568e+00 -6.818270007617169171e+00 -3.466381497953309854e+00 -3.178222289566509318e+00 -9.556191782660992118e-01 -2.112901211426413961e-01 8.546782891146331718e-01 2.026901727630596728e+00 5.199362961093495272e+00 5.199362961093495272e+00 5.199362961093495272e+00 5.199362961093495272e+00
-1.027172410471089492e+01 -1.029872865350178124e+01 -9.829183765185014465e+00 -9.296737230445572209e+00 -9.218732698509983337e+00 -9.066299778163815049e+00 -8.250447163854932597e+00 -6.504531374019830281e+00 -2.598050779044602354e+00 -3.025808743840000758e+00 -2.164815926309188732e-01 1.306851210242438721e-01 7.179344582728374169e-01 2.200018149068188489e+00 4.859474736166195186e+00 4.859474736166195186e+00 4.859474736166195186e+00 4.859474736166195186e+00
-1.050916341796488851e+01 -1.027493090314379920e+01 -9.936890656615569029e+00 -9.562351977675033865e+00 -9.079323505412848050e+00 -8.655360381643930623e+00 -8.175491479914320792e+00 -5.393129906449063427e+00 -2.807023041996488111e+00 -3.189468521621339647e+00 -7.115225821327648970e-02 3.501612220466359671e-01 1.909031056298273965e+00 2.355846818321436942e+00 4.681246359974203131e+00 4.681246359974203131e+00 4.681246359974203131e+00 4.681246359974203131e+00
-1.037052645225262104e+01 -1.007672433005666512e+01 -1.017399849298726622e+01 -9.857707534785793868e+00 -9.342063885233425680e+00 -8.605295250343587554e+00 -7.657098260558222513e+00 -3.942256630372972914e+00 -3.837525164680110290e+00 -1.994752867753932346e+00 4.289825943216683535e-01 3.146910390290622583e-01 1.378107636204878750e+00 2.149422364444676159e+00 4.457877334249432444e+00 4.457877334249432444e+00 4.457877334249432444e+00 4.457877334249432444e+00
-1.044008398333995657e+01 -1.029471829126399030e+01 -9.925025766521075710e+00 -9.753107518791505726e+00 -9.365412609255105991e+00 -8.533463489773108535e+00 -7.358553450827598041e+00 -2.814380495025283757e+00 -3.739250620341478371e+00 -4.071999356190073582e-01 6.062736785152178509e-01 1.632375770715413177e+00 1.606337507798236919e+00 3.346787902773222800e+00 4.251657872552520701e+00 4.251657872552520701e+00 4.251657872552520701e+00 4.251657872552520701e+00
-1.049541650567507922e+01 -1.012095315723816924e+01 -1.002425491882218722e+01 -9.757567781906253401e+00 -9.147182884671833492e+00 -8.239933938778378320e+00 -4.847022732072542084e+00 -2.888533723105670248e+00 -3.006911087403449923e+00 2.768257799751826509e-01 1.511401558895731023e+00 2.042269387262096725e+00 1.805377724181920218e+00 4.352835131153972803e+00 5.231913315299848932e+00 5.231913315299848932e+00 5.231913315299848932e+00 5.231913315299848932e+00
-1.043978826108940794e+01 -1.017025843048925715e+01 -9.557617816920618736e+00 -9.080747664226887395e+00 -8.232865308173572316e+00 -6.954874438764283795e+00 -3.640543448056375642e+00 -4.114027644012264950e+00 -1.226411069968743162e+00 1.281271257419817511e+00 2.064827068459877069e+00 2.693840529789542693e+00 3.335665338042235639e+00 4.768284905514876826e+00 5.191234776381212335e+00 5.191234776381212335e+00 5.191234776381212335e+00 5.191234776381212335e+00
-1.045426968368471066e+01 -1.007645588493268107e+01 -9.503968175509683647e+00 -8.441463690443011814e+00 -7.433511453815675907e+00 -5.397384457202969443e+00 -2.356737976049528616e+00 -3.597846856771439672e+00 1.672434503687005303e-01 2.099514509569479603e+00 3.089058102368108738e+00 3.495490363363942254e+00 4.948172919993890417e+00 4.970062816618320944e+00 5.131623565873931980e+00 5.131623565873931980e+00 5.131623565873931980e+00 5.131623565873931980e+00
-1.021312521097421566e+01 -9.477104796575508416e+00 -8.923721562274362640e+00 -8.375809080683060515e+00 -6.890967296542461540e+00 -3.892279559006702527e+00 -3.986836543202012528e+00 -1.400606332755268468e+00 1.144447116725176405e+00 3.068369529981077370e+00 3.141553892001293313e+00 4.657767744719835790e+00 2.772988464680446796e+00 2.236518447230870343e+00 5.589704185414827720e+00 5.589704185414827720e+00 5.589704185414827720e+00 5.589704185414827720e+00
-9.877956756302850749e+00 -9.005738804263758723e+00 -8.223364288779626108e+00 -7.707511415711715941e+00 -5.221312577975012914e+00 -2.393735148488054687e+00 -3.325508790836844142e+00 3.501357423410858538e-01 2.909256451435906499e+00 3.089678082981804685e+00 4.465811682362732071e+00 3.767362885436071451e+00 2.033735363141892627e+00 2.466621028117375936e+00 5.321718639077627877e+00 5.321718639077627877e+00 5.321718639077627877e+00 5.321718639077627877e+00
-9.476894265767016989e+00 -8.546129091357352436e+00 -7.826501891900534247e+00 -6.196890014910039213e+00 -3.991038233211458675e+00 -3.288220277498266952e+00 -2.360366851105530905e+00 1.819987674959676838e+00 3.244833541985219227e+00 4.156081011514370260e+00 4.786239433956651190e+00 1.978287926657922746e+00 5.499115879131060147e-01 2.369831673476108680e+00 5.111996739047060423e+00 5.111996739047060423e+00 5.111996739047060423e+00 5.111996739047060423e+00
-1.008600786588296039e+01 -7.798784029783204730e+00 -6.669607786637859803e+00 -5.002076649726828528e+00 -2.723973874649720184e+00 -3.179319956693536398e+00 -3.773756135369005227e-02 2.949902261748557741e+00 3.341120491853649455e+00 5.033465536629490700e+00 3.278058164654626960e+00 -1.838529428989010839e+00 4.333551220691576611e-01 2.578484707963783595e+00 5.229138300081843660e+00 5.229138300081843660e+00 5.229138300081843660e+00 5.229138300081843660e+00
-9.389314072690664759e+00 -7.557489734184486885e+00 -5.672131252234870580e+00 -4.139661833206486286e+00 -1.950983346452575429e+00 -2.524456825739312738e+00 7.567935188507721733e-01 3.084885998696353937e+00 3.578320517910341891e+00 5.603939691371206955e+00 4.446446379360919465e+00 -8.946447604744737214e-01 9.565694820108993079e-01 2.554535743514777302e+00 5.117377291584539911e+00 5.117377291584539911e+00 5.117377291584539911e+00 5.117377291584539911e+00
-8.991248461188861896e+00 -6.845280832138081806e+00 -4.897772007627681390e+00 -3.094363765016829859e+00 -1.909928342171636872e+00 -1.425081634227556737e+00 3.021619947681325691e+00 3.010646217837636751e+00 4.231210886707539309e+00 6.196034352782183952e+00 6.010212931801602210e+00 1.968672962150751937e+00 6.743731544728920335e-01 2.699911662765137166e+00 5.058129395504010972e+00 5.058129395504010972e+00 5.058129395504010972e+00 5.058129395504010972e+00
-8.658637673534093082e+00 -6.451693752505964774e+00 -4.219670057347733483e+00 -2.225450877562586527e+00 -2.491811001019189842e+00 -1.239928187340426924e-01 3.161788394754149856e+00 3.312741407894034040e+00 4.271316357445894774e+00 5.053798340711651349e+00 4.587486710612006746e+00 4.668978193166835489e+00 3.512389642875766604e+00 3.270783719743274531e+00 5.243018968999865415e+00 5.243018968999865415e+00 5.243018968999865415e+00 5.243018968999865415e+00
-7.790010362780048325e+00 -5.972935633381994514e+00 -3.914892872837548943e+00 -1.729042638161606416e+00 -1.905785669859825893e+00 1.927809551742986294e+00 3.575342928457729386e+00 3.873897125377840478e+00 4.083612571142977821e+00 3.286582397686324430e+00 3.315552576782434091e+00 3.173827878657601076e+00 3.949029560958543073e+00 5.125351982837917042e+00 5.228795597793602035e+00 5.228795597793602035e+00 5.228795597793602035e+00 5.228795597793602035e+00
-7.518010099674240720e+00 -6.061631415699768155e+00 -3.410890429799074308e+00 -1.753975122358758298e+00 -2.324174547810285152e-01 3.021101814398591934e+00 3.182940698163172044e+00 3.895277750016489016e+00 3.868210443431646439e+00 1.748212410681450280e+00 1.474510605149104148e+00 1.550025743781012988e+00 2.800207033471630247e+00 4.308476587927581924e+00 5.298679072230416232e+00 5.298679072230416232e+00 5.298679072230416232e+00 5.298679072230416232e+00
-8.161904637240596116e+00 -5.971127883510121137e+00 -3.332175157238589147e+00 -1.678747499207534633e+00 -1.696755659927783988e+00 3.082904019714543864e+00 3.100086849264900302e+00 4.097200362525867057e+00 3.098655390530468789e+00 1.545876501220712074e+00 4.678336503665896928e-01 9.136297358301977978e-01 2.019811368228149107e+00 3.625032900809044278e+00 5.182293163010207593e+00 5.182293163010207593e+00 5.182293163010207593e+00 5.182293163010207593e+00
-8.171487747891893250e+00 -6.095056094619828890e+00 -3.335537383771782771e+00 -1.417741800408015340e+00 -1.237438245161056383e+00 3.131622855929496296e+00 3.144795254666272744e+00 4.031063934974161711e+00 3.011195818882551389e+00 1.356278181643377323e+00 7.814643967409011516e-02 3.100807282184553926e-01 1.285979029320617251e+00 3.319569081664011989e+00 5.136893965718689614e+00 5.136893965718689614e+00 5.136893965718689614e+00 5.136893965718689614e+00
-8.079846657823223310e+00 -6.431567125082969127e+00 -3.522315805105622477e+00 -1.455323939422108026e+00 -6.299618239538800069e-01 3.133110375862483643e+00 3.251529194602304607e+00 4.119741082708046953e+00 2.791490570181152986e+00 1.124923239955080145e+00 -2.594616230044712424e+00 -1.720126145094372783e+00 1.193646048103244928e+00 3.192081122187132358e+00 5.077646069638158011e+00 5.077646069638158011e+00 5.077646069638158011e+00 5.077646069638158011e+00
-8.071119944698191162e+00 -7.004969794953553652e+00 -4.232768081473643917e+00 -3.006370961999083491e+00 -1.780322352864554869e+00 2.594568588845660884e+00 3.286155099065736440e+00 4.000290614225437302e+00 2.310326568060422137e+00 5.484161515378829233e-01 -2.668278066636111223e+00 -1.535466272708339686e+00 1.201639455737211426e+00 3.496663237205384078e+00 5.358734941866748258e+00 5.358734941866748258e+00 5.358734941866748258e+00 5.358734941866748258e+00
-8.056012238033559925e+00 -7.107686499133222924e+00 -5.003786894946347985e+00 -2.992683368160637514e+00 -1.670086937967866225e+00 2.949785470174974278e-01 3.141613216269499187e+00 3.792353884598937519e+00 2.129356284729476467e+00 -2.858794061207481363e+00 -2.768312874697933967e+00 -1.335040461477589036e+00 1.278875787122082386e+00 3.809650911842946464e+00 5.331249717451213677e+00 5.331249717451213677e+00 5.331249717451213677e+00 5.331249717451213677e+00
-7.847094917124819879e+00 -7.097726317899271997e+00 -5.310711686652124008e+00 -3.428216274541977970e+00 -1.779545559641535490e+00 -1.596211115188654661e+00 2.817125498490767210e+00 3.054719557461567980e+00 2.016129540767009676e+00 -3.883137785213738979e+00 -2.304653130719855447e+00 -3.885595706327122922e-01 1.550943612811794603e+00 3.773500226590618567e+00 5.225571033187628167e+00 5.225571033187628167e+00 5.225571033187628167e+00 5.225571033187628167e+00
-8.399126622772149275e+00 -7.659898245882549972e+00 -6.188190396935921100e+00 -4.660852010824817704e+00 -2.848414211739779933e+00 -2.240510215867226762e+00 1.747038751584160110e-01 2.806016653900456514e+00 1.353259961307179626e+00 -3.393119215479968531e+00 -2.082605342602444898e-01 1.029946786774275536e+00 1.899396569315527028e+00 4.110973347334154759e+00 5.278809766840732998e+00 5.278809766840732998e+00 5.278809766840732998e+00 5.278809766840732998e+00
-8.768735390234134286e+00 -7.821263443383726255e+00 -6.793580505858665575e+00 -5.451898349008573064e+00 -3.774811966693307319e+00 -2.004456675963126155e+00 -2.009336923343625791e+00 1.426383578444059719e+00 1.830201727638725462e+00 -3.180902670321170134e-01 2.772084283191815768e-01 3.358583487783355359e-01 2.205509094360669664e+00 4.659773526379219710e+00 5.156410639852843758e+00 5.156410639852843758e+00 5.156410639852843758e+00 5.156410639852843758e+00
-9.146066597632847461e+00 -8.261848997654999138e+00 -7.502667215508439291e+00 -6.293172909650829538e+00 -4.915059858670831616e+00 -3.534244550801028950e+00 -2.399562938977310544e+00 -9.128314213488650797e-01 1.380952927784141693e+00 1.258014102352184027e+00 1.943898054256355534e-01 3.588108252758920313e-01 1.832479805841453091e+00 4.768423141672723631e+00 5.097162743772313931e+00 5.097162743772313931e+00 5.097162743772313931e+00 5.097162743772313931e+00
-9.407300081330971508e+00 -8.628935033971043111e+00 -7.981390991407403490e+00 -7.315581843758579339e+00 -6.240414966781264283e+00 -4.769237276783390378e+00 -2.669148955699997217e+00 -2.237398613455628738e+00 4.365456038059545296e-01 8.383686328257032860e-01 3.827008573353730680e-01 2.208911456145248031e-01 1.271196355408661827e+00 4.105411472119624428e+00 5.220627972753874246e+00 5.220627972753874246e+00 5.220627972753874246e+00 5.220627972753874246e+00
-1.008439599515658891e+01 -9.054485320426406858e+00 -8.580464145270765286e+00 -8.141317917800494186e+00 -7.423895721862516339e+00 -6.502632927556113884e+00 -4.463234042988665884e+00 -2.437832862768223308e+00 -2.059932408466994325e+00 1.438936038715933119e+00 7.105884001960981466e-01 7.987242124529391196e-01 2.120588990197551926e-01 4.022437695459233353e+00 5.279460405942255186e+00 5.279460405942255186e+00 5.279460405942255186e+00 5.279460405942255186e+00
-1.032105258739863274e+01 -9.904884685767529007e+00 -9.377031173547722531e+00 -8.944899448716780554e+00 -8.353666634648481804e+00 -7.290565538965580572e+00 -5.609094773551003499e+00 -3.704672869970758065e+00 -2.133324399194042265e+00 -6.663333241980515798e-01 1.053693739199431656e+00 1.210519717721552091e+00 4.285760895494611922e-01 4.544765476105935065e+00 5.349939047145001680e+00 5.349939047145001680e+00 5.349939047145001680e+00 5.349939047145001680e+00
-1.041353477936569227e+01 -1.006265054090373567e+01 -9.589201123379595515e+00 -9.194770143950844243e+00 -8.668197332552447065e+00 -7.712745381418905311e+00 -6.393973974707372498e+00 -4.745807134567566976e+00 -2.687816947292866132e+00 -2.121996815297015893e+00 6.946711715783052687e-01 1.298390871983233774e-01 7.787517000904997655e-01 4.052781643814053147e+00 5.235175210067521512e+00 5.235175210067521512e+00 5.235175210067521512e+00 5.235175210067521512e+00
-1.037706637240896335e+01 -1.016157048596054224e+01 -9.769648055090280891e+00 -9.369820177310472786e+00 -8.909828980151909050e+00 -8.040535865263390036e+00 -6.655574344814544574e+00 -5.358451376942748645e+00 -3.638883843762652059e+00 -1.982210167733091888e+00 -1.297600032673495551e+00 6.413780083913684926e-01 6.616555799307796137e-01 3.005108468433027369e+00 5.175927313986991685e+00 5.175927313986991685e+00 5.175927313986991685e+00 5.175927313986991685e+00
-1.050274691771054414e+01 -1.017876546417595307e+01 -9.680690166991533729e+00 -9.470371282146498260e+00 -8.966127357111570717e+00 -8.181628464609941531e+00 -6.830266801728306802e+00 -5.631844138861022309e+00 -4.146565102377747003e+00 -2.957045879164255542e+00 -3.025134118579592801e+00 3.923316534641987374e-01 3.373156465207838850e-01 2.601113435299404752e+00 5.116679417906460081e+00 5.116679417906460081e+00 5.116679417906460081e+00 5.116679417906460081e+00
-1.045711571803897577e+01 -1.019513940103282401e+01 -9.934883054411377756e+00 -9.562255550798660408e+00 -9.091759328836829468e+00 -8.392074053558017610e+00 -7.028221960606346741e+00 -5.756401500653296921e+00 -4.916582107882773833e+00 -3.296229993836255812e+00 -2.650508516602881226e+00 -3.962792473801792781e-01 -9.481972546794117940e-02 2.683713785553639930e+00 4.936638774842426969e+00 4.936638774842426969e+00 4.936638774842426969e+00 4.936638774842426969e+00
-1.052318601970455170e+01 -1.022008705889985869e+01 -9.907728053103950216e+00 -9.560521599638242662e+00 -9.181244911009891041e+00 -8.504530289031277945e+00 -7.203290647617846432e+00 -5.772058159943316724e+00 -5.293346613104468190e+00 -3.693737122146418361e+00 -2.161298499175408061e+00 -5.625308425729209638e-01 1.922132549213306230e-01 2.301910540331450594e+00 5.419727053219109081e+00 5.419727053219109081e+00 5.419727053219109081e+00 5.419727053219109081e+00
-1.054419527063330442e+01 -1.026509982183332070e+01 -9.944102404236206283e+00 -9.650240478856192183e+00 -9.218244660017042236e+00 -8.672859965980839192e+00 -7.356296518179820332e+00 -5.752595239291252938e+00 -5.073324424441040925e+00 -3.340285205994835582e+00 -3.140781350286392826e+00 -1.662893576849079125e+00 3.599431324111011521e-01 2.378737568812291592e+00 5.377091011189563119e+00 5.377091011189563119e+00 5.377091011189563119e+00 5.377091011189563119e+00
-1.055892587281854489e+01 -1.028700849636175185e+01 -9.947186121089002242e+00 -9.647711696206778598e+00 -9.304954892456072102e+00 -8.709500550073444813e+00 -7.421674765354986825e+00 -5.820532238070638797e+00 -5.114378020004446412e+00 -3.796357697132996201e+00 -2.834057596226149833e+00 -2.180059721255115601e+00 4.601503801708581864e-01 2.268314641851206570e+00 5.254691884201670327e+00 5.254691884201670327e+00 5.254691884201670327e+00 5.254691884201670327e+00
-1.060606880446171019e+01 -1.029344956231023822e+01 -9.992681631122232844e+00 -9.658416845673631457e+00 -9.330188860809856877e+00 -8.768275940433120752e+00 -7.556976035678734327e+00 -5.839757072254564640e+00 -5.181657182890639923e+00 -3.785518983097089674e+00 -3.908594016391225168e+00 -1.964405537897803811e+00 -4.645435804973685467e-02 2.198061387713664772e+00 5.062951552298525115e+00 5.062951552298525115e+00 5.062951552298525115e+00 5.062951552298525115e+00
-1.066352760417332668e+01 -1.033570936706834154e+01 -1.003401345229742603e+01 -9.716103606992858133e+00 -9.375842105252401026e+00 -8.949613007472931869e+00 -7.585755156727689297e+00 -5.847925988546900378e+00 -5.313838299005154475e+00 -3.764464144312141158e+00 -4.058029785955323376e+00 -1.917491212897036057e+00 -9.152164611074112832e-01 2.185481104844310796e+00 5.388734201957352532e+00 5.388734201957352532e+00 5.388734201957352532e+00 5.388734201957352532e+00
