-1.049197565722460013e+01 -1.030733781603189314e+01 -9.945286632529558801e+00 -9.616800182766354510e+00 -9.325779566291309663e+00 -8.951697541117223267e+00 -8.371671604618292406e+00 -7.075602215887902169e+00 -3.595912445134188395e+00 -3.673711269554554626e+00 -1.972315791454807066e+00 -4.646544049324861092e-01 1.173621435838573479e+00 2.052159530249357822e+00 5.324027839156778796e+00 5.324027839156778796e+00 5.324027839156778796e+00 5.324027839156778796e+00
-1.044056269821147254e+01 -1.024416455522208658e+01 -1.000465531458194413e+01 -9.758195808661731974e+00 -9.402099885446482119e+00 -8.883129799770898671e+00 -8.101553431089733692e+00 -6.655848932191510414e+00 -3.376829167828753420e+00 -4.268827397243375898e+00 -1.693950933508861167e+00 -4.739423083445902241e-01 1.114242336243489895e+00 1.925412314265039893e+00 5.193001317725341792e+00 5.193001317725341792e+00 5.193001317725341792e+00 5.193001317725341792e+00
-1.017662979742734919e+01 -9.901730751154858012e+00 -9.880977711514887574e+00 -9.822773099250811768e+00 -9.577434616671215650e+00 -9.022954509208600982e+00 -8.090226563117786540e+00 -6.383704754452542929e+00 -3.010997152681064826e+00 -4.362021670195376011e+00 -7.030747893922311142e-01 -4.315061848174763792e-01 1.684982579694813243e+00 2.004682607203424727e+00 4.960571230830078449e+00 4.960571230830078449e+00 4.960571230830078449e+00 4.960571230830078449e+00
-1.043964507072730363e+01 -1.022424857155642997e+01 -9.708083738279626118e+00 -9.353600743343857715e+00 -9.299706428746455700e+00 -9.138084350377980059e+00 -8.091774541418526923e+00 -5.834148397390921836e+00 -2.324724554563861290e+00 -3.876395259119205683e+00 -2.090556001721641521e-01 4.795267792687690767e-02 1.499789378631982473e+00 2.133389458243298176e+00 4.943396156857248869e+00 4.943396156857248869e+00 4.943396156857248869e+00 4.943396156857248869e+00
-1.051673648232139335e+01 -1.022668664903026503e+01 -9.951751363379479187e+00 -9.540736674702262832e+00 -8.968955205168095191e+00 -8.606800462986988975e+00 -7.929255318765617844e+00 -4.824957336290677468e+00 -2.584079987143585555e+00 -3.055263001898254061e+00 -3.460269085316509258e-02 1.301426564791848595e+00 1.479173389980234621e+00 2.326044240814452380e+00 4.807388055037366215e+00 4.807388055037366215e+00 4.807388055037366215e+00 4.807388055037366215e+00
-1.030808411736763119e+01 -1.018121253171475438e+01 -1.015643366148105464e+01 -9.834213941642484968e+00 -9.285306615653901474e+00 -8.452877205442868913e+00 -7.736664123042864105e+00 -3.470224821944499993e+00 -4.038404822179933795e+00 -1.467478070686633718e+00 1.743122908127852366e-01 1.379543219724921554e+00 1.617406763265107017e+00 2.098081044557153163e+00 4.483526056725012587e+00 4.483526056725012587e+00 4.483526056725012587e+00 4.483526056725012587e+00
-1.052094177834266020e+01 -1.023596087689662326e+01 -1.007395408415656668e+01 -9.773171867998341256e+00 -9.264958814089990113e+00 -8.445258366385459681e+00 -6.693655730781975066e+00 -2.788592037835262438e+00 -4.150852557100800588e+00 -5.484023466097339705e-01 8.689982891598648784e-01 1.861587093481472222e+00 1.679992905384433577e+00 3.097254043345760266e+00 4.382889420521996371e+00 4.382889420521996371e+00 4.382889420521996371e+00 4.382889420521996371e+00
-1.034678761524835799e+01 -1.013867162448940640e+01 -1.008463531414987102e+01 -9.682584740260654854e+00 -9.162768293326610802e+00 -8.224824114804267339e+00 -4.971228837748848051e+00 -3.455770766498916124e+00 -3.279744957675137407e+00 -1.860700265920426089e-01 1.752263150624488564e+00 1.984434661918927034e+00 1.858857414243424433e+00 4.270504843756263824e+00 5.142180946153105836e+00 5.142180946153105836e+00 5.142180946153105836e+00 5.142180946153105836e+00
-1.034808817727698127e+01 -1.001026035899974964e+01 -9.529181264495994341e+00 -9.266984726328708177e+00 -8.405165472487505340e+00 -7.031288956396753775e+00 -3.621128118208944091e+00 -4.351671963163431300e+00 -2.338763015578095406e+00 2.586443466576806571e-01 2.040157654737321469e+00 2.694130189712664603e+00 3.255458459511151759e+00 4.705507470205738230e+00 4.898300640422049490e+00 4.898300640422049490e+00 4.898300640422049490e+00 4.898300640422049490e+00
-1.055275267844842979e+01 -1.011736309691263891e+01 -9.325284934764214384e+00 -8.428053458361015160e+00 -7.437212769065626006e+00 -5.669798913397699813e+00 -2.379211246006217806e+00 -4.175859555913346455e+00 -4.978879818571730342e-01 1.813007311466664495e+00 2.755788716292121521e+00 3.379395848682003489e+00 4.876855146664083485e+00 4.971990640825193708e+00 5.270573114751419652e+00 5.270573114751419652e+00 5.270573114751419652e+00 5.270573114751419652e+00
-1.021038401114750549e+01 -9.600701924627589534e+00 -9.023317689546583864e+00 -8.375977984625155415e+00 -6.807203270170658627e+00 -4.136776989246410352e+00 -3.608103657033193468e+00 -2.742304158181536167e+00 2.417756638093732646e-01 2.732088810149209124e+00 2.968675604694385406e+00 4.551806111357127982e+00 3.057697289093026516e+00 2.310195784378848316e+00 5.336622557126872834e+00 5.336622557126872834e+00 5.336622557126872834e+00 5.336622557126872834e+00
-9.899636293308912371e+00 -9.101861269312632174e+00 -8.350615978412619711e+00 -8.039410784792789144e+00 -5.530920448566368108e+00 -2.784205485182975615e+00 -3.358371274806090323e+00 -1.337938522049393564e+00 1.375994450233027244e+00 3.177326269027020533e+00 4.335629523036870658e+00 3.735360987217325235e+00 2.077591740013994048e+00 2.452776397086203097e+00 5.261645334448114220e+00 5.261645334448114220e+00 5.261645334448114220e+00 5.261645334448114220e+00
-9.507661611396390100e+00 -8.681855904335151308e+00 -7.886820840803036248e+00 -6.537230390496182153e+00 -4.532572130552923184e+00 -3.195050186910065815e+00 -3.320009607716901456e+00 4.326311746013206117e-02 3.259464991234753750e+00 3.985611843361770212e+00 4.628351725064015376e+00 2.155949371661880942e+00 4.791642785593449583e-01 2.386793122373343845e+00 5.203562028687141350e+00 5.203562028687141350e+00 5.203562028687141350e+00 5.203562028687141350e+00
-1.000789012876240314e+01 -8.065265970742929724e+00 -6.928212060078433154e+00 -5.344078273025610670e+00 -3.159132430813772263e+00 -2.377156374898225621e+00 -2.807543360789502174e+00 3.969832091256687567e-01 3.248887545883910377e+00 4.934487141161111978e+00 3.334836025957160111e+00 -1.986023142152748555e+00 3.628298901666008325e-01 2.516688672707185770e+00 4.866728125240260994e+00 4.866728125240260994e+00 4.866728125240260994e+00 4.866728125240260994e+00
-9.547646985642980866e+00 -7.635055410158937406e+00 -6.048074305616163215e+00 -4.807281938450617353e+00 -2.324255190180982034e+00 -3.164918956945226292e+00 -8.027308042094933871e-01 2.564293280035964795e+00 3.445494065569383757e+00 5.422083470336913180e+00 4.373165686753083037e+00 -9.572885943595415004e-01 9.844016735091152270e-01 2.471811168014490079e+00 5.332684750812997088e+00 5.332684750812997088e+00 5.332684750812997088e+00 5.332684750812997088e+00
-9.054669906455862005e+00 -7.060738425052547562e+00 -5.370336228041312054e+00 -4.009810183941235451e+00 -1.817867139316631242e+00 -2.512542453049660285e+00 5.215338483401515957e-01 2.936679761581593162e+00 4.011356073138098388e+00 6.116910081479279171e+00 5.903998692320782560e+00 1.939386209347412127e+00 6.679171799857056557e-01 2.693361282544638691e+00 5.252736165921495726e+00 5.252736165921495726e+00 5.252736165921495726e+00 5.252736165921495726e+00
-8.791793604187404299e+00 -6.550823043122465883e+00 -4.776278227685658351e+00 -3.293134069215832405e+00 -2.228835513897312381e+00 -2.099055071446235488e+00 2.020074665970944316e+00 3.317318871984084705e+00 4.184576346428605653e+00 5.117988692733803191e+00 4.549215982540297354e+00 4.613584509458576122e+00 3.472550588942138194e+00 3.175442246808291458e+00 5.208044598069212050e+00 5.208044598069212050e+00 5.208044598069212050e+00 5.208044598069212050e+00
-8.099680620134130038e+00 -6.384084222034486444e+00 -4.498823272311973653e+00 -2.489152399802053939e+00 -2.519541458359710440e+00 -1.444892745994891037e+00 3.406974489193525635e+00 3.859920690049619907e+00 3.981341385505628327e+00 3.233809665973774283e+00 3.213374715906796908e+00 3.149344274360673435e+00 3.874731069052862686e+00 5.085665392170547250e+00 5.117739624745270888e+00 5.117739624745270888e+00 5.117739624745270888e+00 5.117739624745270888e+00
-7.594595439902479761e+00 -6.248381430447935259e+00 -4.236038081061378691e+00 -2.151524911341474500e+00 -2.615452666564202389e+00 -2.925369263044820256e-01 2.832856880811914557e+00 3.777060622909549359e+00 3.726622962571912723e+00 1.786954048224967728e+00 1.551085903640857300e+00 1.587818314911653150e+00 2.731627878570980883e+00 4.281182752063408259e+00 4.835155610058450293e+00 4.835155610058450293e+00 4.835155610058450293e+00 4.835155610058450293e+00
-7.849443793178457085e+00 -6.099856079821934784e+00 -4.025369181603867474e+00 -1.724414235131339845e+00 -2.445036067462636353e+00 2.442618066433935031e-01 3.100120309899976334e+00 3.985664512605580079e+00 3.059580536108970517e+00 1.574911251241275512e+00 1.001568725207546695e+00 1.080560572872518055e+00 1.975626364245050892e+00 3.588087661908906156e+00 4.950133429145203934e+00 4.950133429145203934e+00 4.950133429145203934e+00 4.950133429145203934e+00
-8.234458662743337598e+00 -6.418168109521674047e+00 -4.168821972904188655e+00 -2.634827198127616565e+00 -1.782236521845284472e+00 -7.002142671852384925e-01 3.092214713846666019e+00 4.027672645376807026e+00 2.979787708447680039e+00 1.450900215166872398e+00 7.547974628396042496e-01 4.539349001922459714e-01 1.252310922516409963e+00 3.264561779674618691e+00 5.378057728049225439e+00 5.378057728049225439e+00 5.378057728049225439e+00 5.378057728049225439e+00
-8.137192524448707331e+00 -6.753974196682209552e+00 -4.174840679134218746e+00 -2.260985077573563817e+00 -2.024306640065448804e+00 -9.984836569931556660e-01 3.209163529002663218e+00 4.053176961450327020e+00 2.724138810158948765e+00 1.192585770256752387e+00 -1.818213679600814814e+00 -1.597970385263476345e+00 1.158978700209664536e+00 3.098220672222356864e+00 5.241355336602659065e+00 5.241355336602659065e+00 5.241355336602659065e+00 5.241355336602659065e+00
-8.192211888954890497e+00 -6.943282636023697663e+00 -4.801858082225351154e+00 -2.407406146884980558e+00 -1.739041698073823916e+00 -1.564663375735421802e+00 3.327303734348662445e+00 3.866002799185671801e+00 2.307562360654587419e+00 9.163965711512276346e-01 -2.430451152965422246e+00 -1.583571554373696788e+00 1.159885659708609129e+00 3.419976935625177017e+00 5.043685803616734020e+00 5.043685803616734020e+00 5.043685803616734020e+00 5.043685803616734020e+00
-8.160381367458636959e+00 -7.268163862821815258e+00 -5.344202770141133207e+00 -3.374675400302642903e+00 -1.836663790619900594e+00 -1.684997556722612755e+00 1.441071574518304921e+00 3.631103027778885384e+00 2.114283592184223792e+00 -3.375239142351701971e-01 -2.571065793618295459e+00 -1.217892776663253462e+00 1.202916531408575684e+00 3.683858046382369356e+00 4.900588444489351048e+00 4.900588444489351048e+00 4.900588444489351048e+00 4.900588444489351048e+00
-8.064220780821582224e+00 -7.168417374753339288e+00 -5.756441438008104150e+00 -4.200517613227608749e+00 -2.075079832719271877e+00 -1.721174466124990587e+00 -6.695969165572597248e-01 2.707747628193753364e+00 2.303179349338271731e+00 -3.668315628787370830e+00 -2.288212603219403452e+00 -4.801025189584236519e-01 1.468768294684779763e+00 3.725470946048068832e+00 4.935803460764073947e+00 4.935803460764073947e+00 4.935803460764073947e+00 4.935803460764073947e+00
-8.299268112314782897e+00 -7.825932624979328622e+00 -6.461046129362413737e+00 -4.930814067385536070e+00 -3.526207179998469332e+00 -1.848680709464078920e+00 -1.938817279495548940e+00 1.644344333210637332e+00 2.118849852085765484e+00 -3.034946467802365877e+00 6.646537845286834556e-02 1.039843158134746037e+00 1.859504871764249501e+00 4.187483807128551838e+00 5.478824040819607610e+00 5.478824040819607610e+00 5.478824040819607610e+00 5.478824040819607610e+00
-8.758201185010403123e+00 -7.833959019597875439e+00 -6.928135015349297099e+00 -5.674765723984328325e+00 -4.306248345904112540e+00 -2.384810148704918031e+00 -2.205280648895120876e+00 -4.403467237187759786e-01 1.560482791236415867e+00 -5.793776059409831702e-02 1.160209193292451313e-01 7.772398263000129814e-01 2.168368769433048460e+00 4.738284417067150756e+00 5.405919067071107698e+00 5.405919067071107698e+00 5.405919067071107698e+00 5.405919067071107698e+00
-9.095362645709922589e+00 -8.194687140784550294e+00 -7.431875445945896885e+00 -6.366016164024963508e+00 -5.261847430835168815e+00 -3.918632546410614204e+00 -1.938495663728221796e+00 -2.263323943477403066e+00 1.014267317012704783e+00 1.219866958956471459e+00 7.699217457859746094e-01 -3.556691687874460883e-01 1.711054603735828072e+00 4.841426992368205617e+00 5.269216675624528001e+00 5.269216675624528001e+00 5.269216675624528001e+00 5.269216675624528001e+00
-9.381114120947112056e+00 -8.496528045772301141e+00 -7.950592630696602825e+00 -7.197748819071503767e+00 -6.299272960217235706e+00 -5.061482540762028748e+00 -2.665619638018836390e+00 -2.488771617302433459e+00 -9.252961036949822193e-04 1.356149889205537251e+00 9.443358210650056872e-01 6.603771255930624973e-01 9.551664730719504615e-01 4.071087309483379713e+00 5.034601563579080619e+00 5.034601563579080619e+00 5.034601563579080619e+00 5.034601563579080619e+00
-9.861829751693141688e+00 -8.973368170356968321e+00 -8.493443469452252259e+00 -7.980468193184151460e+00 -7.310523824984444197e+00 -6.356379276857208716e+00 -4.045409100542945779e+00 -2.134300166060292270e+00 -2.188827267809130284e+00 9.361603191593166340e-01 9.502805901725634996e-01 9.384915622701557325e-01 4.388085366632674678e-01 3.910787725049849950e+00 4.907016932095045192e+00 4.907016932095045192e+00 4.907016932095045192e+00 4.907016932095045192e+00
-1.020726365057496032e+01 -9.761906195248055695e+00 -9.287531858868913304e+00 -8.749444973348470711e+00 -8.196443580464869427e+00 -7.146099243193180683e+00 -5.044246302841467688e+00 -3.347752283454462408e+00 -2.634819900827179318e+00 3.377639315806225673e-01 1.082329144673289001e+00 9.630714496702503791e-01 1.583204845028775287e-01 4.420536093779544373e+00 5.481185704123164193e+00 5.481185704123164193e+00 5.481185704123164193e+00 5.481185704123164193e+00
-1.036062643809797734e+01 -1.001611366310791418e+01 -9.523151360255541320e+00 -9.109816269828797886e+00 -8.512725092405558414e+00 -7.551728070443763485e+00 -6.273599475330580155e+00 -3.098845116299550728e+00 -2.729634848267534775e+00 -1.490098154616328108e+00 9.111645681866002988e-01 9.195934631388558156e-01 8.217469265133465761e-01 3.047037120059050253e+00 5.570482797539565212e+00 5.570482797539565212e+00 5.570482797539565212e+00 5.570482797539565212e+00
-1.046821608217535982e+01 -1.010273690280029157e+01 -9.727636528833121687e+00 -9.259489635186524126e+00 -8.743487903590322574e+00 -7.838947134074444101e+00 -6.644036527745374343e+00 -4.926905691333213433e+00 -2.419818286451080880e+00 -2.577126278409162641e+00 8.044287168778663233e-01 8.684775774991042585e-01 6.814120262248881676e-01 2.764296994393891094e+00 5.433780406092980186e+00 5.433780406092980186e+00 5.433780406092980186e+00 5.433780406092980186e+00
-1.044066242508782949e+01 -1.014760824582172027e+01 -9.764909452580685212e+00 -9.387648470929514488e+00 -8.830240257348609845e+00 -8.017617299299079292e+00 -6.877050945984249708e+00 -5.524268044550959544e+00 -3.243508822191397467e+00 -2.819285200806220804e+00 1.055979499424987977e-01 9.930524590536359275e-01 7.516100394956767294e-01 2.613417538448853161e+00 5.297078014646417365e+00 5.297078014646417365e+00 5.297078014646417365e+00 5.297078014646417365e+00
-1.045908422410296801e+01 -1.014417661551708250e+01 -9.849846690725478027e+00 -9.453246571637510698e+00 -8.961770044964600501e+00 -8.244253089386472055e+00 -7.068062242411843776e+00 -5.668376475972062067e+00 -4.044576688044346113e+00 -2.304437938523665963e+00 -1.315944020716955709e+00 6.962925225783248573e-01 2.301651664802229769e-01 2.795277770457217148e+00 4.794583941229273449e+00 4.794583941229273449e+00 4.794583941229273449e+00 4.794583941229273449e+00
-1.053632348820831588e+01 -1.019179235631318825e+01 -9.847050337506058071e+00 -9.481809765253862210e+00 -9.058157775930693489e+00 -8.320953109415951232e+00 -7.225171648770325916e+00 -5.870753107420160433e+00 -4.271674472210149176e+00 -3.137571684903575520e+00 -2.676413196465258437e+00 2.800285883308832324e-01 6.186797147637064231e-01 2.337251570491430730e+00 5.483547367426695907e+00 5.483547367426695907e+00 5.483547367426695907e+00 5.483547367426695907e+00
-1.051132113843917537e+01 -1.019016167715667365e+01 -9.926374719800721280e+00 -9.560582325040604346e+00 -9.107782428163062605e+00 -8.517804873174418034e+00 -7.342355879827528575e+00 -5.869521840622120123e+00 -4.675453643680896221e+00 -3.509483567863719511e+00 -2.724974382715413146e+00 3.665602538359962193e-01 1.620331687559383449e-01 2.513297807665979544e+00 5.875240424561595454e+00 5.875240424561595454e+00 5.875240424561595454e+00 5.875240424561595454e+00
-1.051030438170480430e+01 -1.023623817720981144e+01 -9.906426377832577401e+00 -9.585243048983308256e+00 -9.189901652620152461e+00 -8.531254690138203145e+00 -7.388850464985564415e+00 -5.943012867182260628e+00 -5.086204991052224678e+00 -2.586099446755506293e+00 -3.045098976584308836e+00 -3.091101664020370343e-01 7.624827642492335578e-01 2.485297587878134262e+00 5.598344136561458129e+00 5.598344136561458129e+00 5.598344136561458129e+00 5.598344136561458129e+00
-1.058993111639579254e+01 -1.028618074841019059e+01 -9.961025211645168298e+00 -9.592625043613153935e+00 -9.257560140277512062e+00 -8.609868737768859859e+00 -7.501594834989679939e+00 -5.910339915467252681e+00 -5.234118980566251800e+00 -3.393569992063087959e+00 -2.754681592729507855e+00 -5.068216939564761381e-01 4.112863672723626740e-01 2.441764429609414755e+00 5.461641745114872215e+00 5.461641745114872215e+00 5.461641745114872215e+00 5.461641745114872215e+00
-1.063775549608915405e+01 -1.032644402288729246e+01 -9.987598713350550383e+00 -9.621514392354763245e+00 -9.343738296987291747e+00 -8.784123610437227114e+00 -7.501325605264111296e+00 -5.809308115894145530e+00 -5.394945619422539806e+00 -3.958106726541561038e+00 -1.890210111555567840e+00 -7.673997786788859798e-01 -5.735019028162709198e-02 2.317803684481195337e+00 4.696837516920226996e+00 4.696837516920226996e+00 4.696837516920226996e+00 4.696837516920226996e+00
