-1.042438587171996645e+01 -1.032274930345045050e+01 -9.981676188585208109e+00 -9.672104937823368331e+00 -9.335736514031907518e+00 -8.969549988905621163e+00 -8.331379133287555305e+00 -7.245159938649347708e+00 -4.977031050988098393e+00 -2.301660166678173081e+00 -2.396245321959438623e+00 -3.907350913846738272e-01 9.668966777420895387e-01 1.824229085972135289e+00 5.136946044439064885e+00 5.136946044439064885e+00 5.136946044439064885e+00 5.136946044439064885e+00
-1.033113525903045726e+01 -1.010567640384981836e+01 -9.991727131263932193e+00 -9.823107944272397418e+00 -9.472028623943568704e+00 -8.932480061477068745e+00 -8.207324173698109959e+00 -6.833634681373065511e+00 -4.307181748488285500e+00 -2.514451654418095927e+00 -1.676104803016516653e+00 2.851001692892804473e-03 1.538886788882383394e+00 1.994770063451061004e+00 5.060654639205623084e+00 5.060654639205623084e+00 5.060654639205623084e+00 5.060654639205623084e+00
-1.030195770575606851e+01 -9.993085021706269444e+00 -9.807824531295230130e+00 -9.777255883932884473e+00 -9.565388648266971217e+00 -9.043594914803684048e+00 -8.111335393275576067e+00 -6.795025448336151186e+00 -3.519279609612016468e+00 -3.245818971247640405e+00 -7.680968919802870776e-01 2.912512863171595745e-01 1.031105191295279999e+00 1.984682545330792802e+00 4.833952126829718310e+00 4.833952126829718310e+00 4.833952126829718310e+00 4.833952126829718310e+00
-1.027774520592595309e+01 -1.028514433839425735e+01 -9.802485278542530267e+00 -9.264212221144507708e+00 -9.208770970206085593e+00 -9.040825267524343900e+00 -8.196716829474942401e+00 -6.477440155201477978e+00 -2.589123483231965395e+00 -3.097048830354700577e+00 -5.274432405301943128e-01 5.199262050064055174e-01 8.755645661604991581e-01 2.203869029117401013e+00 4.893727267020850036e+00 4.893727267020850036e+00 4.893727267020850036e+00 4.893727267020850036e+00
-1.051499917376077597e+01 -1.025927841413614416e+01 -9.869035274885220588e+00 -9.563372175039200229e+00 -9.043960737810266437e+00 -8.650376900649604295e+00 -8.160090246526836566e+00 -5.328760276921422623e+00 -2.651280299392693607e+00 -3.123671719279839998e+00 -3.262368198943524922e-01 3.529240660115027794e-01 1.873803086152677766e+00 2.318262001743218281e+00 4.744162392305317333e+00 4.744162392305317333e+00 4.744162392305317333e+00 4.744162392305317333e+00
-1.037762024272108974e+01 -9.957152667590486672e+00 -1.013293151590421814e+01 -9.865388893370647949e+00 -9.340413688035480888e+00 -8.589314952556033944e+00 -7.667881226438254316e+00 -4.040505878549053520e+00 -3.809021702654716179e+00 -2.004685236851370789e+00 3.842428897209251293e-01 3.036418898772027530e-01 1.416283890079122587e+00 2.146002425914366185e+00 4.433679507513698326e+00 4.433679507513698326e+00 4.433679507513698326e+00 4.433679507513698326e+00
-1.047037598856577567e+01 -1.028345205887109870e+01 -9.921883282436571250e+00 -9.740433070028897689e+00 -9.336542057577398523e+00 -8.544881647865610219e+00 -7.361922294644956288e+00 -2.918751298802817473e+00 -3.713236050280152245e+00 -5.070090418754984452e-01 8.428573264962970768e-01 1.618738295576740427e+00 1.605302119765304125e+00 3.345136288727438956e+00 4.368302702424750272e+00 4.368302702424750272e+00 4.368302702424750272e+00 4.368302702424750272e+00
-1.050295470044393298e+01 -1.008775571773180957e+01 -9.970213905289565304e+00 -9.746545283310258156e+00 -9.171560391173763094e+00 -8.242018537202481454e+00 -4.876416838164322698e+00 -2.579672420234708774e+00 -2.866525871431119032e+00 8.066677304501834733e-04 1.519977706326010702e+00 2.023980676347376662e+00 1.801423759268081737e+00 4.349974994054604416e+00 5.219761714060152435e+00 5.219761714060152435e+00 5.219761714060152435e+00 5.219761714060152435e+00
-1.045524703307298964e+01 -1.014548318107342695e+01 -9.557665984883426447e+00 -9.069464354936565442e+00 -8.242763260559003768e+00 -6.926657738696705202e+00 -3.752849939635744647e+00 -4.205638161089822802e+00 -9.800638984778953233e-01 1.006222421748980578e+00 2.088819304767910445e+00 2.707668542746484608e+00 3.403974811372648457e+00 4.828866607972541303e+00 5.081009133056688221e+00 5.081009133056688221e+00 5.081009133056688221e+00 5.081009133056688221e+00
-1.042785848542185789e+01 -1.008617907291319149e+01 -9.537241701872837041e+00 -8.411464394024500635e+00 -7.428680716060288347e+00 -5.398088720743287716e+00 -2.405353340851244415e+00 -3.631697338759328986e+00 -4.759196840753108365e-02 2.100445284131160939e+00 3.028606591042473539e+00 3.499528225954931404e+00 4.937306670560907662e+00 4.966020357251737849e+00 5.214988308886047363e+00 5.214988308886047363e+00 5.214988308886047363e+00 5.214988308886047363e+00
-1.022933568942968385e+01 -9.496325266128927467e+00 -8.927648700092648326e+00 -8.448743564789674920e+00 -6.893448134773056069e+00 -3.957368600528288649e+00 -3.912861759952837915e+00 -1.398612585415110576e+00 1.055096840215512977e+00 3.031857664477042746e+00 3.061782353268343471e+00 4.605869677835849885e+00 2.749204245067257801e+00 2.225168569196822155e+00 5.535298464323672007e+00 5.535298464323672007e+00 5.535298464323672007e+00 5.535298464323672007e+00
-9.903394991128607217e+00 -9.010122528424197696e+00 -8.218147499206796880e+00 -7.703692673497314125e+00 -5.291154361687336660e+00 -2.559642596045942575e+00 -3.235189452620941264e+00 1.176918761838444821e-01 2.778324963647012869e+00 3.081721736373056686e+00 4.483626460265953462e+00 3.789256850140342081e+00 1.990326824287213636e+00 2.413111932948699856e+00 5.198744210061148507e+00 5.198744210061148507e+00 5.198744210061148507e+00 5.198744210061148507e+00
-9.495043618907287097e+00 -8.584894284371751283e+00 -7.848037829352422001e+00 -6.197042958736016516e+00 -4.077306074461807484e+00 -2.943631497617764214e+00 -2.361362322421264093e+00 1.542212094639877185e+00 3.219339616194236697e+00 4.101198646916571988e+00 4.735710527761258781e+00 1.964590566339778688e+00 5.775956546753985288e-01 2.405841251592506058e+00 5.110137298149406426e+00 5.110137298149406426e+00 5.110137298149406426e+00 5.110137298149406426e+00
-1.006323869757029499e+01 -7.802908572943242582e+00 -6.718408338702599458e+00 -5.020849620265735780e+00 -2.927969315449823196e+00 -3.444044840628268211e+00 -2.814201327646166373e-01 2.894670873426972157e+00 3.297677569951773080e+00 5.036396327072378831e+00 3.335170584821947504e+00 -1.946579322137321544e+00 4.411159839223048329e-01 2.557841393209312031e+00 4.991401088822764009e+00 4.991401088822764009e+00 4.991401088822764009e+00 4.991401088822764009e+00
-9.428594888277350705e+00 -7.592590073765156156e+00 -5.712332542362611676e+00 -4.218259161061894247e+00 -2.041636840572273570e+00 -2.494841500725488714e+00 3.991754443025728460e-01 3.031832731639449552e+00 3.573255221658073300e+00 5.596158700549446863e+00 4.441318936165726150e+00 -7.434937740134236472e-01 9.790442175587867890e-01 2.601820113547374635e+00 5.162271060235673836e+00 5.162271060235673836e+00 5.162271060235673836e+00 5.162271060235673836e+00
-9.036920205676921114e+00 -6.861943026188169092e+00 -4.932639611806047597e+00 -3.185231241485627862e+00 -1.730844980682849865e+00 -1.479112959547566053e+00 3.021866461739884713e+00 2.982336646131861002e+00 4.175244253584501131e+00 6.226934736137146764e+00 6.097415432652145917e+00 1.971469830417220681e+00 6.633041727991558778e-01 2.774152085354052222e+00 5.020319044608218206e+00 5.020319044608218206e+00 5.020319044608218206e+00 5.020319044608218206e+00
-8.577977829420543543e+00 -6.464965721302532664e+00 -4.285197489022158024e+00 -2.343193861694569335e+00 -2.108281368938803357e+00 -1.370921054204136680e-01 3.078946968199882228e+00 3.201290039425796596e+00 4.272207159905208051e+00 5.068956751059625176e+00 4.594921208302704230e+00 4.687246631853499323e+00 3.643963494336243336e+00 3.294752758042807095e+00 5.224696178798675206e+00 5.224696178798675206e+00 5.224696178798675206e+00 5.224696178798675206e+00
-7.800189897101382996e+00 -6.006163039143061155e+00 -4.018693685739882504e+00 -1.691729713509110944e+00 -1.797207936531188377e+00 1.006050091668388768e+00 3.500829023099516490e+00 3.887961576058850177e+00 4.055084086846633795e+00 3.265123145879803790e+00 3.306005431620487212e+00 3.183688718096033377e+00 3.939440347780519769e+00 5.117305277611187364e+00 5.044412078649894937e+00 5.044412078649894937e+00 5.044412078649894937e+00 5.044412078649894937e+00
-7.542403087134863959e+00 -6.054839973916723572e+00 -3.582345005420082273e+00 -2.007954286465788662e+00 -4.290139110032992753e-01 3.049081526548602650e+00 3.155205031299562535e+00 3.874200238331214408e+00 3.846899837249562637e+00 1.754093925790765951e+00 1.486578711755983884e+00 1.533319908064941117e+00 2.806908557000987514e+00 4.284708419171906257e+00 5.054227059838050984e+00 5.054227059838050984e+00 5.054227059838050984e+00 5.054227059838050984e+00
-8.100207948942797387e+00 -5.983074625431282989e+00 -3.343412467984945735e+00 -1.645384114828104760e+00 -1.819289123402413777e+00 2.985057257259783547e+00 3.039700417156381285e+00 4.066642728334636914e+00 3.052322186722721042e+00 1.500016016378748596e+00 5.771612932309124755e-01 9.227736447512446816e-01 2.001562411057547841e+00 3.615816376943970845e+00 4.986712031170743131e+00 4.986712031170743131e+00 4.986712031170743131e+00 4.986712031170743131e+00
-8.185484836948459630e+00 -6.106875944092919006e+00 -3.414208752480306419e+00 -1.399149087971668148e+00 -1.019611596318169333e+00 3.091120031593749040e+00 3.114220971443903085e+00 4.046545741122351991e+00 2.974663418633165524e+00 1.354022209884989891e+00 3.151604878556536482e-01 3.379492662321798568e-01 1.273720387889325734e+00 3.262664515749864158e+00 5.102719664178818171e+00 5.102719664178818171e+00 5.102719664178818171e+00 5.102719664178818171e+00
-8.204159276442192450e+00 -6.401432051642320431e+00 -3.522733138436707545e+00 -1.574214546755224653e+00 -9.764485834614764492e-01 3.131277562629299460e+00 3.224077595848733324e+00 4.101043751814676952e+00 2.793641674154617061e+00 1.147951087002673898e+00 -2.533418824760086618e+00 -1.631781023356107863e+00 1.179951360744245559e+00 3.170635749899100020e+00 4.960767648551349218e+00 4.960767648551349218e+00 4.960767648551349218e+00 4.960767648551349218e+00
-8.114861675426379151e+00 -6.862955536011764224e+00 -4.367072372507837308e+00 -2.986015083574116158e+00 -1.915953079651534718e+00 1.224553602124189400e+00 3.188591449021812352e+00 3.952189275794121048e+00 2.312611153038779843e+00 6.107701820396327363e-01 -2.699365722485368213e+00 -1.501113797814405126e+00 1.260497511426613260e+00 3.478355426882306034e+00 5.042000106633034662e+00 5.042000106633034662e+00 5.042000106633034662e+00 5.042000106633034662e+00
-8.096475388367469606e+00 -7.112377741488035809e+00 -5.039715926695714998e+00 -3.034686878321386949e+00 -1.542648064138643083e+00 -4.729012391166134699e-02 3.138158765492103264e+00 3.764096738240889195e+00 2.055548744652949011e+00 -2.895352218691419122e+00 -2.672296611894467766e+00 -1.274345490349743981e+00 1.275254309242463746e+00 3.700528560882772933e+00 4.938924237474049406e+00 4.938924237474049406e+00 4.938924237474049406e+00 4.938924237474049406e+00
-7.873970563675118051e+00 -7.143051428570602823e+00 -5.303043460926168073e+00 -3.542734885093143937e+00 -2.189546993424856591e+00 -1.146776382535370953e+00 1.565052482451084526e+00 3.005423069535626546e+00 1.931196530952956181e+00 -3.819010061315046389e+00 -2.078286610738045770e+00 -4.291714080680262278e-01 1.570808384234944288e+00 3.746607837403345354e+00 4.911584041001066048e+00 4.911584041001066048e+00 4.911584041001066048e+00 4.911584041001066048e+00
-8.419670937702042224e+00 -7.627867345188810155e+00 -6.141960872705078955e+00 -4.749392289145866641e+00 -2.945137095380505610e+00 -2.330158663852974765e+00 -3.522734418325675909e-01 2.761575563349325968e+00 1.367913867862975419e+00 -3.282057525966228351e+00 -2.219383466942478622e-01 1.030784400869085848e+00 1.891351735860210770e+00 4.139941519056384855e+00 5.315162020165500323e+00 5.315162020165500323e+00 5.315162020165500323e+00 5.315162020165500323e+00
-8.771590857055979740e+00 -7.731808961416973602e+00 -6.743942247136216039e+00 -5.439488347238597754e+00 -3.801072482478008219e+00 -2.035458591961545327e+00 -1.911838491404190155e+00 7.887991531122250377e-01 1.815490701949879382e+00 -4.552632587219492266e-01 3.457757298394823486e-01 3.478877551857625372e-01 2.194933942171941599e+00 4.702540407011655432e+00 5.043168268121940301e+00 5.043168268121940301e+00 5.043168268121940301e+00 5.043168268121940301e+00
-9.157450688274879624e+00 -8.213796335387621994e+00 -7.468305371086842115e+00 -6.217142760539836388e+00 -4.927412131722041622e+00 -3.679205723137557005e+00 -2.268559110965687076e+00 -1.140592934568578132e+00 1.312347537501554973e+00 1.222046319152852778e+00 3.525743699721274327e-01 4.703681124019752358e-01 1.848455956985278537e+00 4.739845343469184513e+00 4.901216252494484671e+00 4.901216252494484671e+00 4.901216252494484671e+00 4.901216252494484671e+00
-9.406182084257153520e+00 -8.529677180617669663e+00 -7.973843072484998906e+00 -7.307737779707403014e+00 -6.246300896466530972e+00 -4.843533780880986406e+00 -2.855997801736136044e+00 -2.059596045635927020e+00 3.003253592983844422e-01 1.017305675692018241e+00 5.353865259396870524e-01 4.410975370463050549e-01 1.271473979773422025e+00 4.103711528411314369e+00 4.832563860437838699e+00 4.832563860437838699e+00 4.832563860437838699e+00 4.832563860437838699e+00
-1.003924829638608784e+01 -9.040353242267215705e+00 -8.574545967387281920e+00 -8.146115450112972667e+00 -7.402708392392035819e+00 -6.513639325485266696e+00 -4.440127890018207069e+00 -2.105761067286521460e+00 -1.793669890971781200e+00 9.645945265905084831e-01 8.290272053299835298e-01 9.456885190642378980e-01 2.118679123191442026e-01 3.984581272014475761e+00 4.877680397066698426e+00 4.877680397066698426e+00 4.877680397066698426e+00 4.877680397066698426e+00
-1.029907124337933411e+01 -9.875897597552331320e+00 -9.341027059632782681e+00 -8.888909549963916135e+00 -8.321760081705319223e+00 -7.270616112081632387e+00 -5.601322794596956811e+00 -3.791146472120257904e+00 -1.565982491803772358e+00 -3.411821376215699031e-01 1.043098441034781443e+00 1.147658617678322779e+00 3.689779224489243559e-01 4.629985493252167572e+00 5.360774424713198982e+00 5.360774424713198982e+00 5.360774424713198982e+00 5.360774424713198982e+00
-1.038878609311335843e+01 -1.003715829980495933e+01 -9.567923854280008911e+00 -9.180794245949511989e+00 -8.671403661869939938e+00 -7.655769600568832267e+00 -6.383303574779608525e+00 -4.744290535973564538e+00 -2.662346511504101620e+00 -1.837472331201465803e+00 9.450900448029622147e-01 5.233953520669099024e-01 8.001191697784570955e-01 3.957682514887599812e+00 5.125568887692540265e+00 5.125568887692540265e+00 5.125568887692540265e+00 5.125568887692540265e+00
-1.035949341307560267e+01 -1.013856422682336245e+01 -9.747571765397779586e+00 -9.342212977670985907e+00 -8.879782104037571955e+00 -7.992264492172802548e+00 -6.630891629411544308e+00 -5.355935489047226383e+00 -3.682384932368369945e+00 -1.932727767271156472e+00 -4.896073367454608638e-01 8.600305673568138243e-01 5.768435064846542115e-01 2.990175796603753877e+00 4.983616872065079306e+00 4.983616872065079306e+00 4.983616872065079306e+00 4.983616872065079306e+00
-1.044354016712910038e+01 -1.015485760988756070e+01 -9.642007783646644015e+00 -9.459752483048557536e+00 -8.937286604315289651e+00 -8.141023895017163170e+00 -6.867880848516113801e+00 -5.621725410664378586e+00 -4.135096129662224840e+00 -2.891776844133612023e+00 -2.995807401401580528e+00 6.598791637378996766e-01 1.820486403036489231e-01 2.600327049746179675e+00 4.841664856437611242e+00 4.841664856437611242e+00 4.841664856437611242e+00 4.841664856437611242e+00
-1.046399718930054590e+01 -1.017974784380847808e+01 -9.918709679076455288e+00 -9.569902160617822062e+00 -9.057551385044385839e+00 -8.344788378075847390e+00 -7.008930081360078113e+00 -5.748070449106307045e+00 -4.824170222785029161e+00 -3.233799158329295764e+00 -2.467462542020260052e+00 2.725337902846790283e-02 -2.391509067075340833e-01 2.734096421444181857e+00 4.744464872817022894e+00 4.744464872817022894e+00 4.744464872817022894e+00 4.744464872817022894e+00
-1.048882169604998182e+01 -1.022952455342447386e+01 -9.900230054808416114e+00 -9.530340732812113913e+00 -9.152357487328814045e+00 -8.446073111762780528e+00 -7.197105519673671736e+00 -5.752115558900238845e+00 -5.236182803769169780e+00 -3.838953714956834240e+00 -1.835911554081059105e+00 -4.553896196156741460e-01 5.256145805930839687e-03 2.289711385652283493e+00 5.399924326151953835e+00 5.399924326151953835e+00 5.399924326151953835e+00 5.399924326151953835e+00
-1.052722387912296576e+01 -1.024948962687676257e+01 -9.950331447855141676e+00 -9.625001717111672406e+00 -9.197214477846110015e+00 -8.597808634148004003e+00 -7.334972640286964385e+00 -5.767032949856325530e+00 -5.045711127457099821e+00 -3.347949240431708606e+00 -3.067845055334315063e+00 -1.359702856746929367e+00 5.069901115410406778e-01 2.360580140950323091e+00 5.338011243679233964e+00 5.338011243679233964e+00 5.338011243679233964e+00 5.338011243679233964e+00
-1.054199269162024066e+01 -1.028297776506827788e+01 -9.940815800881360076e+00 -9.601519586413100882e+00 -9.293831969642292634e+00 -8.656749985030197436e+00 -7.393656099977734542e+00 -5.839890235172054744e+00 -5.092015180115031292e+00 -3.779180498224655960e+00 -2.947856066308719658e+00 -2.284813884592369337e+00 3.202208264247670133e-01 2.235503599102457883e+00 5.066017491635675718e+00 5.066017491635675718e+00 5.066017491635675718e+00 5.066017491635675718e+00
-1.058064489411804310e+01 -1.025864317878389365e+01 -9.972126491879366839e+00 -9.624813509416341617e+00 -9.329000169273317766e+00 -8.715689307726748325e+00 -7.526648914164059789e+00 -5.838898317217403822e+00 -5.200511494414640445e+00 -3.745379680364901542e+00 -3.839003399775815506e+00 -1.663093658536533681e+00 -1.013066454728981935e-01 2.180959905019780543e+00 4.890942367052556250e+00 4.890942367052556250e+00 4.890942367052556250e+00 4.890942367052556250e+00
-1.061083303727025751e+01 -1.028526499327352717e+01 -1.000526942616176918e+01 -9.683695010792721547e+00 -9.350836336098591772e+00 -8.908558673233759606e+00 -7.591104769075677439e+00 -5.830559432009088994e+00 -5.262311045597235726e+00 -3.826909096353275697e+00 -4.095890961944504305e+00 -2.072977355390266840e+00 -8.540000566620553624e-01 2.150822637483633670e+00 4.809978613120995838e+00 4.809978613120995838e+00 4.809978613120995838e+00 4.809978613120995838e+00
