-1.049131304426400746e+01 -1.030632123528199884e+01 -9.944131427314191640e+00 -9.616438797851241560e+00 -9.326590769247971480e+00 -8.955649279200201818e+00 -8.375339065852074327e+00 -7.078599017950836902e+00 -3.607771651998694651e+00 -3.682864523617541685e+00 -1.927005114098483185e+00 -4.471474989044221804e-01 1.264865229614814179e+00 2.047935071032441101e+00 5.335485853675954182e+00 5.335485853675954182e+00 5.335485853675954182e+00 5.335485853675954182e+00
-1.044112519146957929e+01 -1.024544728391939330e+01 -1.000413777736212140e+01 -9.756652581443699290e+00 -9.400678014911656888e+00 -8.883919270932555179e+00 -8.098344130206729830e+00 -6.649052869350317252e+00 -3.384035611164847523e+00 -4.274211767822734487e+00 -1.674962705262260432e+00 -5.584640854565074974e-01 1.132129416039793446e+00 1.919776721821134124e+00 5.207575915431677416e+00 5.207575915431677416e+00 5.207575915431677416e+00 5.207575915431677416e+00
-1.016378463340645766e+01 -9.903952265153385781e+00 -9.885650396555382358e+00 -9.818722494286429736e+00 -9.573813754742760196e+00 -9.024698258252934480e+00 -8.091376151779023473e+00 -6.378315292988641971e+00 -3.022744552861775347e+00 -4.384169996658789259e+00 -7.111195499878139037e-01 -5.054446024359349199e-01 1.667623451918565314e+00 2.004916608382325993e+00 4.910516423849470513e+00 4.910516423849470513e+00 4.910516423849470513e+00 4.910516423849470513e+00
-1.044004507578579855e+01 -1.022307482685002533e+01 -9.705654354127661421e+00 -9.352129111046075138e+00 -9.304872797743367840e+00 -9.122601626499129424e+00 -8.090273198551066969e+00 -5.830423256100106144e+00 -2.323504109344161073e+00 -3.879672667703737865e+00 -2.056286340301076432e-01 -2.598217154235049620e-02 1.505299536145865646e+00 2.134069721443813350e+00 4.951954389043417670e+00 4.951954389043417670e+00 4.951954389043417670e+00 4.951954389043417670e+00
-1.051279326376546841e+01 -1.022694296716584361e+01 -9.947623914596963601e+00 -9.538783661667899594e+00 -8.964249539489930640e+00 -8.604267935606880968e+00 -7.923573933586038898e+00 -4.818060063013318128e+00 -2.599672787756331260e+00 -3.060656019312062881e+00 -1.193683423725683951e-02 1.368501346894331894e+00 1.477435329747947224e+00 2.330047110109408237e+00 4.803983887333145297e+00 4.803983887333145297e+00 4.803983887333145297e+00 4.803983887333145297e+00
-1.030550216523153040e+01 -1.018940961386212152e+01 -1.015798343166815521e+01 -9.834561480464572014e+00 -9.286528453575339626e+00 -8.451167347902462268e+00 -7.740236997660418616e+00 -3.443981049521720461e+00 -4.020625677230787787e+00 -1.480898662655529385e+00 1.749548109673806362e-01 1.422056975107490517e+00 1.614087558263001210e+00 2.097186562921600217e+00 4.487952797946990202e+00 4.487952797946990202e+00 4.487952797946990202e+00 4.487952797946990202e+00
-1.051745720553394925e+01 -1.023274591237573716e+01 -1.007671980357847730e+01 -9.770494676338824291e+00 -9.263407416152393381e+00 -8.441711243680009247e+00 -6.693151688493253815e+00 -2.803855789162196466e+00 -4.147584353980234617e+00 -5.827111179781773176e-01 8.577526357859287520e-01 1.861020983279410013e+00 1.676976683500591259e+00 3.102092328482251027e+00 4.378224572011702342e+00 4.378224572011702342e+00 4.378224572011702342e+00 4.378224572011702342e+00
-1.034324026866529778e+01 -1.013774998269605732e+01 -1.008219121687051967e+01 -9.681805249989521300e+00 -9.161531925864645487e+00 -8.222750583224744503e+00 -4.972155064103128908e+00 -3.466404090434831886e+00 -3.284047965872900932e+00 -1.980387981037761702e-01 1.801456845246266480e+00 1.980489528555946954e+00 1.858262253962100541e+00 4.268047071528421554e+00 5.123067411388915637e+00 5.123067411388915637e+00 5.123067411388915637e+00 5.123067411388915637e+00
-1.034726320399290422e+01 -1.000129294492941412e+01 -9.534580927859245492e+00 -9.275534367475172459e+00 -8.403981233979337162e+00 -7.034980823125166260e+00 -3.624550110649894741e+00 -4.352861578288385047e+00 -2.323297562830113350e+00 2.582542917882953981e-01 2.036650729358021383e+00 2.692428994427140676e+00 3.255833085612509503e+00 4.701558567237973385e+00 4.851857849825685243e+00 4.851857849825685243e+00 4.851857849825685243e+00 4.851857849825685243e+00
-1.055568476853472681e+01 -1.011390704337240365e+01 -9.324303253324337959e+00 -8.426786236671803820e+00 -7.429287519542725704e+00 -5.687656294792925671e+00 -2.387620040602841609e+00 -4.163345439732597519e+00 -5.173524893377456912e-01 1.815488934218673522e+00 2.748067902302284260e+00 3.377070564298864319e+00 4.868775593522413736e+00 4.967640119115819708e+00 5.250235905146062088e+00 5.250235905146062088e+00 5.250235905146062088e+00 5.250235905146062088e+00
-1.021386099728232821e+01 -9.603506526629681517e+00 -9.020108000543967108e+00 -8.374293547377467561e+00 -6.799911132652622925e+00 -4.156450502281023418e+00 -3.593255453677564049e+00 -2.736300468621119197e+00 2.433895165090104451e-01 2.728047603396150933e+00 2.966914246180210046e+00 4.546632627111570457e+00 3.059143249077204363e+00 2.303789800224133266e+00 5.288609700436630590e+00 5.288609700436630590e+00 5.288609700436630590e+00 5.288609700436630590e+00
-9.898887488323252271e+00 -9.103033553234702424e+00 -8.351664536790337934e+00 -8.037249828782043082e+00 -5.531158035604473611e+00 -2.756940305815978931e+00 -3.357097545714627707e+00 -1.341236225574803154e+00 1.360838973290993348e+00 3.175092697017965371e+00 4.333358107047913244e+00 3.732455875518713384e+00 2.073139849266803392e+00 2.462386108422780495e+00 5.244024957506422169e+00 5.244024957506422169e+00 5.244024957506422169e+00 5.244024957506422169e+00
-9.511798815541128604e+00 -8.685731584006687100e+00 -7.884352528489158018e+00 -6.542348184402531963e+00 -4.570191560248889395e+00 -3.182694619980851680e+00 -3.340988987615868044e+00 -1.210794753987838590e-02 3.252871735017857091e+00 3.982949460553613541e+00 4.626394508706848541e+00 2.143419333237439606e+00 4.812248005663326000e-01 2.389457026313015930e+00 5.202543246564196977e+00 5.202543246564196977e+00 5.202543246564196977e+00 5.202543246564196977e+00
-1.000559772667677194e+01 -8.068056117325522081e+00 -6.932110670098099448e+00 -5.341652348327667887e+00 -3.183282847170966434e+00 -2.351177467397762122e+00 -2.815726686973864190e+00 3.416028713296274111e-01 3.242847758057535223e+00 4.926044299189141107e+00 3.331254043242796392e+00 -1.982224189065444842e+00 3.664516509789579879e-01 2.513240411483674386e+00 4.829693875374205803e+00 4.829693875374205803e+00 4.829693875374205803e+00 4.829693875374205803e+00
-9.553105593170714727e+00 -7.629194530440822852e+00 -6.051892109770641071e+00 -4.818535738973698024e+00 -2.331842182753644188e+00 -3.167289183602302050e+00 -7.986391151130419752e-01 2.553805195829872865e+00 3.440938084684466602e+00 5.418030449178087515e+00 4.370950534038691160e+00 -9.499621255463271963e-01 9.882521114639946092e-01 2.472543831487145294e+00 5.346366870343191913e+00 5.346366870343191913e+00 5.346366870343191913e+00 5.346366870343191913e+00
-9.050970649736623130e+00 -7.062753142637058446e+00 -5.377407835229800703e+00 -4.022595688920334922e+00 -1.813723744261149351e+00 -2.519828852264994090e+00 5.084108746099588183e-01 2.935521310861837208e+00 4.007888567431509230e+00 6.111444582780270807e+00 5.898064376797999664e+00 1.924951673052102352e+00 6.719121943012443809e-01 2.682458251070606980e+00 5.245031660176975308e+00 5.245031660176975308e+00 5.245031660176975308e+00 5.245031660176975308e+00
-8.788984715089773303e+00 -6.551054706507581926e+00 -4.776130185151504115e+00 -3.294675944896869879e+00 -2.268388405148627829e+00 -2.134890040999867900e+00 1.995568769046115243e+00 3.319419738606537162e+00 4.183006533409876049e+00 5.119567847406850447e+00 4.551470323325866651e+00 4.610357346407380597e+00 3.458391745990118338e+00 3.170171841102429777e+00 5.159241292484929353e+00 5.159241292484929353e+00 5.159241292484929353e+00 5.159241292484929353e+00
-8.096528209444278090e+00 -6.382500610092442628e+00 -4.508875070620411485e+00 -2.487876074570090079e+00 -2.503177995633809161e+00 -1.521025498295515810e+00 3.397432398420838773e+00 3.859524817962550980e+00 3.981894110080030913e+00 3.228923826406819408e+00 3.205690037439358875e+00 3.147812886451850645e+00 3.873614548951482384e+00 5.080433880647519551e+00 5.093492385743933148e+00 5.093492385743933148e+00 5.093492385743933148e+00 5.093492385743933148e+00
-7.595535482542149275e+00 -6.249478144621336106e+00 -4.236342651218013344e+00 -2.171520854099055597e+00 -2.593400072018323232e+00 -4.165706218385706872e-01 2.817408625928043975e+00 3.777772343205343830e+00 3.723387163964526625e+00 1.777530594817439802e+00 1.548855813963595729e+00 1.587093091868222672e+00 2.727736143568760152e+00 4.278285831486615010e+00 4.807529900922704158e+00 4.807529900922704158e+00 4.807529900922704158e+00 4.807529900922704158e+00
-7.830105185193908746e+00 -6.091687710974395209e+00 -4.045860753364709517e+00 -1.715059712483083310e+00 -2.481935707281848202e+00 1.622108527537115263e-01 3.095130940119578344e+00 3.989138215967781065e+00 3.064993940409861839e+00 1.579851259474177372e+00 1.012666292026440207e+00 1.087193273831341234e+00 1.980510691647404231e+00 3.591330899193848847e+00 4.906271051721252441e+00 4.906271051721252441e+00 4.906271051721252441e+00 4.906271051721252441e+00
-8.239682417866017516e+00 -6.420243253064890965e+00 -4.187949055436046564e+00 -2.617835350155992558e+00 -1.745641137126556330e+00 -8.089742753685622567e-01 3.094415387087324110e+00 4.032394587184636947e+00 2.983546590792852449e+00 1.456233049620979214e+00 7.738876547392270489e-01 4.725763113050143183e-01 1.257095604104407238e+00 3.268903198879368421e+00 5.391262411636846608e+00 5.391262411636846608e+00 5.391262411636846608e+00 5.391262411636846608e+00
-8.130632166195059796e+00 -6.752550216383177428e+00 -4.192947754340799804e+00 -2.229092790707186911e+00 -2.059019167665737893e+00 -1.097002861635222981e+00 3.201944310129686055e+00 4.056765990556129964e+00 2.725988517775885356e+00 1.200930041190481523e+00 -1.740933691247234405e+00 -1.591627641383519309e+00 1.162723181835032316e+00 3.100692161166751504e+00 5.244131494881943745e+00 5.244131494881943745e+00 5.244131494881943745e+00 5.244131494881943745e+00
-8.190745660665401218e+00 -6.938739938670015484e+00 -4.784995211232533130e+00 -2.411812147850711963e+00 -1.720505618972789863e+00 -1.635458563492377948e+00 3.320909757147459729e+00 3.858986581016349060e+00 2.314137985076357040e+00 9.215461526160645400e-01 -2.422581477736703626e+00 -1.585859645872863100e+00 1.161550818563020337e+00 3.424092126716667295e+00 4.999022417126774087e+00 4.999022417126774087e+00 4.999022417126774087e+00 4.999022417126774087e+00
-8.157608774189560208e+00 -7.262302769842134076e+00 -5.331182765187456596e+00 -3.396496479200030727e+00 -1.803033219495565387e+00 -1.731995275736429640e+00 1.346293311943169035e+00 3.628806284536569393e+00 2.129063400274264772e+00 -2.012701421094604259e-01 -2.565541317719651548e+00 -1.201791105926817815e+00 1.205624036363136753e+00 3.694163063389912516e+00 4.894129500279393419e+00 4.894129500279393419e+00 4.894129500279393419e+00 4.894129500279393419e+00
-8.063060792120362308e+00 -7.165311212879828417e+00 -5.765592842347261993e+00 -4.180454130670991475e+00 -2.108887107462012800e+00 -1.702200932153605351e+00 -8.361064798697147582e-01 2.701491886014746324e+00 2.307365432231013980e+00 -3.664520833580256376e+00 -2.284458169340413569e+00 -4.786542035877452972e-01 1.468502261453368707e+00 3.728120803364610936e+00 4.876040967345333321e+00 4.876040967345333321e+00 4.876040967345333321e+00 4.876040967345333321e+00
-8.291534167166453528e+00 -7.818531607325788002e+00 -6.444938618288164278e+00 -4.922621607836642710e+00 -3.558742403477510585e+00 -1.809924955455753270e+00 -1.957504135139275903e+00 1.668122481558235393e+00 2.123205154610727341e+00 -3.022349258064861210e+00 8.826276337399371896e-02 1.038293658283373055e+00 1.858363813944233556e+00 4.185916972011385795e+00 5.484787270946609006e+00 5.484787270946609006e+00 5.484787270946609006e+00 5.484787270946609006e+00
-8.756222038750614445e+00 -7.826157338572939715e+00 -6.925302191617642933e+00 -5.679349503105133756e+00 -4.317822468770327049e+00 -2.407803671098358134e+00 -2.153047832365529768e+00 -4.985443171244772764e-01 1.569687166796910560e+00 -4.165809693704004141e-02 1.300985565869381966e-01 7.789940614219033055e-01 2.167596512127754949e+00 4.746521144693671701e+00 5.416523691902296989e+00 5.416523691902296989e+00 5.416523691902296989e+00 5.416523691902296989e+00
-9.093506267426514356e+00 -8.188806451694846444e+00 -7.432656308334286699e+00 -6.344468194507069114e+00 -5.274465355463028970e+00 -3.938016122973982736e+00 -1.883836754421913895e+00 -2.293034552951171978e+00 1.017754920959800247e+00 1.221795874492983103e+00 7.636613448677380678e-01 -3.675830963419578490e-01 1.703259800000410884e+00 4.854473156389975230e+00 5.269392775147377250e+00 5.269392775147377250e+00 5.269392775147377250e+00 5.269392775147377250e+00
-9.376485711457105410e+00 -8.493982285209281002e+00 -7.942170897062789336e+00 -7.189221402306250397e+00 -6.297738276583779715e+00 -5.057029018630157857e+00 -2.709183673133167769e+00 -2.499978451350198583e+00 1.860747096848613252e-02 1.407614113041912418e+00 9.494221747362542319e-01 6.810632459307066622e-01 9.445721752325254572e-01 4.073615285339288405e+00 4.999653311352526330e+00 4.999653311352526330e+00 4.999653311352526330e+00 4.999653311352526330e+00
-9.853735725335525331e+00 -8.974014471311294372e+00 -8.487790065197486911e+00 -7.973136718448993854e+00 -7.306836154357275959e+00 -6.352661749024224314e+00 -4.046684794554685105e+00 -2.050703558102663138e+00 -2.194703071789824378e+00 9.361811111343598668e-01 9.740150868809613893e-01 9.379645646394977332e-01 4.661739351921070917e-01 3.905420196877589678e+00 4.836173176110921901e+00 4.836173176110921901e+00 4.836173176110921901e+00 4.836173176110921901e+00
-1.019919320029604037e+01 -9.755421707986858593e+00 -9.284548189283606590e+00 -8.740346671271529644e+00 -8.193191374248620207e+00 -7.144454313726991579e+00 -5.008512015773662895e+00 -3.374549781033456153e+00 -2.630326759536444570e+00 3.240247646199184151e-01 1.110634083790138060e+00 9.651568819050532211e-01 1.689886677335822873e-01 4.422860439724921378e+00 5.475316544176021871e+00 5.475316544176021871e+00 5.475316544176021871e+00 5.475316544176021871e+00
-1.035892416002667282e+01 -1.001549323179802720e+01 -9.520863748135786508e+00 -9.105716888018159594e+00 -8.508901890351019404e+00 -7.547032503227992351e+00 -6.262018276217817814e+00 -3.051977834572337844e+00 -2.724012159374736619e+00 -1.464877613115154631e+00 9.268167303177121674e-01 9.203536594311559904e-01 8.240310542074962274e-01 3.104506353715954070e+00 5.588915888922658226e+00 5.588915888922658226e+00 5.588915888922658226e+00 5.588915888922658226e+00
-1.046900445493279896e+01 -1.010416094057014291e+01 -9.725549942383530322e+00 -9.258640367671919336e+00 -8.737459530075227576e+00 -7.836660358669290893e+00 -6.643468961760992109e+00 -4.920056072871942021e+00 -2.453863193135581877e+00 -2.534379815655216639e+00 8.009593979443860867e-01 8.804645830603540224e-01 6.966652885970232578e-01 2.762516263065327493e+00 5.441784972167736711e+00 5.441784972167736711e+00 5.441784972167736711e+00 5.441784972167736711e+00
-1.043752207127800347e+01 -1.014926298161152829e+01 -9.760559829379518604e+00 -9.384565330946726291e+00 -8.827731173318802860e+00 -8.012221668608402680e+00 -6.869244138700355329e+00 -5.516995543122105161e+00 -3.244567829686440419e+00 -2.770276850277697989e+00 1.383441202960716543e-01 1.028701048397396178e+00 7.458324407133041234e-01 2.605892257940969792e+00 5.294654055412834737e+00 5.294654055412834737e+00 5.294654055412834737e+00 5.294654055412834737e+00
-1.045515570754560208e+01 -1.013998449045443273e+01 -9.849162734862506596e+00 -9.451584041307771855e+00 -8.959162589705480073e+00 -8.237196075143312868e+00 -7.063000977592880147e+00 -5.656612395874168087e+00 -4.018507997994529291e+00 -2.182395745385516506e+00 -1.286618364475174303e+00 7.068914049355892182e-01 2.569103873406110572e-01 2.799748485385666008e+00 4.740541076745135918e+00 4.740541076745135918e+00 4.740541076745135918e+00 4.740541076745135918e+00
-1.053713153977561845e+01 -1.018637324926456778e+01 -9.846435685074098387e+00 -9.479826345570497637e+00 -9.056984472657271468e+00 -8.316475279957098010e+00 -7.227041300214350095e+00 -5.861815248915689835e+00 -4.226863632495632572e+00 -3.156538168228003371e+00 -2.689173209767609762e+00 2.748903057306532061e-01 6.294668504051187385e-01 2.323010311022507768e+00 5.465845817405406315e+00 5.465845817405406315e+00 5.465845817405406315e+00 5.465845817405406315e+00
-1.050665157140246286e+01 -1.018881587111217613e+01 -9.925223333497818601e+00 -9.560706151665815611e+00 -9.103627141050496974e+00 -8.514912955288904683e+00 -7.342686796004994854e+00 -5.863382453508503289e+00 -4.662770769968254569e+00 -3.542908655750754754e+00 -2.706119789478077742e+00 3.515542667489016115e-01 1.612098916603542653e-01 2.507084643966400073e+00 5.911158282393360608e+00 5.911158282393360608e+00 5.911158282393360608e+00 5.911158282393360608e+00
-1.050792081103428721e+01 -1.023075524629926214e+01 -9.905629453270606177e+00 -9.580799920619412546e+00 -9.186949989243313297e+00 -8.523216234761196830e+00 -7.391939988552283403e+00 -5.934190665441375856e+00 -5.090939574838716730e+00 -2.613825954452346778e+00 -3.041003789902716470e+00 -3.359713187172623239e-01 8.510331351136344313e-01 2.482685439428566898e+00 5.614177169188120153e+00 5.614177169188120153e+00 5.614177169188120153e+00 5.614177169188120153e+00
-1.058551665868746028e+01 -1.028256150760296705e+01 -9.957028260637414974e+00 -9.587096527638419019e+00 -9.253748474922501188e+00 -8.604584587599436674e+00 -7.499022246682928383e+00 -5.899777544930153717e+00 -5.229802609977810768e+00 -3.379792918950274228e+00 -2.746183071232047190e+00 -4.952920481036441336e-01 4.994657403127522044e-01 2.432342291735729578e+00 5.467046252433195086e+00 5.467046252433195086e+00 5.467046252433195086e+00 5.467046252433195086e+00
-1.063606777112185853e+01 -1.032354559165245789e+01 -9.986811499733025954e+00 -9.619878483919702461e+00 -9.340012851177199593e+00 -8.781780409523427977e+00 -7.493429908115113669e+00 -5.808300973306801396e+00 -5.391543838088891150e+00 -3.961808637098081398e+00 -1.864078070787593022e+00 -7.356134361039626812e-01 6.445798208454853184e-03 2.318265106304225665e+00 4.661375733821755851e+00 4.661375733821755851e+00 4.661375733821755851e+00 4.661375733821755851e+00
