-1.048202619366060162e+01 -1.029796594270348109e+01 -1.002843916374825639e+01 -9.716628202201722075e+00 -9.412750128565861019e+00 -9.060103354349079652e+00 -8.327002899560071114e+00 -7.316031171938332633e+00 -4.838273813678225288e+00 -3.071918708341692561e+00 -1.937583921619537186e+00 -1.927086059026058340e+00 4.175913888899102644e-01 1.834959277595196170e+00 4.616387226066626326e+00 4.616387226066626326e+00 4.616387226066626326e+00 4.616387226066626326e+00
-1.051770115376448800e+01 -1.021747718992793885e+01 -1.007939979824087651e+01 -9.926532902905011113e+00 -9.501912477982482841e+00 -9.006128294059907446e+00 -8.301199616389691727e+00 -7.040809699880599126e+00 -4.832952321505614712e+00 -2.058071501817258842e+00 -2.105206435573802715e+00 -3.093035487886414137e-01 5.009238577830761319e-01 2.079011306467851927e+00 4.904752177949085912e+00 4.904752177949085912e+00 4.904752177949085912e+00 4.904752177949085912e+00
-1.044298196773947751e+01 -1.009582640729986203e+01 -9.712100289330175329e+00 -9.690613281084463182e+00 -9.620465700030564449e+00 -9.121399336449389494e+00 -8.223033391307387419e+00 -6.972888624817721315e+00 -4.324502505910610139e+00 -2.138266662517893657e+00 -3.061092598481337745e+00 -1.472341820925014422e-01 -2.406280031829110266e-01 2.140208892843493693e+00 4.895008356903939983e+00 4.895008356903939983e+00 4.895008356903939983e+00 4.895008356903939983e+00
-1.028570418061849168e+01 -1.023616297832436217e+01 -9.982872911091810408e+00 -9.330345567042233057e+00 -9.207489834668511008e+00 -9.090916130217367552e+00 -8.275840433266111518e+00 -6.740802070249054978e+00 -3.188774255058254070e+00 -2.852944946595963316e+00 -1.620667394523481075e+00 2.866939817439011495e-01 3.250615667405627462e-01 2.315959972383192067e+00 4.656173533019679844e+00 4.656173533019679844e+00 4.656173533019679844e+00 4.656173533019679844e+00
-1.065814494526419409e+01 -1.028749401777195160e+01 -9.984216608254968151e+00 -9.609075217627268017e+00 -9.108412455069547775e+00 -8.683002967484920731e+00 -8.244495073391606255e+00 -6.281532378890118729e+00 -2.439884730472067886e+00 -2.826907050699176693e+00 -4.600427769465146310e-01 -9.756974268892032454e-02 1.315209458988841007e+00 2.386169830017590421e+00 4.388896534167666452e+00 4.388896534167666452e+00 4.388896534167666452e+00 4.388896534167666452e+00
-1.057746466672709218e+01 -9.966809935912699814e+00 -1.024722990168666215e+01 -9.889461100898078172e+00 -9.340143213327808169e+00 -8.726535959170632850e+00 -7.927102178361145945e+00 -5.070584690411154227e+00 -2.771950884829383899e+00 -2.603183553836630360e+00 3.537284461509514200e-02 1.130120077929964939e+00 1.169989615601183530e+00 2.161807523149204435e+00 4.401280322344797824e+00 4.401280322344797824e+00 4.401280322344797824e+00 4.401280322344797824e+00
-1.043742117608539033e+01 -1.035718140086020433e+01 -9.947966859532405337e+00 -9.665005175061411435e+00 -9.344771066250668667e+00 -8.686517709859462144e+00 -7.715512391659389735e+00 -3.580883071988710142e+00 -3.241604655659005907e+00 -1.063032059017539943e+00 -1.810611803993037450e-01 1.349021398058178445e+00 1.576800741855320709e+00 3.320348503683414165e+00 4.179434066604923892e+00 4.179434066604923892e+00 4.179434066604923892e+00 4.179434066604923892e+00
-1.049337758975700297e+01 -1.018375950971491939e+01 -9.943232652690500828e+00 -9.799519040350453736e+00 -9.236552873571646671e+00 -8.294397519809695751e+00 -5.939626290911922624e+00 -2.192928606095853716e+00 -2.564467249179891439e+00 9.884025628424107299e-03 1.456642658139532864e+00 2.085684672171145504e+00 1.793030012892377068e+00 4.315833024498093806e+00 4.937042784283621089e+00 4.937042784283621089e+00 4.937042784283621089e+00 4.937042784283621089e+00
-1.053502807150337439e+01 -1.030584093650873889e+01 -9.688245084745938485e+00 -9.140617333958010349e+00 -8.217676199991579722e+00 -7.080216016010925983e+00 -3.745593455557329143e+00 -3.332315234008992988e+00 -7.515081076659284598e-01 7.925634018542366821e-01 2.122559797079328181e+00 2.756922366406688862e+00 3.415590352166915533e+00 4.795241564323681871e+00 4.669158660617769740e+00 4.669158660617769740e+00 4.669158660617769740e+00 4.669158660617769740e+00
-1.025615287205742199e+01 -1.001636794607551373e+01 -9.599762255609929795e+00 -8.526621723032445033e+00 -7.400146197781451995e+00 -5.136189230905561232e+00 -2.394128932652863195e+00 -2.783381002558027895e+00 1.866929279869903591e-01 2.084793240757180754e+00 3.091302542662443642e+00 3.482065002020873212e+00 4.918195572442145114e+00 4.939451777477933625e+00 5.120710118257466803e+00 5.120710118257466803e+00 5.120710118257466803e+00 5.120710118257466803e+00
-1.026096812970360084e+01 -9.528440440856385862e+00 -8.794271604593552283e+00 -8.456908012835398836e+00 -6.840957817928572382e+00 -3.312383265192544002e+00 -3.454451392938350018e+00 -7.705011537863289961e-01 1.985289313112002629e+00 3.062624483126760389e+00 3.066966182172140787e+00 4.607246242998084718e+00 2.772935063900889840e+00 2.274970010755622774e+00 5.137398704616867207e+00 5.137398704616867207e+00 5.137398704616867207e+00 5.137398704616867207e+00
-9.856544091441222122e+00 -9.005793667729808050e+00 -8.105468750090498276e+00 -7.534389627020081193e+00 -4.646820862372281979e+00 -2.259715340361878599e+00 -2.232950032552955655e+00 6.472525035392813209e-01 2.945189918679567143e+00 3.187699054458028591e+00 4.474652912993665410e+00 3.731331227768348580e+00 9.580596835300387859e-01 2.492949979437526054e+00 4.874753337263985742e+00 4.874753337263985742e+00 4.874753337263985742e+00 4.874753337263985742e+00
-9.625392219379136804e+00 -8.652762673637090174e+00 -7.507071392611776695e+00 -5.993740057755596595e+00 -3.055134963809224669e+00 -3.237476301965849679e+00 -2.475559619211582518e-01 3.116785635263568555e+00 3.326985111410152296e+00 4.116300726266725718e+00 4.796226998223914073e+00 -6.726518034182490946e-02 5.355634575433114719e-01 2.370538461413785214e+00 4.730050638060451007e+00 4.730050638060451007e+00 4.730050638060451007e+00 4.730050638060451007e+00
-1.010228767519480186e+01 -8.019890020355346039e+00 -6.478058866769145219e+00 -4.130223481245966610e+00 -2.518582294946289046e+00 -1.854053790479778030e+00 1.439796695340427091e+00 3.092310108757447829e+00 3.336935816952907974e+00 5.075070001077564896e+00 3.326817950975310190e+00 -1.974320314955083866e+00 3.783122287742695100e-01 2.596436737466378375e+00 4.620674322373236720e+00 4.620674322373236720e+00 4.620674322373236720e+00 4.620674322373236720e+00
-9.468143655437296857e+00 -7.472912577141046953e+00 -5.227192425119596919e+00 -2.553683183173259597e+00 -2.549555187504521925e+00 -1.133410114343739866e-01 3.159164479061916886e+00 3.219195448868021892e+00 3.579070536176613970e+00 5.668425779281937693e+00 4.530903673792887609e+00 -1.033136635513372203e+00 8.984672455209092856e-01 2.565708191136629956e+00 4.643114548393421970e+00 4.643114548393421970e+00 4.643114548393421970e+00 4.643114548393421970e+00
-9.195249371115453485e+00 -6.893872851110250721e+00 -4.231925014819539754e+00 -2.325984209566491323e+00 -1.404224767538000851e+00 1.679327504220129219e+00 3.047875194504861440e+00 3.068793741790813101e+00 4.176617309756521124e+00 6.351729459196802097e+00 6.088051050330810732e+00 1.880593428734398387e+00 6.968624010230293209e-01 2.759229712901569265e+00 4.879544237915588667e+00 4.879544237915588667e+00 4.879544237915588667e+00 4.879544237915588667e+00
-8.709552199326701327e+00 -5.950651513479520816e+00 -3.502075693072944862e+00 -2.343808931816838914e+00 -1.377471139689816937e+00 3.003906696856707192e+00 3.285700256874384273e+00 3.377689694605362281e+00 4.245092418157043745e+00 5.043154264770704387e+00 4.589308084029140034e+00 4.736724920776996584e+00 3.829338425764010623e+00 3.324869067850966253e+00 4.986961098585284802e+00 4.986961098585284802e+00 4.986961098585284802e+00 4.986961098585284802e+00
-7.818967637579767427e+00 -5.728368154202247098e+00 -3.090293356732455088e+00 -1.650865276926110958e+00 -6.666997708314678084e-01 2.698153451634727418e+00 3.551654406750155868e+00 3.865969378175387661e+00 4.092457021152101859e+00 3.201573085348013770e+00 3.252357212614144899e+00 3.135616969289045208e+00 3.980337439970517366e+00 5.141598441528250518e+00 4.626511794608692441e+00 4.626511794608692441e+00 4.626511794608692441e+00 4.626511794608692441e+00
-7.547410245147036179e+00 -5.790005913311195407e+00 -2.862828721313141145e+00 -1.170834232676686959e+00 7.510113445589879921e-01 3.104167016554519876e+00 3.195729395657016525e+00 3.872081297383443310e+00 3.796612388018387740e+00 1.779176478951648877e+00 1.317054941819745695e+00 1.434116014598545652e+00 2.784816700963713032e+00 4.398501900148533927e+00 4.622628955661896022e+00 4.622628955661896022e+00 4.622628955661896022e+00 4.622628955661896022e+00
-8.259806346220365469e+00 -5.830423424404651556e+00 -2.472746148097543450e+00 -9.106547690592645683e-01 1.670797213051917529e+00 3.089583861514363150e+00 3.176273009621041421e+00 4.070219674245612040e+00 3.116813647967195067e+00 1.510324209422725605e+00 -9.047116522805997985e-01 8.197219447045150931e-01 1.939828299307247539e+00 3.605180959923052875e+00 4.625164881430617214e+00 4.625164881430617214e+00 4.625164881430617214e+00 4.625164881430617214e+00
-8.104544986069866397e+00 -5.967349466572904326e+00 -3.547302218633687332e+00 -1.477821184319258130e+00 1.168216149131808157e+00 3.118864750276879150e+00 3.182080441910395407e+00 4.088880118566757815e+00 3.020626508948923039e+00 1.388044066912373253e+00 -7.918213421519612050e-01 2.110489684596205534e-02 1.276189782352350033e+00 3.348322618294830910e+00 4.752609408382337364e+00 4.752609408382337364e+00 4.752609408382337364e+00 4.752609408382337364e+00
-8.135373931611116660e+00 -6.382730433226058153e+00 -3.296622559394433605e+00 -2.654596821222972025e+00 -1.845694356458083690e-02 3.217240281346119168e+00 3.258614772188362707e+00 4.165554068434959234e+00 2.712962155733725567e+00 1.139619940809776688e+00 -2.716589289774117510e+00 -1.671062832346079219e+00 1.211894531325374835e+00 3.178978104385697723e+00 4.652769564333605778e+00 4.652769564333605778e+00 4.652769564333605778e+00 4.652769564333605778e+00
-8.054286717394091966e+00 -6.746626553090433021e+00 -3.895577946859963170e+00 -1.815977430543170623e+00 -3.341358788196144292e-01 3.165276709661922538e+00 3.236225443815132330e+00 4.034278302268032412e+00 2.340863785792977048e+00 1.069305752330085985e-01 -2.847109863513733519e+00 -1.653682247955745144e+00 1.190323863680632144e+00 3.439181376742948437e+00 4.535350609059829452e+00 4.535350609059829452e+00 4.535350609059829452e+00 4.535350609059829452e+00
-8.076923904385948205e+00 -7.105376899147895386e+00 -4.443659446000852498e+00 -2.295813886849958685e+00 -4.768278643520801330e-01 2.367095532248469691e+00 3.199927434760839073e+00 3.795279774207562351e+00 2.090656614049581030e+00 -3.865085404871195784e+00 -3.009019136884766965e+00 -1.132386933661523543e+00 1.277002456727098778e+00 3.702864065724948084e+00 4.583995699872517982e+00 4.583995699872517982e+00 4.583995699872517982e+00 4.583995699872517982e+00
-7.917673214216994104e+00 -7.268652634878893792e+00 -5.308316534716415624e+00 -3.067494225390414719e+00 -8.074112226570360207e-01 2.643947223272934133e-02 3.178636302060260377e+00 3.076962519875177104e+00 1.997385285364935203e+00 -4.237332015968098275e+00 -2.731511639616660769e+00 -6.102333468611929046e-01 1.505892568237833906e+00 3.730507724259285673e+00 4.506219371307877530e+00 4.506219371307877530e+00 4.506219371307877530e+00 4.506219371307877530e+00
-8.448856318637563589e+00 -7.679310912631384767e+00 -6.339220471681479729e+00 -3.960083001812360948e+00 -1.922920310324263804e+00 -6.009778379746762988e-01 7.634905565578147257e-01 2.753738387079708083e+00 1.365900042536235315e+00 -3.801699288022600154e+00 -1.639140264202124442e+00 1.079869122508224422e+00 1.886079531239776230e+00 4.080992486025157184e+00 4.668375319030136694e+00 4.668375319030136694e+00 4.668375319030136694e+00 4.668375319030136694e+00
-8.899162749037332176e+00 -7.932671716268433038e+00 -6.960536871079978205e+00 -5.187143363033005272e+00 -3.283105114667880464e+00 -1.618938732529504154e+00 -1.023513724629684374e+00 8.790776967780072892e-01 1.963978935453969621e+00 -1.300248735192189420e+00 -4.292589808883556790e-01 -4.091937744002267507e-01 2.131518098880943235e+00 4.336991044582076071e+00 4.576978016078181888e+00 4.576978016078181888e+00 4.576978016078181888e+00 4.576978016078181888e+00
-9.187710962172822349e+00 -8.456850017811190057e+00 -7.642480911364989637e+00 -6.141951150137387572e+00 -4.422960758092705724e+00 -2.912096017579423268e+00 -1.613005313833439036e+00 -1.926429743402271910e+00 1.695365924803577284e+00 1.469963652591905534e+00 -5.405590388008812974e-01 -9.108935644761714800e-02 1.837360508499654266e+00 4.391681053507634047e+00 4.479965950524458229e+00 4.479965950524458229e+00 4.479965950524458229e+00 4.479965950524458229e+00
-9.348014577166752659e+00 -8.552166600855365175e+00 -8.048542905734322517e+00 -7.407215465555311518e+00 -6.117843723184691385e+00 -4.380020780500734290e+00 -2.400823733757625256e+00 -2.412146728006269392e+00 -5.619331180680168236e-01 1.107076361660565222e+00 -3.250524189305927791e-01 -2.700302751914935295e-01 1.542311040362995378e+00 4.070445810598169345e+00 4.499042778891026551e+00 4.499042778891026551e+00 4.499042778891026551e+00 4.499042778891026551e+00
-1.021896110385519130e+01 -9.071874122245837668e+00 -8.772288396322117876e+00 -8.316791230619843489e+00 -7.498106776804089435e+00 -6.679204085799575807e+00 -4.095988886147286401e+00 -2.994334767881935200e+00 -1.867187078439330739e+00 -5.707764703570604725e-01 1.023835093690203424e+00 1.759163550459545977e-01 -4.929751593751162120e-01 4.047748096193128475e+00 4.660836351926431753e+00 4.660836351926431753e+00 4.660836351926431753e+00 4.660836351926431753e+00
-1.047674843299415670e+01 -1.002057467045900196e+01 -9.561489514639188059e+00 -9.115155906152164533e+00 -8.686552303018697074e+00 -7.470596371892456844e+00 -5.762588705652749610e+00 -2.945321341898564871e+00 -2.859203287127855209e+00 -2.954335556579977151e+00 -5.318871260415424240e-01 8.976567467998385341e-01 -7.784193158662950918e-01 4.397077620819783483e+00 4.665739877459395224e+00 4.665739877459395224e+00 4.665739877459395224e+00 4.665739877459395224e+00
-1.051963619981104614e+01 -1.014691140841385675e+01 -9.741769310375365976e+00 -9.376838868927496407e+00 -8.951562834093376608e+00 -7.935519569663620487e+00 -6.323204824332345098e+00 -4.930224844203359602e+00 -3.572783301338556594e+00 -3.097851958479949097e+00 -2.161058367701550686e+00 3.572916842390956860e-01 -1.032841143581339383e+00 3.815595347443063279e+00 4.511055068825600145e+00 4.511055068825600145e+00 4.511055068825600145e+00 4.511055068825600145e+00
-1.053260970474151037e+01 -1.019996274557639993e+01 -9.885603169347033869e+00 -9.484212525332758048e+00 -9.189522521746569694e+00 -8.224156312016322801e+00 -6.799567460400380625e+00 -5.584162304725712289e+00 -3.715052934002716523e+00 -3.059463836538063752e+00 -2.821338182316781129e+00 -1.759081381029514723e-01 1.707565216925571172e-01 3.113429151296069897e+00 4.428282046267081995e+00 4.428282046267081995e+00 4.428282046267081995e+00 4.428282046267081995e+00
-1.053298433889633756e+01 -1.026304808076327824e+01 -9.909696890896553256e+00 -9.580071047167631804e+00 -9.191208192575643920e+00 -8.439713734257743738e+00 -7.023420132669019544e+00 -5.706634825409135914e+00 -4.757109178738655686e+00 -2.443232426653327849e+00 -2.630998028573007907e+00 -4.829921462239117336e-01 4.096334952657772477e-01 2.670862515000761661e+00 4.511683933539710978e+00 4.511683933539710978e+00 4.511683933539710978e+00 4.511683933539710978e+00
-1.056330011839580330e+01 -1.025201923099315948e+01 -1.001933198725222773e+01 -9.624684342352695765e+00 -9.234267870336427819e+00 -8.639815535002695057e+00 -7.218114387774975604e+00 -5.835290722412802111e+00 -5.469002385419962309e+00 -3.241745367023502133e+00 -1.615478499000468027e+00 -1.989460390060095563e+00 3.982622046320217768e-01 2.472056887202839004e+00 4.393580008693093397e+00 4.393580008693093397e+00 4.393580008693093397e+00 4.393580008693093397e+00
-1.062933857368762069e+01 -1.029892773565784303e+01 -1.001097300301861281e+01 -9.658386566512401572e+00 -9.336394890531458657e+00 -8.711800600991756127e+00 -7.472447683387483330e+00 -5.904442368271936914e+00 -5.704358956790185786e+00 -4.029913318350176965e+00 -1.863397813456886265e+00 -2.392997364850499409e+00 6.486739719384364625e-03 2.105619641261857744e+00 4.589948329203968669e+00 4.589948329203968669e+00 4.589948329203968669e+00 4.589948329203968669e+00
-1.062470496006627130e+01 -1.026648474470991701e+01 -1.003557398427151170e+01 -9.735000544016411794e+00 -9.333804675810320362e+00 -8.824605224218679211e+00 -7.560375008883604586e+00 -5.808602292144861678e+00 -5.383413822083149114e+00 -4.083373973695083592e+00 -2.475537737884960343e+00 -1.528674749804430633e+00 -1.591665101081827238e-01 2.223894115959374140e+00 4.501711568119885598e+00 4.501711568119885598e+00 4.501711568119885598e+00 4.501711568119885598e+00
-1.065252272468841177e+01 -1.035516534741966588e+01 -1.001983406855880077e+01 -9.713049510844122381e+00 -9.390904821808458536e+00 -8.829673961144919758e+00 -7.584277217781753677e+00 -5.986031610735279784e+00 -5.335158567755045489e+00 -3.974452619801912778e+00 -4.994535538942708186e+00 -2.255672315637978986e+00 -1.288448669013290138e-01 2.159122115935800501e+00 4.365313780639976216e+00 4.365313780639976216e+00 4.365313780639976216e+00 4.365313780639976216e+00
-1.069477180517366399e+01 -1.032883566204560388e+01 -1.001011426078148681e+01 -9.742298019159662203e+00 -9.441283137738395226e+00 -8.884189290051544674e+00 -7.675273274353720865e+00 -5.995709333401768149e+00 -5.328568757006833856e+00 -3.730806108655696285e+00 -3.837812548555393999e+00 -2.594692577028958169e+00 -7.023807018980492423e-01 2.316192153988696045e+00 4.448715667912626515e+00 4.448715667912626515e+00 4.448715667912626515e+00 4.448715667912626515e+00
-1.072057145472808060e+01 -1.036063111584921259e+01 -1.003813068133711894e+01 -9.777554075301601699e+00 -9.480886621042731832e+00 -9.039250635365583264e+00 -7.712229427461870124e+00 -5.886818454399963763e+00 -5.345707043398276070e+00 -3.871586503507340904e+00 -3.803101008474714106e+00 -1.678096971480916633e+00 -8.754478135886705203e-01 2.347444490594835287e+00 4.428361827556279273e+00 4.428361827556279273e+00 4.428361827556279273e+00 4.428361827556279273e+00
