-1.036924974728200333e+01 -1.034736072328152012e+01 -9.973797641878721976e+00 -9.666373345894090363e+00 -9.354364303806747216e+00 -8.989841788796059774e+00 -8.368797618431067065e+00 -7.200089275032784286e+00 -4.868029218548199921e+00 -2.207007108191905154e+00 -2.344426806298701926e+00 -5.806150186882061970e-01 1.166179593120543423e+00 1.913368165722991954e+00 5.067932471242681203e+00 5.067932471242681203e+00 5.067932471242681203e+00 5.067932471242681203e+00
-1.029819192674705342e+01 -1.010196455620623368e+01 -9.991651058544350761e+00 -9.814470468643996526e+00 -9.504301526665132727e+00 -8.947094615837228204e+00 -8.194003851350162293e+00 -6.897653679272206517e+00 -4.298212526130130051e+00 -2.733522284644124056e+00 -2.013635384351345259e+00 -3.826571339097545321e-01 1.000080907414611087e+00 2.077565969894744846e+00 5.156966223341076017e+00 5.156966223341076017e+00 5.156966223341076017e+00 5.156966223341076017e+00
-1.035031254581426197e+01 -1.002341922598288093e+01 -9.808347308294761646e+00 -9.789732583270843946e+00 -9.661896341513720898e+00 -9.092256011392738202e+00 -8.136604404719850692e+00 -6.831714826695243659e+00 -3.296739154713146824e+00 -3.129036654960537511e+00 -9.363115442140652611e-01 -2.378439203689169945e-01 7.819069528185742524e-01 2.014589270579738134e+00 5.250871335638882975e+00 5.250871335638882975e+00 5.250871335638882975e+00 5.250871335638882975e+00
-1.033714198937965989e+01 -1.031858241794982334e+01 -9.861720611449953822e+00 -9.300614957695085394e+00 -9.232801571394576357e+00 -9.146225320084173660e+00 -8.244638123398157603e+00 -6.511670487869070101e+00 -2.653969190054369598e+00 -2.988330990344985061e+00 -3.814904516061455308e-01 -3.191820354294691575e-02 6.354377002858579981e-01 2.220897136107371495e+00 4.760653736552020732e+00 4.760653736552020732e+00 4.760653736552020732e+00 4.760653736552020732e+00
-1.053401527797202597e+01 -1.030534263245078641e+01 -9.940108087587162800e+00 -9.607907525103556168e+00 -9.078466858849086663e+00 -8.658088705194234791e+00 -8.222568173408012271e+00 -5.416846628292100618e+00 -2.984096735881555773e+00 -3.181949106797496540e+00 -1.145863931995721036e-01 3.649652505710827555e-01 1.953411234699679033e+00 2.355889079728659574e+00 4.657765583009918942e+00 4.657765583009918942e+00 4.657765583009918942e+00 4.657765583009918942e+00
-1.038645772827717906e+01 -1.004263038045574419e+01 -1.016835458254733382e+01 -9.868938880280008874e+00 -9.341653667317793008e+00 -8.625406227724077723e+00 -7.663406622843528915e+00 -3.832633821552000164e+00 -3.819052302214015260e+00 -1.872771133603837068e+00 8.134237283970205401e-02 3.061865548298778883e-01 1.332063327670647279e+00 2.146946068274494301e+00 4.424568783301980446e+00 4.424568783301980446e+00 4.424568783301980446e+00 4.424568783301980446e+00
-1.045716997946016491e+01 -1.029320929959658315e+01 -9.943990315453710593e+00 -9.797627391626296145e+00 -9.355408910724444027e+00 -8.550401324734441033e+00 -7.369351901028911911e+00 -2.716251063097768093e+00 -3.750678575764091693e+00 -5.106930609425643919e-01 4.059178435826648612e-01 1.731299510676319819e+00 1.593645276286076440e+00 3.342901597973377825e+00 5.024712238691384947e+00 5.024712238691384947e+00 5.024712238691384947e+00 5.024712238691384947e+00
-1.046470275428762164e+01 -1.010282611013729337e+01 -1.001589639371794860e+01 -9.766750159916981033e+00 -9.176837046711227686e+00 -8.251816897912933157e+00 -4.839158351037351480e+00 -3.170766657556796986e+00 -2.985045289562496151e+00 2.429204211198438546e-01 1.466333118955781334e+00 2.014544900467438282e+00 1.835594370858879998e+00 4.336157609810135760e+00 5.317807854019864777e+00 5.317807854019864777e+00 5.317807854019864777e+00 5.317807854019864777e+00
-1.042981161902699583e+01 -1.016887333512898905e+01 -9.543666227661912416e+00 -9.077593298969668822e+00 -8.245781174125776047e+00 -6.954145589357240809e+00 -3.514250048549117267e+00 -4.081242384884165020e+00 -1.200183815588746761e+00 1.182640739897521609e+00 2.052545509169188875e+00 2.707952643862457709e+00 3.360841461138954323e+00 4.752786901114873785e+00 5.307093963567059980e+00 5.307093963567059980e+00 5.307093963567059980e+00 5.307093963567059980e+00
-1.045041760269215203e+01 -1.006030561259490241e+01 -9.503206697859248209e+00 -8.437144987423593534e+00 -7.413959275723787101e+00 -5.376183376839685835e+00 -2.370727450855831364e+00 -3.562057396547593235e+00 1.587755423229784968e-01 2.114957980766797530e+00 3.046575985120650198e+00 3.483202520675636737e+00 4.912008103115172553e+00 4.983422275659181722e+00 5.411310795844323174e+00 5.411310795844323174e+00 5.411310795844323174e+00 5.411310795844323174e+00
-1.021584774199078893e+01 -9.484232416146971545e+00 -8.906364405538532480e+00 -8.350347768809044169e+00 -6.871079475544640047e+00 -3.728618588367445419e+00 -4.040163176389062194e+00 -1.330270121394640181e+00 1.111310891565744585e+00 3.096872169996216506e+00 3.106844948393118422e+00 4.627173577192696285e+00 2.833561277573243053e+00 2.235768555151447678e+00 5.521092691088485438e+00 5.521092691088485438e+00 5.521092691088485438e+00 5.521092691088485438e+00
-9.874966033188272263e+00 -9.019201790745366765e+00 -8.205571269767910181e+00 -7.663631944652660621e+00 -5.215315217745537524e+00 -2.343182386281854157e+00 -3.326696810759015577e+00 3.037552659321891557e-01 2.964739260583824532e+00 3.102990356336677635e+00 4.455372099425682464e+00 3.756577520184696262e+00 2.053830378891513320e+00 2.483593984122164589e+00 5.721069116579267977e+00 5.721069116579267977e+00 5.721069116579267977e+00 5.721069116579267977e+00
-9.480351327785919935e+00 -8.557398484945608175e+00 -7.789742439557073794e+00 -6.187238382081543975e+00 -3.915206469973974368e+00 -3.448867062485143187e+00 -2.251306603300394116e+00 1.821243565800064079e+00 3.218560203383747709e+00 4.103712008310319348e+00 4.749749126865269844e+00 1.864155828697495965e+00 5.171486677107210994e-01 2.337099669386549117e+00 5.537220699620529984e+00 5.537220699620529984e+00 5.537220699620529984e+00 5.537220699620529984e+00
-1.007776232063967470e+01 -7.813285758063726938e+00 -6.650469005769932274e+00 -4.990153989925980582e+00 -2.495967851015437500e+00 -3.124657717596340589e+00 1.252272730192156153e-02 2.973061694590103610e+00 3.313205549458639432e+00 5.061516608104595250e+00 3.309740095758344935e+00 -1.929168838809887543e+00 3.979252665579117165e-01 2.571837621512477412e+00 5.570800678080852109e+00 5.570800678080852109e+00 5.570800678080852109e+00 5.570800678080852109e+00
-9.401835051884775751e+00 -7.562184463554239677e+00 -5.675057127315743521e+00 -4.110983305738205473e+00 -2.261175159830987269e+00 -2.365301846445250877e+00 1.015361246339251178e+00 3.085397031722119543e+00 3.571415971612704077e+00 5.579266931432480092e+00 4.432867103898976424e+00 -9.301349698424694612e-01 9.758448521533940045e-01 2.564198565886897985e+00 5.379568082210466784e+00 5.379568082210466784e+00 5.379568082210466784e+00 5.379568082210466784e+00
-9.056679199076594244e+00 -6.874247059555013806e+00 -4.879291723827181571e+00 -2.933878459036967090e+00 -2.419606221741518404e+00 -9.641220761627147251e-01 3.008070590932895527e+00 3.013238314756631731e+00 4.170388326166979631e+00 6.264744111456369779e+00 6.028926284611705100e+00 1.900213209658255575e+00 6.642531307372292471e-01 2.683461954748140421e+00 5.301162009466319880e+00 5.301162009466319880e+00 5.301162009466319880e+00 5.301162009466319880e+00
-8.670657247901361941e+00 -6.464332274295760072e+00 -4.212978635411301909e+00 -2.015842639097741973e+00 -2.635743179615336551e+00 1.986179936607806173e-01 3.179137342593613802e+00 3.296127061627378119e+00 4.237089011182666454e+00 5.072219221632399133e+00 4.588161929654788196e+00 4.707171360693382489e+00 3.615393674653932798e+00 3.297481146962107701e+00 5.611194769233406987e+00 5.611194769233406987e+00 5.611194769233406987e+00 5.611194769233406987e+00
-7.813116653297642600e+00 -5.968986345358943346e+00 -3.887790709171944581e+00 -1.676310100082297749e+00 -1.818989439260303875e+00 2.171112710701467829e+00 3.555735966691653260e+00 3.865308403943840787e+00 4.101271321951088566e+00 3.239416049748231163e+00 3.290080456632602957e+00 3.168239706938484446e+00 3.995619832580338482e+00 5.110352634602243427e+00 5.603542755730484437e+00 5.603542755730484437e+00 5.603542755730484437e+00 5.603542755730484437e+00
-7.510088929509601385e+00 -6.065357148937473575e+00 -3.236737403312697658e+00 -1.630662595434106743e+00 -7.475158803862040902e-01 3.033647275507958430e+00 3.167785359499562858e+00 3.880146099293472872e+00 3.828057074317236186e+00 1.771544443131226387e+00 1.475689212910725079e+00 1.532079102672781801e+00 2.847406687574883577e+00 4.324545521557197070e+00 5.552689008234253265e+00 5.552689008234253265e+00 5.552689008234253265e+00 5.552689008234253265e+00
-8.213703515008738520e+00 -6.022950907909560669e+00 -3.240832901739066685e+00 -2.196702492486452218e+00 -1.417112843998828087e+00 3.083839204877534268e+00 3.092583794354130777e+00 4.077641534417191238e+00 3.100568377358124295e+00 1.559647656535607219e+00 1.169182727091752638e-02 8.808908644174419100e-01 2.017668763253753106e+00 3.642865355140754602e+00 5.426904591241773268e+00 5.426904591241773268e+00 5.426904591241773268e+00 5.426904591241773268e+00
-8.180056583155440819e+00 -6.100540660250107550e+00 -3.210378096752602772e+00 -1.521224051339199912e+00 -9.087407015883449679e-01 3.137205874733184352e+00 3.138206661518927021e+00 4.055143811401882736e+00 3.001842813503843299e+00 1.382826277840140339e+00 -1.172458451705188018e-02 2.647300030302650597e-01 1.278352700401329978e+00 3.348231377323609870e+00 5.286419060843803308e+00 5.286419060843803308e+00 5.286419060843803308e+00 5.286419060843803308e+00
-8.162484855689568164e+00 -6.415904470984743924e+00 -3.458909663050191874e+00 -1.481960528454531634e+00 -6.012337708797420577e-01 3.208026490740140346e+00 3.244800269089789690e+00 4.137478035759842854e+00 2.787975048380364917e+00 1.157524118002918989e+00 -2.589498977115979539e+00 -1.687707852023509592e+00 1.198922354038038485e+00 3.206332761757479943e+00 5.208012988099656404e+00 5.208012988099656404e+00 5.208012988099656404e+00 5.208012988099656404e+00
-8.034105568641770390e+00 -7.081763610244483864e+00 -4.390567360451713697e+00 -2.363722419006535347e+00 -1.872600032610223009e+00 2.927961874787044394e+00 3.246290887677081294e+00 3.996812791462665437e+00 2.340335290974137727e+00 3.980718030696858700e-01 -2.710675658372441177e+00 -1.570175763170818861e+00 1.193148336619384242e+00 3.459240942889072024e+00 5.597518091093728998e+00 5.597518091093728998e+00 5.597518091093728998e+00 5.597518091093728998e+00
-8.044591260285304912e+00 -7.120555245356511520e+00 -5.076496301791683763e+00 -2.976575851752155444e+00 -1.757066000888038992e+00 3.045817906331050873e-01 3.155045774891456212e+00 3.800836496367718809e+00 2.127383032517768058e+00 -2.909887776810712090e+00 -2.780203552099219877e+00 -1.316216421444761364e+00 1.273332459113012405e+00 3.779767559774458441e+00 5.534577338387655310e+00 5.534577338387655310e+00 5.534577338387655310e+00 5.534577338387655310e+00
-7.885200624496034649e+00 -7.091528387490480867e+00 -5.310288454589565887e+00 -3.526840399203780230e+00 -1.553559528888570629e+00 -1.213214591811181853e+00 3.052818855788571817e+00 3.045507371020104159e+00 2.027631679810441678e+00 -3.912648961648506951e+00 -2.386711249017003045e+00 -5.620271465567038272e-01 1.533896931244154827e+00 3.754241267711540431e+00 5.410339223963694266e+00 5.410339223963694266e+00 5.410339223963694266e+00 5.410339223963694266e+00
-8.399762298920062875e+00 -7.626021103740939111e+00 -6.229822401475965776e+00 -4.519393194099782463e+00 -2.909010667068519407e+00 -2.246693188537641106e+00 3.823842792466500828e-01 2.782898106876365851e+00 1.360366470699996055e+00 -3.432241359874844910e+00 -2.516569406678655363e-01 1.040598702833456235e+00 1.883929027378056453e+00 4.126743087230897444e+00 5.331452380692109472e+00 5.331452380692109472e+00 5.331452380692109472e+00 5.331452380692109472e+00
-8.804428809147594848e+00 -7.909483494759172117e+00 -6.816774432975400977e+00 -5.438355240862727591e+00 -3.601824172969326554e+00 -2.197015361913003950e+00 -1.802169848757180004e+00 1.435237394288317425e+00 1.819173694278576114e+00 -3.604295877401365589e-01 2.391179259976864424e-01 3.315478289812541224e-01 2.186002138689379759e+00 4.603779588670699141e+00 5.193270039477145161e+00 5.193270039477145161e+00 5.193270039477145161e+00 5.193270039477145161e+00
-9.142103220735556590e+00 -8.301539848163816515e+00 -7.486882959403633464e+00 -6.334219337075801093e+00 -4.909045586333158795e+00 -3.341671741634008264e+00 -2.489902985669617763e+00 -4.456904440750741880e-01 1.197246804534364051e+00 1.268691354698915363e+00 8.194402352124482980e-02 3.577682572230371782e-01 1.822157968926082061e+00 4.735659211896551035e+00 5.390868498264534736e+00 5.390868498264534736e+00 5.390868498264534736e+00 5.390868498264534736e+00
-9.393739083415969304e+00 -8.579654000572810801e+00 -7.990656606323327082e+00 -7.311341013182071080e+00 -6.217479300721080904e+00 -4.763672422298142806e+00 -2.443952540035626342e+00 -2.247187356372205791e+00 4.274418192337072764e-01 7.460932232863988212e-01 -2.272642878644245967e-01 8.682274798584919961e-02 1.260834063598435417e+00 4.099446369522001810e+00 5.457964600783057563e+00 5.457964600783057563e+00 5.457964600783057563e+00 5.457964600783057563e+00
-1.009182466189749405e+01 -9.076280486449677554e+00 -8.622718038972687182e+00 -8.192062993695060413e+00 -7.433170392241366109e+00 -6.504558508578389464e+00 -4.434297015922423313e+00 -2.449892179323875929e+00 -2.008527922137555155e+00 1.068742056605421542e+00 4.740673822960832506e-01 7.394218714139417781e-01 4.341945751025834410e-02 4.010405963353244729e+00 5.395115504813736251e+00 5.395115504813736251e+00 5.395115504813736251e+00 5.395115504813736251e+00
-1.032400641350909787e+01 -9.917811371875897564e+00 -9.395423154835958357e+00 -8.997285192666673481e+00 -8.391124130412052295e+00 -7.336676722621974456e+00 -5.615905364621305296e+00 -3.563424991678590725e+00 -2.337987423673217435e+00 -6.125958946636221869e-01 7.200736021881816162e-01 1.249560621208917865e+00 4.835587813768132959e-01 4.465739111840361986e+00 5.316709432069588459e+00 5.316709432069588459e+00 5.316709432069588459e+00 5.316709432069588459e+00
-1.045909642727217559e+01 -1.009546597799116796e+01 -9.617798793532630341e+00 -9.221946533418067915e+00 -8.705392731172631571e+00 -7.739687383531766329e+00 -6.377597079308513273e+00 -4.730768069646664742e+00 -2.457620031437261154e+00 -2.178975369126494144e+00 4.881438844216088868e-01 3.767367393968782396e-01 7.415739074485536708e-01 3.990528244236064559e+00 5.185167511932860407e+00 5.185167511932860407e+00 5.185167511932860407e+00 5.185167511932860407e+00
-1.046376878587759940e+01 -1.018687723236443254e+01 -9.775750864014570496e+00 -9.364704652595079892e+00 -8.908983819580857499e+00 -8.039046492586804149e+00 -6.682571462788846617e+00 -5.369628410739094804e+00 -3.534863206755322285e+00 -2.077430544674010449e+00 -1.411857594244013470e+00 2.350262372600087635e-01 6.984934340120809715e-01 3.030660652791159926e+00 5.213417967981063939e+00 5.213417967981063939e+00 5.213417967981063939e+00 5.213417967981063939e+00
-1.050942762482978488e+01 -1.022378935469646422e+01 -9.711404617063092104e+00 -9.495856033424230347e+00 -8.980213675369711268e+00 -8.170971203059991694e+00 -6.823582198919735831e+00 -5.664104401227181285e+00 -4.148065667416855895e+00 -2.984811069036928721e+00 -2.973835984536038701e+00 2.522292646583038644e-01 4.972183918504111122e-01 2.629366218955582646e+00 5.333892837271230647e+00 5.333892837271230647e+00 5.333892837271230647e+00 5.333892837271230647e+00
-1.046074369113676994e+01 -1.021707578073912259e+01 -9.928147553517153057e+00 -9.581000191014329204e+00 -9.105823805227728940e+00 -8.412637710201348540e+00 -7.031415692893205005e+00 -5.773552239418005882e+00 -4.926046693995116854e+00 -3.342667094927440630e+00 -2.748261389110573383e+00 -5.409136691457259172e-01 2.618884252570151117e-01 2.680197074188171769e+00 5.170581740608350074e+00 5.170581740608350074e+00 5.170581740608350074e+00 5.170581740608350074e+00
-1.056183392319419667e+01 -1.022758753360481521e+01 -9.939207921248399913e+00 -9.593389474337778111e+00 -9.203348792427894054e+00 -8.533183667815958273e+00 -7.194996255792538875e+00 -5.762105825043824403e+00 -5.284054799544442460e+00 -3.659008841820731384e+00 -2.333340806934836031e+00 -7.644973623185052913e-01 7.115063741315749701e-02 2.282640550698224580e+00 5.369981802894816525e+00 5.369981802894816525e+00 5.369981802894816525e+00 5.369981802894816525e+00
-1.053793324208089288e+01 -1.026179985297158836e+01 -9.951947373198335001e+00 -9.660366794657324618e+00 -9.235789195789354977e+00 -8.675235603038103704e+00 -7.355773462963164810e+00 -5.753922548810068704e+00 -5.064864315931087546e+00 -3.218677287189256830e+00 -3.143763300965390250e+00 -1.458038148362715614e+00 1.426880309843668593e-01 2.375374055562498032e+00 5.317725958616881243e+00 5.317725958616881243e+00 5.317725958616881243e+00 5.317725958616881243e+00
-1.055164805464196043e+01 -1.030136926734902936e+01 -9.986622897593246506e+00 -9.665506593285169146e+00 -9.335836119489083984e+00 -8.722687398966954220e+00 -7.437634517553536995e+00 -5.825244727613110740e+00 -5.115825388606651813e+00 -3.761304333651493526e+00 -2.708049044702568242e+00 -1.942260996620393199e+00 2.291374318623391748e-01 2.276849116548794960e+00 5.113688687390440357e+00 5.113688687390440357e+00 5.113688687390440357e+00 5.113688687390440357e+00
-1.063797774391352746e+01 -1.030125494448054368e+01 -1.000354119645476203e+01 -9.676443778020605180e+00 -9.318069294944178793e+00 -8.773936928666664414e+00 -7.566119954402575232e+00 -5.859992678971229552e+00 -5.153710890986803683e+00 -3.834366546574870416e+00 -3.942577581471638393e+00 -2.201912620684495892e+00 -4.521519465918915626e-01 2.180378412109765573e+00 5.226754791529508282e+00 5.226754791529508282e+00 5.226754791529508282e+00 5.226754791529508282e+00
-1.068034231746370466e+01 -1.035287611174339517e+01 -1.002615658402050158e+01 -9.719990834327276730e+00 -9.379728554975166332e+00 -8.952509406017126636e+00 -7.597534402420579980e+00 -5.831179567068575764e+00 -5.304617133955988884e+00 -3.700601641677895071e+00 -3.980529491592289304e+00 -1.804685557896266168e+00 -8.174670068858496119e-01 2.200338714919472416e+00 5.437268561698607172e+00 5.437268561698607172e+00 5.437268561698607172e+00 5.437268561698607172e+00
