-1.049192043947788378e+01 -1.030725310096940106e+01 -9.945190365428278056e+00 -9.616770067356762652e+00 -9.325847166537698740e+00 -8.952026852624136666e+00 -8.371977226387773641e+00 -7.075851949393145546e+00 -3.596900712372896880e+00 -3.674474040726470214e+00 -1.968539901675113502e+00 -4.631954960968142077e-01 1.181225085319927093e+00 2.051807491981281650e+00 5.324982673700043634e+00 5.324982673700043634e+00 5.324982673700043634e+00 5.324982673700043634e+00
-1.044060957264964884e+01 -1.024427144928019473e+01 -1.000461218648029238e+01 -9.758067206393562287e+00 -9.401981396235246535e+00 -8.883195589034368567e+00 -8.101285989349483074e+00 -6.655282593621410392e+00 -3.377429704773427854e+00 -4.269276094791655929e+00 -1.692368581154977791e+00 -4.809857897705833163e-01 1.115732926226515209e+00 1.924942681561381264e+00 5.194215867534202502e+00 5.194215867534202502e+00 5.194215867534202502e+00 5.194215867534202502e+00
-1.017555936709227460e+01 -9.901915877321401993e+00 -9.881367101934930730e+00 -9.822435548837113117e+00 -9.577132878177177844e+00 -9.023099821628962403e+00 -8.090322362172889470e+00 -6.383255632663885848e+00 -3.011976102696124258e+00 -4.363867364067326449e+00 -7.037451861085295413e-01 -4.376677196190146280e-01 1.683535985713459304e+00 2.004702107301666647e+00 4.956399996915028083e+00 4.956399996915028083e+00 4.956399996915028083e+00 4.956399996915028083e+00
-1.043967840448217643e+01 -1.022415075949756336e+01 -9.707881289600294394e+00 -9.353478107319041612e+00 -9.300136959496198230e+00 -9.136794123388074951e+00 -8.091649429512905556e+00 -5.833837968950020603e+00 -2.324622850795552864e+00 -3.876668376501250179e+00 -2.087700196603261005e-01 4.179144047110797122e-02 1.500248558424805978e+00 2.133446146843341218e+00 4.944109342872764046e+00 4.944109342872764046e+00 4.944109342872764046e+00 4.944109342872764046e+00
-1.051640788077506627e+01 -1.022670800887489762e+01 -9.951407409314271035e+00 -9.540573923616065599e+00 -8.968563066361580738e+00 -8.606589419038645161e+00 -7.928781870000653598e+00 -4.824382563517565004e+00 -2.585379387194647549e+00 -3.055712420016071462e+00 -3.271386946850606686e-02 1.307016129967055296e+00 1.479028551627544097e+00 2.326377813255698257e+00 4.807104374395347435e+00 4.807104374395347435e+00 4.807104374395347435e+00 4.807104374395347435e+00
-1.030786895468962250e+01 -1.018189562189370179e+01 -1.015656280899664665e+01 -9.834242903210991926e+00 -9.285408435480690059e+00 -8.452734717314502433e+00 -7.736961862594327499e+00 -3.468037840909268255e+00 -4.036923226767505035e+00 -1.468596453350708320e+00 1.743658341590015315e-01 1.383086032673468857e+00 1.617130162848264829e+00 2.098006504420856899e+00 4.483894951826844277e+00 4.483894951826844277e+00 4.483894951826844277e+00 4.483894951826844277e+00
-1.052065139727526599e+01 -1.023569296318654942e+01 -1.007418456077505908e+01 -9.772948768693382249e+00 -9.264829530928523127e+00 -8.444962772826670516e+00 -6.693613727257915258e+00 -2.789864017112507089e+00 -4.150580206840754016e+00 -5.512614108904375643e-01 8.680611513787035438e-01 1.861539917631300556e+00 1.679741553560780254e+00 3.097657233773801089e+00 4.382500683146139053e+00 4.382500683146139053e+00 4.382500683146139053e+00 4.382500683146139053e+00
-1.034649200303310224e+01 -1.013859482100662746e+01 -1.008443163937659115e+01 -9.682519782738062020e+00 -9.162665262704781100e+00 -8.224651320505975249e+00 -4.971306023278371455e+00 -3.456656876826909475e+00 -3.280103541691617774e+00 -1.870674242180203894e-01 1.756362625176303371e+00 1.984105900805345435e+00 1.858807817553314257e+00 4.270300029403943043e+00 5.140588151589422949e+00 5.140588151589422949e+00 5.140588151589422949e+00 5.140588151589422949e+00
-1.034801942950330833e+01 -1.000951307449388850e+01 -9.529631236442931197e+00 -9.267697196424245831e+00 -8.405066785945157548e+00 -7.031596611957454002e+00 -3.621413284245690090e+00 -4.351771097757176854e+00 -2.337474227849096753e+00 2.586118420852319133e-01 2.039865410955713276e+00 2.693988423438871127e+00 3.255489678352931460e+00 4.705178394958425159e+00 4.894430407872352617e+00 4.894430407872352617e+00 4.894430407872352617e+00 4.894430407872352617e+00
-1.055299701928895395e+01 -1.011707509245095338e+01 -9.325203127977557571e+00 -8.427947856553581474e+00 -7.436552331605382982e+00 -5.671287028513968487e+00 -2.379911978889269975e+00 -4.174816712898284266e+00 -4.995100241472207880e-01 1.813214113362665136e+00 2.755145315126302119e+00 3.379202074983408188e+00 4.876181850568944043e+00 4.971628097349412911e+00 5.268878347284307040e+00 5.268878347284307040e+00 5.268878347284307040e+00 5.268878347284307040e+00
-1.021067375999207449e+01 -9.600935641461097347e+00 -9.023050215463031876e+00 -8.375837614854516389e+00 -6.806595592044155651e+00 -4.138416448665961589e+00 -3.606866306753557794e+00 -2.741803850718167457e+00 2.419101515343430042e-01 2.731752042919787460e+00 2.968528824818204015e+00 4.551374987669998262e+00 3.057817785758374818e+00 2.309661952365955173e+00 5.332621485736019906e+00 5.332621485736019906e+00 5.332621485736019906e+00 5.332621485736019906e+00
-9.899573892893441140e+00 -9.101958959639471658e+00 -8.350703358277430155e+00 -8.039230705125225640e+00 -5.530940247486210382e+00 -2.781933386902392780e+00 -3.358265130715134994e+00 -1.338213330676510937e+00 1.374731493821190975e+00 3.177140138026266047e+00 4.335440238371123911e+00 3.735118894575774284e+00 2.077220749118394494e+00 2.453577206364251140e+00 5.260176969702973437e+00 5.260176969702973437e+00 5.260176969702973437e+00 5.260176969702973437e+00
-9.508006378408449422e+00 -8.682178877641112180e+00 -7.886615148110212914e+00 -6.537656873321711082e+00 -4.535707083027586961e+00 -3.194020556332631156e+00 -3.321757889375148487e+00 3.864886204346451581e-02 3.258915553216679140e+00 3.985389978127757082e+00 4.628188623700918214e+00 2.154905201793177572e+00 4.793359887265938868e-01 2.387015114368316482e+00 5.203477130176896281e+00 5.203477130176896281e+00 5.203477130176896281e+00 5.203477130176896281e+00
-1.000769909525526735e+01 -8.065498482958146198e+00 -6.928536944246738827e+00 -5.343876112634115216e+00 -3.161144965510205296e+00 -2.374991465939853885e+00 -2.808225304638198860e+00 3.923681809759985706e-01 3.248384230231712522e+00 4.933783570996780554e+00 3.334537527397630097e+00 -1.985706562728806635e+00 3.631317035676306371e-01 2.516401317605226673e+00 4.863641937751422617e+00 4.863641937751422617e+00 4.863641937751422617e+00 4.863641937751422617e+00
-9.548101869603625502e+00 -7.634567003515761563e+00 -6.048392455962369851e+00 -4.808219755160873632e+00 -2.324887439562037361e+00 -3.165116475833316123e+00 -8.023898301181224824e-01 2.563419273018790356e+00 3.445114400495640883e+00 5.421745718573677486e+00 4.372981090693550676e+00 -9.566780552917737435e-01 9.847225433386884719e-01 2.471872223303877902e+00 5.333824927440513619e+00 5.333824927440513619e+00 5.333824927440513619e+00 5.333824927440513619e+00
-9.054361635062592839e+00 -7.060906318184590802e+00 -5.370925528640352553e+00 -4.010875642689493148e+00 -1.817521856395341029e+00 -2.513149652984271398e+00 5.204402671959689197e-01 2.936583224021612981e+00 4.011067114329216032e+00 6.116454623254362843e+00 5.903504166027216726e+00 1.938183331322802960e+00 6.682500978453338458e-01 2.692452696588469863e+00 5.252094123776119616e+00 5.252094123776119616e+00 5.252094123776119616e+00 5.252094123776119616e+00
-8.791559530095934605e+00 -6.550842348404558813e+00 -4.776265890807812831e+00 -3.293262558855919231e+00 -2.232131588168255298e+00 -2.102041318909038115e+00 2.018032507893875227e+00 3.317493944202622558e+00 4.184445528677045445e+00 5.118120288956556685e+00 4.549403844272427833e+00 4.613315579204309458e+00 3.471370685362803243e+00 3.175003046332802725e+00 5.203977655937189084e+00 5.203977655937189084e+00 5.203977655937189084e+00 5.203977655937189084e+00
-8.099417919243309782e+00 -6.383952254372649904e+00 -4.499660922171011102e+00 -2.489046039366057173e+00 -2.518177836465885555e+00 -1.451237142019943027e+00 3.406179314962468396e+00 3.859887700709030423e+00 3.981387445886828580e+00 3.233402512676528229e+00 3.212734326034510257e+00 3.149216658701604832e+00 3.874638025711080402e+00 5.085229432876960942e+00 5.115719021495159780e+00 5.115719021495159780e+00 5.115719021495159780e+00 5.115719021495159780e+00
-7.594673776789119479e+00 -6.248472823295719181e+00 -4.236063461907765060e+00 -2.153191239904606036e+00 -2.613614950352046051e+00 -3.028730675989894094e-01 2.831569526238259193e+00 3.777119932934198676e+00 3.726353312687963992e+00 1.786168760441007031e+00 1.550900062834418947e+00 1.587757879658033833e+00 2.731303567320795711e+00 4.280941342015342599e+00 4.832853467630471300e+00 4.832853467630471300e+00 4.832853467630471300e+00 4.832853467630471300e+00
-7.847832242513078427e+00 -6.099175382417972635e+00 -4.027076812583938015e+00 -1.723634691577318190e+00 -2.448111037447570304e+00 2.374242271525866810e-01 3.099704529084943427e+00 3.985953987885763716e+00 3.060031653134044571e+00 1.575322918594017185e+00 1.002493522442454488e+00 1.081113297952419838e+00 1.976033391528580374e+00 3.588357931682651270e+00 4.946478231026540939e+00 4.946478231026540939e+00 4.946478231026540939e+00 4.946478231026540939e+00
-8.234893975670228627e+00 -6.418341038150275679e+00 -4.170415896448510296e+00 -2.633411210796647861e+00 -1.779186906452057126e+00 -7.092776012005155284e-01 3.092398103283387822e+00 4.028066140527459815e+00 2.980100948643111369e+00 1.451344618038048040e+00 7.563883121645729180e-01 4.554883511183099865e-01 1.252709645982076347e+00 3.264923564608348094e+00 5.379158118348193796e+00 5.379158118348193796e+00 5.379158118348193796e+00 5.379158118348193796e+00
-8.136645827927569741e+00 -6.753855531657290356e+00 -4.176349602068100353e+00 -2.258327387001365594e+00 -2.027199350698805969e+00 -1.006693590713327868e+00 3.208561927429915528e+00 4.053476047209144006e+00 2.724292952460360073e+00 1.193281126167896389e+00 -1.811773680571349576e+00 -1.597441823273479944e+00 1.159290740345111814e+00 3.098426629634389862e+00 5.241586683125932566e+00 5.241586683125932566e+00 5.241586683125932566e+00 5.241586683125932566e+00
-8.192089703264098688e+00 -6.942904077910890592e+00 -4.800452842975950318e+00 -2.407773313632124434e+00 -1.737497024815404467e+00 -1.570562974715168147e+00 3.326770902915228589e+00 3.865418114338228683e+00 2.308110329356401369e+00 9.168257029399640157e-01 -2.429795346696362213e+00 -1.583762228665294147e+00 1.160024422946476674e+00 3.420319868216134651e+00 5.039963854742570248e+00 5.039963854742570248e+00 5.039963854742570248e+00 5.039963854742570248e+00
-8.160150318019546489e+00 -7.267675438406842048e+00 -5.343117769728326749e+00 -3.376493823544091999e+00 -1.833861243026206012e+00 -1.688914033307097551e+00 1.433173385970376579e+00 3.630911632508692310e+00 2.115515242858393652e+00 -3.261694332246943828e-01 -2.570605420626741466e+00 -1.216550970768550677e+00 1.203142156821455977e+00 3.684716797799664878e+00 4.900050199138521911e+00 4.900050199138521911e+00 4.900050199138521911e+00 4.900050199138521911e+00
-8.064124115096479528e+00 -7.168158527930546420e+00 -5.757204055036368118e+00 -4.198845656347890198e+00 -2.077897105614499917e+00 -1.719593338294041596e+00 -6.834727134999644127e-01 2.707226316345502592e+00 2.303528189579333585e+00 -3.667999395853444256e+00 -2.287899733729487295e+00 -4.799818260108671408e-01 1.468746125248828749e+00 3.725691767491113637e+00 4.930823252979179117e+00 4.930823252979179117e+00 4.930823252979179117e+00 4.930823252979179117e+00
-8.298623616885755894e+00 -7.825315873508198905e+00 -6.459703836772892060e+00 -4.930131362423128216e+00 -3.528918448621722881e+00 -1.845451063296718264e+00 -1.940374517465859538e+00 1.646325845572937041e+00 2.119212793962845787e+00 -3.033896700324240747e+00 6.828182719629546926e-02 1.039714033147131511e+00 1.859409783612581579e+00 4.187353237535454298e+00 5.479320976663523801e+00 5.479320976663523801e+00 5.479320976663523801e+00 5.479320976663523801e+00
-8.758036256155421029e+00 -7.833308879512463463e+00 -6.927898946704992511e+00 -5.675147705577728630e+00 -4.307212856142964341e+00 -2.386726275571038336e+00 -2.200927914184321654e+00 -4.451965231692510683e-01 1.561249822533123943e+00 -5.658112195601013028e-02 1.171940557673862154e-01 7.773860125601704807e-01 2.168304414657607371e+00 4.738970811036026909e+00 5.406802785807040657e+00 5.406802785807040657e+00 5.406802785807040657e+00 5.406802785807040657e+00
-9.095207947519638125e+00 -8.194197083360407419e+00 -7.431940517811597147e+00 -6.364220499898472383e+00 -5.262898924554157531e+00 -3.920247844457561026e+00 -1.933940754619362767e+00 -2.265799827600217142e+00 1.014557950674962683e+00 1.220027701917847374e+00 7.694000457094548606e-01 -3.566619960836554526e-01 1.710405036757876918e+00 4.842514172703353381e+00 5.269231350584765217e+00 5.269231350584765217e+00 5.269231350584765217e+00 5.269231350584765217e+00
-9.380728420156277281e+00 -8.496315899058714649e+00 -7.949890819560452293e+00 -7.197038201007732283e+00 -6.299145069914448669e+00 -5.061111413917705804e+00 -2.669249974278364412e+00 -2.489705520139747108e+00 7.024344856534497916e-04 1.360438574525235200e+00 9.447596838709430012e-01 6.621009689545328536e-01 9.542836149186650907e-01 4.071297974138039066e+00 5.031689209226867909e+00 5.031689209226867909e+00 5.031689209226867909e+00 5.031689209226867909e+00
-9.861155249496674102e+00 -8.973422028769828529e+00 -8.492972352431021221e+00 -7.979857236956220845e+00 -7.310216519098847066e+00 -6.356069482871126830e+00 -4.045515408377257316e+00 -2.127333782063823175e+00 -2.189316918140854717e+00 9.361620518239035516e-01 9.522584648982633793e-01 9.384476458009340938e-01 4.410889865406707466e-01 3.910340431035495001e+00 4.901113285763035066e+00 4.901113285763035066e+00 4.901113285763035066e+00 4.901113285763035066e+00
-1.020659111305171685e+01 -9.761365821309622604e+00 -9.287283219736805151e+00 -8.748686781508725474e+00 -8.196172563280182288e+00 -7.145962165737664407e+00 -5.041268445585816771e+00 -3.349985408252711849e+00 -2.634445472386285125e+00 3.366190010005638555e-01 1.084687889599693200e+00 9.632452356898173473e-01 1.592094997721029415e-01 4.420729789274991717e+00 5.480696607460902925e+00 5.480696607460902925e+00 5.480696607460902925e+00 5.480696607460902925e+00
-1.036048458159203633e+01 -1.001606196049875663e+01 -9.522960725912229307e+00 -9.109474654677912397e+00 -8.512406492234347866e+00 -7.551336773175782113e+00 -6.272634375404516405e+00 -3.094939509488949358e+00 -2.729166290859801780e+00 -1.487996442824563559e+00 9.124689150308595842e-01 9.196568128298807654e-01 8.219372704878590286e-01 3.051826222863792459e+00 5.572018888488155852e+00 5.572018888488155852e+00 5.572018888488155852e+00 5.572018888488155852e+00
-1.046828177990514774e+01 -1.010285557261444644e+01 -9.727462646628989518e+00 -9.259418862893641133e+00 -8.742985539130732064e+00 -7.838756569457347112e+00 -6.643989230580009675e+00 -4.926334889794774519e+00 -2.422655362008122815e+00 -2.573564073179666956e+00 8.041396069667430258e-01 8.694764946292085073e-01 6.826831314225660918e-01 2.764148600116510757e+00 5.434447453265876860e+00 5.434447453265876860e+00 5.434447453265876860e+00 5.434447453265876860e+00
-1.044040072893701065e+01 -1.014774614047087020e+01 -9.764546983980586958e+00 -9.387391542597615768e+00 -8.830031167012792892e+00 -8.017167663408187650e+00 -6.876400378710592065e+00 -5.523662002765221679e+00 -3.243597072815984639e+00 -2.815201171595510754e+00 1.083267974719631932e-01 9.960231748322826428e-01 7.511285729304790770e-01 2.612790431739862917e+00 5.296876018043619183e+00 5.296876018043619183e+00 5.296876018043619183e+00 5.296876018043619183e+00
-1.045875684772318692e+01 -1.014382727176186094e+01 -9.849789694403563445e+00 -9.453108027443366979e+00 -8.961552757026341354e+00 -8.243665004866208790e+00 -7.067640470343596881e+00 -5.667396135963904236e+00 -4.042404297206861230e+00 -2.294267755762153360e+00 -1.313500216030140555e+00 6.971757627747635633e-01 2.323939348852553100e-01 2.795650330034587849e+00 4.790080369188928877e+00 4.790080369188928877e+00 4.790080369188928877e+00 4.790080369188928877e+00
-1.053639082583892517e+01 -1.019134076405913625e+01 -9.846999116470060542e+00 -9.481644480280248644e+00 -9.058060000657906841e+00 -8.320579956961047685e+00 -7.225327453057327709e+00 -5.870008285878121512e+00 -4.267940235567272644e+00 -3.139152225180610767e+00 -2.677476530907121344e+00 2.796003981141974015e-01 6.195786427338241253e-01 2.336064798869020187e+00 5.482072238258254515e+00 5.482072238258254515e+00 5.482072238258254515e+00 5.482072238258254515e+00
-1.051093200785278370e+01 -1.019004952665296670e+01 -9.926278770942147389e+00 -9.560592643926037582e+00 -9.107436154237015913e+00 -8.517563880017291922e+00 -7.342383456175650913e+00 -5.869010225029319017e+00 -4.674396737538176083e+00 -3.512268991854305522e+00 -2.723403166612301973e+00 3.653097549120716825e-01 1.619645623313063498e-01 2.512780044024347958e+00 5.878233579380909291e+00 5.878233579380909291e+00 5.878233579380909291e+00 5.878233579380909291e+00
-1.051010575081559395e+01 -1.023578126630059870e+01 -9.906359967452413429e+00 -9.584872788286316947e+00 -9.189655680672082383e+00 -8.530584818856786100e+00 -7.389107925282790923e+00 -5.942277683703853342e+00 -5.086599539701099459e+00 -2.588409989063576333e+00 -3.044757711027509473e+00 -3.113485957616390909e-01 7.698619618212669824e-01 2.485079908840670537e+00 5.599663555947013371e+00 5.599663555947013371e+00 5.599663555947013371e+00 5.599663555947013371e+00
-1.058956324492009671e+01 -1.028587914500958789e+01 -9.960692132394520115e+00 -9.592164333948593580e+00 -9.257242501497929155e+00 -8.609428391921408519e+00 -7.501380452630783680e+00 -5.909459717922494804e+00 -5.233759283017215047e+00 -3.392421902637019926e+00 -2.753973382604719689e+00 -5.058608901354068044e-01 4.186346483590617784e-01 2.440979251453274212e+00 5.462092120724732602e+00 5.462092120724732602e+00 5.462092120724732602e+00 5.462092120724732602e+00
-1.063761485234187809e+01 -1.032620248695105580e+01 -9.987533112215757569e+00 -9.621378066651841365e+00 -9.343427843169784808e+00 -8.783928343694411112e+00 -7.500667630501695271e+00 -5.809224187345200185e+00 -5.394662137644735900e+00 -3.958415219087937587e+00 -1.888032441491569902e+00 -7.647509167976422884e-01 -5.203385790745361505e-02 2.317842136299780975e+00 4.693882368328687882e+00 4.693882368328687882e+00 4.693882368328687882e+00 4.693882368328687882e+00
