-1.045112882681545230e+01 -1.034948396934253267e+01 -1.005186494019526044e+01 -9.698996152889211686e+00 -9.368284033642582997e+00 -9.002391414023284355e+00 -8.286277433010591054e+00 -7.304462951270265236e+00 -4.810404436359695168e+00 -3.096633700478850670e+00 -2.030251608525038165e+00 -2.457062827958753193e+00 4.046116310742192690e-01 1.914750633232150667e+00 4.756420948508599977e+00 4.756420948508599977e+00 4.756420948508599977e+00 4.756420948508599977e+00
-1.042771728584240698e+01 -1.013754241732740624e+01 -1.005147235632433933e+01 -9.908978988206740723e+00 -9.525008859389011207e+00 -8.944412841756996357e+00 -8.239978360876673236e+00 -7.014399467977848524e+00 -4.786597572757994357e+00 -1.956826703884864127e+00 -1.937378530927762466e+00 -5.528637095588391226e-01 -3.863949508297320756e-01 2.139559447648714308e+00 4.809709472406169084e+00 4.809709472406169084e+00 4.809709472406169084e+00 4.809709472406169084e+00
-1.041980893758036686e+01 -1.007943779218568991e+01 -9.647354869410385447e+00 -9.654399131491121722e+00 -9.659081185679980308e+00 -9.148116531760079440e+00 -8.165341900553233501e+00 -6.982447593411579057e+00 -4.246879835716380391e+00 -2.399669445536952495e+00 -3.064542228933241130e+00 1.635785889544003613e-01 -2.085354676443910149e-01 2.180926139160482613e+00 4.708098430582921878e+00 4.708098430582921878e+00 4.708098430582921878e+00 4.708098430582921878e+00
-1.022195045843043637e+01 -1.018716916169082332e+01 -9.995472049684932969e+00 -9.287581642724060060e+00 -9.194626171234146383e+00 -9.158913849874853241e+00 -8.290508724214182834e+00 -6.758003134411859847e+00 -3.104735123566490174e+00 -2.721329749658489838e+00 -1.991746540846963232e+00 3.034743884847376783e-01 2.632138782227207985e-01 2.348132468578767451e+00 4.385312742968022981e+00 4.385312742968022981e+00 4.385312742968022981e+00 4.385312742968022981e+00
-1.062641216961458213e+01 -1.030241542001471799e+01 -1.001893226818962468e+01 -9.630792166940027599e+00 -9.108549835068419753e+00 -8.689716599762185467e+00 -8.160996004005731663e+00 -6.319089296688792601e+00 -2.473073488602687497e+00 -2.741224846472415599e+00 -9.394313914850225267e-01 7.242167746379979398e-02 1.425939915099947441e+00 2.417775256316265331e+00 4.480759421303273093e+00 4.480759421303273093e+00 4.480759421303273093e+00 4.480759421303273093e+00
-1.053125799016400066e+01 -9.912850590390490879e+00 -1.025264266518081691e+01 -9.954647933632681855e+00 -9.373788999615619844e+00 -8.676707777163951363e+00 -7.915653130198045062e+00 -5.098048886780799371e+00 -2.919044625836362705e+00 -2.642228037783016958e+00 -2.482745760282783209e-01 1.481387593898724875e+00 1.200011187910817956e+00 2.181024968249769991e+00 4.409111080424113815e+00 4.409111080424113815e+00 4.409111080424113815e+00 4.409111080424113815e+00
-1.044101796615526645e+01 -1.040649424446427851e+01 -1.002127334773151013e+01 -9.637849629301417309e+00 -9.398002545754330583e+00 -8.674452482440450751e+00 -7.646716570987319272e+00 -3.519151395220173395e+00 -3.219245029884991283e+00 -1.390982955348078143e+00 -3.581555641875851514e-01 1.392133999182983306e+00 1.599149040639632702e+00 3.372403335508217026e+00 4.184842283671118324e+00 4.184842283671118324e+00 4.184842283671118324e+00 4.184842283671118324e+00
-1.061342755660542991e+01 -1.017417578019464131e+01 -1.000890595915814885e+01 -9.967885152149694505e+00 -9.305253473632379979e+00 -8.248273967554730746e+00 -6.015336273146425938e+00 -2.306147383817531704e+00 -2.636857918346831031e+00 2.534481029643437244e-01 1.467270802015945952e+00 2.128647054478510103e+00 1.842158975846420743e+00 4.344899492099629335e+00 4.904569503939752551e+00 4.904569503939752551e+00 4.904569503939752551e+00 4.904569503939752551e+00
-1.060915217414566136e+01 -1.034258546001084156e+01 -9.692940816573766938e+00 -9.136524372282844197e+00 -8.223971836020007586e+00 -7.078386489629052924e+00 -3.633735177832994268e+00 -3.380156605820271665e+00 -7.618425542436388920e-01 7.152591710462652408e-01 2.152963311640450961e+00 2.758713563633706123e+00 3.442804682154065876e+00 4.777727975419021611e+00 4.902004797598698893e+00 4.902004797598698893e+00 4.902004797598698893e+00 4.902004797598698893e+00
-1.026583034638809444e+01 -1.001888654172607751e+01 -9.609200558468359077e+00 -8.511461940990770358e+00 -7.391445545376125636e+00 -5.103602404394255387e+00 -2.645467503736233184e+00 -2.665205548387928669e+00 3.465259273145199770e-01 2.103485612083766831e+00 3.108886896323487026e+00 3.484680683007518098e+00 4.947202720808139276e+00 4.928425494789547834e+00 4.978541497869239052e+00 4.978541497869239052e+00 4.978541497869239052e+00 4.978541497869239052e+00
-1.023101909228679318e+01 -9.509245813758729682e+00 -8.791100388125556719e+00 -8.442160256822273112e+00 -6.886753070472591887e+00 -3.116420395599742932e+00 -3.406277834433540264e+00 -3.113774069983012982e-01 2.030179038547122339e+00 3.149043374956771224e+00 3.141353431821921838e+00 4.664576905275140462e+00 2.828338505459209173e+00 2.357590359352188081e+00 5.234520321901081630e+00 5.234520321901081630e+00 5.234520321901081630e+00 5.234520321901081630e+00
-9.913483931707954611e+00 -9.016678167072992522e+00 -8.153542584305773389e+00 -7.544250338031730507e+00 -4.595547095045896313e+00 -2.640252989240709169e+00 -2.147002148686608880e+00 8.590047958101235670e-01 2.962154857298521016e+00 3.195770156223997738e+00 4.514232340900941942e+00 3.732050941526193988e+00 1.002117290971545005e+00 2.513047072542440752e+00 5.022502890955271582e+00 5.022502890955271582e+00 5.022502890955271582e+00 5.022502890955271582e+00
-9.615467721285019920e+00 -8.652654636077571126e+00 -7.531341275629970688e+00 -5.948823905030920400e+00 -2.887697076683447328e+00 -3.408117093103010919e+00 9.289672615233963981e-02 3.051717697855348188e+00 3.327577385840635227e+00 4.136272604351975524e+00 4.768769331224573804e+00 -1.809089651213022232e-01 4.262209316556571093e-01 2.416252141365322181e+00 4.813710219548203995e+00 4.813710219548203995e+00 4.813710219548203995e+00 4.813710219548203995e+00
-1.012239167541291707e+01 -8.007781704548234458e+00 -6.409873414616601650e+00 -3.979985764214055699e+00 -2.907716098797309634e+00 -1.789302561357696719e+00 1.403083775993934967e+00 3.137061000832293889e+00 3.357823340530621703e+00 5.037218175737375958e+00 3.340265338823844132e+00 -1.966822524936466809e+00 3.880766917459884113e-01 2.716526008639437606e+00 4.512519697218166925e+00 4.512519697218166925e+00 4.512519697218166925e+00 4.512519697218166925e+00
-9.484970243308758597e+00 -7.480263325979704447e+00 -5.151787843247348064e+00 -2.389011804314623788e+00 -2.421292943741764070e+00 2.678733792449316531e-01 3.177722250227981604e+00 3.258144744469368970e+00 3.549577427156652476e+00 5.652317491279996275e+00 4.520169655006235132e+00 -7.459282027097705603e-01 9.063604345039245613e-01 2.678235541625051397e+00 4.838537982194245579e+00 4.838537982194245579e+00 4.838537982194245579e+00 4.838537982194245579e+00
-9.216621886370059968e+00 -6.884199544106833102e+00 -4.072297264917578374e+00 -2.586806212218609513e+00 -1.296206584870777334e+00 1.941354120708748576e+00 3.061570376282968908e+00 3.108926266484946410e+00 4.166884978517900961e+00 6.196196210660847470e+00 6.118201125423123443e+00 1.983150965751065087e+00 6.573706470918158074e-01 2.806102802351123859e+00 4.830594077426125565e+00 4.830594077426125565e+00 4.830594077426125565e+00 4.830594077426125565e+00
-8.619774167109493845e+00 -5.948717227951760833e+00 -3.163696667220933012e+00 -2.169076644381211505e+00 -7.806863378100481476e-01 3.027346921470773111e+00 3.193399378777010966e+00 3.289986140367108902e+00 4.205811478787696345e+00 5.048847886322619161e+00 4.520755748410788755e+00 4.751192132057000528e+00 3.602279088412621899e+00 3.330005473498638402e+00 4.990210913676804694e+00 4.990210913676804694e+00 4.990210913676804694e+00 4.990210913676804694e+00
-7.812984189081340958e+00 -5.634785562021867200e+00 -2.824993585209094604e+00 -1.795102628891784846e+00 2.424839048236940298e-02 2.747060153959829609e+00 3.666681868051968607e+00 3.918695498696115109e+00 4.121446525546427431e+00 3.192046590738774725e+00 3.266328754147282076e+00 3.160441950692566948e+00 4.001109177394707395e+00 5.151120153885454300e+00 4.849639756800304902e+00 4.849639756800304902e+00 4.849639756800304902e+00 4.849639756800304902e+00
-7.508589740399505885e+00 -5.775411903987565765e+00 -2.722162055052224527e+00 -1.005606146275881407e+00 9.725211593576782443e-01 3.136061179881735939e+00 3.212945502362048344e+00 3.897889618798573430e+00 3.831685541654060501e+00 1.807530730690905862e+00 1.356238084468174510e+00 1.473122256625218451e+00 2.776980132714559790e+00 4.413638748079859120e+00 4.678028473322753733e+00 4.678028473322753733e+00 4.678028473322753733e+00 4.678028473322753733e+00
-8.201378855490798259e+00 -5.724342805370261189e+00 -2.436921363435082366e+00 -8.627719150615131838e-01 1.628112813580621765e+00 3.105128434725653808e+00 3.166135472168579490e+00 4.061058249800939990e+00 3.165768122849351052e+00 1.564190076874223179e+00 -9.921752268682429987e-01 8.396018033905529032e-01 1.981537035388650114e+00 3.627142877985340075e+00 4.776632321343805110e+00 4.776632321343805110e+00 4.776632321343805110e+00 4.776632321343805110e+00
-8.060033795443612092e+00 -5.945651857781278693e+00 -3.376502349921730595e+00 -1.392956847552189181e+00 1.019367945651417751e+00 3.170346540623724341e+00 3.228776756529701863e+00 4.104369892213338922e+00 3.072938521027565706e+00 1.448237431033992273e+00 -9.872430843589322658e-01 -3.735371666706665053e-03 1.298897404316788684e+00 3.352575260790047640e+00 4.781827013726905662e+00 4.781827013726905662e+00 4.781827013726905662e+00 4.781827013726905662e+00
-8.141358669667873471e+00 -6.443064940646729966e+00 -3.408654028082240828e+00 -1.838245159083668590e+00 2.707470207161319919e-01 3.277257317260297675e+00 3.312045630401835083e+00 4.204618136669887818e+00 2.762752793213723024e+00 1.161910705572679170e+00 -2.852649242003090002e+00 -1.820276825643926344e+00 1.237201702744192833e+00 3.236389212646883173e+00 4.748064123029274164e+00 4.748064123029274164e+00 4.748064123029274164e+00 4.748064123029274164e+00
-8.003421883424007177e+00 -6.678255474708961970e+00 -3.673340268499587502e+00 -2.033615128774833192e+00 -4.648899767047143805e-01 3.204760015364453540e+00 3.292195476718522418e+00 4.077752953446743156e+00 2.364055400055696143e+00 -2.014455812531808221e-01 -2.938014812675108445e+00 -1.626586768309066677e+00 1.204824249674579573e+00 3.459130394726078084e+00 4.927982630426727795e+00 4.927982630426727795e+00 4.927982630426727795e+00 4.927982630426727795e+00
-8.067645478662987202e+00 -7.099148660624695850e+00 -4.419983902685640231e+00 -2.039277836270511735e+00 -7.291286123653143436e-01 2.397698307942891294e+00 3.248959536340365606e+00 3.846292536552635699e+00 2.128497933510972384e+00 -4.019190147730328455e+00 -2.979581880945542771e+00 -1.195274678445977345e+00 1.281850947772782412e+00 3.738005243565517333e+00 4.704539116269744525e+00 4.704539116269744525e+00 4.704539116269744525e+00 4.704539116269744525e+00
-7.838244916874462120e+00 -7.196161708729453821e+00 -5.202054221398691780e+00 -2.812492036981472765e+00 -6.443668709038330444e-01 8.188454110507926709e-01 3.228781840499639788e+00 3.061589357108537079e+00 2.145634831556011424e+00 -4.337671880552094628e+00 -2.697260417190784576e+00 -5.520011837673133304e-01 1.552336469016367237e+00 3.737142332242412213e+00 4.799502025142306394e+00 4.799502025142306394e+00 4.799502025142306394e+00 4.799502025142306394e+00
-8.400786216101373327e+00 -7.674144648878483466e+00 -6.343401299877646338e+00 -3.809938260083507444e+00 -1.611229894562723253e+00 -1.285875381589979272e+00 1.474756570085518970e+00 2.821189479894311347e+00 1.394503654090956335e+00 -3.841842992902395171e+00 -1.839930034200809583e+00 1.136575543936923838e+00 1.907498175519229955e+00 4.116858680794384995e+00 4.781299632961358625e+00 4.781299632961358625e+00 4.781299632961358625e+00 4.781299632961358625e+00
-8.859123476647912554e+00 -7.900176278493804993e+00 -6.865838728660947687e+00 -5.146714614540659483e+00 -2.936675329952102231e+00 -1.139382772943955402e+00 -1.686214177906545153e+00 1.541629129876707305e+00 2.051068380106371158e+00 -1.431964167090966189e+00 -5.636340390435450320e-01 8.104910945031756908e-02 2.163893349888470929e+00 4.349680504511132639e+00 4.725116045259560416e+00 4.725116045259560416e+00 4.725116045259560416e+00 4.725116045259560416e+00
-9.203506096801110203e+00 -8.433948882243797129e+00 -7.583999307905237686e+00 -6.071207990635165253e+00 -4.281729554762429224e+00 -2.630977793805874487e+00 -2.680156696948335249e+00 -1.723460521870666895e+00 1.439945842294000355e+00 1.568896179100382593e+00 -1.260129529604225862e+00 -3.391715681310326636e-01 1.838294177338463786e+00 4.479956828253997436e+00 4.687121519048282892e+00 4.687121519048282892e+00 4.687121519048282892e+00 4.687121519048282892e+00
-9.358890901339872670e+00 -8.592016740208364922e+00 -8.113831108114982982e+00 -7.388222357725614309e+00 -6.100159432196591069e+00 -4.259564841511357614e+00 -2.392916922368239163e+00 -2.505788688721067192e+00 -4.118630027189907894e-01 1.043487433004279374e+00 -4.793024939289458608e-01 2.583320651293159742e-02 1.579771880636843040e+00 4.115407534371032128e+00 4.764945299199721873e+00 4.764945299199721873e+00 4.764945299199721873e+00 4.764945299199721873e+00
-1.016936306116661193e+01 -9.087351483143567776e+00 -8.731894083837874021e+00 -8.300152550000756690e+00 -7.483795211304709483e+00 -6.700813970150524490e+00 -3.985939204211322640e+00 -2.943125744788511966e+00 -2.069246093892159077e+00 -8.674317595437801565e-01 7.458919514281724394e-01 1.723387379352908644e-01 -4.147258919866158022e-01 4.066863030300700288e+00 4.776553947372599751e+00 4.776553947372599751e+00 4.776553947372599751e+00 4.776553947372599751e+00
-1.043725538783755091e+01 -1.001788917988282890e+01 -9.525085050115716712e+00 -9.103754787895612210e+00 -8.668444302454791028e+00 -7.475293216068857660e+00 -5.812775208164513430e+00 -2.953786413845955749e+00 -2.863565222542739264e+00 -3.083600856486838016e+00 -2.389873623376593259e-01 5.220800154292817297e-01 -8.546809763094739276e-01 4.232763568318059555e+00 4.758351555191650206e+00 4.758351555191650206e+00 4.758351555191650206e+00 4.758351555191650206e+00
-1.048726830494112150e+01 -1.016064847848082486e+01 -9.717308765188313657e+00 -9.388202421188733382e+00 -8.968881489074567170e+00 -7.910717909378777613e+00 -6.366115254110312982e+00 -5.253290292842861753e+00 -3.463824939746845022e+00 -3.330489874004582518e+00 -2.540012869192974865e+00 3.327394893572599432e-01 -9.623659225023701858e-01 3.835416344759547513e+00 4.702167967489855549e+00 4.702167967489855549e+00 4.702167967489855549e+00 4.702167967489855549e+00
-1.048868172652950292e+01 -1.022772346651024122e+01 -9.907448331475972481e+00 -9.528401507709032714e+00 -9.170184091491837108e+00 -8.213362632554414233e+00 -6.701908680057732326e+00 -5.654437336206099118e+00 -3.730505905348591611e+00 -3.053553329479322898e+00 -2.702939693298080481e+00 4.707347099622202768e-02 -3.783398153689579990e-01 3.115576781020602759e+00 4.668405076792219610e+00 4.668405076792219610e+00 4.668405076792219610e+00 4.668405076792219610e+00
-1.048512729301117474e+01 -1.022559328699865588e+01 -9.915716859197626576e+00 -9.593414167003086135e+00 -9.181441675526340163e+00 -8.375261251444133137e+00 -6.962489100941093412e+00 -5.664233368091926124e+00 -4.819839512877849508e+00 -2.318222561924055292e+00 -2.560677783348210390e+00 -6.550303306398413961e-01 -2.705609762137349272e-01 2.706813464991914664e+00 4.696957777281264512e+00 4.696957777281264512e+00 4.696957777281264512e+00 4.696957777281264512e+00
-1.052467844031114730e+01 -1.028386715579945587e+01 -1.000751748409442499e+01 -9.665415472814100184e+00 -9.252627097242335452e+00 -8.614849887271024187e+00 -7.209850656625670595e+00 -5.782871153180356494e+00 -5.490497807765239102e+00 -2.917585198542090197e+00 -2.060368891824541304e+00 -2.245470503440812227e+00 -1.687583217658795987e-01 2.477352153108734356e+00 4.647634388066945732e+00 4.647634388066945732e+00 4.647634388066945732e+00 4.647634388066945732e+00
-1.058863699700978600e+01 -1.027761013840676085e+01 -9.967333359233402135e+00 -9.659444351602722634e+00 -9.329936436862475091e+00 -8.677266839251725372e+00 -7.362813746051352304e+00 -5.911722023480005639e+00 -5.743882083493942581e+00 -3.892889272094167463e+00 -1.774042194877446299e+00 -3.054934979473413748e+00 -2.501507791665368297e-01 2.107363936975570340e+00 4.735403477421939122e+00 4.735403477421939122e+00 4.735403477421939122e+00 4.735403477421939122e+00
-1.057360556797150863e+01 -1.024563633665674622e+01 -1.002442003770475409e+01 -9.706253943339447687e+00 -9.311195544943286606e+00 -8.775996431101297901e+00 -7.551847464144130662e+00 -5.745144755607877407e+00 -5.390498978549191911e+00 -4.051825973610775122e+00 -2.129645159208722660e+00 -1.861425237964245527e+00 -4.353751869545779973e-01 2.260849688194971119e+00 4.701640586724309401e+00 4.701640586724309401e+00 4.701640586724309401e+00 4.701640586724309401e+00
-1.058731115611371365e+01 -1.034038933774158409e+01 -9.997463305584933124e+00 -9.689756698765975784e+00 -9.356898344592440964e+00 -8.795414465163657880e+00 -7.554608681357012578e+00 -5.899904099980329164e+00 -5.328416691293543117e+00 -3.660660322654964993e+00 -5.018892341195511975e+00 -2.362678004386483899e+00 -6.279939591386609621e-01 2.163409615170725608e+00 4.645456999022510303e+00 4.645456999022510303e+00 4.645456999022510303e+00 4.645456999022510303e+00
-1.066829688087963213e+01 -1.026679253167258921e+01 -9.996109969206795398e+00 -9.718452692836859086e+00 -9.381343514843104359e+00 -8.837091157960767163e+00 -7.629638871819841128e+00 -5.939831434868780846e+00 -5.338000691400930364e+00 -3.556085140276258993e+00 -3.919449992207384881e+00 -2.351739823072294122e+00 -4.584785195263378910e-01 2.345220237148242681e+00 4.674009699511559646e+00 4.674009699511559646e+00 4.674009699511559646e+00 4.674009699511559646e+00
-1.067989313935992968e+01 -1.031560061650992211e+01 -1.002168358948476090e+01 -9.732578646007494783e+00 -9.431747323096320912e+00 -8.994986886362578815e+00 -7.648796958710684990e+00 -5.788905207238586925e+00 -5.316775002869487565e+00 -4.072989805281523878e+00 -3.573100565626674108e+00 -2.003499860432774948e+00 -7.023970103055467984e-01 2.390039495242728407e+00 4.448765153379532933e+00 4.448765153379532933e+00 4.448765153379532933e+00 4.448765153379532933e+00
