-1.049073504613520313e+01 -1.039955365752195249e+01 -9.977000265433613180e+00 -9.630843940421470961e+00 -9.332305461470809860e+00 -8.956099715983445009e+00 -8.369403518134589604e+00 -7.055527445561320832e+00 -3.502485310496750603e+00 -3.628473922560811804e+00 -2.036256663026505986e+00 -2.087733088159081096e-01 4.151673036409273543e-01 2.073803122111679276e+00 5.192932544560423302e+00 5.192932544560423302e+00 5.192932544560423302e+00 5.192932544560423302e+00
-1.045371068269309767e+01 -1.024366577503955256e+01 -1.003998153671003024e+01 -9.784145858193717515e+00 -9.418944083626968222e+00 -8.896865336867524121e+00 -8.139478550904113874e+00 -6.712400455499916596e+00 -3.081660186591174799e+00 -4.150498687702068423e+00 -1.817459985877760253e+00 1.613295359161651121e-01 1.049395412323904653e+00 1.982365698791160424e+00 5.122910939452421708e+00 5.122910939452421708e+00 5.122910939452421708e+00 5.122910939452421708e+00
-1.028181842105967547e+01 -9.937652105827318394e+00 -9.851948804363157564e+00 -9.878844145070944549e+00 -9.623391855656571181e+00 -9.038191701797384070e+00 -8.106357889417683538e+00 -6.446626618285082877e+00 -2.899021461400314692e+00 -4.144738223680198175e+00 -7.617018182848218633e-01 1.820905953927584586e-02 1.899920734952593504e+00 2.021976776717434365e+00 5.322520948185046841e+00 5.322520948185046841e+00 5.322520948185046841e+00 5.322520948185046841e+00
-1.043759396411365614e+01 -1.028072439258631476e+01 -9.724304416429498943e+00 -9.378920609198583946e+00 -9.267308380391396483e+00 -9.268170553019233537e+00 -8.114308142476385655e+00 -5.870194000203352580e+00 -2.365012421136862830e+00 -3.832615215423467170e+00 -6.690351956824047708e-01 5.691732103575929402e-01 1.436219059378490925e+00 2.123461207930009920e+00 4.851472147120523104e+00 4.851472147120523104e+00 4.851472147120523104e+00 4.851472147120523104e+00
-1.055132950177845075e+01 -1.025750138757796925e+01 -9.970353703579474924e+00 -9.571836057184098578e+00 -9.048565562389214278e+00 -8.640708243053246917e+00 -8.003082794931792421e+00 -5.004610576460166271e+00 -2.280689736935974210e+00 -3.007164238678420531e+00 -2.632249858773338946e-01 7.693779403652453164e-01 1.499541795580766834e+00 2.292960341455640094e+00 4.803759570741775065e+00 4.803759570741775065e+00 4.803759570741775065e+00 4.803759570741775065e+00
-1.032574665828614613e+01 -1.013940738540626008e+01 -1.013765937546549623e+01 -9.842818307231723907e+00 -9.310200662389156889e+00 -8.499241841909743300e+00 -7.785539427092853515e+00 -3.766138201681139996e+00 -4.298745112436668236e+00 -1.331624957007780274e+00 2.424275945968341617e-01 1.066130104996629857e+00 1.648969972596004752e+00 2.119841965937213857e+00 4.461805394606253472e+00 4.461805394606253472e+00 4.461805394606253472e+00 4.461805394606253472e+00
-1.055746564931085452e+01 -1.023714970905807320e+01 -1.004405132655364596e+01 -9.832735789913197522e+00 -9.283271322004019055e+00 -8.473364233143355406e+00 -6.731107193505721398e+00 -2.660403240929333890e+00 -4.206610355832976822e+00 -5.279555796190802397e-01 9.296955331760921037e-01 1.885129521715694922e+00 1.710274766691515236e+00 3.072760059928011600e+00 4.408859668165020729e+00 4.408859668165020729e+00 4.408859668165020729e+00 4.408859668165020729e+00
-1.040060510063814903e+01 -1.018869347115767532e+01 -1.012193082203496886e+01 -9.727731275498175734e+00 -9.200375239467412314e+00 -8.265132519750419959e+00 -4.964563849989305666e+00 -3.365127480350270872e+00 -3.224084505541182200e+00 -1.383534726875220722e-01 1.322243565129468390e+00 2.019380647391709971e+00 1.870535792276544429e+00 4.284266646140313384e+00 5.233990866132256947e+00 5.233990866132256947e+00 5.233990866132256947e+00 5.233990866132256947e+00
-1.035012644770548818e+01 -1.011707560085298852e+01 -9.476014062902077484e+00 -9.204367263705790947e+00 -8.414904460250163254e+00 -7.013559290804084689e+00 -3.418371666638226891e+00 -4.325506653320937644e+00 -2.381423209858446022e+00 4.801233392833350599e-01 2.058543616941998167e+00 2.712485197492374045e+00 3.250643367627424674e+00 4.748305476810475767e+00 5.271713324701996939e+00 5.271713324701996939e+00 5.271713324701996939e+00 5.271713324701996939e+00
-1.055259148569982131e+01 -1.016873714685403840e+01 -9.355057817240400198e+00 -8.453245309192503498e+00 -7.513328041559329762e+00 -5.499976540407395476e+00 -2.687784275994545169e+00 -4.266817950924009395e+00 -2.799728814613667849e-01 1.673009686326749401e+00 2.832328771445112636e+00 3.392764624390101957e+00 4.931914094895249789e+00 4.979957940030367070e+00 5.434882515530518710e+00 5.434882515530518710e+00 5.434882515530518710e+00 5.434882515530518710e+00
-1.020011021107491089e+01 -9.585404137420086457e+00 -9.056263970390592277e+00 -8.442304431257788622e+00 -6.912804844900232837e+00 -3.927659864438207915e+00 -3.770986944887560810e+00 -2.914697994536168402e+00 3.711498508671090546e-01 2.775640932495110125e+00 2.956278571203291516e+00 4.576015234137383203e+00 3.012957593938876855e+00 2.327247348478849176e+00 5.758461875105060912e+00 5.758461875105060912e+00 5.758461875105060912e+00 5.758461875105060912e+00
-9.887023272038193866e+00 -9.103363737787244503e+00 -8.348403123058915298e+00 -8.066590586926791318e+00 -5.522288295018192628e+00 -2.697232596733869059e+00 -3.392131183471916778e+00 -9.489095864214374121e-01 1.557390112603325605e+00 3.213291957817838274e+00 4.359474245326627084e+00 3.735750196979109816e+00 2.094223547142699093e+00 2.412451433102302367e+00 5.295483439933430070e+00 5.295483439933430070e+00 5.295483439933430070e+00 5.295483439933430070e+00
-9.477921976049781705e+00 -8.668867158892094693e+00 -7.945635496751833671e+00 -6.467672597807846202e+00 -4.113861247057903903e+00 -3.405235471219631549e+00 -3.147193845382448174e+00 2.278878048091789732e-01 3.345230705876672594e+00 3.988517310384866565e+00 4.676420365278014302e+00 2.236718585281559424e+00 4.735683188159673929e-01 2.351740834150359838e+00 5.063246646334668810e+00 5.063246646334668810e+00 5.063246646334668810e+00 5.063246646334668810e+00
-1.004920511267494554e+01 -8.051284061406262182e+00 -6.894967257209947853e+00 -5.361821294562755469e+00 -2.830091570151246572e+00 -2.515411109500150122e+00 -2.398607912607015002e+00 8.434377948662376001e-01 3.270934906093219574e+00 4.950158270269080951e+00 3.297651639146518043e+00 -2.004001272093780983e+00 3.649081368979058548e-01 2.534364557800116380e+00 5.164304107409976474e+00 5.164304107409976474e+00 5.164304107409976474e+00 5.164304107409976474e+00
-9.527617129554856845e+00 -7.712222272757550456e+00 -5.992571110476616170e+00 -4.606049422989579867e+00 -2.190283553112756465e+00 -3.049536622987274903e+00 -5.121788994286549102e-01 2.673377143461522998e+00 3.475518845591498263e+00 5.494750409197455276e+00 4.368172241382337617e+00 -8.493580783226477582e-01 9.625530875485116544e-01 2.500418852086585986e+00 5.253666583570237414e+00 5.253666583570237414e+00 5.253666583570237414e+00 5.253666583570237414e+00
-9.106033691685883724e+00 -7.061862093039710686e+00 -5.254465811852725210e+00 -3.803234847861527435e+00 -1.807261185020577532e+00 -2.413632930291815804e+00 5.463124164508321723e-01 2.945083715196695096e+00 4.070914328871282351e+00 6.136442894873356479e+00 5.912088827737250085e+00 2.046510141733357102e+00 6.688540843482411180e-01 2.757026302536560003e+00 5.337786926371892449e+00 5.337786926371892449e+00 5.337786926371892449e+00 5.337786926371892449e+00
-8.834395094439138063e+00 -6.567078818801809881e+00 -4.752734361135392049e+00 -3.239349723649653789e+00 -2.152747045005847681e+00 -1.463839704035535316e+00 2.296688804476887391e+00 3.282450523833572387e+00 4.175209721544485220e+00 5.061378116076520328e+00 4.515271125692962073e+00 4.621932660418766048e+00 3.550134508421423085e+00 3.211547491974142687e+00 5.661366285946430210e+00 5.661366285946430210e+00 5.661366285946430210e+00 5.661366285946430210e+00
-8.138104730053091984e+00 -6.379391859047981228e+00 -4.319941583958868847e+00 -2.333016385672108228e+00 -2.735936357951434417e+00 -4.553647800254349565e-01 3.511263758469297613e+00 3.843627003313049517e+00 3.956583796598885261e+00 3.242218036062238795e+00 3.212104481844068715e+00 3.123713265881218781e+00 3.893294087337127785e+00 5.112450179283936080e+00 5.281444450827365245e+00 5.281444450827365245e+00 5.281444450827365245e+00 5.281444450827365245e+00
-7.607896369040766160e+00 -6.244019348858593332e+00 -4.235369144827078713e+00 -1.873448709221910313e+00 -2.738814330590598090e+00 5.430971803281924304e-01 2.967781253124313956e+00 3.742158426141079186e+00 3.719180704726702924e+00 1.832297595320362182e+00 1.546142678648756430e+00 1.576100990114724709e+00 2.765286012576197550e+00 4.281705848512185497e+00 5.056894890117964891e+00 5.056894890117964891e+00 5.056894890117964891e+00 5.056894890117964891e+00
-8.016360081448661745e+00 -6.189831527749799278e+00 -3.794948040451446403e+00 -1.712743692055243461e+00 -2.115192786196623320e+00 7.752227679769865265e-01 3.159841337370306036e+00 3.946730204280958887e+00 3.010618067458207925e+00 1.524397414534296669e+00 8.831909191669130577e-01 1.008706166894064227e+00 1.929060619099695728e+00 3.572032635832342429e+00 5.349867126512094728e+00 5.349867126512094728e+00 5.349867126512094728e+00 5.349867126512094728e+00
-8.227352718396661047e+00 -6.410456708206525356e+00 -4.036735474948685010e+00 -2.843847434974438926e+00 -2.039020986014634218e+00 2.989148355715201544e-01 3.085167121007357238e+00 4.006568722633232049e+00 2.953818306247993242e+00 1.387775606588478983e+00 5.628068545362117092e-01 3.487775712306030451e-01 1.217667437457718549e+00 3.215223774531803969e+00 5.296987586866750419e+00 5.296987586866750419e+00 5.296987586866750419e+00 5.296987586866750419e+00
-8.203444669795173283e+00 -6.704239122308148779e+00 -3.997093482059914216e+00 -2.623978447496539523e+00 -1.990470224073479066e+00 1.276903811339567540e-01 3.280327795219962095e+00 4.005096425163782392e+00 2.723790337486520219e+00 1.106578492243580847e+00 -2.462389622918426113e+00 -1.660153578108755745e+00 1.139626069864907887e+00 3.077702337984361325e+00 5.255311612250410214e+00 5.255311612250410214e+00 5.255311612250410214e+00 5.255311612250410214e+00
-8.209202514810399975e+00 -6.971704598469285585e+00 -4.842634974007234305e+00 -2.326020014152266224e+00 -1.980165789029782797e+00 -3.180361461650587085e-01 3.400449128290510714e+00 3.914223032038651517e+00 2.256113942223828772e+00 7.777145788781409941e-01 -2.514399093868229240e+00 -1.565341456197696601e+00 1.139713225112288564e+00 3.381091732960976870e+00 5.447752021518176946e+00 5.447752021518176946e+00 5.447752021518176946e+00 5.447752021518176946e+00
-8.182935569776212503e+00 -7.305068175350784010e+00 -5.284650878707227051e+00 -2.951020503750601875e+00 -2.140153840926258155e+00 -6.997064151014777966e-01 2.206245501226230310e+00 3.623911165103232079e+00 1.979345969807612571e+00 -1.387436051613961663e+00 -2.627468922146817043e+00 -1.356646991671352387e+00 1.179959247026446834e+00 3.650256493762304988e+00 4.949485672825939986e+00 4.949485672825939986e+00 4.949485672825939986e+00 4.949485672825939986e+00
-8.073456874506884873e+00 -7.199548769912626156e+00 -5.686692704997289738e+00 -4.253783715089920037e+00 -1.992379344281603792e+00 -1.771091517574972185e+00 6.803743635421573011e-01 2.757377464763344665e+00 2.283793456742002181e+00 -3.710208961121981286e+00 -2.320380113383682108e+00 -5.040150489031354208e-01 1.458740854505560236e+00 3.689311186941140797e+00 5.446667679866845191e+00 5.446667679866845191e+00 5.446667679866845191e+00 5.446667679866845191e+00
-8.367689843393359084e+00 -7.873346690144860993e+00 -6.616389883339479638e+00 -4.913856709044496895e+00 -3.149964400169802836e+00 -2.105986963928902611e+00 -1.362904554046804773e+00 1.332649681018294174e+00 2.112659047374173316e+00 -3.159804699230195801e+00 -1.695863343920996913e-01 1.025996148224589621e+00 1.852783325103110057e+00 4.233948352742451959e+00 5.432324740055230805e+00 5.432324740055230805e+00 5.432324740055230805e+00 5.432324740055230805e+00
-8.773820531544602730e+00 -7.886630043830011871e+00 -7.008607999012431478e+00 -5.640422055310205351e+00 -4.120798764793997648e+00 -2.250160131796087537e+00 -2.571641588285425328e+00 1.762201502492925231e-01 1.452899263877807545e+00 -1.219519760733382557e-01 1.081209149823407212e-01 7.676560538003717182e-01 2.188777961102366554e+00 4.683731183787004149e+00 5.340308590163262537e+00 5.340308590163262537e+00 5.340308590163262537e+00 5.340308590163262537e+00
-9.114358899255908142e+00 -8.213270179572548457e+00 -7.395008201569134521e+00 -6.586854845462011276e+00 -5.147419239682491821e+00 -3.659548359974843734e+00 -2.460513816554874555e+00 -2.075519350625905091e+00 6.179697025950822153e-01 1.193332766018675883e+00 7.260254029721151525e-01 -3.219737615058005931e-01 1.754332270269548522e+00 4.804702651524644708e+00 5.298632615546926772e+00 5.298632615546926772e+00 5.298632615546926772e+00 5.298632615546926772e+00
-9.424913106352775571e+00 -8.519688724960452930e+00 -8.008431157053827576e+00 -7.280433853905606156e+00 -6.314257926778122254e+00 -5.043924521927369398e+00 -2.477289035170438858e+00 -2.639968237051431466e+00 -2.444694655075428935e-01 9.337885006185463466e-01 9.319921411183591520e-01 6.511848354359301982e-01 1.039288506589404415e+00 4.046006015468089245e+00 5.096142988951724462e+00 5.096142988951724462e+00 5.096142988951724462e+00 5.096142988951724462e+00
-9.914489430268789150e+00 -8.987460290002005081e+00 -8.530657736548059589e+00 -8.053789418795469501e+00 -7.350537820719631910e+00 -6.404306231096150270e+00 -4.069936881708850152e+00 -2.670729941799754759e+00 -2.086328023361715633e+00 6.689026731125656822e-01 8.029818148967883262e-01 9.593248073827185252e-01 2.069055060737233220e-01 3.928294427974357461e+00 5.511825129759763797e+00 5.511825129759763797e+00 5.511825129759763797e+00 5.511825129759763797e+00
-1.028878482933955674e+01 -9.844368775457642329e+00 -9.332768409936324616e+00 -8.839590749419233617e+00 -8.248680113320908447e+00 -7.172078007185207937e+00 -5.371525286392420995e+00 -2.879508812412266305e+00 -2.736357269817988769e+00 1.677762416676099322e-01 8.561530712827771783e-01 9.461570494318212177e-01 1.700809708398819675e-01 4.382086172200615692e+00 5.517321717968076022e+00 5.517321717968076022e+00 5.517321717968076022e+00 5.517321717968076022e+00
-1.038638182882537109e+01 -1.002690861647372955e+01 -9.559403445465555649e+00 -9.151291644034795780e+00 -8.551865115962375086e+00 -7.609260433218792308e+00 -6.349736789615405996e+00 -3.542471806949518687e+00 -2.773002037213568194e+00 -1.438149529764785717e+00 7.105002667656820092e-01 9.093590751881737155e-01 8.004035078387964353e-01 2.822357338257955206e+00 5.425305568076112195e+00 5.425305568076112195e+00 5.425305568076112195e+00 5.425305568076112195e+00
-1.049508678860994593e+01 -1.011275598345502047e+01 -9.744459764216760078e+00 -9.281135896262773244e+00 -8.813109250419355334e+00 -7.887405812877396727e+00 -6.656365107137910186e+00 -4.959937678867216704e+00 -2.240603941159232004e+00 -2.869693525239094267e+00 5.285135305005073114e-01 7.939107223080110742e-01 5.729865517633846439e-01 2.761543796451323196e+00 5.383629593459765772e+00 5.383629593459765772e+00 5.383629593459765772e+00 5.383629593459765772e+00
-1.047653173157021911e+01 -1.016142119161152024e+01 -9.801754352171721862e+00 -9.423905308477271703e+00 -8.888894867040928460e+00 -8.077438440882552584e+00 -6.940635061551640561e+00 -5.572568337344783629e+00 -3.075867404577432573e+00 -3.233853664476841416e+00 -2.338849903566722621e-01 6.681333721768675238e-01 8.096232907240635823e-01 2.670320588004146067e+00 5.049940533822464772e+00 5.049940533822464772e+00 5.049940533822464772e+00 5.049940533822464772e+00
-1.049645413305084141e+01 -1.019000565668542890e+01 -9.867852311309551538e+00 -9.491573168852266207e+00 -9.000008652402520681e+00 -8.307025635405235420e+00 -7.120711722394108989e+00 -5.742413996724359038e+00 -4.257119898823921389e+00 -3.295802503405103501e+00 -1.419009769134390142e+00 4.542958282638175360e-01 1.890960344558170469e-01 2.787810997168044480e+00 5.142647067042195985e+00 5.142647067042195985e+00 5.142647067042195985e+00 5.142647067042195985e+00
-1.053286509989004038e+01 -1.023834266465342679e+01 -9.870405863930297841e+00 -9.505133945030534548e+00 -9.088249628174159156e+00 -8.374485824946516388e+00 -7.225986461715855569e+00 -5.903067520178894689e+00 -4.690515226682684613e+00 -2.896903217789098761e+00 -2.550609642018240475e+00 1.709896451284944607e-01 5.238748963973048900e-01 2.470484541912255416e+00 5.602318695880926569e+00 5.602318695880926569e+00 5.602318695880926569e+00 5.602318695880926569e+00
-1.055094025762223708e+01 -1.021285637606995422e+01 -9.939345613847697436e+00 -9.572813715977943616e+00 -9.147525144546024833e+00 -8.549290950921413668e+00 -7.340756531985244138e+00 -5.908076255260841236e+00 -4.810987807948805539e+00 -2.859433161213293495e+00 -2.855530135914603029e+00 1.211219188640164646e-01 1.111188982429346800e-01 2.538964611081821587e+00 5.560642721264581922e+00 5.560642721264581922e+00 5.560642721264581922e+00 5.560642721264581922e+00
-1.054855482502319042e+01 -1.027969501675599062e+01 -9.926337479863983404e+00 -9.615361844395025059e+00 -9.223553201296976312e+00 -8.590287901513818269e+00 -7.386280523342785287e+00 -5.980244516362599683e+00 -5.056386266150493469e+00 -2.471316570041591554e+00 -3.065731125558758041e+00 -1.347242225256374826e-01 -3.334327391998551104e-02 2.505454590330833398e+00 5.468626571372624312e+00 5.468626571372624312e+00 5.468626571372624312e+00 5.468626571372624312e+00
-1.062213304736052777e+01 -1.031471809162529851e+01 -9.984137389003517882e+00 -9.639827036413546324e+00 -9.295735149674872133e+00 -8.650848441213891959e+00 -7.532938750038873366e+00 -5.951326879132327718e+00 -5.239272251587627771e+00 -3.491540748933268379e+00 -2.887080233677548513e+00 -4.866540576049919742e-01 -1.756346989143255932e-01 2.489391891364955534e+00 5.114911180464323692e+00 5.114911180464323692e+00 5.114911180464323692e+00 5.114911180464323692e+00
-1.063991400091940243e+01 -1.035296760233312874e+01 -1.000116337966932178e+01 -9.652710090771932983e+00 -9.372140470060882578e+00 -8.822326464956820047e+00 -7.569376178680437661e+00 -5.813516468066243448e+00 -5.402741736302273168e+00 -3.866368066709856777e+00 -2.389011829708231893e+00 -1.095749532288735839e+00 -4.422734004815417896e-01 2.317862903436710198e+00 5.021138749257382017e+00 5.021138749257382017e+00 5.021138749257382017e+00 5.021138749257382017e+00
