-1.054775549716811867e+01 -1.023175512096782391e+01 -9.969881928415283312e+00 -9.613712453817793602e+00 -9.295990471298388513e+00 -8.944981863867841554e+00 -8.206831948435496571e+00 -6.545659849252530194e+00 -3.978405024349246588e+00 -3.833909596170220535e+00 -2.489364985346672832e+00 -3.880139219565274522e-01 1.539946589581436598e+00 2.105917485645480092e+00 5.511658931348013546e+00 5.511658931348013546e+00 5.511658931348013546e+00 5.511658931348013546e+00
-1.044167534574502909e+01 -1.013822031657046630e+01 -9.994925364225064612e+00 -9.761088837722333267e+00 -9.378228946078461803e+00 -8.838116002054194453e+00 -7.952085057007939106e+00 -5.980355931749478771e+00 -4.162952603063645007e+00 -4.254840857617101513e+00 -1.721030590775458169e+00 1.121326008149124420e-01 1.715901044573557854e+00 2.073969073313262967e+00 5.403880426670712112e+00 5.403880426670712112e+00 5.403880426670712112e+00 5.403880426670712112e+00
-1.031256702268885661e+01 -9.862281174488691349e+00 -9.939927386418631272e+00 -9.870602695857385811e+00 -9.506627680944925274e+00 -8.922468419282928664e+00 -7.918443660723156086e+00 -5.657824504259754583e+00 -2.904834702886584186e+00 -3.717088495427599781e+00 -9.370171539641063418e-01 1.368237061920772601e-01 2.162438141917712109e+00 2.098103095351055103e+00 5.718880406637044445e+00 5.718880406637044445e+00 5.718880406637044445e+00 5.718880406637044445e+00
-1.041744021920094454e+01 -1.017138019374955960e+01 -9.690074737572668795e+00 -9.401120552572914235e+00 -9.377427732029056884e+00 -9.016297422878206902e+00 -7.776016544127451802e+00 -4.632362628753869949e+00 -2.837208848457908772e+00 -2.419677055717730507e+00 -6.889979170255855490e-01 4.739817817931559762e-01 2.179416390612737953e+00 2.120530097782706402e+00 5.040833196820060813e+00 5.040833196820060813e+00 5.040833196820060813e+00 5.040833196820060813e+00
-1.051859145185358457e+01 -1.020457979267623472e+01 -9.960747279857585568e+00 -9.468543201398063047e+00 -8.930440894851317424e+00 -8.584004195205267251e+00 -7.128519425443899493e+00 -4.099848594253149514e+00 -3.455562106195810834e+00 -3.437819451354002354e+00 -6.405478526343546530e-01 1.265258653452922433e+00 1.699129374772133438e+00 2.346536594726654101e+00 5.014170440678865859e+00 5.014170440678865859e+00 5.014170440678865859e+00 5.014170440678865859e+00
-1.024664812920355317e+01 -1.014399048022986705e+01 -1.016771185254475185e+01 -9.785365999400291059e+00 -9.209573152421647535e+00 -8.255531357787182500e+00 -6.634866348241088119e+00 -4.901286487217957344e+00 -3.967869756310050455e+00 -2.264214424999596798e+00 -2.876296490109376824e-01 1.365331615246875741e+00 1.601443985192498420e+00 2.139595978209679394e+00 4.630177056070057695e+00 4.630177056070057695e+00 4.630177056070057695e+00 4.630177056070057695e+00
-1.050076711627332315e+01 -1.019667184452490005e+01 -1.003836957416384301e+01 -9.693169329786439192e+00 -9.193163338197443579e+00 -8.251415468277096821e+00 -5.268299074702500917e+00 -5.136488084979743185e+00 -3.547639955931322753e+00 -1.333128971537112406e+00 8.126642606275462644e-01 1.883723107964217824e+00 1.738181426091092385e+00 2.999601662602592089e+00 4.451794952520408799e+00 4.451794952520408799e+00 4.451794952520408799e+00 4.451794952520408799e+00
-1.038418933410353340e+01 -1.022484033831612038e+01 -1.008623684137122822e+01 -9.631658515025943501e+00 -9.091986095906083420e+00 -7.937326240427764468e+00 -4.070521323610438280e+00 -4.678328575636505171e+00 -3.140846412364699525e+00 -9.214833805792914667e-01 1.242900278952855597e+00 1.977488655963015596e+00 1.905830884866239971e+00 4.277790803976426304e+00 5.451636149485284299e+00 5.451636149485284299e+00 5.451636149485284299e+00 5.451636149485284299e+00
-1.046021264945791707e+01 -9.995446068819354934e+00 -9.625857846916307636e+00 -9.519516469514151424e+00 -8.428142760496953656e+00 -6.884556089820566882e+00 -3.672990859078768100e+00 -4.851799896925610867e+00 -2.078787351467387801e+00 -3.582612232848640943e-01 1.924725920416325176e+00 2.596421690518373904e+00 3.228139692834799845e+00 4.674439965537316333e+00 5.588364977964243252e+00 5.588364977964243252e+00 5.588364977964243252e+00 5.588364977964243252e+00
-1.058655668729732646e+01 -1.011281649906408653e+01 -9.277511486403462015e+00 -8.433406646111162530e+00 -7.560503522546729194e+00 -5.532489215822938178e+00 -2.582664347032938679e+00 -3.967961542392598240e+00 -9.577968660129700940e-01 6.363567084645394001e-01 2.702495471993786591e+00 3.338819774127003370e+00 4.880812711126452541e+00 4.927521420487403603e+00 5.663975711052532169e+00 5.663975711052532169e+00 5.663975711052532169e+00 5.663975711052532169e+00
-1.028632006782987851e+01 -9.691733141989239186e+00 -8.952089189562766336e+00 -8.469426895350029127e+00 -6.776242146304828573e+00 -4.293563457359137914e+00 -3.760699652291219497e+00 -2.384270548809780177e+00 -1.044572218359600124e-01 2.037840500054444171e+00 2.819410939020933426e+00 4.515507440110457793e+00 3.063566892957497068e+00 2.204168222050711279e+00 5.698192553554719098e+00 5.698192553554719098e+00 5.698192553554719098e+00 5.698192553554719098e+00
-9.933833863844810708e+00 -9.168449848218807929e+00 -8.561379490978016094e+00 -7.794089437901211781e+00 -5.960521107781564965e+00 -3.073160337400173248e+00 -3.758701183534809420e+00 -2.294490867713204540e+00 4.871925865355306029e-01 3.122769327628579727e+00 4.395197734477134688e+00 3.719838625465625270e+00 2.031133848485297211e+00 2.471192196784483208e+00 5.782931454529872894e+00 5.782931454529872894e+00 5.782931454529872894e+00 5.782931454529872894e+00
-9.548158565081203975e+00 -8.810470469048183872e+00 -7.926803826796303021e+00 -6.744891037527471767e+00 -4.973562966811850394e+00 -2.369768894838223616e+00 -4.009088288108298315e+00 -6.841479789054698557e-01 1.599511089120210450e+00 3.874392959417457760e+00 4.504939917142366745e+00 2.060860024774673338e+00 1.156974920622209080e+00 2.374528315299576864e+00 5.584677509868397394e+00 5.584677509868397394e+00 5.584677509868397394e+00 5.584677509868397394e+00
-9.903225643521789578e+00 -8.175433305994781463e+00 -7.226762686013294967e+00 -5.766590936820081836e+00 -3.779688197251536153e+00 -2.037407264115658645e+00 -3.015459070872872793e+00 1.395754125236584875e-01 3.198262638279613768e+00 4.858820991700659064e+00 3.238765270773543037e+00 -1.951161526063814211e+00 4.053379797697351794e-01 2.454333069353266339e+00 5.522193499693841545e+00 5.522193499693841545e+00 5.522193499693841545e+00 5.522193499693841545e+00
-9.726176871948613467e+00 -7.757600081503307266e+00 -6.329875923816540961e+00 -4.841540638458923240e+00 -2.716513461061848211e+00 -2.031532534611154794e+00 -2.182901034314858713e+00 1.083239315739090491e+00 3.332378798436215206e+00 5.437109055282746795e+00 4.332676154315509010e+00 -1.049739007155616521e+00 9.909708346076017138e-01 2.425862316901112870e+00 5.530974052891250992e+00 5.530974052891250992e+00 5.530974052891250992e+00 5.530974052891250992e+00
-9.031215761638115680e+00 -7.308161117176112498e+00 -5.700714986128021522e+00 -3.863346087508504834e+00 -3.281801092695645572e+00 -2.251275594832524263e+00 -1.526402619565247143e+00 2.601593673885160385e+00 3.965752619755714470e+00 5.994842032266413767e+00 5.847512999714131077e+00 1.952739243742055875e+00 7.235757741301853674e-01 2.643008485713503664e+00 5.506708426139528711e+00 5.506708426139528711e+00 5.506708426139528711e+00 5.506708426139528711e+00
-8.860375516882225355e+00 -6.850603499877352398e+00 -5.113045240887535314e+00 -3.146692710607579713e+00 -3.412913558814741233e+00 -2.804160889542771429e+00 -5.400709529063918435e-01 3.284791401473934336e+00 4.124638596801975865e+00 4.996043115341255891e+00 4.514453296492378698e+00 4.521771831699215483e+00 3.512180050047565061e+00 3.158085177944912836e+00 5.518857008805210462e+00 5.518857008805210462e+00 5.518857008805210462e+00 5.518857008805210462e+00
-8.260787212385874767e+00 -6.601630273629586654e+00 -4.958738798243832235e+00 -2.894846375427461815e+00 -2.540092650014917908e+00 -3.140321559068984580e+00 7.928804347704437872e-02 3.808540195160896147e+00 3.877311534471929555e+00 3.157619363458268325e+00 3.202889231211863752e+00 3.104643092296342832e+00 3.868816073857964000e+00 5.038915827447137730e+00 5.613012659504548196e+00 5.613012659504548196e+00 5.613012659504548196e+00 5.613012659504548196e+00
-7.749569856308744065e+00 -6.599658950246411138e+00 -4.758438627297447709e+00 -2.858528348140835895e+00 -1.755819945717389974e+00 -2.005660335824702045e+00 9.067634740004862914e-01 3.704923907820534268e+00 3.642443236084647040e+00 1.791131428420517757e+00 1.631777522975458972e+00 1.677705581000065616e+00 2.693649670180676026e+00 4.252362674071098247e+00 5.384110761139815793e+00 5.384110761139815793e+00 5.384110761139815793e+00 5.384110761139815793e+00
-7.836706647012716687e+00 -6.414169480375607080e+00 -4.841867136919663750e+00 -2.848331288047120324e+00 -1.285613712453134605e+00 -4.523050409729270083e-01 2.380460300552789121e+00 3.887176097408078679e+00 3.010788951768283539e+00 1.594234209781260958e+00 1.182213809811861971e+00 1.218990019130161695e+00 1.925957701529001032e+00 3.612115369451975866e+00 5.437788900235426937e+00 5.437788900235426937e+00 5.437788900235426937e+00 5.437788900235426937e+00
-8.254170733131363846e+00 -6.449061822078594020e+00 -4.734373174132390005e+00 -2.731944104953779373e+00 -1.430398783590185907e+00 -2.574928780837801301e-01 3.143803375809927303e+00 3.919056451557101362e+00 2.890313487162721628e+00 1.508836698137751897e+00 9.186918366579395201e-01 7.100082587308285120e-01 1.278877041651615087e+00 3.215541539610525579e+00 5.416265127303164562e+00 5.416265127303164562e+00 5.416265127303164562e+00 5.416265127303164562e+00
-8.179363716765699621e+00 -6.933728172342433993e+00 -4.783077957844000139e+00 -2.657544190525782390e+00 -1.851268434296475807e+00 -9.099017811497213115e-01 1.683358125637175684e+00 3.963270067566083910e+00 2.669896861062248661e+00 1.356190701556808653e+00 -1.391380520094035234e+00 -1.579933346453518794e+00 1.176423764742838163e+00 3.057388519657309622e+00 5.391999500551438729e+00 5.391999500551438729e+00 5.391999500551438729e+00 5.391999500551438729e+00
-8.236029907180808962e+00 -7.013735532400442452e+00 -5.282333050741638836e+00 -2.983045453019901316e+00 -2.379138309267462947e+00 -1.426855484362019144e+00 2.815212669893364938e-01 3.797396893853336231e+00 2.242216426823961051e+00 1.109947368862906680e+00 -2.351532839329115276e+00 -1.481084862046253559e+00 1.151806839217974332e+00 3.392499565189234900e+00 5.408295428632148294e+00 5.408295428632148294e+00 5.408295428632148294e+00 5.408295428632148294e+00
-8.164445924224553508e+00 -7.369383054345582273e+00 -5.567022418041107201e+00 -3.810786667034828046e+00 -2.092625592929408196e+00 -1.471706135081034317e+00 -1.258082737414373042e+00 3.475892667296453631e+00 2.097431463690761611e+00 7.412243816586527867e-01 -2.478083470903034158e+00 -1.125809546412202433e+00 1.201056071508031398e+00 3.638068817443653291e+00 5.420995685686365917e+00 5.420995685686365917e+00 5.420995685686365917e+00 5.420995685686365917e+00
-8.196946825098875067e+00 -7.289542037123165841e+00 -6.055576548873082388e+00 -4.650719778307958130e+00 -2.954538223487103377e+00 -1.539382547349059660e+00 -1.706989169959823860e+00 1.202949029751045895e+00 2.411632506553066602e+00 -3.362367101286959592e+00 -2.257629197667460286e+00 -6.005947504812717552e-01 1.459277234315647709e+00 3.731778726770492050e+00 5.367584349761617801e+00 5.367584349761617801e+00 5.367584349761617801e+00 5.367584349761617801e+00
-8.315606311883183110e+00 -7.744127565779796107e+00 -6.364887737162230330e+00 -5.201529123410832511e+00 -3.957083624394750032e+00 -2.042718099840818091e+00 -2.346604881133025344e+00 6.072477393526859446e-02 2.250017016431443473e+00 -2.833137054917627573e+00 2.334392807029380679e-01 1.046710573587936066e+00 1.804524123750864018e+00 4.193123296815343792e+00 5.341198312854649188e+00 5.341198312854649188e+00 5.341198312854649188e+00 5.341198312854649188e+00
-8.762705185213919279e+00 -7.869187088221179849e+00 -6.828488582381691430e+00 -5.785039754712186344e+00 -4.652123262743758758e+00 -3.101430144727177485e+00 -2.321610429082076266e+00 -1.958239074652526446e+00 1.372583631268295745e+00 1.185247209497846343e+00 2.430476976206158435e-01 8.876192696666393989e-01 2.125885414559202324e+00 4.769414730778799516e+00 5.301556201715069250e+00 5.301556201715069250e+00 5.301556201715069250e+00 5.301556201715069250e+00
-9.124091297884168839e+00 -8.209868873779905485e+00 -7.319353891931404732e+00 -6.377908840369120647e+00 -5.399466168444064351e+00 -4.273556707126662246e+00 -2.160148573155216578e+00 -2.692186086494292141e+00 1.775176319150803539e-01 1.561142177947786980e+00 1.036114590101152810e+00 4.117938192542957565e-01 1.707749610127614837e+00 4.895833150405310974e+00 5.277290574963342529e+00 5.277290574963342529e+00 5.277290574963342529e+00 5.277290574963342529e+00
-9.417781487526927009e+00 -8.524834649906164685e+00 -7.841410058650781778e+00 -7.184308905578253857e+00 -6.377745096223550902e+00 -5.194068660529772785e+00 -2.674713102458992964e+00 -2.758912211657370328e+00 -1.654364608677418857e+00 1.432345778946413795e+00 1.292947437024695834e+00 9.111843657399332219e-01 9.929615821378479090e-01 4.067526211962855243e+00 5.251701106577505662e+00 5.251701106577505662e+00 5.251701106577505662e+00 5.251701106577505662e+00
-9.783352790212969552e+00 -8.953546403650801011e+00 -8.425673862128835623e+00 -7.947325765245210505e+00 -7.298991063134191215e+00 -6.381940870485387052e+00 -3.992046733616397169e+00 -2.550010801277089456e+00 -2.390478621192385411e+00 6.827961411196213914e-01 1.331563974719482513e+00 1.135775227520685160e+00 1.795277497260665545e-01 3.903127047733699673e+00 5.181232592132642978e+00 5.181232592132642978e+00 5.181232592132642978e+00 5.181232592132642978e+00
-1.018690419114660983e+01 -9.748509015492093255e+00 -9.241816235247782174e+00 -8.679766175264232331e+00 -8.102102046141906655e+00 -7.096033189247920703e+00 -5.045856012141623381e+00 -2.326446340167812377e+00 -3.234394953408120443e+00 2.603161614517196520e-01 1.290087715789288936e+00 1.205793216388462152e+00 6.042211841230910041e-01 4.536270827685994433e+00 5.250096690518631704e+00 5.250096690518631704e+00 5.250096690518631704e+00 5.250096690518631704e+00
-1.037002393010850554e+01 -9.979141750501369756e+00 -9.478363498784835528e+00 -9.047665021800758822e+00 -8.462015761644090972e+00 -7.474603211250451906e+00 -6.124652057784064851e+00 -2.743699279732429552e+00 -3.286500539558638856e+00 -1.363207572428438485e+00 1.235463700922796892e+00 1.234716359670458896e+00 8.806820617711219601e-01 2.929097312623200722e+00 5.211112902878697106e+00 5.211112902878697106e+00 5.211112902878697106e+00 5.211112902878697106e+00
-1.045421093088514652e+01 -1.010497513777286827e+01 -9.689913110846514854e+00 -9.250460426397825842e+00 -8.698449343861197391e+00 -7.816723575120039236e+00 -6.573450799986513715e+00 -3.709692771189113447e+00 -2.913800307025371961e+00 -2.841341164183619927e+00 9.186519011655827072e-01 1.253600398282709971e+00 9.345039424110849202e-01 2.221086141444021944e+00 5.186847276126978379e+00 5.186847276126978379e+00 5.186847276126978379e+00 5.186847276126978379e+00
-1.046694672707011264e+01 -1.012841781807178876e+01 -9.771785244878330445e+00 -9.365845727433672607e+00 -8.790415197478287368e+00 -7.986891734489880434e+00 -6.824469999130110764e+00 -4.979413058997486985e+00 -2.560392803207774293e+00 -3.538881342677969499e+00 4.032467039949630960e-01 1.177819761771146112e+00 9.517130621125760026e-01 2.352207278999969287e+00 5.162581649375251658e+00 5.162581649375251658e+00 5.162581649375251658e+00 5.162581649375251658e+00
-1.047302858570718698e+01 -1.016760077928128680e+01 -9.874105658784007034e+00 -9.454744180764059536e+00 -8.929288826658577705e+00 -8.209087684285668374e+00 -7.091038354267474197e+00 -5.316431607719703578e+00 -2.649966449537279445e+00 -3.656667486307979331e+00 -2.482584984545621598e-02 1.078386439368997252e+00 8.544193686788679187e-01 2.697506515728421483e+00 5.090789293296271723e+00 5.090789293296271723e+00 5.090789293296271723e+00 5.090789293296271723e+00
-1.051247469066131046e+01 -1.016572078082710107e+01 -9.862553467261694351e+00 -9.503036363424637756e+00 -9.034713497434571750e+00 -8.273787245420731296e+00 -7.182501707638841992e+00 -5.822037190767011872e+00 -3.292318542624155242e+00 -4.082559434173347768e+00 -1.403649225290892755e+00 1.002078492747842553e+00 9.714734062689067695e-01 2.230954999629732427e+00 5.136591905932457180e+00 5.136591905932457180e+00 5.136591905932457180e+00 5.136591905932457180e+00
-1.050771138214237865e+01 -1.019651176648217827e+01 -9.874716753173565564e+00 -9.543286226964031727e+00 -9.084572133245508496e+00 -8.461449439489983959e+00 -7.368605384097104860e+00 -5.952038163369841151e+00 -3.267473075205598931e+00 -3.090443113154430321e+00 -2.893302133761514128e+00 7.204965221540181597e-01 9.590388516792297535e-01 2.380347922534200578e+00 5.121993445676450207e+00 5.121993445676450207e+00 5.121993445676450207e+00 5.121993445676450207e+00
-1.054466866610618681e+01 -1.023152058427532651e+01 -9.908667027950198047e+00 -9.570317846473678003e+00 -9.163843781592234450e+00 -8.477908246143728732e+00 -7.441906323427360803e+00 -6.047653884006525260e+00 -3.873100741186225271e+00 -3.441061649543248446e+00 -3.463726247154705895e+00 3.003545098181927830e-01 8.480617890089052757e-01 2.388366055050630266e+00 5.096403977290618670e+00 5.096403977290618670e+00 5.096403977290618670e+00 5.096403977290618670e+00
-1.057341008577164487e+01 -1.026853891873403235e+01 -9.985399641218100086e+00 -9.603487744517225977e+00 -9.237939759479520063e+00 -8.538420556207961809e+00 -7.545319361473914910e+00 -6.022640495694407292e+00 -4.390373992772031997e+00 -3.396484049963193641e+00 -3.593706968648859412e+00 -3.931920016721393574e-03 6.568626084920485830e-01 2.445213793629552157e+00 5.072138350538885732e+00 5.072138350538885732e+00 5.072138350538885732e+00 5.072138350538885732e+00
-1.060307341548604754e+01 -1.029892742458300248e+01 -9.988881579544059974e+00 -9.642736382204057932e+00 -9.321330649366782239e+00 -8.726086720146820852e+00 -7.582049919143117656e+00 -6.056338159689234502e+00 -4.976351450135267918e+00 -3.274397521334572403e+00 -3.874799592876900345e+00 -2.878551565016418956e-01 5.067990986272850051e-01 2.569898016582174538e+00 4.959121109386142479e+00 4.959121109386142479e+00 4.959121109386142479e+00 4.959121109386142479e+00
