-1.049300320278583065e+01 -1.030152071772261202e+01 -9.949145198536776036e+00 -9.616678632317062991e+00 -9.330029044950336470e+00 -8.974709760048385832e+00 -8.378024404883054999e+00 -7.074991873125556552e+00 -3.600240937889922499e+00 -3.745072695683904662e+00 -1.928585491163166132e+00 -4.674450509414009858e-01 1.495188939212390489e+00 2.045416815368704011e+00 5.374012470120844043e+00 5.374012470120844043e+00 5.374012470120844043e+00 5.374012470120844043e+00
-1.044189203650583231e+01 -1.023878901248290241e+01 -1.000484096196926664e+01 -9.758806008647805896e+00 -9.400278022222053664e+00 -8.887658552700967718e+00 -8.097619109658049652e+00 -6.623899065296809496e+00 -3.363141639869650756e+00 -4.333397238576930377e+00 -1.707658114044239284e+00 -7.329887422235403793e-01 1.215583394354501134e+00 1.910545433977810070e+00 5.330613495236005583e+00 5.330613495236005583e+00 5.330613495236005583e+00 5.330613495236005583e+00
-1.015230941904379591e+01 -9.919402030238702039e+00 -9.887526429655340010e+00 -9.816697805764555085e+00 -9.564273978976117974e+00 -9.023596792416748613e+00 -8.094920963611755838e+00 -6.360651093455125249e+00 -2.957864927724688453e+00 -4.439897135308989107e+00 -7.061577745319548294e-01 -6.132835684563988643e-01 1.680696183000655708e+00 2.009258755063445090e+00 4.945136983228422878e+00 4.945136983228422878e+00 4.945136983228422878e+00 4.945136983228422878e+00
-1.043822458095805494e+01 -1.022265671448201019e+01 -9.705147095373259702e+00 -9.352571267241417630e+00 -9.313808570327450909e+00 -9.095924821533216686e+00 -8.092412722415289750e+00 -5.814952702771767790e+00 -2.390597176372367461e+00 -3.933938855910983357e+00 -1.727200300649279763e-01 -1.823777556129405064e-01 1.517111089683426561e+00 2.138613523933864613e+00 4.991618039958196640e+00 4.991618039958196640e+00 4.991618039958196640e+00 4.991618039958196640e+00
-1.050757150742981949e+01 -1.022464139819037143e+01 -9.937193562279059478e+00 -9.538361364938387155e+00 -8.958725951859749514e+00 -8.612786673655930869e+00 -7.913132920341631404e+00 -4.715621794920859422e+00 -2.738560854513615084e+00 -3.090232370734022016e+00 7.509656277865577739e-03 1.488903372760903343e+00 1.475878353550766242e+00 2.336388567231319602e+00 4.816368909044600244e+00 4.816368909044600244e+00 4.816368909044600244e+00 4.816368909044600244e+00
-1.030381005926854598e+01 -1.020205946905447902e+01 -1.015764973454794351e+01 -9.837529960326406808e+00 -9.286744609513231552e+00 -8.450850659829887590e+00 -7.725100439138424591e+00 -3.342595760889294887e+00 -4.026736297273151521e+00 -1.515166870529319976e+00 1.379474832821116770e-01 1.500324047297511010e+00 1.609248164247139457e+00 2.100726256392017266e+00 4.507161224223121820e+00 4.507161224223121820e+00 4.507161224223121820e+00 4.507161224223121820e+00
-1.051682821835479231e+01 -1.022764165168898032e+01 -1.007728449614567801e+01 -9.760706368163674540e+00 -9.259969891110671369e+00 -8.437705078290729688e+00 -6.675972303981232869e+00 -2.855754722983296467e+00 -4.157385103680077520e+00 -6.572860836904058646e-01 7.944552458422554642e-01 1.857265482986505845e+00 1.668623257268700977e+00 3.094001384606815730e+00 4.374689300802071301e+00 4.374689300802071301e+00 4.374689300802071301e+00 4.374689300802071301e+00
-1.035091902968044231e+01 -1.013883802408455459e+01 -1.007971884846912047e+01 -9.678304013983760612e+00 -9.167504881487607449e+00 -8.216681235350327128e+00 -4.943461293443476734e+00 -3.520837352612535387e+00 -3.321234550959074383e+00 -1.968152081276582643e-01 1.829412796570687672e+00 1.972657239325595668e+00 1.861916923574820304e+00 4.267567857347184912e+00 5.180384859256512264e+00 5.180384859256512264e+00 5.180384859256512264e+00 5.180384859256512264e+00
-1.036050788913432541e+01 -9.985098074034551630e+00 -9.545594990456303108e+00 -9.286931903220194684e+00 -8.413066999601499063e+00 -7.044921504673152590e+00 -3.635289269651964084e+00 -4.411198262680859017e+00 -2.333054402331486532e+00 2.491761378277896621e-01 2.053732427243364800e+00 2.687347438413715484e+00 3.254107371263204485e+00 4.702884955657381738e+00 4.890168922460870427e+00 4.890168922460870427e+00 4.890168922460870427e+00 4.890168922460870427e+00
-1.056018297963627717e+01 -1.011140813617976164e+01 -9.320932632251468064e+00 -8.428873401657567044e+00 -7.421515762784564707e+00 -5.728476184122834880e+00 -2.398783607984467992e+00 -4.189747616001842090e+00 -5.384123048224989105e-01 1.725313707352300829e+00 2.742398622221848381e+00 3.375576755787715211e+00 4.861758469821687356e+00 4.957742554864950968e+00 5.312770559646371460e+00 5.312770559646371460e+00 5.312770559646371460e+00 5.312770559646371460e+00
-1.021020851669792506e+01 -9.619838719958107021e+00 -9.023605181304567679e+00 -8.373038413321209461e+00 -6.802139031133439318e+00 -4.172429215211329812e+00 -3.536155211884747906e+00 -2.695224349842283651e+00 2.569516271416810160e-01 2.702175568340108303e+00 2.953430513646021272e+00 4.533309073883115659e+00 3.057994648897698120e+00 2.284739597072920958e+00 5.269018556045664603e+00 5.269018556045664603e+00 5.269018556045664603e+00 5.269018556045664603e+00
-9.894703910799780289e+00 -9.110900048080393887e+00 -8.358997025905278377e+00 -8.026810680811022891e+00 -5.547970176751158888e+00 -2.723281205932502225e+00 -3.385722056047455908e+00 -1.354321473512386298e+00 1.297441237580807094e+00 3.181335436874239253e+00 4.329659373874004125e+00 3.731688881064880281e+00 2.065424353032805360e+00 2.481302184149076329e+00 5.267397550817641161e+00 5.267397550817641161e+00 5.267397550817641161e+00 5.267397550817641161e+00
-9.523500685372885854e+00 -8.698227700012100883e+00 -7.882403180772986850e+00 -6.557841032106463075e+00 -4.664157025609992679e+00 -3.064942020529331845e+00 -3.449268792626392965e+00 -1.299969311891051582e-01 3.138989071926086005e+00 3.975130615124983002e+00 4.617838379386105530e+00 2.102689193358916242e+00 4.829596636457975101e-01 2.388097264446328083e+00 5.336508015061609989e+00 5.336508015061609989e+00 5.336508015061609989e+00 5.336508015061609989e+00
-1.000268407899039147e+01 -8.081181990726019393e+00 -6.946617042724311020e+00 -5.348302256152348555e+00 -3.229507311290872984e+00 -2.261408945952303906e+00 -2.842179171352964495e+00 3.017449892480953966e-01 3.246786040035758436e+00 4.909001142073621260e+00 3.321692142179525575e+00 -1.969068856252655042e+00 3.709740249080811791e-01 2.505723689555415579e+00 4.936212488796699382e+00 4.936212488796699382e+00 4.936212488796699382e+00 4.936212488796699382e+00
-9.566592070464785991e+00 -7.629768184038834278e+00 -6.066362725027400593e+00 -4.838624903624822338e+00 -2.342262358811676215e+00 -3.149449653944722982e+00 -7.910661790981226016e-01 2.469897131840379956e+00 3.434109350517029036e+00 5.406664081435821778e+00 4.359904577192438957e+00 -9.434815466729854494e-01 9.909000125944840143e-01 2.492518320437098645e+00 5.451672552235039326e+00 5.451672552235039326e+00 5.451672552235039326e+00 5.451672552235039326e+00
-9.050828188495852800e+00 -7.069807474643981848e+00 -5.398320472793746383e+00 -4.040698998242749695e+00 -1.850950896458664952e+00 -2.552031512838124794e+00 4.566379054354447464e-01 2.935589027418695984e+00 3.994886164054315181e+00 6.096197383443478834e+00 5.883721206922575497e+00 1.892125597192333197e+00 6.753449639800245263e-01 2.663338108966001982e+00 5.316861935917553517e+00 5.316861935917553517e+00 5.316861935917553517e+00 5.316861935917553517e+00
-8.782133691819568710e+00 -6.562788869894440325e+00 -4.772991760940705319e+00 -3.313227485809897566e+00 -2.378455099566791908e+00 -2.242873378337747248e+00 1.830289644485260325e+00 3.333436726708888020e+00 4.182920146056885002e+00 5.106419482086884898e+00 4.552024450501683361e+00 4.602230442135446964e+00 3.446752895985466303e+00 3.173506386549314939e+00 5.161583171037849027e+00 5.161583171037849027e+00 5.161583171037849027e+00 5.161583171037849027e+00
-8.108205649746016874e+00 -6.385040982216250605e+00 -4.533854677790872145e+00 -2.485966708950399617e+00 -2.466250370961582394e+00 -1.714970622629448771e+00 3.225763672947004057e+00 3.852611807934783084e+00 3.976674101113074400e+00 3.218762072704130617e+00 3.211216172838013083e+00 3.144145528017282754e+00 3.872857073229872604e+00 5.077765906675067775e+00 5.184800691495234481e+00 5.184800691495234481e+00 5.184800691495234481e+00 5.184800691495234481e+00
-7.610117379682876049e+00 -6.258258012563686634e+00 -4.238727970035295556e+00 -2.223936574199819827e+00 -2.474817776478110076e+00 -7.263062163289828455e-01 2.768880593184482208e+00 3.776426191910676078e+00 3.715011693233147838e+00 1.759651980411171879e+00 1.545745215211553170e+00 1.588203738907548734e+00 2.730861045511812968e+00 4.274828383308409308e+00 4.953312175800602901e+00 4.953312175800602901e+00 4.953312175800602901e+00 4.953312175800602901e+00
-7.801750346206904219e+00 -6.084300469502026409e+00 -4.093843289748691383e+00 -1.719996454892649851e+00 -2.544591978789809694e+00 -7.969896480546849460e-03 3.115000947485115912e+00 3.988249520556471861e+00 3.071358941834442469e+00 1.589906968870210324e+00 1.044657697933741858e+00 1.101503610622878604e+00 1.987031783871443746e+00 3.599778864943247836e+00 4.978785690875666248e+00 4.978785690875666248e+00 4.978785690875666248e+00 4.978785690875666248e+00
-8.242616320314780864e+00 -6.433262064383430179e+00 -4.219643353081605319e+00 -2.584005041148443205e+00 -1.718068086326119737e+00 -1.014276586485524767e+00 3.150998552246699891e+00 4.035389412797620423e+00 2.987576677618612120e+00 1.472817449605157147e+00 8.076685656384174905e-01 5.143102958419986104e-01 1.263773252029950278e+00 3.272597664413766871e+00 5.467207991538641565e+00 5.467207991538641565e+00 5.467207991538641565e+00 5.467207991538641565e+00
-8.131559010440529534e+00 -6.746715060882576331e+00 -4.227798174705324818e+00 -2.171723900286036457e+00 -2.131580988493045226e+00 -1.142686098474427814e+00 3.144058403427495207e+00 4.052850344588439846e+00 2.733319754676299507e+00 1.226675114909679509e+00 -1.711580759102888205e+00 -1.578390789964718710e+00 1.168406171899490920e+00 3.100901174395330528e+00 5.321646319624509403e+00 5.321646319624509403e+00 5.321646319624509403e+00 5.321646319624509403e+00
-8.190328830693545115e+00 -6.937852919708717536e+00 -4.764295705465054986e+00 -2.428242058395079006e+00 -1.710434683853198745e+00 -1.806316441640313686e+00 3.088694288317916925e+00 3.848827993990787899e+00 2.324669254350511416e+00 9.311538181364076294e-01 -2.414782127454630611e+00 -1.583215943821681293e+00 1.164739950311780348e+00 3.426590564469488065e+00 5.018551048762243560e+00 5.018551048762243560e+00 5.018551048762243560e+00 5.018551048762243560e+00
-8.150672576797404645e+00 -7.249589335936390100e+00 -5.297442355396094094e+00 -3.427931139092749824e+00 -1.746379880560070763e+00 -1.845374635465281798e+00 1.083955917454604734e+00 3.621018607092081343e+00 2.159345082359708012e+00 6.797373404037924949e-02 -2.566195944127866113e+00 -1.166344022310578321e+00 1.217309995326293137e+00 3.703724729879809718e+00 5.076907852654304776e+00 5.076907852654304776e+00 5.076907852654304776e+00 5.076907852654304776e+00
-8.061841443423038100e+00 -7.161589555039062027e+00 -5.785672106788330993e+00 -4.158009276579358371e+00 -2.204555567523430071e+00 -1.664738342245240865e+00 -1.195124582957366677e+00 2.656021879339566460e+00 2.358251853453037228e+00 -3.650069309472287582e+00 -2.269033044030549284e+00 -5.163697859632493392e-01 1.468044473879382084e+00 3.731063930990390798e+00 4.957943220131365791e+00 4.957943220131365791e+00 4.957943220131365791e+00 4.957943220131365791e+00
-8.281775394433397608e+00 -7.806198006881045259e+00 -6.424722750483542910e+00 -4.911775671257359477e+00 -3.614962752530008316e+00 -1.714431428633503174e+00 -2.028562667954403320e+00 1.638243628061089696e+00 2.147078031266555609e+00 -3.001880145673700984e+00 1.532027556429074455e-01 1.035856325574274317e+00 1.852651145012137679e+00 4.187921341804038633e+00 5.561070966466962417e+00 5.561070966466962417e+00 5.561070966466962417e+00 5.561070966466962417e+00
-8.753417077294159299e+00 -7.814334123890873229e+00 -6.922521230688725602e+00 -5.689069308040275885e+00 -4.352886429853692896e+00 -2.446403145648948119e+00 -2.096436525251189398e+00 -6.647738215255177829e-01 1.611504197789062731e+00 8.165882524905819506e-03 1.828583967570388547e-01 7.846824141120357643e-01 2.163021134455432204e+00 4.768051589560765358e+00 5.466866482909546576e+00 5.466866482909546576e+00 5.466866482909546576e+00 5.466866482909546576e+00
-9.095375950161670886e+00 -8.180052190756182284e+00 -7.421650011638367239e+00 -6.315043180368706821e+00 -5.298405099446156896e+00 -3.974019776564198025e+00 -1.810263889930405101e+00 -2.387152849539155408e+00 1.015607023116903651e+00 1.253521710596775751e+00 7.724566980756698564e-01 -4.006108912151815638e-01 1.701035617992907589e+00 4.895831019060739031e+00 5.311655091570248288e+00 5.311655091570248288e+00 5.311655091570248288e+00 5.311655091570248288e+00
-9.378831924849238888e+00 -8.491935143920622764e+00 -7.923794941113813550e+00 -7.178462093802024491e+00 -6.296936266822155126e+00 -5.054798679069094192e+00 -2.765256819857812243e+00 -2.480288069992164779e+00 5.898652276422901297e-02 1.517963241397624952e+00 9.583007922863826522e-01 7.349719841014356048e-01 9.239067853086874171e-01 4.078693481460994974e+00 5.106573824819152563e+00 5.106573824819152563e+00 5.106573824819152563e+00 5.106573824819152563e+00
-9.837415894932165727e+00 -8.980619812332340857e+00 -8.474725840315599612e+00 -7.978142174246915630e+00 -7.302834288029492527e+00 -6.352888270151990646e+00 -4.051674858103658572e+00 -1.921852400783285786e+00 -2.214700313783417585e+00 9.380921404043803813e-01 1.042346352692709699e+00 9.421401555039281561e-01 5.131386240146841304e-01 3.908232713324375052e+00 4.923062009152324947e+00 4.923062009152324947e+00 4.923062009152324947e+00 4.923062009152324947e+00
-1.019293522802345642e+01 -9.754146590722925225e+00 -9.279412124192919720e+00 -8.727303658383927853e+00 -8.187797346918582519e+00 -7.140786210050380944e+00 -4.955898311752631180e+00 -3.291426830666542180e+00 -2.643267267860292424e+00 3.206506176085150983e-01 1.175224932925508448e+00 9.734383831102112472e-01 2.515126839866279607e-01 4.435445935862332156e+00 5.564995475248347034e+00 5.564995475248347034e+00 5.564995475248347034e+00 5.564995475248347034e+00
-1.036377280559250202e+01 -1.001350556413060389e+01 -9.522086893242327932e+00 -9.099957182482077300e+00 -8.499764631689869177e+00 -7.539979452360156209e+00 -6.239731574512227041e+00 -2.974681072457645126e+00 -2.700944394452583275e+00 -1.427155576257193026e+00 9.511076567470383436e-01 9.452617013952273606e-01 8.279769321237318014e-01 3.190992156179110140e+00 5.641172626704453741e+00 5.641172626704453741e+00 5.641172626704453741e+00 5.641172626704453741e+00
-1.047030419463323625e+01 -1.010964033069940093e+01 -9.720431215461104557e+00 -9.260726864860849616e+00 -8.726674527732260600e+00 -7.835328711751059494e+00 -6.640276182455555620e+00 -4.849780658663956245e+00 -2.616110997268646710e+00 -2.487302204284851381e+00 7.617904506859674019e-01 9.375598826470495917e-01 7.309141639998176787e-01 2.735621593793558404e+00 5.466524974280444482e+00 5.466524974280444482e+00 5.466524974280444482e+00 5.466524974280444482e+00
-1.043547676097422361e+01 -1.015105812233214877e+01 -9.756443443745432376e+00 -9.382181787501473025e+00 -8.821542904241267635e+00 -8.003696636953305799e+00 -6.855211359924856751e+00 -5.498624548847638849e+00 -3.147649382571321208e+00 -2.678322132795747379e+00 2.167200912332127860e-01 1.100659899332766312e+00 7.305337412563134292e-01 2.590484902320045357e+00 5.313237663788700438e+00 5.313237663788700438e+00 5.313237663788700438e+00 5.313237663788700438e+00
-1.044914535052811466e+01 -1.013729260468119442e+01 -9.847046172546461307e+00 -9.450118686578500515e+00 -8.956035613844392174e+00 -8.222500804304459621e+00 -7.055514832776758283e+00 -5.635400376011026502e+00 -3.910007644900131751e+00 -2.004618077617354110e+00 -1.177532032075506496e+00 7.313520861050797350e-01 2.851334570986996941e-01 2.806995975323893333e+00 4.775958339079980242e+00 4.775958339079980242e+00 4.775958339079980242e+00 4.775958339079980242e+00
-1.053409382089153290e+01 -1.017269600653123085e+01 -9.843576965456300343e+00 -9.478097407619905823e+00 -9.052341639588092903e+00 -8.308552649184782979e+00 -7.231420022084803279e+00 -5.846495965691210550e+00 -4.090331062186752575e+00 -3.105185671540059200e+00 -2.732053667046163703e+00 2.686163767060212315e-01 6.651376515096083519e-01 2.308776792420236035e+00 5.560087309310591586e+00 5.560087309310591586e+00 5.560087309310591586e+00 5.560087309310591586e+00
-1.049928308538934019e+01 -1.018545187527396578e+01 -9.918380088289840302e+00 -9.558520217343287939e+00 -9.089289268457276805e+00 -8.507621970343283380e+00 -7.346613310772788452e+00 -5.857572974550677714e+00 -4.608337900742101922e+00 -3.613155471658933138e+00 -2.687868768809889009e+00 2.982667030566024113e-01 1.493784278378524899e-01 2.486411629190398820e+00 6.011207898937838578e+00 6.011207898937838578e+00 6.011207898937838578e+00 6.011207898937838578e+00
-1.050448672802298411e+01 -1.022126262731552337e+01 -9.899714367181784880e+00 -9.570700808908449986e+00 -9.180925296879575370e+00 -8.506236020168191914e+00 -7.397795472469364420e+00 -5.923250899530594360e+00 -5.094285279693921531e+00 -2.725875965614268370e+00 -2.997128083328282955e+00 -2.956451383758802454e-01 8.683436478242312351e-01 2.479717479836265337e+00 5.659366812374606148e+00 5.659366812374606148e+00 5.659366812374606148e+00 5.659366812374606148e+00
-1.057408242089856820e+01 -1.027629111934675343e+01 -9.947011455740451424e+00 -9.579909714633384255e+00 -9.244394288662542536e+00 -8.589806705504594575e+00 -7.494547145876223837e+00 -5.880738317733973375e+00 -5.213620277818628246e+00 -3.311910904971213654e+00 -2.783048173458207764e+00 -4.122360815333649953e-01 6.126760728216653629e-01 2.409598141895433088e+00 5.484049657512182208e+00 5.484049657512182208e+00 5.484049657512182208e+00 5.484049657512182208e+00
-1.062543881048538807e+01 -1.031430617160155094e+01 -9.986352943705840701e+00 -9.623555017494300756e+00 -9.331349810707118664e+00 -8.773079108595798203e+00 -7.487933689956930650e+00 -5.807334766958967442e+00 -5.378930929926572624e+00 -3.893277396185826689e+00 -1.927688008742666437e+00 -6.629864524647071100e-01 1.782941708880860232e-01 2.359604355865310144e+00 4.828153217117316487e+00 4.828153217117316487e+00 4.828153217117316487e+00 4.828153217117316487e+00
