-1.040102914098913978e+01 -1.028438393601067702e+01 -9.939296044544672526e+00 -9.622455385794946636e+00 -9.298624609437936783e+00 -8.971960716915898360e+00 -8.346642278908927182e+00 -7.255568444080262580e+00 -4.847389180441544099e+00 -2.429211456206661346e+00 -2.372187142797261394e+00 -7.495482403135329819e-02 6.060690277968171502e-01 1.815826807707016766e+00 5.205507876447725835e+00 5.205507876447725835e+00 5.205507876447725835e+00 5.205507876447725835e+00
-1.033850990846464057e+01 -1.013245170658755079e+01 -9.944569048597866612e+00 -9.778556506301798734e+00 -9.438986597039797033e+00 -8.883494004733066163e+00 -8.153643650623227046e+00 -6.760522324720542819e+00 -3.796698290497449335e+00 -2.607079283489661226e+00 -1.700291539357458692e+00 -6.249659049910699649e-02 1.482373357825054860e+00 1.943939183912237745e+00 5.202878108198297546e+00 5.202878108198297546e+00 5.202878108198297546e+00 5.202878108198297546e+00
-1.028673332697526632e+01 -9.925167386244829970e+00 -9.808198703958520781e+00 -9.841331227832856854e+00 -9.576543247894942823e+00 -9.046911627515898502e+00 -8.108339654395743779e+00 -6.714096330417230973e+00 -3.274929441026616317e+00 -3.380366291830516623e+00 -6.669828829733237541e-01 1.321576401681501534e-01 1.446160134483102988e+00 1.928545969230021084e+00 4.837661903259810714e+00 4.837661903259810714e+00 4.837661903259810714e+00 4.837661903259810714e+00
-1.043951427716554647e+01 -1.030283600075979855e+01 -9.731532339220787975e+00 -9.306490471464480052e+00 -9.167863991144477254e+00 -9.203132045655408433e+00 -8.157800586268281862e+00 -6.293883879602800491e+00 -2.995304478457720521e+00 -3.282643876411496464e+00 -2.726402065646771344e-01 6.277395050635019569e-01 1.230475132123626913e+00 2.142389548318294423e+00 4.834227890292726038e+00 4.834227890292726038e+00 4.834227890292726038e+00 4.834227890292726038e+00
-1.052800439167446100e+01 -1.028822392887236603e+01 -9.864289594436439046e+00 -9.573858328096278569e+00 -8.991007582687593924e+00 -8.655162239638602983e+00 -8.128793526518611756e+00 -5.054541690594904324e+00 -3.018320309029312476e+00 -3.118970456590081319e+00 -5.654613958901985593e-02 5.570917117256141138e-01 1.743926259224505060e+00 2.312273199081125608e+00 4.792904989328485854e+00 4.792904989328485854e+00 4.792904989328485854e+00 4.792904989328485854e+00
-1.038632187231363702e+01 -1.001702853090019829e+01 -1.012333035083630861e+01 -9.825089497496399815e+00 -9.326603107927486036e+00 -8.537382132514146349e+00 -7.519705937375817939e+00 -3.948028798687903240e+00 -3.882995365948155086e+00 -1.578269799240207050e+00 2.401473026532111865e-01 7.653572343701000591e-01 1.620032199776411108e+00 2.138473945548154731e+00 4.459793874423368720e+00 4.459793874423368720e+00 4.459793874423368720e+00 4.459793874423368720e+00
-1.041811417901502423e+01 -1.023611243573083485e+01 -9.915577774743322692e+00 -9.758361122879900762e+00 -9.310116019078117588e+00 -8.512356349785166643e+00 -7.174861004284334598e+00 -2.705830852849771873e+00 -3.722860225703352732e+00 -4.321926727853479533e-01 8.970731574793425755e-01 1.685187505263383123e+00 1.601334749213176423e+00 3.287046514819083942e+00 4.236318720877184418e+00 4.236318720877184418e+00 4.236318720877184418e+00 4.236318720877184418e+00
-1.044884334837235684e+01 -1.007379893904593615e+01 -9.982322078694359391e+00 -9.715081218954924935e+00 -9.179124639865710478e+00 -8.298378076236998524e+00 -4.927619683300983766e+00 -2.649487425835660215e+00 -2.739938581888595071e+00 1.445421587419917775e-01 1.533195311366923885e+00 1.948289068799205603e+00 1.795940208843492814e+00 4.351572203036033315e+00 5.134226652278213621e+00 5.134226652278213621e+00 5.134226652278213621e+00 5.134226652278213621e+00
-1.039415586334317609e+01 -1.001350016134185239e+01 -9.519722455292018992e+00 -9.069478811926934725e+00 -8.303145110411565000e+00 -6.927974415251184404e+00 -3.724945798649323070e+00 -4.017621543719259947e+00 -1.451647052844883712e+00 1.170899546145777403e+00 2.099684876238399944e+00 2.668375353212025569e+00 3.357763044246913076e+00 4.787761251656659667e+00 5.109507448943752195e+00 5.109507448943752195e+00 5.109507448943752195e+00 5.109507448943752195e+00
-1.044019228564611090e+01 -1.006524030215086363e+01 -9.447560538512387751e+00 -8.441302007153467457e+00 -7.426503633631760692e+00 -5.515493727517150724e+00 -2.418288788839608294e+00 -3.689870825598563719e+00 -3.130438618484745333e-02 1.909868958584211462e+00 3.063139686942170314e+00 3.449868816637005953e+00 4.958537214259518322e+00 4.992278949273721622e+00 5.313011276391876869e+00 5.313011276391876869e+00 5.313011276391876869e+00 5.313011276391876869e+00
-1.026287079136121960e+01 -9.506639986154517885e+00 -8.973595020931286470e+00 -8.442596721726410181e+00 -6.941938376040248215e+00 -4.038491660764218949e+00 -3.631509009166962620e+00 -2.022601446110504853e+00 1.234838821411047727e+00 3.080231896799166424e+00 3.049586936203938503e+00 4.591590176885604890e+00 2.915251875008387117e+00 2.226586169268191640e+00 5.497581928620738800e+00 5.497581928620738800e+00 5.497581928620738800e+00 5.497581928620738800e+00
-9.896441840422497194e+00 -9.020080671231646363e+00 -8.261270123380382913e+00 -7.778272909397763613e+00 -5.386420810690299987e+00 -2.485809763021782359e+00 -2.793383447733624791e+00 3.008580221797707566e-02 2.611482896349274441e+00 3.104623064598357018e+00 4.462501272796633778e+00 3.746748002516758547e+00 1.943122979520963689e+00 2.517490952741581633e+00 5.322322706064615438e+00 5.322322706064615438e+00 5.322322706064615438e+00 5.322322706064615438e+00
-9.399862595814447275e+00 -8.561722245630717154e+00 -7.889456270896729073e+00 -6.279909753608139411e+00 -4.282479837174353321e+00 -2.893823222101605808e+00 -2.617408820150518789e+00 1.128571489142792483e+00 3.199668055392140609e+00 4.060094841544775512e+00 4.693371005147041863e+00 1.995391223852244877e+00 5.047101576697173853e-01 2.416809099536719962e+00 5.173179825857674885e+00 5.173179825857674885e+00 5.173179825857674885e+00 5.173179825857674885e+00
-1.001959695661235727e+01 -7.826861067993541532e+00 -6.726789496196441398e+00 -5.188264847533149648e+00 -3.116471232452433515e+00 -2.447909063590811840e+00 -1.308283570300834198e+00 2.565820127781893945e+00 3.299632471251001675e+00 5.003764395499063156e+00 3.268380981260792684e+00 -1.862250265378295300e+00 3.741894408280185824e-01 2.574902610176897255e+00 5.105506818022321092e+00 5.105506818022321092e+00 5.105506818022321092e+00 5.105506818022321092e+00
-9.411259006241836644e+00 -7.588140902730822646e+00 -5.766385656836018114e+00 -4.391377137304896650e+00 -2.061870853075993715e+00 -2.679275969836392157e+00 1.601852432932155956e-01 3.066710095641048461e+00 3.533139396730107684e+00 5.501428693903372746e+00 4.461926402500964173e+00 -9.086803508443304089e-01 9.835141096437229891e-01 2.506295623799680961e+00 5.254940864401660860e+00 5.254940864401660860e+00 5.254940864401660860e+00 5.254940864401660860e+00
-9.020202171686737103e+00 -6.856198866455819996e+00 -5.061664915747488003e+00 -3.514216225297688290e+00 -1.623938108859905194e+00 -1.753972604658915913e+00 2.388256748860103418e+00 2.976549401113247395e+00 4.157557082906143009e+00 6.285027414129275236e+00 6.027504849703337442e+00 1.925873795064878991e+00 7.719875521090787673e-01 2.764370504208061963e+00 5.221649026040366515e+00 5.221649026040366515e+00 5.221649026040366515e+00 5.221649026040366515e+00
-8.648293876215106479e+00 -6.455043410522184999e+00 -4.440015582218412860e+00 -2.519834847620086471e+00 -1.842408189076088831e+00 -7.099670198092495887e-01 3.153369944434576411e+00 3.331239955037847089e+00 4.224510505262278670e+00 5.094046006719645803e+00 4.589049649885510007e+00 4.727887959178001864e+00 3.919447239420940754e+00 3.204556839740805962e+00 5.329693101492653184e+00 5.329693101492653184e+00 5.329693101492653184e+00 5.329693101492653184e+00
-7.911029916246656413e+00 -6.089099519808340411e+00 -4.144543704886373803e+00 -1.749266710653954782e+00 -2.090782336783382878e+00 7.002383771919413746e-01 3.495923574859380878e+00 3.866689168034471713e+00 4.115678097433479010e+00 3.241347968978491423e+00 3.374258937427176974e+00 3.176622576906538598e+00 3.936816532200294372e+00 5.154650063244186953e+00 5.288554253731399868e+00 5.288554253731399868e+00 5.288554253731399868e+00 5.288554253731399868e+00
-7.464318813523412643e+00 -6.009547266528509013e+00 -3.928337958767425864e+00 -1.627474318538526532e+00 -1.455470810129558590e+00 2.375884038019910882e+00 3.118406870967039168e+00 3.847873590909003383e+00 3.776480291917497567e+00 1.764320707911993580e+00 1.515361613913975614e+00 1.554612563643535950e+00 2.810951207823273013e+00 4.281564286325583168e+00 5.101506187101739087e+00 5.101506187101739087e+00 5.101506187101739087e+00 5.101506187101739087e+00
-7.921570900123716896e+00 -6.080903719275588593e+00 -3.627205597444560503e+00 -2.341334736148199092e+00 -1.608714591855267217e+00 2.605687556954331630e+00 3.036159287889224068e+00 4.032164393534400482e+00 3.070107801160405714e+00 1.528551178598116955e+00 7.021836155237608512e-01 9.782044048451278284e-01 1.993552367763969269e+00 3.630862733894281824e+00 5.335444748482816024e+00 5.335444748482816024e+00 5.335444748482816024e+00 5.335444748482816024e+00
-8.170974773194473073e+00 -6.173752555841176104e+00 -3.732417861792140634e+00 -1.512128732270909381e+00 -1.366086453709666859e+00 2.479860192757262549e+00 3.112369262531631708e+00 4.018428087416014094e+00 2.975807000339425024e+00 1.403885153643295247e+00 5.515461993355301740e-01 3.996728265383915346e-01 1.270563140532858792e+00 3.342393964871289924e+00 5.281319438438281111e+00 5.281319438438281111e+00 5.281319438438281111e+00 5.281319438438281111e+00
-8.012643795361061194e+00 -6.219726257177228490e+00 -3.740077235121200605e+00 -1.749880571383483074e+00 -1.186338272721678688e+00 2.596900880840240511e+00 3.180937563068021223e+00 4.097015622446534167e+00 2.778358591480554640e+00 1.169310868513030011e+00 -2.564628793503112014e+00 -1.549664728294099181e+00 1.191845109351313825e+00 3.180801791494479502e+00 5.248027600076989430e+00 5.248027600076989430e+00 5.248027600076989430e+00 5.248027600076989430e+00
-8.062547516857293317e+00 -6.886556732108155998e+00 -4.558626922935559378e+00 -2.800977397938576807e+00 -1.700809233340263571e+00 9.117603978192516667e-01 3.151785632660476733e+00 3.945471987795493796e+00 2.330364298292441738e+00 7.819439471448368373e-01 -2.534168693255805849e+00 -1.559463655320137088e+00 1.214399299514473451e+00 3.489263831478560007e+00 5.359885710996982411e+00 5.359885710996982411e+00 5.359885710996982411e+00 5.359885710996982411e+00
-8.036354479324216982e+00 -7.155561684736354344e+00 -4.988058439621287476e+00 -2.830396371812710754e+00 -1.472258223264235388e+00 -8.503592989230650545e-01 3.170657555541245287e+00 3.741274480409202852e+00 2.048735452388591671e+00 -2.180266704717848114e+00 -2.660950017819317281e+00 -1.243312011271877848e+00 1.249501878830225454e+00 3.718329386116923096e+00 5.254785801398182521e+00 5.254785801398182521e+00 5.254785801398182521e+00 5.254785801398182521e+00
-7.928249537265177338e+00 -7.105651392485833995e+00 -5.485432861193466181e+00 -3.882178591476944440e+00 -2.787541950810985103e+00 -1.466836402028691033e+00 1.012935400253335505e+00 2.973277421458502712e+00 1.924629585785095909e+00 -3.739142501063282165e+00 -2.421319666289376116e+00 -4.850968233728214507e-01 1.468592628325593452e+00 3.739031024125841540e+00 5.410576015005359451e+00 5.410576015005359451e+00 5.410576015005359451e+00 5.410576015005359451e+00
-8.306549165974374205e+00 -7.663742402243940433e+00 -6.355431691644124470e+00 -4.813579460235132501e+00 -3.033777569664067641e+00 -2.109469742980338403e+00 -8.895517370730803286e-01 2.443341880561678003e+00 1.439592684903834963e+00 -3.271031012265153581e+00 -1.454346073247559934e-01 1.019798209266904010e+00 1.852784614421577825e+00 4.155914267349511526e+00 5.379557404004813748e+00 5.379557404004813748e+00 5.379557404004813748e+00 5.379557404004813748e+00
-8.724856407219075294e+00 -7.698423268820308252e+00 -6.750771010659796012e+00 -5.415924738193965027e+00 -4.050125796013316126e+00 -2.461445766730466556e+00 -1.954410620538272081e+00 3.092470216421143725e-01 1.835372133710703624e+00 -3.440828412635950073e-01 4.185702435178497716e-01 3.168255962813101845e-01 2.187469435486396829e+00 4.652382485531369127e+00 5.307698012474901361e+00 5.307698012474901361e+00 5.307698012474901361e+00 5.307698012474901361e+00
-9.037372446512183188e+00 -8.251581726763721036e+00 -7.411341263549016567e+00 -6.242015699902865755e+00 -5.022622011400096120e+00 -3.824628988778068006e+00 -1.921402871134506363e+00 -1.492536728788659062e+00 1.251314555262447614e+00 1.370036923199383416e+00 4.192216018971999247e-01 3.622865945567830259e-01 1.866420714636877864e+00 4.759621945784330954e+00 5.274406174113605239e+00 5.274406174113605239e+00 5.274406174113605239e+00 5.274406174113605239e+00
-9.333925283375219095e+00 -8.484877545800301846e+00 -7.926684648987802007e+00 -7.260021158023096888e+00 -6.213477539475095845e+00 -4.938661943540147092e+00 -2.779519253703011117e+00 -1.999886489270979339e+00 6.739499760422791586e-02 1.005243800371283136e+00 8.454088436956059827e-01 4.644248634044221280e-01 1.194829207556551864e+00 4.103705890814686619e+00 5.207981416628857829e+00 5.207981416628857829e+00 5.207981416628857829e+00 5.207981416628857829e+00
-9.929353605323253618e+00 -8.971019761735320230e+00 -8.545520390330384686e+00 -8.065911952790273176e+00 -7.355676674875759602e+00 -6.445081502992577427e+00 -4.468260830396575400e+00 -2.254716625921887818e+00 -1.813959756179014171e+00 7.686615919503583250e-01 1.025129061964434651e+00 9.685302834484086354e-01 9.481913795202318029e-02 3.932996517023633842e+00 5.364526214487817413e+00 5.364526214487817413e+00 5.364526214487817413e+00 5.364526214487817413e+00
-1.029359170510855215e+01 -9.809477714433164408e+00 -9.308417329898752257e+00 -8.824405922407446923e+00 -8.265862189771086221e+00 -7.219926973864001951e+00 -5.539241719137951492e+00 -3.376911991469815355e+00 -2.158323306681453779e+00 -2.923115974947484430e-01 1.003495542591767764e+00 1.117617369349766410e+00 2.441729891477574244e-01 4.312258607553455469e+00 5.439227816402722127e+00 5.439227816402722127e+00 5.439227816402722127e+00 5.439227816402722127e+00
-1.036517592697277124e+01 -1.000967980698098359e+01 -9.556968642363791844e+00 -9.143086473941517411e+00 -8.577002601961314809e+00 -7.653982340804502016e+00 -6.345471661829407140e+00 -4.244163680531521265e+00 -2.767633682952508778e+00 -2.047385496374451996e+00 9.721876908854653054e-01 9.001796789717103620e-01 7.923706516015884826e-01 3.849727523841581789e+00 5.367368424872814181e+00 5.367368424872814181e+00 5.367368424872814181e+00 5.367368424872814181e+00
-1.036594921958574211e+01 -1.010044547136913096e+01 -9.715357526407618849e+00 -9.297297847815968908e+00 -8.806614032433856210e+00 -7.897746005514475698e+00 -6.637886031713645885e+00 -5.309459729070344025e+00 -3.377518793355490878e+00 -2.411818738913210858e+00 -8.428502244754405848e-02 1.107185834059155827e+00 5.316347518475912359e-01 2.882774490639953946e+00 5.334076586511521612e+00 5.334076586511521612e+00 5.334076586511521612e+00 5.334076586511521612e+00
-1.041951657005923337e+01 -1.012320693501951041e+01 -9.653105007269925153e+00 -9.427057984271563384e+00 -8.939717488040173521e+00 -8.068773627332809895e+00 -6.857353335455007581e+00 -5.591633250970761360e+00 -3.992178366884371776e+00 -2.488408005924826583e+00 -1.962641328292860976e+00 7.782829473462666847e-01 2.971004626079312150e-01 2.611217944206425390e+00 5.300784748150227266e+00 5.300784748150227266e+00 5.300784748150227266e+00 5.300784748150227266e+00
-1.044133422774054765e+01 -1.013321680657256429e+01 -9.864650182194701244e+00 -9.492683365186719513e+00 -9.036122024671310982e+00 -8.280978531998485437e+00 -7.019598201782612179e+00 -5.734794995001234241e+00 -4.792358310411860778e+00 -2.578570959546298447e+00 -2.238862488016605923e+00 2.107479832502596739e-01 4.595946618445169718e-01 2.775662600410909953e+00 5.290839226507586091e+00 5.290839226507586091e+00 5.290839226507586091e+00 5.290839226507586091e+00
-1.049989925066202368e+01 -1.018500025816388543e+01 -9.839602913593523681e+00 -9.508124168095273276e+00 -9.127564794090787359e+00 -8.411953685021995142e+00 -7.172186819695209437e+00 -5.767423112145971587e+00 -5.115480637457196167e+00 -3.211221934919268328e+00 -2.414694445976068415e+00 -4.505850787586067330e-02 2.360232986055402493e-01 2.342493561403924396e+00 5.498898228800634058e+00 5.498898228800634058e+00 5.498898228800634058e+00 5.498898228800634058e+00
-1.049841152406354183e+01 -1.021251356492405193e+01 -9.919501801551117381e+00 -9.586490785548065219e+00 -9.158135912871589568e+00 -8.584294445864529166e+00 -7.326549270797240609e+00 -5.816422103988903913e+00 -4.988981765522283673e+00 -3.377087178183246774e+00 -2.442566393138262182e+00 -6.759308566502544302e-01 2.587934869190274267e-01 2.345103159506240154e+00 5.465606390439342377e+00 5.465606390439342377e+00 5.465606390439342377e+00 5.465606390439342377e+00
-1.052139982460331780e+01 -1.027241056678630926e+01 -9.912907714058873054e+00 -9.588627438390268765e+00 -9.246702842400935651e+00 -8.599163012746927848e+00 -7.366443697135881763e+00 -5.891131463256122913e+00 -5.089185917287109007e+00 -3.297001644434520706e+00 -3.112821047428770527e+00 -1.722805875736077352e+00 3.095552768229218876e-01 2.227841602387546693e+00 5.393746998909429990e+00 5.393746998909429990e+00 5.393746998909429990e+00 5.393746998909429990e+00
-1.059016789362130950e+01 -1.024786559559305843e+01 -9.939305133179914264e+00 -9.612011230737508072e+00 -9.264613737446641295e+00 -8.696313389298008900e+00 -7.570113814456087553e+00 -5.908749360847970422e+00 -5.154257540375695612e+00 -3.711504113585552211e+00 -3.539328486207918623e+00 -1.756351998969829520e+00 -1.937825946451622039e-01 2.236743538789644159e+00 5.362545873721101586e+00 5.362545873721101586e+00 5.362545873721101586e+00 5.362545873721101586e+00
-1.060452652605639123e+01 -1.026194726063759610e+01 -9.970725890764331467e+00 -9.631553627229351378e+00 -9.303384663762809481e+00 -8.873167619869120060e+00 -7.576443107131316523e+00 -5.880012620440787430e+00 -5.221278672854657188e+00 -3.791876565950321520e+00 -3.871973561004757869e+00 -2.202045716510257822e+00 -5.709199596592212655e-01 2.313029214413235390e+00 5.128777715307785812e+00 5.128777715307785812e+00 5.128777715307785812e+00 5.128777715307785812e+00
