-1.038074575998914284e+01 -1.036573784492640726e+01 -1.000004634189980912e+01 -9.680362688486930267e+00 -9.384381699475564886e+00 -8.983892240117336669e+00 -8.375340728354489173e+00 -7.241753197022611666e+00 -4.805014742695103536e+00 -2.686076879557469432e+00 -1.886435362958218676e+00 -9.260991640357270072e-01 5.912655866330278620e-01 1.906588150587896324e+00 4.949163986108077395e+00 4.949163986108077395e+00 4.949163986108077395e+00 4.949163986108077395e+00
-1.040203182472787802e+01 -1.012782374160365961e+01 -9.999308299442262182e+00 -9.837523274941606388e+00 -9.495719886934413267e+00 -8.967034360394709580e+00 -8.204089075437938305e+00 -6.916275329748252432e+00 -4.386054784589553890e+00 -2.744764839344715934e+00 -2.514019110903526144e+00 -3.074384925382662725e-01 7.968277564905491550e-01 1.985622199968595236e+00 4.843409196420330076e+00 4.843409196420330076e+00 4.843409196420330076e+00 4.843409196420330076e+00
-1.039937662721782985e+01 -1.009398454403768142e+01 -9.726505699486995837e+00 -9.798073108680426913e+00 -9.696062378489054723e+00 -9.163352067910849996e+00 -8.146984070353934015e+00 -6.881040448216223737e+00 -3.445125556717818505e+00 -2.576110949215182799e+00 -2.084930611399832490e+00 -2.494028110090006772e-02 1.178573782157614769e-01 2.025926232865070453e+00 5.029483611453101410e+00 5.029483611453101410e+00 5.029483611453101410e+00 5.029483611453101410e+00
-1.030473028143152092e+01 -1.026524100255296013e+01 -9.858076067084176941e+00 -9.278813770217361423e+00 -9.185390163317691758e+00 -9.203131189792046030e+00 -8.226364237397923773e+00 -6.654862369314794357e+00 -2.842688625368821054e+00 -2.591724472130572998e+00 -6.783764263908695913e-01 -7.301463999620817769e-02 9.632431496109703506e-01 2.262520004906092730e+00 4.837854406995239387e+00 4.837854406995239387e+00 4.837854406995239387e+00 4.837854406995239387e+00
-1.054544827841210974e+01 -1.033413516560322520e+01 -9.938538578807179391e+00 -9.583317050111478608e+00 -9.064624306218114214e+00 -8.663634496446551481e+00 -8.159492432639925852e+00 -5.748123710278132847e+00 -2.834021135674520409e+00 -3.234166152694437191e+00 -2.351237239239805654e-01 4.015856259055217703e-01 1.896228890314379800e+00 2.386023689173361273e+00 4.737130003771280684e+00 4.737130003771280684e+00 4.737130003771280684e+00 4.737130003771280684e+00
-1.040496186566350012e+01 -1.005858200409241654e+01 -1.018231784079778279e+01 -9.935054792955556380e+00 -9.419909076863046238e+00 -8.666130329308129987e+00 -7.754049952128586831e+00 -4.291451000297564988e+00 -3.456769211462485281e+00 -2.180013011514395416e+00 -2.432560369282841251e-01 2.026641764556842973e-01 1.253010717213920877e+00 2.171533504549553406e+00 4.430684688478272015e+00 4.430684688478272015e+00 4.430684688478272015e+00 4.430684688478272015e+00
-1.041076841981191770e+01 -1.025333450287465276e+01 -1.004439163054378170e+01 -9.873524167032323717e+00 -9.373366440835132707e+00 -8.623145417641408628e+00 -7.513529897713903338e+00 -3.031850243400855405e+00 -3.698471169022415239e+00 -4.823384848949496817e-01 5.445855970433336468e-01 1.897105092217840738e+00 1.620814137626520379e+00 3.334705006863471155e+00 4.274959048144513218e+00 4.274959048144513218e+00 4.274959048144513218e+00 4.274959048144513218e+00
-1.052800001428456866e+01 -1.011005398410158840e+01 -1.002392899221047173e+01 -9.811951086572525682e+00 -9.302714185759679566e+00 -8.297230050731382534e+00 -5.242635447945840355e+00 -2.870302784818858477e+00 -2.884821006604294524e+00 -1.073658710982012404e-02 1.554637770443459743e+00 2.039153044632338485e+00 1.828773281808544038e+00 4.407103768917532527e+00 5.254063177351902425e+00 5.254063177351902425e+00 5.254063177351902425e+00 5.254063177351902425e+00
-1.038248436806629371e+01 -1.025700532183963887e+01 -9.551139105037240284e+00 -9.130523185276921083e+00 -8.244805961561599617e+00 -6.962503882737975935e+00 -3.424312697168482078e+00 -3.627316779796587731e+00 -9.798857297271112987e-01 9.738915601393864918e-01 2.087708658338712553e+00 2.744928747064891095e+00 3.456515453535497162e+00 4.805712764847885232e+00 5.331703470826740343e+00 5.331703470826740343e+00 5.331703470826740343e+00 5.331703470826740343e+00
-1.037212010706485188e+01 -1.002495687334847929e+01 -9.524460876678807253e+00 -8.438475757500549790e+00 -7.436253763685206408e+00 -5.265517041520475061e+00 -2.658205219668432484e+00 -3.369787436478311804e+00 -5.502675581162285584e-02 2.164097085970658529e+00 3.026069757769860313e+00 3.493985664498131083e+00 4.985011736228141643e+00 4.932064847155633203e+00 5.166013236006458342e+00 5.166013236006458342e+00 5.166013236006458342e+00 5.166013236006458342e+00
-1.023682126350289678e+01 -9.472002705408367973e+00 -8.852692085999089855e+00 -8.514182251331124718e+00 -6.805333858255237622e+00 -3.380650844675654021e+00 -3.978505752352792246e+00 -1.214158456996673463e+00 1.370789061720440571e+00 3.097667165164587288e+00 3.072561240754271061e+00 4.610868123110049233e+00 2.978932125211961157e+00 2.203874907658971871e+00 5.386091409069600822e+00 5.386091409069600822e+00 5.386091409069600822e+00 5.386091409069600822e+00
-9.906108075173651883e+00 -9.042995493958475350e+00 -8.209394770606248670e+00 -7.617826101537328753e+00 -5.056372799152622832e+00 -2.527713582881351062e+00 -3.199397922643987258e+00 1.140922698618912490e-01 2.988129947739032843e+00 3.139362449809271816e+00 4.471075218113523597e+00 3.785641032361692027e+00 1.822163725880497687e+00 2.508680172118967544e+00 5.180961283708422016e+00 5.180961283708422016e+00 5.180961283708422016e+00 5.180961283708422016e+00
-9.556687187952075391e+00 -8.495171279493941796e+00 -7.669454844779984626e+00 -6.123740413060481558e+00 -3.370833210127100799e+00 -3.644748880625795273e+00 -1.196333343389542669e+00 2.306320445448828860e+00 3.270352910106221422e+00 4.049143237066730627e+00 4.721242468650418189e+00 4.695971527264107270e-01 4.311477800678977235e-01 2.368044791420596429e+00 5.007997879375234440e+00 5.007997879375234440e+00 5.007997879375234440e+00 5.007997879375234440e+00
-1.009034137557289057e+01 -7.891830283839004423e+00 -6.520549002524129278e+00 -4.774562758776907501e+00 -2.269230169334615521e+00 -2.854185504575638799e+00 3.573680066416332068e-01 3.073821411931485059e+00 3.372646579790046228e+00 5.010855867555047638e+00 3.392701250737858665e+00 -1.966772853658813602e+00 3.775333012562628876e-01 2.616972243264134690e+00 5.612353588122923398e+00 5.612353588122923398e+00 5.612353588122923398e+00 5.612353588122923398e+00
-9.405947121399167443e+00 -7.557675243575225466e+00 -5.598678131253147505e+00 -3.441190395188534978e+00 -3.249166213909719048e+00 -1.487543780927253811e+00 2.198245314669461159e+00 3.139243472433203230e+00 3.597575056693771423e+00 5.628839891163892162e+00 4.521374329355750454e+00 -9.244601316805542979e-01 9.696474268892307791e-01 2.593421821642249103e+00 5.401962606820370993e+00 5.401962606820370993e+00 5.401962606820370993e+00 5.401962606820370993e+00
-9.078096047758428710e+00 -6.893428142206879272e+00 -4.629573843738199024e+00 -2.243294048019200293e+00 -2.964798962947388095e+00 1.136377981351125166e-01 3.068058178236739764e+00 3.063202635341871094e+00 4.156821588680678303e+00 6.172195253234276535e+00 6.110160690606330824e+00 1.946851977569485692e+00 6.257840228785280789e-01 2.762549306322048093e+00 5.386140418919465489e+00 5.386140418919465489e+00 5.386140418919465489e+00 5.386140418919465489e+00
-8.661738036519695427e+00 -6.284369184326915381e+00 -3.985592916093715132e+00 -1.973750794253237295e+00 -2.140943599168015243e+00 1.589677511807730426e+00 3.181987018137197420e+00 3.292061213714826184e+00 4.210437761528899259e+00 5.118166006497130383e+00 4.677109429014942421e+00 4.775085844349634456e+00 3.727643538804454870e+00 3.331341960142479408e+00 5.438948560045705705e+00 5.438948560045705705e+00 5.438948560045705705e+00 5.438948560045705705e+00
-7.787743789878280865e+00 -5.850986007612652529e+00 -3.412049086025862543e+00 -1.771152619206626921e+00 -8.159555229362182027e-01 2.607094996128666686e+00 3.540458420812159002e+00 3.907336219511617692e+00 4.090297515103781478e+00 3.303106561190451984e+00 3.377540054998627639e+00 3.231359688319099810e+00 4.007043872442493715e+00 5.248996581795217331e+00 5.209857149427119971e+00 5.209857149427119971e+00 5.209857149427119971e+00 5.209857149427119971e+00
-7.488835677116180811e+00 -5.923186049735985392e+00 -2.968171623183898156e+00 -1.982108860018045871e+00 5.544182122227754583e-02 3.123951456593498044e+00 3.169367162516364189e+00 3.913333635473382088e+00 3.800884635762106889e+00 1.833228049561943074e+00 1.451682102878294911e+00 1.513655078280312427e+00 2.828142409676895674e+00 4.376962480031119540e+00 5.595491868414550041e+00 5.595491868414550041e+00 5.595491868414550041e+00 5.595491868414550041e+00
-8.096714302530704899e+00 -5.883603537681532103e+00 -3.049381357376285351e+00 -2.281524220921341772e+00 2.785566490926686956e-01 3.050228957621262449e+00 3.103089135289973655e+00 4.056361892619451126e+00 3.152744014058091349e+00 1.550095689630732299e+00 -8.433367532802854560e-02 8.868977771198842674e-01 2.011057048835534822e+00 3.675456878534021143e+00 5.657952130029366700e+00 5.657952130029366700e+00 5.657952130029366700e+00 5.657952130029366700e+00
-8.096941763289203564e+00 -6.001463580902800743e+00 -3.068415112743101858e+00 -1.440981580018176222e+00 7.288823250579429258e-01 3.124804722889532371e+00 3.177695962825990428e+00 4.115412174447130589e+00 3.015282829488431293e+00 1.494322539730566834e+00 1.256264814051524237e-01 2.003744623168318417e-01 1.268590276840636966e+00 3.324747605145255580e+00 5.615047292461301964e+00 5.615047292461301964e+00 5.615047292461301964e+00 5.615047292461301964e+00
-8.123878754409441072e+00 -6.317597636274122408e+00 -3.215129252874247889e+00 -1.652162277572289284e+00 1.154764561381130539e-01 3.186235580349583429e+00 3.235700434191133734e+00 4.170568136567728068e+00 2.785255346536057885e+00 1.178627237371600689e+00 -2.620869432713476943e+00 -1.673808681390105413e+00 1.208662432380010365e+00 3.170288399504975541e+00 5.550887754578203825e+00 5.550887754578203825e+00 5.550887754578203825e+00 5.550887754578203825e+00
-8.093395349957368978e+00 -6.900752982156378224e+00 -4.224061065993988784e+00 -2.326067384031900165e+00 -8.007785319574391991e-01 3.174718689550974027e+00 3.186504514408008859e+00 4.009713363905613726e+00 2.372675243502776699e+00 5.300499407895096216e-01 -2.642654840223007895e+00 -1.629503265860030359e+00 1.229326273393423818e+00 3.467787617047252802e+00 5.554527604692754750e+00 5.554527604692754750e+00 5.554527604692754750e+00 5.554527604692754750e+00
-8.093064499028381320e+00 -7.008054230266352214e+00 -4.921001131267005668e+00 -2.304849006086695962e+00 -1.775727492066330626e+00 1.577957275311593577e+00 3.210108246040950242e+00 3.761904679270939855e+00 2.171352709065069941e+00 -3.720616696397471834e+00 -2.815546463251923370e+00 -1.226043211332886962e+00 1.319842231707760716e+00 3.718957551031291775e+00 5.546166398248244533e+00 5.546166398248244533e+00 5.546166398248244533e+00 5.546166398248244533e+00
-7.902767071332521986e+00 -7.059767897108516266e+00 -5.404322759779251584e+00 -3.161135405701988255e+00 -2.113953176116337485e+00 2.881767327824416025e-01 3.188852782743113679e+00 2.989386731821940923e+00 2.030837277727494339e+00 -4.066948674681015063e+00 -2.623987417365176711e+00 -7.432899112183705137e-01 1.546034862681324062e+00 3.691647040315667372e+00 5.910212819378706683e+00 5.910212819378706683e+00 5.910212819378706683e+00 5.910212819378706683e+00
-8.386848757774725271e+00 -7.635818936149071590e+00 -6.261062961795053283e+00 -4.327411200155927062e+00 -2.284149595932367660e+00 -1.482079120696336627e+00 8.858220563898866473e-01 2.797135704982431470e+00 1.430476514646755071e+00 -3.604803797746511940e+00 -1.547995066016163213e+00 1.128438715191198094e+00 1.893712740080269352e+00 4.181691046391566857e+00 5.911330558525235368e+00 5.911330558525235368e+00 5.911330558525235368e+00 5.911330558525235368e+00
-8.862209532562708603e+00 -7.816241238255204671e+00 -6.803786778356209375e+00 -5.399297860674384886e+00 -3.595297393061418045e+00 -2.249847601914033213e+00 -6.877086282850286558e-01 5.426673824967453985e-01 1.776246572069711371e+00 -5.503670397447817386e-01 -3.732186777640137398e-01 1.564972981080585690e-01 2.213680258745441609e+00 4.555173621347202939e+00 5.834922990191122594e+00 5.834922990191122594e+00 5.834922990191122594e+00 5.834922990191122594e+00
-9.122068902407381330e+00 -8.326879238430889174e+00 -7.521505908299253917e+00 -6.174676340035085254e+00 -4.706642564703296117e+00 -3.223711420207751477e+00 -2.045593109062348702e+00 -3.568062975830917916e-01 -9.215497309441883500e-02 1.500656228910376422e+00 -1.483163905860039600e-02 4.094510076725401682e-01 1.836612919494791996e+00 4.641491900959304751e+00 5.916046210630649504e+00 5.916046210630649504e+00 5.916046210630649504e+00 5.916046210630649504e+00
-9.391781580916912731e+00 -8.522545267738555808e+00 -7.968575054715796746e+00 -7.353715314834074590e+00 -6.145758759900678214e+00 -4.620209519235984885e+00 -2.513500112869642145e+00 -1.992676496489653282e+00 -3.379573574368508471e-01 2.679538184187328920e-01 4.664175251246558407e-01 4.495390204979930748e-02 1.400647325208620897e+00 4.094526316757601592e+00 5.470297933428746262e+00 5.470297933428746262e+00 5.470297933428746262e+00 5.470297933428746262e+00
-1.005425316164066274e+01 -9.025010311115783779e+00 -8.654867156236429437e+00 -8.243510776194794332e+00 -7.428955436115609601e+00 -6.571104987089968930e+00 -4.407797205449760725e+00 -2.205952546357885957e+00 -1.827416940669298384e+00 -4.500248701707408316e-01 9.611129672121894174e-01 6.623736912317961245e-01 -2.512421227402515944e-01 4.016715137227639509e+00 6.165653907148054280e+00 6.165653907148054280e+00 6.165653907148054280e+00 6.165653907148054280e+00
-1.037403918252272206e+01 -9.913684799370720668e+00 -9.471903216335258335e+00 -8.988108711455446098e+00 -8.451771265783623477e+00 -7.319802213876958064e+00 -5.650921971955098932e+00 -3.571582524407256543e+00 -2.329967084335882177e+00 -1.770610683570601696e+00 -1.304225952318495974e-01 1.207901439423848533e+00 5.196691471109289306e-01 4.406968769022219234e+00 6.178922766997617444e+00 6.178922766997617444e+00 6.178922766997617444e+00 6.178922766997617444e+00
-1.038649673809761786e+01 -1.008036932887755377e+01 -9.617004760776650230e+00 -9.249078826023168887e+00 -8.748667012680412469e+00 -7.767861500214447545e+00 -6.397800438025457836e+00 -4.720140906939099601e+00 -2.535872689740668928e+00 -2.562650575709469525e+00 -1.147904780145789561e+00 7.943874001553756781e-01 7.601225686791934777e-01 3.979848858713075366e+00 6.037518123443412321e+00 6.037518123443412321e+00 6.037518123443412321e+00 6.037518123443412321e+00
-1.043662326568061971e+01 -1.020676375989976492e+01 -9.810757792630042218e+00 -9.429390948966013042e+00 -9.018981264838535239e+00 -8.064989826640212911e+00 -6.692226766343742028e+00 -5.452239592044534788e+00 -3.578275973070653926e+00 -2.831718974101268049e+00 -2.287858514223493955e+00 -6.127546738120395742e-02 5.224210257759234199e-01 3.061727599553488943e+00 5.735224302104040106e+00 5.735224302104040106e+00 5.735224302104040106e+00 5.735224302104040106e+00
-1.051950013434116826e+01 -1.019975852742218336e+01 -9.837875956905383745e+00 -9.526146638869434469e+00 -9.035608957617613513e+00 -8.241960927462550046e+00 -6.872532204506452302e+00 -5.666790749015115480e+00 -4.014554570596186700e+00 -2.602176641790662437e+00 -2.428149555838904128e+00 -6.844875435661434970e-01 3.854181629307252832e-01 2.718321822554521816e+00 5.432019223013332621e+00 5.432019223013332621e+00 5.432019223013332621e+00 5.432019223013332621e+00
-1.048131324425469657e+01 -1.019069867214955138e+01 -9.926799759369558274e+00 -9.574423675215617990e+00 -9.135822217642626697e+00 -8.406844178235751031e+00 -7.071333988421824479e+00 -5.818381728823860399e+00 -5.070790321740812345e+00 -3.603833573911585653e+00 -2.250769348506737710e+00 -7.928879814696434547e-01 -3.263408343720540783e-01 2.656430821755058069e+00 5.576543706303118242e+00 5.576543706303118242e+00 5.576543706303118242e+00 5.576543706303118242e+00
-1.057175601121066855e+01 -1.024803582258713064e+01 -9.932517258577549413e+00 -9.578758697150288270e+00 -9.227725377434136789e+00 -8.522112988849372073e+00 -7.211724225295888857e+00 -5.781747112035906966e+00 -5.500136978484418293e+00 -3.872986987401776382e+00 -2.683559299086197836e+00 -8.500094650544565145e-01 2.792405129860270341e-01 2.246885383935614655e+00 5.713786722459779810e+00 5.713786722459779810e+00 5.713786722459779810e+00 5.713786722459779810e+00
-1.054445593040573925e+01 -1.028317125385694197e+01 -1.000470185012014213e+01 -9.673673389260510902e+00 -9.276828984070183637e+00 -8.725432957905038478e+00 -7.398439993462424979e+00 -5.742127767141667505e+00 -5.188263628535891847e+00 -3.530970374430477676e+00 -2.883529313074699729e+00 -1.512217243790440868e+00 -1.502143489175166990e-01 2.300136325773047830e+00 5.465734385463672851e+00 5.465734385463672851e+00 5.465734385463672851e+00 5.465734385463672851e+00
-1.059160857558195090e+01 -1.030934387188262846e+01 -1.002210963174274383e+01 -9.650728293806560387e+00 -9.321267914012180356e+00 -8.704669842551503223e+00 -7.445643567422679965e+00 -5.842649418596367994e+00 -5.167571436099835935e+00 -3.906640344565121659e+00 -3.545401288910858373e+00 -1.784214009350632235e+00 -4.191015000099026500e-01 2.161688967726006716e+00 5.101744568724910778e+00 5.101744568724910778e+00 5.101744568724910778e+00 5.101744568724910778e+00
-1.063732427317864548e+01 -1.030139163819620407e+01 -1.000836300813219815e+01 -9.658737249322257412e+00 -9.368437477734536500e+00 -8.777857690698239068e+00 -7.611739499397307540e+00 -5.873912646635612411e+00 -5.246492000400964528e+00 -3.780391538378958138e+00 -3.937450610487164937e+00 -2.537142114599237441e+00 -5.172789330067069091e-01 2.239614589539069556e+00 5.367132091662304205e+00 5.367132091662304205e+00 5.367132091662304205e+00 5.367132091662304205e+00
-1.068571169990468483e+01 -1.033753002039284752e+01 -1.004041902645281503e+01 -9.710336296982330140e+00 -9.399337791648861185e+00 -8.964789069465744831e+00 -7.596192939514081921e+00 -5.753830029198466534e+00 -5.352946744519152311e+00 -3.629774420595742512e+00 -4.073816574860155804e+00 -1.727425493487994457e+00 -5.305630221240034139e-01 2.240753183075224975e+00 5.169159948326905507e+00 5.169159948326905507e+00 5.169159948326905507e+00 5.169159948326905507e+00
