-1.044494490734517811e+01 -1.034974365989420164e+01 -1.005114198615107313e+01 -9.698010999507660657e+00 -9.363124333534610599e+00 -8.992390698690142514e+00 -8.280740492769071537e+00 -7.303074572510438678e+00 -4.809247131641943618e+00 -3.100137625403439401e+00 -2.039403813020936873e+00 -2.497622648821288038e+00 4.078346809451118826e-01 1.922075904783632216e+00 4.749995028653761331e+00 4.749995028653761331e+00 4.749995028653761331e+00 4.749995028653761331e+00
-1.041357239316096361e+01 -1.012888934189356860e+01 -1.004738535603870631e+01 -9.907868354366598851e+00 -9.523485709557915513e+00 -8.937302947492149485e+00 -8.233024247927792416e+00 -7.010515644644650379e+00 -4.782819382493673110e+00 -1.947209147939309437e+00 -1.924419439957491651e+00 -5.783353523597618562e-01 -4.738016014584263136e-01 2.145261140460548610e+00 4.767830156503434225e+00 4.767830156503434225e+00 4.767830156503434225e+00 4.767830156503434225e+00
-1.041417207278218982e+01 -1.008025690691036580e+01 -9.641417233768246220e+00 -9.650858753459328199e+00 -9.659552602773844754e+00 -9.148322966699595327e+00 -8.158797400247351561e+00 -6.981725091659997773e+00 -4.239612010556495392e+00 -2.423284554477427299e+00 -3.063478621799485602e+00 1.850949142187909846e-01 -2.029548127296423865e-01 2.186248222595895463e+00 4.668514676151989562e+00 4.668514676151989562e+00 4.668514676151989562e+00 4.668514676151989562e+00
-1.021858202725165299e+01 -1.018094908396928133e+01 -9.995494690896538970e+00 -9.284266161771837389e+00 -9.194425366605416983e+00 -9.165925978916547479e+00 -8.293026697760396360e+00 -6.759675666338107902e+00 -3.093262031324475636e+00 -2.710020098010159639e+00 -2.008860280560436529e+00 2.979641010347252039e-01 2.580662149291690910e-01 2.351574974788091854e+00 4.349826584784105776e+00 4.349826584784105776e+00 4.349826584784105776e+00 4.349826584784105776e+00
-1.062714362558161341e+01 -1.030228413358881667e+01 -1.002079722471225942e+01 -9.632837150209180521e+00 -9.108278936626135192e+00 -8.691801646370969081e+00 -8.149609540588114598e+00 -6.321156875176449752e+00 -2.480140900101479584e+00 -2.734210763166781355e+00 -9.946499312108507684e-01 9.174998661641944886e-02 1.445354135044787824e+00 2.419564045035128785e+00 4.474051386086232540e+00 4.474051386086232540e+00 4.474051386086232540e+00 4.474051386086232540e+00
-1.052301050022408901e+01 -9.903507088838409800e+00 -1.024593138084757982e+01 -9.955819989088851685e+00 -9.375113727651479323e+00 -8.670728151100357550e+00 -7.912588139259623787e+00 -5.102125151375255463e+00 -2.932794656645859366e+00 -2.644601769589738360e+00 -2.752295381472809610e-01 1.518929391757922742e+00 1.202985342898743149e+00 2.181855979926696332e+00 4.409435262249316700e+00 4.409435262249316700e+00 4.409435262249316700e+00 4.409435262249316700e+00
-1.044112039015082161e+01 -1.040642113950104175e+01 -1.002795691553514779e+01 -9.635146137378596265e+00 -9.401421770942736345e+00 -8.673603403144745982e+00 -7.640089338589354462e+00 -3.513174956307055563e+00 -3.216411214186744250e+00 -1.419227133622565251e+00 -3.837782822441482833e-01 1.396083925058531072e+00 1.601804587811106906e+00 3.378886809227292343e+00 4.186497613557163433e+00 4.186497613557163433e+00 4.186497613557163433e+00 4.186497613557163433e+00
-1.063017926819515679e+01 -1.017211183678819175e+01 -1.001354565376116490e+01 -9.980665476981910089e+00 -9.309746161079079485e+00 -8.241225798390638957e+00 -6.021243415861509796e+00 -2.320243314538788404e+00 -2.649263136425876297e+00 2.778026954857471531e-01 1.471484949390065466e+00 2.133822939480351621e+00 1.847669283879306512e+00 4.350553553347278779e+00 4.897945276987887731e+00 4.897945276987887731e+00 4.897945276987887731e+00 4.897945276987887731e+00
-1.061524348279783148e+01 -1.034645909976478606e+01 -9.697129343266313484e+00 -9.132664449864348555e+00 -8.223347689241247593e+00 -7.078960895925916930e+00 -3.624391238407278060e+00 -3.383378934546202199e+00 -7.608333395518142028e-01 7.343596300751874528e-01 2.155930326916163153e+00 2.759761002836110588e+00 3.446031197382537936e+00 4.777395257090494951e+00 4.944095008139977487e+00 4.944095008139977487e+00 4.944095008139977487e+00 4.944095008139977487e+00
-1.026676828150615250e+01 -1.001934415290635627e+01 -9.611051052048905419e+00 -8.507849264565360059e+00 -7.390839570604237352e+00 -5.097670859264527010e+00 -2.665801879497946558e+00 -2.652155324937814918e+00 3.724488293014610596e-01 2.106789917520927702e+00 3.108647173229735827e+00 3.485620673972472883e+00 4.953123527029170248e+00 4.927790049296811858e+00 4.959846070489242642e+00 4.959846070489242642e+00 4.959846070489242642e+00 4.959846070489242642e+00
-1.022684825449973545e+01 -9.503195781808857490e+00 -8.787250511959499022e+00 -8.443058473567422340e+00 -6.890938607530969762e+00 -3.093724373778862002e+00 -3.403007757592827698e+00 -2.720041189133101667e-01 2.036197879998443483e+00 3.155691874483309345e+00 3.147773799551165652e+00 4.669893203657860425e+00 2.834283078936064459e+00 2.364486398186634641e+00 5.218708054106359739e+00 5.218708054106359739e+00 5.218708054106359739e+00 5.218708054106359739e+00
-9.911309058044052378e+00 -9.018149367218946111e+00 -8.159852934585265061e+00 -7.542159666814022501e+00 -4.589752855078858218e+00 -2.668875244109599087e+00 -2.147599791888135545e+00 8.725978305867738705e-01 2.965840434148135252e+00 3.199527098588249796e+00 4.520292469513544020e+00 3.737412018861692609e+00 1.032234785173915759e+00 2.511557239845647160e+00 5.028537313865393266e+00 5.028537313865393266e+00 5.028537313865393266e+00 5.028537313865393266e+00
-9.612530352597840277e+00 -8.651087589921221621e+00 -7.534500697235448463e+00 -5.944654625072861798e+00 -2.873313867828997559e+00 -3.427329636529788282e+00 1.325791636259220641e-01 3.047458930667890975e+00 3.331771245036767137e+00 4.141865946571350321e+00 4.769325171435311539e+00 -1.820804683611068620e-01 4.198255200246805985e-01 2.417809914059859899e+00 4.811312484300562353e+00 4.811312484300562353e+00 4.811312484300562353e+00 4.811312484300562353e+00
-1.012418097685119811e+01 -8.005588894488489871e+00 -6.401369522043886207e+00 -3.967186044056933536e+00 -2.939074678834967091e+00 -1.793552731966420399e+00 1.401333766389183610e+00 3.140387570927556826e+00 3.360832130793938610e+00 5.035108901252531410e+00 3.344607531796151889e+00 -1.962532728510935076e+00 3.923748674719749752e-01 2.725993666988714814e+00 4.487581114176039776e+00 4.487581114176039776e+00 4.487581114176039776e+00 4.487581114176039776e+00
-9.486401827879637594e+00 -7.481383143138645053e+00 -5.142341510607977284e+00 -2.378208656815052446e+00 -2.410247741742001626e+00 2.845126257180660700e-01 3.177507107531065245e+00 3.261782843103109286e+00 3.548784275831635249e+00 5.649995175397444669e+00 4.521812924089802621e+00 -7.134454727657666417e-01 9.005478192232936330e-01 2.692595717240727993e+00 4.841413935578870564e+00 4.841413935578870564e+00 4.841413935578870564e+00 4.841413935578870564e+00
-9.217757405391193259e+00 -6.882217211908288945e+00 -4.059003225186608610e+00 -2.601983892279721822e+00 -1.286905879903903038e+00 1.939375319723038782e+00 3.064903218386750616e+00 3.115395134059009585e+00 4.169751557302510570e+00 6.186073392719465325e+00 6.125668707811506408e+00 2.004354266420191433e+00 6.600094914791240219e-01 2.812245099826133021e+00 4.828065726671856517e+00 4.828065726671856517e+00 4.828065726671856517e+00 4.828065726671856517e+00
-8.617911646686220450e+00 -5.946274595275543362e+00 -3.132052241453531671e+00 -2.155898906921438041e+00 -7.244369661057484810e-01 3.026140669131323957e+00 3.185066748189174568e+00 3.282957927974967660e+00 4.203666819322964265e+00 5.049618835795611105e+00 4.515303878054620412e+00 4.754461330110292039e+00 3.586172955796862016e+00 3.328113806761879179e+00 4.980929523729692221e+00 4.980929523729692221e+00 4.980929523729692221e+00 4.980929523729692221e+00
-7.810498405926356469e+00 -5.625070522010885199e+00 -2.800232768203797296e+00 -1.803495316840107998e+00 7.015100584863513677e-02 2.750473683851232476e+00 3.675393907616577138e+00 3.922563824420950418e+00 4.122961337506968249e+00 3.193276045214313630e+00 3.266785154788095724e+00 3.160840744453902840e+00 4.000949428970007382e+00 5.153489370286666649e+00 4.864147395421251296e+00 4.864147395421251296e+00 4.864147395421251296e+00 4.864147395421251296e+00
-7.503520653027688780e+00 -5.774422225697798616e+00 -2.713124733866048910e+00 -9.913139274149753710e-01 9.817350466050941415e-01 3.139370721305577483e+00 3.213971661841264371e+00 3.901881319620414956e+00 3.834699724030865564e+00 1.811135461996305818e+00 1.359870333116855567e+00 1.476142241407671918e+00 2.776582002011366512e+00 4.418238435829299426e+00 4.669192293055100862e+00 4.669192293055100862e+00 4.669192293055100862e+00 4.669192293055100862e+00
-8.195162121470652039e+00 -5.715463911829543164e+00 -2.432858714597670335e+00 -8.480562979766987919e-01 1.626831041031358449e+00 3.106982722082614501e+00 3.164020577268709999e+00 4.060185212256577358e+00 3.169586967042557379e+00 1.568661380838005437e+00 -9.986437454221998022e-01 8.437137685028432976e-01 1.985608592161968167e+00 3.633372275767000392e+00 4.779723955112321399e+00 4.779723955112321399e+00 4.779723955112321399e+00 4.779723955112321399e+00
-8.056095815175417840e+00 -5.943118878045615006e+00 -3.363546368705748968e+00 -1.381562597606151854e+00 1.009996611942212796e+00 3.173960521411097524e+00 3.233957380500156020e+00 4.105380505882288311e+00 3.075755563529221970e+00 1.453065932846719699e+00 -1.003568937997749488e+00 -5.268931655234530831e-03 1.302155045179019144e+00 3.350305706969107344e+00 4.793899876838447760e+00 4.793899876838447760e+00 4.793899876838447760e+00 4.793899876838447760e+00
-8.139088254892271834e+00 -6.452434942774959659e+00 -3.421368656770918726e+00 -1.769646503258314407e+00 3.015810661809665838e-01 3.282364129028297217e+00 3.316913410498782522e+00 4.210076008769343403e+00 2.768567089392644398e+00 1.162973306815834329e+00 -2.870044872310215656e+00 -1.833388090547310778e+00 1.239618025702062365e+00 3.241309861001790082e+00 4.762478377780775318e+00 4.762478377780775318e+00 4.762478377780775318e+00 4.762478377780775318e+00
-7.999478773258735131e+00 -6.674275323127576875e+00 -3.655183368505266817e+00 -2.059579870990368100e+00 -4.691197519777822733e-01 3.208277485321649358e+00 3.299665298683768011e+00 4.082089356567853322e+00 2.365710829161493667e+00 -2.241244177454087827e-01 -2.943385154310540042e+00 -1.623084217212909408e+00 1.207223472903489414e+00 3.460741829839871997e+00 4.963636976553699398e+00 4.963636976553699398e+00 4.963636976553699398e+00 4.963636976553699398e+00
-8.063911958855568329e+00 -7.097720665846356525e+00 -4.425774899212663094e+00 -2.031304077838368194e+00 -7.441135965200446067e-01 2.398947980297192917e+00 3.253766042591889729e+00 3.850031425115891803e+00 2.132410399428891878e+00 -4.035525002812348383e+00 -2.976277081159873106e+00 -1.210915287218673475e+00 1.282872846821524693e+00 3.741390126223503643e+00 4.703854074685060560e+00 4.703854074685060560e+00 4.703854074685060560e+00 4.703854074685060560e+00
-7.827443035486269629e+00 -7.189221675533314482e+00 -5.193890840347984650e+00 -2.797433544654582604e+00 -6.190908044302219082e-01 8.819878225349168099e-01 3.234783352928221056e+00 3.059686772538088295e+00 2.162851633315193922e+00 -4.347189354689620089e+00 -2.699782948248638181e+00 -5.541648283444123857e-01 1.555981524119253390e+00 3.738068042211685427e+00 4.814030955154601443e+00 4.814030955154601443e+00 4.814030955154601443e+00 4.814030955154601443e+00
-8.394523789811604075e+00 -7.674971033219545546e+00 -6.346721232908371313e+00 -3.797369246888360195e+00 -1.589017650842032170e+00 -1.351533294889295966e+00 1.517955852325035826e+00 2.828374934322658074e+00 1.396682259615748656e+00 -3.842891017425742461e+00 -1.843549896043577885e+00 1.143679553968399265e+00 1.909462045570027522e+00 4.122519947000590435e+00 4.799726004465281193e+00 4.799726004465281193e+00 4.799726004465281193e+00 4.799726004465281193e+00
-8.851708336205254213e+00 -7.896453832771296533e+00 -6.850258729086587728e+00 -5.144850966878093068e+00 -2.905866609218890506e+00 -1.120054136076321649e+00 -1.750859217567657611e+00 1.590768394726215007e+00 2.058384820703743401e+00 -1.433557239498460367e+00 -5.756917021274081669e-01 1.297431473134140756e-01 2.167167890820098197e+00 4.351965422001985218e+00 4.746385818098017850e+00 4.746385818098017850e+00 4.746385818098017850e+00 4.746385818098017850e+00
-9.204687964017626456e+00 -8.428936654284777674e+00 -7.579221529219050346e+00 -6.063261191951603735e+00 -4.269106747501453469e+00 -2.609523627212964048e+00 -2.783954608995414137e+00 -1.701900228507284618e+00 1.415616709762445691e+00 1.578095987080529783e+00 -1.327579670964857295e+00 -3.599646031355023812e-01 1.836393944969249903e+00 4.489678302283619082e+00 4.712002174180792480e+00 4.712002174180792480e+00 4.712002174180792480e+00 4.712002174180792480e+00
-9.357748716351718343e+00 -8.590236928389389348e+00 -8.112712225601454108e+00 -7.382020161474266651e+00 -6.095820538368267094e+00 -4.248032986179731907e+00 -2.394345653243872718e+00 -2.519842918503991225e+00 -4.042626116289808058e-01 1.040345784222636460e+00 -4.789029846454714301e-01 6.119004818710622323e-02 1.581120298830117177e+00 4.120026356930912570e+00 4.782748900075121767e+00 4.782748900075121767e+00 4.782748900075121767e+00 4.782748900075121767e+00
-1.016260331581424481e+01 -9.085488735865201448e+00 -8.724019470950809207e+00 -8.295367440182051411e+00 -7.480795932834356954e+00 -6.701448843088655849e+00 -3.977789843814792725e+00 -2.940526340078493561e+00 -2.108078022900048420e+00 -9.009741680952862986e-01 7.233375557680946644e-01 1.714381138357234657e-01 -3.950700788135272923e-01 4.067895776902589411e+00 4.797938395471851969e+00 4.797938395471851969e+00 4.797938395471851969e+00 4.797938395471851969e+00
-1.042963532318633924e+01 -1.001196171841126947e+01 -9.518820608733616240e+00 -9.098521140357361148e+00 -8.664355987017952287e+00 -7.474386425549562674e+00 -5.818034314043009303e+00 -2.955613525602891922e+00 -2.863158107280889375e+00 -3.091918128511138342e+00 -1.898189816640267757e-01 4.964114077384057522e-01 -8.524789934678942416e-01 4.214428560038955496e+00 4.783633444782529054e+00 4.783633444782529054e+00 4.783633444782529054e+00 4.783633444782529054e+00
-1.048125443599283280e+01 -1.015840283949298239e+01 -9.710473734358705755e+00 -9.385801776289911302e+00 -8.967472682921229676e+00 -7.903021677176075954e+00 -6.373186817458603493e+00 -5.279605855960647354e+00 -3.457163688414266023e+00 -3.350284396968993939e+00 -2.564205926815542380e+00 3.296148496084154722e-01 -9.361336887767045534e-01 3.839980335088327479e+00 4.730293258415268376e+00 4.730293258415268376e+00 4.730293258415268376e+00 4.730293258415268376e+00
-1.048300131384046274e+01 -1.022956703398021183e+01 -9.908067126221219212e+00 -9.529268068659346724e+00 -9.163358045142290464e+00 -8.209649142125144294e+00 -6.686862370693449797e+00 -5.659066645099899873e+00 -3.739310909840047437e+00 -3.055187523180796116e+00 -2.692183441973845071e+00 6.160512254941918897e-02 -4.389052570630982975e-01 3.113728217461254388e+00 4.698871759357592381e+00 4.698871759357592381e+00 4.698871759357592381e+00 4.698871759357592381e+00
-1.047804524428180173e+01 -1.022171584949608913e+01 -9.913192368611397853e+00 -9.589720017456635048e+00 -9.177471276514499010e+00 -8.363270301578056731e+00 -6.955040013277800526e+00 -5.661777756454275057e+00 -4.822719073760120878e+00 -2.305519761570368420e+00 -2.553716901045348209e+00 -6.731146696495295956e-01 -3.406949993185025005e-01 2.709466611042843809e+00 4.711071174130593953e+00 4.711071174130593953e+00 4.711071174130593953e+00 4.711071174130593953e+00
-1.051752059900099390e+01 -1.028505954098365294e+01 -1.000459237880837904e+01 -9.663642407990698402e+00 -9.251623060392798692e+00 -8.609306001428162602e+00 -7.210738900231845605e+00 -5.776437407320290873e+00 -5.490864999034811511e+00 -2.888522773359257556e+00 -2.105686443073034209e+00 -2.255541035586828169e+00 -2.323939637659038493e-01 2.477624422956840711e+00 4.662533126704566655e+00 4.662533126704566655e+00 4.662533126704566655e+00 4.662533126704566655e+00
-1.058289828507713892e+01 -1.027260545512594092e+01 -9.958060244262298966e+00 -9.654722946519637361e+00 -9.324400630128257816e+00 -8.670285147489471100e+00 -7.345991620975901526e+00 -5.913283674168491544e+00 -5.746283311164214425e+00 -3.881766593016228839e+00 -1.764667165938429427e+00 -3.101393592843402658e+00 -2.768995536561657533e-01 2.105595693859270590e+00 4.767540885099775139e+00 4.767540885099775139e+00 4.767540885099775139e+00 4.767540885099775139e+00
-1.056772975586893715e+01 -1.024255399506184716e+01 -1.002038167066996799e+01 -9.700774770712140338e+00 -9.304369763717708963e+00 -8.769053613734651975e+00 -7.549011331087273291e+00 -5.737738814216268857e+00 -5.390224943157657655e+00 -4.048797956858576796e+00 -2.100703006347954371e+00 -1.901544316566889048e+00 -4.653152155625676079e-01 2.265426920999582538e+00 4.736119386042103585e+00 4.736119386042103585e+00 4.736119386042103585e+00 4.736119386042103585e+00
-1.058201058895115310e+01 -1.033709967235215110e+01 -9.993552596791516862e+00 -9.684468778568717795e+00 -9.349149361156156246e+00 -8.790048863816387836e+00 -7.548514118063510026e+00 -5.890644985459188909e+00 -5.327389671665039295e+00 -3.632747585775201848e+00 -5.025404502510117055e+00 -2.375558115831919448e+00 -6.758277068584214176e-01 2.162971781198749444e+00 4.682779199674841131e+00 4.682779199674841131e+00 4.682779199674841131e+00 4.682779199674841131e+00
-1.066608981271428291e+01 -1.026114982934199205e+01 -9.993673647378930269e+00 -9.713223910619353418e+00 -9.373009904444890239e+00 -8.829826666601292118e+00 -7.623893386017821960e+00 -5.934061094118135316e+00 -5.337456318121765797e+00 -3.529773059235553401e+00 -3.927733090385796100e+00 -2.338668661422313111e+00 -4.495035893255166504e-01 2.348559615583584392e+00 4.694978614447844478e+00 4.694978614447844478e+00 4.694978614447844478e+00 4.694978614447844478e+00
-1.067429944839073563e+01 -1.031137714337744704e+01 -1.001824546258026238e+01 -9.726414587367537834e+00 -9.425865262875179340e+00 -8.988508145711612940e+00 -7.643886314769000379e+00 -5.773152621839496845e+00 -5.315841005189396284e+00 -4.088568207034330548e+00 -3.557087509995397578e+00 -2.035673562732344788e+00 -6.740276991793785477e-01 2.392738788670812244e+00 4.452927294412342363e+00 4.452927294412342363e+00 4.452927294412342363e+00 4.452927294412342363e+00
