-1.033344249018520067e+01 -1.026202491870520106e+01 -1.003978986436033161e+01 -9.661570876847413558e+00 -9.376125109648357991e+00 -9.053363959999781940e+00 -8.515187439394722446e+00 -7.474927315315230025e+00 -5.611262237835566324e+00 -4.222332702876222754e+00 -2.901163436475536983e+00 -2.422171182675965539e+00 -2.139277639551974142e-01 2.184448407755156474e+00 5.448516631537719590e+00 5.448516631537719590e+00 5.448516631537719590e+00 5.448516631537719590e+00
-1.032610301337649972e+01 -9.964424272257081938e+00 -1.006457829350099864e+01 -9.859352784131758085e+00 -9.618835684308450595e+00 -9.009799493212931054e+00 -8.384841009752339147e+00 -7.214522942138778205e+00 -5.494082108419014787e+00 -3.817903989617715155e+00 -2.900938471348257774e+00 -2.256577111636527633e+00 -3.650165582100753925e-01 2.388531894844806214e+00 5.236812425073153143e+00 5.236812425073153143e+00 5.236812425073153143e+00 5.236812425073153143e+00
-1.042015958619592730e+01 -1.003115360418784974e+01 -9.775739112136745845e+00 -9.562542596598257560e+00 -9.533886383178863611e+00 -9.228999340876949731e+00 -8.176170090131337886e+00 -7.135111445320788448e+00 -5.300754560694478812e+00 -3.043410714108183868e+00 -3.153573047839085319e+00 -1.848298827019964730e+00 2.199179058192052283e-02 2.406891796290536956e+00 5.238903881742656310e+00 5.238903881742656310e+00 5.238903881742656310e+00 5.238903881742656310e+00
-1.029939775146866054e+01 -1.004457636836108136e+01 -9.991757843727921085e+00 -9.366003442946960078e+00 -9.230997331753378887e+00 -9.145817338363078974e+00 -8.262148162858636624e+00 -6.898602894422599441e+00 -5.207926554838881117e+00 -2.413403318018460197e+00 -2.066156621419586337e+00 -7.410129541866226077e-01 9.053753045556232060e-01 2.326039852386320828e+00 5.724529648630433343e+00 5.724529648630433343e+00 5.724529648630433343e+00 5.724529648630433343e+00
-1.045502416604096041e+01 -1.027860850698619544e+01 -1.005386575066060750e+01 -9.611248307477197272e+00 -9.113116213008987998e+00 -8.746971026325578435e+00 -8.249984708872394989e+00 -6.810436688588811904e+00 -4.944872520435469099e+00 -2.150639417899125494e+00 -2.202873237027588971e+00 3.557786538727188974e-01 1.020327642177166760e+00 2.461672219556672925e+00 5.501631444262829795e+00 5.501631444262829795e+00 5.501631444262829795e+00 5.501631444262829795e+00
-1.051306093467896474e+01 -1.017754133780987402e+01 -1.007815478199634818e+01 -9.987007434218318380e+00 -9.499595236706920076e+00 -8.779738557761611162e+00 -7.998680229513470685e+00 -6.387186518159543525e+00 -3.156841915618212369e+00 -2.424207748726366241e+00 -3.885242199412096142e-01 1.995366142262346709e-01 8.364731758205661283e-01 2.224588289036908417e+00 6.123419943697249401e+00 6.123419943697249401e+00 6.123419943697249401e+00 6.123419943697249401e+00
-1.040114609006541357e+01 -1.026595365199800725e+01 -1.003691333788305506e+01 -9.785329330978646212e+00 -9.494069216633249653e+00 -8.746977216661310450e+00 -7.816659563359811713e+00 -6.012800953678222982e+00 -2.166417335353480578e+00 -1.881577674136114098e+00 5.842778183499386380e-01 1.294645496759505132e+00 1.554411026196881096e+00 3.351844284919712535e+00 5.989348667820210359e+00 5.989348667820210359e+00 5.989348667820210359e+00 5.989348667820210359e+00
-1.039059265256423004e+01 -1.006508801154082633e+01 -9.946110713178830665e+00 -9.906151427198054193e+00 -9.324631351236277510e+00 -8.179432891367595104e+00 -6.559176435146909512e+00 -2.861575999527223413e+00 -2.478854122681944716e+00 5.934035122605772761e-02 1.391521470133598282e+00 2.013880801467994086e+00 1.612977134637985532e+00 4.391101908804973419e+00 6.057611498214920509e+00 6.057611498214920509e+00 6.057611498214920509e+00 6.057611498214920509e+00
-1.035022950029144440e+01 -1.033478356214944505e+01 -9.708354600897409981e+00 -9.239603133485505992e+00 -8.012394443241845465e+00 -7.193764649491328100e+00 -4.032324934535845173e+00 -2.182297234489075421e+00 -5.808222960187439110e-01 1.210814431553207893e+00 2.132162640637877971e+00 2.819816719625665602e+00 3.397214712796604807e+00 4.777376790664086492e+00 6.413220582682765070e+00 6.413220582682765070e+00 6.413220582682765070e+00 6.413220582682765070e+00
-1.015914929419610324e+01 -9.946453857573022361e+00 -9.591100390853075197e+00 -8.502788798001164494e+00 -7.544430472556677536e+00 -4.911983821127645200e+00 -2.124395366189016254e+00 -1.116594289125896644e+00 1.246582286886791735e+00 2.475435209046767504e+00 3.109642644595451699e+00 3.521078400179913359e+00 4.987108137883243586e+00 4.950054024797628571e+00 6.179638855758494032e+00 6.179638855758494032e+00 6.179638855758494032e+00 6.179638855758494032e+00
-1.025821796634312477e+01 -9.420419613994532426e+00 -8.621323991450086766e+00 -8.500337147713803887e+00 -6.854791154668279596e+00 -2.406308120914362192e+00 -1.034756932141703167e+00 5.649777671424786041e-01 2.692826438851141369e+00 3.161118215423368571e+00 3.135590608634698295e+00 4.654536009685060094e+00 2.766554254314447903e+00 2.366535688361377510e+00 6.251690110866586991e+00 6.251690110866586991e+00 6.251690110866586991e+00 6.251690110866586991e+00
-9.532752815584451866e+00 -8.783390150279851483e+00 -8.074616274621082113e+00 -7.563596382355458836e+00 -3.441047719210591715e+00 -2.265657401944426663e+00 -1.263508968679492028e-01 2.107502324651973069e+00 2.965353946250746553e+00 3.273286946338687109e+00 4.613498533133661539e+00 3.532851648648577036e+00 5.340788898097967863e-01 2.506954428487658149e+00 6.601812570614193021e+00 6.601812570614193021e+00 6.601812570614193021e+00 6.601812570614193021e+00
-9.657063683029621259e+00 -8.369689159154539482e+00 -7.261398653800743119e+00 -5.371844684052325292e+00 -2.798774498678668010e+00 -8.708536471401213674e-01 1.440600762151006409e+00 3.225606474000448642e+00 3.352369063362929502e+00 4.187085322324817227e+00 4.770037462073586809e+00 -2.283809959644328702e-01 4.817523984138582516e-01 2.482453127125903158e+00 6.465651775422500691e+00 6.465651775422500691e+00 6.465651775422500691e+00 6.465651775422500691e+00
-9.985562943451657958e+00 -7.772432796179284509e+00 -6.047795781025222972e+00 -3.065773703879596468e+00 -2.063860185415880899e+00 -9.927411053692400400e-02 2.906355086477237393e+00 3.153081038813561054e+00 3.366505569010180388e+00 5.066444965861686356e+00 2.983261821583663487e+00 -1.969464132792805744e+00 3.666789766266391193e-01 2.720949315914176214e+00 6.811577782088445332e+00 6.811577782088445332e+00 6.811577782088445332e+00 6.811577782088445332e+00
-9.319671346090322217e+00 -7.225726845592188141e+00 -4.339862428835399299e+00 -1.784128323005920613e+00 -1.173406751480131627e+00 1.688179404635133052e+00 3.175026285916192847e+00 3.315576536940083585e+00 3.703812006042569216e+00 5.733311263739866881e+00 4.431232090906457088e+00 -9.187212662488430936e-01 4.549976586989493699e-01 2.706001112186157798e+00 6.688970150865753972e+00 6.688970150865753972e+00 6.688970150865753972e+00 6.688970150865753972e+00
-9.113213332146710144e+00 -6.456600384037038509e+00 -3.179455190116334151e+00 -1.757697608316997062e+00 3.925592218886877482e-01 2.953125989465716028e+00 3.129032973611042046e+00 3.204904208830084755e+00 4.301319316329387910e+00 6.319709107283202343e+00 6.115096027552968216e+00 1.444012579086869419e+00 9.661691168447508193e-01 2.818068835185503218e+00 6.485227748954536686e+00 6.485227748954536686e+00 6.485227748954536686e+00 6.485227748954536686e+00
-8.464380950872254061e+00 -5.275522695259608597e+00 -2.707585636583614619e+00 -1.521822867913019461e+00 1.299272447802016783e+00 3.057395171023654434e+00 3.320443967337555868e+00 3.311678215506144163e+00 4.238522147702742160e+00 5.025048025424818654e+00 4.643021158813955829e+00 4.791284855261244147e+00 3.672418102351565850e+00 3.376309221344722555e+00 6.337914556727781701e+00 6.337914556727781701e+00 6.337914556727781701e+00 6.337914556727781701e+00
-7.485524799946165153e+00 -5.082070472674568684e+00 -2.286011764530107904e+00 -1.495970148887147744e+00 1.790422605731794903e+00 2.752455876571549442e+00 3.581706713281165300e+00 3.928838955802118615e+00 4.163069382210500713e+00 3.235159663280664954e+00 3.251587505013505464e+00 3.202690979631837909e+00 4.011988746588166066e+00 5.233638204778420899e+00 6.712914640385566400e+00 6.712914640385566400e+00 6.712914640385566400e+00 6.712914640385566400e+00
-7.358385525341645916e+00 -5.192247005494564860e+00 -1.627245955357216278e+00 -3.463973948730938446e-01 2.497094601025746208e+00 3.196316969630951021e+00 3.275922205647803231e+00 4.054849296024531036e+00 3.865457454764619882e+00 1.697529015514235962e+00 1.237635550548062735e+00 1.448007655556654782e+00 2.777900219630449641e+00 4.411637055912834171e+00 6.572957012253819009e+00 6.572957012253819009e+00 6.572957012253819009e+00 6.572957012253819009e+00
-8.067302132126418002e+00 -5.181044584801069774e+00 -1.540521087117586063e+00 -1.990060614120899296e-01 2.594723321147707651e+00 3.157588054649214104e+00 3.211344460612533425e+00 4.135644598866352162e+00 3.098376663468517478e+00 1.474739645672502153e+00 -1.011093040180996327e+00 9.126742471612462326e-01 1.989682160605739991e+00 3.665972881323336985e+00 6.509533364919603216e+00 6.509533364919603216e+00 6.509533364919603216e+00 6.509533364919603216e+00
-7.988535925869421739e+00 -5.708066569467309392e+00 -2.396373396759119423e+00 -8.242986640687117728e-01 2.499733339209594618e+00 3.143326323246447895e+00 3.250763810003876486e+00 4.128527798676159932e+00 3.057278696969708776e+00 1.359520538282006363e+00 -1.118213284398590579e+00 9.801168155085245720e-03 1.265446509280987897e+00 3.410857340168103935e+00 6.791008464314595372e+00 6.791008464314595372e+00 6.791008464314595372e+00 6.791008464314595372e+00
-7.925841935691256168e+00 -6.370550370254028927e+00 -2.447937092315828345e+00 -7.723285245739703875e-01 1.914266133149487015e+00 3.243361950530746274e+00 3.272826075098425491e+00 4.262207173970520735e+00 2.725955537881996182e+00 8.404971839462636041e-01 -2.767389543931049189e+00 -1.741914299454063286e+00 1.262057486320438349e+00 3.223988229534696881e+00 6.640410370746399948e+00 6.640410370746399948e+00 6.640410370746399948e+00 6.640410370746399948e+00
-7.982417827702213309e+00 -6.473962197271172947e+00 -2.836707027676507842e+00 -1.091125309798836263e+00 1.582326232545008704e+00 3.213731453385704651e+00 3.298939722744657299e+00 4.112281032193048524e+00 2.334280416387768398e+00 -1.008117545183071506e+00 -2.862989211127731082e+00 -1.761072439063799955e+00 1.305330855905177501e+00 3.537702714510011504e+00 6.625850103507156419e+00 6.625850103507156419e+00 6.625850103507156419e+00 6.625850103507156419e+00
-7.947319277607464372e+00 -6.741963405800134090e+00 -2.879958869490359952e+00 -1.497660109802511741e+00 8.439392119776015777e-01 3.165690805385858120e+00 3.253255019303328943e+00 3.855589638300354949e+00 2.107369010186633584e+00 -4.071415139084150425e+00 -3.108826236546105459e+00 -1.275147349394570639e+00 1.350215938426108764e+00 3.726416932990506137e+00 6.571155246159150920e+00 6.571155246159150920e+00 6.571155246159150920e+00 6.571155246159150920e+00
-7.984561404359864056e+00 -7.340851046182169881e+00 -3.398931647201121287e+00 -2.691875204091521923e+00 8.441920253921242345e-02 2.922675053731340178e+00 3.236971369265507548e+00 3.159637290850112024e+00 1.670116475170314585e+00 -4.340980202051646586e+00 -2.751121714693979925e+00 -7.247874332198185332e-01 1.530889224337450116e+00 3.800277679938584896e+00 6.716927109253300721e+00 6.716927109253300721e+00 6.716927109253300721e+00 6.716927109253300721e+00
-8.297293166678095133e+00 -7.769104495570033464e+00 -5.705095980741882400e+00 -1.927072383652597587e+00 -1.514931451540328711e+00 1.425238669253831691e+00 3.056040792403351691e+00 2.833340585354999330e+00 1.220002096350751630e+00 -4.225537058784370359e+00 -2.264241344059735539e+00 1.211464749337771929e+00 1.959069631035883052e+00 4.086718329249761084e+00 6.703789931288429038e+00 6.703789931288429038e+00 6.703789931288429038e+00 6.703789931288429038e+00
-8.822228922259172990e+00 -7.713629349766017995e+00 -6.651120588453055760e+00 -3.679343018335942794e+00 -2.022860651182674108e+00 -2.504160192465346157e-01 1.237623928539623108e+00 1.872378601693964306e+00 1.234733331125857481e+00 -2.017902317316182081e+00 -1.746391980523152032e+00 4.859512005528960898e-01 2.243523003600639498e+00 4.370661642878177489e+00 6.758159002236112656e+00 6.758159002236112656e+00 6.758159002236112656e+00 6.758159002236112656e+00
-9.011690442807994472e+00 -8.453917193049957035e+00 -7.370264460064717582e+00 -5.424310330511723066e+00 -2.594107759992928308e+00 -1.607444794327638871e+00 -5.728924278723949159e-01 7.426963258575192128e-01 1.023068796178761009e+00 7.448345410657135623e-01 -2.166556740175496376e+00 -3.111869291726152564e-01 1.897061884429020129e+00 4.433281485983501469e+00 7.019707496103732680e+00 7.019707496103732680e+00 7.019707496103732680e+00 7.019707496103732680e+00
-9.284886674634151404e+00 -8.515335101594768474e+00 -8.108335996359242515e+00 -7.439990330349875336e+00 -5.776113929884524545e+00 -3.192271994326766560e+00 -1.980502612421072284e+00 -2.427983819179364566e+00 1.209299500980616227e-01 7.429495213905137341e-01 -2.712949917822119694e+00 -5.009416628809333361e-01 1.364569060167555303e+00 4.127616832561503912e+00 6.900055077014698668e+00 6.900055077014698668e+00 6.900055077014698668e+00 6.900055077014698668e+00
-1.030297364526634496e+01 -8.934014227603839231e+00 -8.652955956732357734e+00 -8.336129541007904820e+00 -7.521656763739960283e+00 -6.704213804780120078e+00 -4.545000224115717913e+00 -2.377756454538332065e+00 -2.480498898697661492e+00 -1.416892268570522084e+00 -6.508025027411693531e-01 -6.434714870633736483e-01 8.412201225099722457e-01 4.074134049483228992e+00 6.801919781793680286e+00 6.801919781793680286e+00 6.801919781793680286e+00 6.801919781793680286e+00
-1.037476181185467894e+01 -1.007620857186195806e+01 -9.595587476201004051e+00 -9.184203735619965059e+00 -8.849027943113302541e+00 -7.301904882116277307e+00 -5.685783167675744210e+00 -5.273280137975612014e+00 -3.682675426658592599e+00 -3.046501490035136150e+00 -1.657874842661733350e+00 -1.352589983992550593e+00 3.220099174107787787e-01 4.366142837537624111e+00 6.801221925378117206e+00 6.801221925378117206e+00 6.801221925378117206e+00 6.801221925378117206e+00
-1.054765266883850394e+01 -1.012708471009617028e+01 -9.782242017956381375e+00 -9.497100680103585546e+00 -9.141790337396695776e+00 -7.882591414919263073e+00 -6.159144852177085738e+00 -5.775094741760659289e+00 -4.695193634922754100e+00 -3.641442249322187852e+00 -2.846109145418366460e+00 -1.257331662106195402e+00 -9.238380141781590837e-02 4.267155098650225575e+00 6.920074118961854204e+00 6.920074118961854204e+00 6.920074118961854204e+00 6.920074118961854204e+00
-1.048995781499106172e+01 -1.032051746508638779e+01 -9.962690322964080636e+00 -9.522705443367625477e+00 -9.252247515078408924e+00 -8.279237722981452663e+00 -6.267824066047103848e+00 -5.776770275992472392e+00 -5.089291011678681365e+00 -3.247957760019021478e+00 -2.685640163222494436e+00 -2.218450610293490222e+00 -5.141981881965078383e-02 3.485896248051099988e+00 6.791585437012335191e+00 6.791585437012335191e+00 6.791585437012335191e+00 6.791585437012335191e+00
-1.049128861007992519e+01 -1.035036099371382434e+01 -1.001938440842439171e+01 -9.565990796093110760e+00 -9.264295935984765862e+00 -8.431963998738872590e+00 -6.405194495318866643e+00 -6.051533606680164823e+00 -5.221115178901433396e+00 -3.397068390243819458e+00 -3.369145252550575620e+00 -2.139734977711454711e+00 -4.438207216938904187e-01 3.233749233648140819e+00 6.834884010442166868e+00 6.834884010442166868e+00 6.834884010442166868e+00 6.834884010442166868e+00
-1.054132235152322039e+01 -1.033779430338077709e+01 -1.003624976500666577e+01 -9.696824006188641931e+00 -9.349800062917420718e+00 -8.726342288622184640e+00 -6.903813190530512678e+00 -5.968106702968080768e+00 -5.564022985977628011e+00 -3.689918435502579808e+00 -3.189753057828114358e+00 -2.699991583292240982e+00 -1.647275020931309730e-01 3.218439080547920828e+00 7.221351581061567160e+00 7.221351581061567160e+00 7.221351581061567160e+00 7.221351581061567160e+00
-1.062045701649627638e+01 -1.033961495759044347e+01 -1.003768706252023257e+01 -9.740629389898209922e+00 -9.459756428776376680e+00 -8.920627780548830543e+00 -7.218397059083004663e+00 -5.864784691340743983e+00 -5.760809881989294112e+00 -4.323348275399496288e+00 -3.760547710114256148e+00 -2.783153887651328873e+00 -1.027344707764808185e-01 2.938056810711415778e+00 6.930906375652657658e+00 6.930906375652657658e+00 6.930906375652657658e+00 6.930906375652657658e+00
-1.065815545387231289e+01 -1.035746643816257517e+01 -1.007710661310587952e+01 -9.781463667619068048e+00 -9.456611993209495637e+00 -9.024869783660541600e+00 -7.628929168902061519e+00 -5.739383227657596009e+00 -5.570497396742591256e+00 -4.560264632519732686e+00 -3.369248062760846985e+00 -2.731220037126364630e+00 -4.480112712642347894e-01 2.981016925117215610e+00 7.164017752133210237e+00 7.164017752133210237e+00 7.164017752133210237e+00 7.164017752133210237e+00
-1.067240585763500960e+01 -1.041437656077302876e+01 -1.002878171834407084e+01 -9.718869087643259519e+00 -9.366153435408865136e+00 -8.956990050279941329e+00 -7.701089231305620508e+00 -6.021065726817307784e+00 -5.676282330070486104e+00 -4.566349273312445334e+00 -3.777559643613452867e+00 -2.108061881602103060e+00 6.591178055754784437e-02 2.753460606307772895e+00 7.010561601232994100e+00 7.010561601232994100e+00 7.010561601232994100e+00 7.010561601232994100e+00
-1.075834113993891705e+01 -1.041497948858633649e+01 -1.008467809640842461e+01 -9.787672668329532755e+00 -9.400120545044032383e+00 -8.968586530097308440e+00 -7.948823576337478158e+00 -6.058879493452478116e+00 -5.700760534238074939e+00 -4.849941581041420591e+00 -3.937144636235997197e+00 -2.249104285021084060e+00 -4.278075925302973759e-02 2.994163583545522478e+00 7.217585703968895317e+00 7.217585703968895317e+00 7.217585703968895317e+00 7.217585703968895317e+00
-1.072475994496920393e+01 -1.041620289540658106e+01 -1.014179528426208776e+01 -9.874731756555405582e+00 -9.475887754296152821e+00 -9.097974563932680780e+00 -8.048210459088947388e+00 -5.861797595371259106e+00 -5.898399964904694315e+00 -4.781202475200557522e+00 -4.021411987401334542e+00 -1.571438998698071909e+00 -4.290453673685787339e-02 2.908705727371786676e+00 6.637249191744189147e+00 6.637249191744189147e+00 6.637249191744189147e+00 6.637249191744189147e+00
