-1.040090803271551323e+01 -1.027038281730952463e+01 -9.923806656380268265e+00 -9.604431049405897980e+00 -9.296053759050963095e+00 -8.946828398606946564e+00 -8.326470095005033656e+00 -7.261699592367865996e+00 -4.969224512843342545e+00 -2.379140663233297204e+00 -2.498169581305427656e+00 -2.932283800659338246e-01 6.898112947069059420e-01 1.786732921604831992e+00 5.083460041399535001e+00 5.083460041399535001e+00 5.083460041399535001e+00 5.083460041399535001e+00
-1.031881510618318210e+01 -1.004054038302953700e+01 -9.924158375827625278e+00 -9.766212849372667648e+00 -9.428335035240921869e+00 -8.874072595140910735e+00 -8.128279015733145485e+00 -6.826134257515005466e+00 -4.296667640589858728e+00 -2.346860901209653960e+00 -1.671199395725720738e+00 -9.115082240462465957e-02 1.683968689453672951e+00 1.926898227049580026e+00 5.014353516756425932e+00 5.014353516756425932e+00 5.014353516756425932e+00 5.014353516756425932e+00
-1.026277711640028478e+01 -9.940248848153794725e+00 -9.774461742868972181e+00 -9.757199979793734101e+00 -9.578353598796491397e+00 -9.062541612302803529e+00 -8.110854061200990728e+00 -6.785287567226435890e+00 -3.546422324137996185e+00 -3.239427039850502510e+00 -6.787044083802311611e-01 9.347710811097297012e-02 1.129015960636940319e+00 1.934278561402457131e+00 4.687330246744248363e+00 4.687330246744248363e+00 4.687330246744248363e+00 4.687330246744248363e+00
-1.043298649795265121e+01 -1.025934801410582331e+01 -9.790024824103211287e+00 -9.287716355018803327e+00 -9.155168550242098746e+00 -9.060302502020105564e+00 -8.158374375043585758e+00 -6.414835776149640623e+00 -2.674862357206594599e+00 -3.179212992508246405e+00 -5.469127887594404935e-01 8.847408588667026175e-01 1.071513047309025968e+00 2.154667196195185763e+00 4.846704088461722293e+00 4.846704088461722293e+00 4.846704088461722293e+00 4.846704088461722293e+00
-1.052431427196586888e+01 -1.024400871509661748e+01 -9.869010848170216121e+00 -9.564784351805048601e+00 -8.964681489155665872e+00 -8.639208345902629205e+00 -8.099549106770464135e+00 -5.260905504969367819e+00 -2.577936442733811617e+00 -3.008582665386714261e+00 -3.324494926607873269e-01 3.827256460069919930e-01 1.824569018884557137e+00 2.312354575689990366e+00 4.870379943701239611e+00 4.870379943701239611e+00 4.870379943701239611e+00 4.870379943701239611e+00
-1.035849882890889084e+01 -9.995344942702535818e+00 -1.012499695935069965e+01 -9.836744534813192331e+00 -9.294296519481324736e+00 -8.547877440063462728e+00 -7.563177467170866919e+00 -4.085244201583036805e+00 -3.724308893370147810e+00 -1.231791816933180517e+00 -3.388106804672535305e-02 3.208542785576140588e-01 1.432014329221564131e+00 2.139600890213452455e+00 4.462313804815556395e+00 4.462313804815556395e+00 4.462313804815556395e+00 4.462313804815556395e+00
-1.039698852935418749e+01 -1.022516648776601400e+01 -9.877807297911243012e+00 -9.732761535926321983e+00 -9.275145113418350462e+00 -8.505814438616081219e+00 -7.270944580627315190e+00 -2.968011890012637100e+00 -3.661588511492248621e+00 -5.204078092330773897e-01 1.368405339586953984e+00 1.574547753548356299e+00 1.591075203569894514e+00 3.320145305549600856e+00 4.255835626875045463e+00 4.255835626875045463e+00 4.255835626875045463e+00 4.255835626875045463e+00
-1.044726173036749017e+01 -1.004808413790795463e+01 -9.949032330553752246e+00 -9.699137247094098413e+00 -9.160690405982885309e+00 -8.267415225420828406e+00 -4.908107100240624909e+00 -2.436518244071966155e+00 -2.772498484097958293e+00 -1.370724888111347350e-01 1.508874320423956084e+00 1.986005539580957269e+00 1.760787820529362335e+00 4.349837877419806986e+00 5.008706688873453494e+00 5.008706688873453494e+00 5.008706688873453494e+00 5.008706688873453494e+00
-1.042692484255576879e+01 -1.012228840279203546e+01 -9.546813249016267378e+00 -9.037366884570818826e+00 -8.228587277656050247e+00 -6.898865729283071957e+00 -3.821583010404052239e+00 -4.073275033335908901e+00 -9.512994303452232403e-01 1.313555960591591409e+00 2.036155808956251256e+00 2.707359993111452034e+00 3.374874101370690660e+00 4.734213890892410959e+00 4.998770569113419882e+00 4.998770569113419882e+00 4.998770569113419882e+00 4.998770569113419882e+00
-1.041537235086133073e+01 -1.005186663141720693e+01 -9.463379422290076448e+00 -8.438072039549998848e+00 -7.403787067154323331e+00 -5.376147818369368281e+00 -2.522780316537833301e+00 -3.578460812475506625e+00 6.229762575711221551e-02 2.024148268304630349e+00 3.085350804569444438e+00 3.478271718421780623e+00 4.954564143934333309e+00 4.981071022468452902e+00 5.290020121260659458e+00 5.290020121260659458e+00 5.290020121260659458e+00 5.290020121260659458e+00
-1.022046647104714445e+01 -9.425083830177555910e+00 -8.906437648073886493e+00 -8.418249366435523129e+00 -6.834314488632234230e+00 -3.946473487233252975e+00 -3.872408141272130067e+00 -1.580737798557643181e+00 1.492288898896922733e+00 3.101242306563658513e+00 3.029846540486611506e+00 4.571995977489078378e+00 2.822642241122402584e+00 2.224902426627116014e+00 5.250627004760287875e+00 5.250627004760287875e+00 5.250627004760287875e+00 5.250627004760287875e+00
-9.898113847136052357e+00 -8.979741255680920631e+00 -8.201697859800058055e+00 -7.688823059627798884e+00 -5.248833262995288962e+00 -2.656797379156601746e+00 -2.895481296684238259e+00 4.558717998999963807e-03 2.842231743574194613e+00 3.082845996277677081e+00 4.403003062449888816e+00 3.767258462119813522e+00 1.921722490764476321e+00 2.543910395695621940e+00 5.134909810777837258e+00 5.134909810777837258e+00 5.134909810777837258e+00 5.134909810777837258e+00
-9.374464068605460554e+00 -8.482934792701588123e+00 -7.839007511347223733e+00 -6.198556381530377024e+00 -4.121953064802807098e+00 -2.632775183862429369e+00 -2.400177805543984189e+00 1.437272541305726570e+00 3.240647798750087905e+00 4.042480276247052196e+00 4.701171497286295242e+00 1.977985539944383753e+00 4.964836224585410518e-01 2.390349462043082962e+00 4.996268434681054416e+00 4.996268434681054416e+00 4.996268434681054416e+00 4.996268434681054416e+00
-9.978049963567876546e+00 -7.744336965804821560e+00 -6.669838717207720258e+00 -5.018745918822216545e+00 -3.038380212362420174e+00 -3.437543038666837081e+00 -3.799047926856903290e-01 2.991077329919536343e+00 3.274283989326110422e+00 4.995702669717884348e+00 3.277317358126353941e+00 -1.958137785623214722e+00 3.422718627644925071e-01 2.595915276504688673e+00 5.026749494727543066e+00 5.026749494727543066e+00 5.026749494727543066e+00 5.026749494727543066e+00
-9.365129742297430226e+00 -7.536734585114252205e+00 -5.663775264873335935e+00 -4.215935002690061495e+00 -2.058523890836938541e+00 -2.550531649288949154e+00 1.396578706151090643e-01 3.105034332847369960e+00 3.526992874033826553e+00 5.508162295975759903e+00 4.471419661748544883e+00 -8.945226756456002848e-01 9.687663373295404279e-01 2.566824791494279445e+00 5.323953575414972050e+00 5.323953575414972050e+00 5.323953575414972050e+00 5.323953575414972050e+00
-8.993880901322576449e+00 -6.808796019507539654e+00 -4.934885448881807690e+00 -3.228309777179724449e+00 -1.655818631811518893e+00 -1.487175764201109640e+00 2.951444118280873941e+00 2.987327869440379313e+00 4.188972560893749808e+00 6.221491475018957829e+00 6.042072294110573338e+00 1.906063500856766346e+00 5.777434206220970481e-01 2.732408455856068841e+00 5.315665712888345773e+00 5.315665712888345773e+00 5.315665712888345773e+00 5.315665712888345773e+00
-8.601884585435904285e+00 -6.427222655535250517e+00 -4.234207310534327640e+00 -2.365911604989720640e+00 -2.095469943796280710e+00 -1.128616387039973468e-01 3.213460128034156593e+00 3.257232655464802562e+00 4.248202289653127295e+00 5.097603541302091479e+00 4.605429327436827869e+00 4.760911973303534772e+00 4.246263326818569439e+00 3.166962128045146319e+00 5.297890060507751464e+00 5.297890060507751464e+00 5.297890060507751464e+00 5.297890060507751464e+00
-7.846683999355176908e+00 -6.004455577408347899e+00 -3.972245331751475206e+00 -1.710274036957361687e+00 -1.834992020147617975e+00 6.592653007865064696e-01 3.534810814418127833e+00 3.859084171609336256e+00 4.107709513791708567e+00 3.268763397182399277e+00 3.387535759704608740e+00 3.189321835846923303e+00 3.914833416869651472e+00 5.147436789173617022e+00 5.184910017031318041e+00 5.184910017031318041e+00 5.184910017031318041e+00 5.184910017031318041e+00
-7.565134388576060687e+00 -5.987100851639751475e+00 -3.647619395439813506e+00 -1.504851408082703568e+00 -9.248783318546383025e-01 2.970396717305767709e+00 3.110188190994325641e+00 3.891967104812859013e+00 3.775770313232469810e+00 1.738877741307197855e+00 1.493073376110176653e+00 1.533379542071207524e+00 2.796585973187263097e+00 4.263883738150820335e+00 5.054728420343326256e+00 5.054728420343326256e+00 5.054728420343326256e+00 5.054728420343326256e+00
-7.931583676888380730e+00 -6.055218982889877033e+00 -3.376258169366836093e+00 -1.824519606637301505e+00 -1.699965029126804694e+00 2.970992768484135738e+00 3.029954865524537411e+00 4.003296263289922052e+00 3.053329560321486280e+00 1.506187234336151315e+00 6.067757817426342459e-01 9.379386827409579297e-01 1.988063458746982537e+00 3.607517708607271167e+00 5.308345697287098375e+00 5.308345697287098375e+00 5.308345697287098375e+00 5.308345697287098375e+00
-8.128437481963738165e+00 -6.083573321758255936e+00 -3.368762772167204211e+00 -1.429227737705047074e+00 -9.898160073832164008e-01 3.068521454279584226e+00 3.101435284970550654e+00 4.035408308957425305e+00 2.932470799281783780e+00 1.392170266842106763e+00 4.907412932656059490e-01 4.255686659829829854e-01 1.252428726741883880e+00 3.337844812439442865e+00 5.352002041009764177e+00 5.352002041009764177e+00 5.352002041009764177e+00 5.352002041009764177e+00
-7.937030321654335197e+00 -6.162373190240118426e+00 -3.456519225730514844e+00 -1.613030618373102909e+00 -9.253183458886046209e-01 3.136842716821427235e+00 3.191408344865257263e+00 4.142433404178406775e+00 2.748068451691873193e+00 1.128851427196304602e+00 -2.582806485292339804e+00 -1.555737628265862149e+00 1.171534144079173556e+00 3.153398881217658101e+00 5.343714178483140564e+00 5.343714178483140564e+00 5.343714178483140564e+00 5.343714178483140564e+00
-8.042014086612368828e+00 -6.928500600023197897e+00 -4.440701065267229630e+00 -2.905608774833963182e+00 -1.795633171173919296e+00 9.539750505398612024e-01 3.154728659236087918e+00 3.950194301646663408e+00 2.313899311844646700e+00 7.365841402111399372e-01 -2.505532441028537338e+00 -1.603344807951634365e+00 1.176922072346062942e+00 3.453537422631610010e+00 5.288056421142259822e+00 5.288056421142259822e+00 5.288056421142259822e+00 5.288056421142259822e+00
-8.043474218122875996e+00 -7.140898739060317801e+00 -5.050988692118549395e+00 -2.781188930790603031e+00 -1.640766775853677473e+00 -4.834661476932741730e-01 3.167240962641038493e+00 3.767008523761901539e+00 2.040689489010943714e+00 -2.851174808315064091e+00 -2.681320327437618278e+00 -1.339806945780250613e+00 1.257547149309839796e+00 3.666238452524801517e+00 5.234910223284806818e+00 5.234910223284806818e+00 5.234910223284806818e+00 5.234910223284806818e+00
-7.908309052350619872e+00 -7.095091160861192847e+00 -5.359757619549176511e+00 -3.717851679722626201e+00 -2.487017014197417719e+00 -1.129896107093927515e+00 1.308173038530744847e+00 2.980514889925006017e+00 1.937151073844195270e+00 -3.775499386255523504e+00 -2.517099177642253771e+00 -4.852689227328027544e-01 1.489446230947798044e+00 3.750260242007530387e+00 5.357974849094725656e+00 5.357974849094725656e+00 5.357974849094725656e+00 5.357974849094725656e+00
-8.313957181130763985e+00 -7.581422271080895392e+00 -6.198227508062621460e+00 -4.692059202685491925e+00 -3.069852640145458000e+00 -2.309147600334496619e+00 -9.099160134734100014e-01 2.738193558763396762e+00 1.303991785872520071e+00 -3.313285558196533032e+00 -1.444711541344196881e-01 1.028069454379333170e+00 1.869277204418798188e+00 4.206446051715327705e+00 5.402235924776765508e+00 5.402235924776765508e+00 5.402235924776765508e+00 5.402235924776765508e+00
-8.749190110632252271e+00 -7.620378988674088028e+00 -6.674534101240147344e+00 -5.352719811651891924e+00 -3.905093455283484172e+00 -2.268123089344665111e+00 -1.640440933024219783e+00 5.482346020364975425e-01 1.820215751716363517e+00 -4.181462007700558203e-01 3.733969027651206640e-01 3.400798977691933400e-01 2.153847354027595973e+00 4.664977725951657384e+00 5.380050506604557192e+00 5.380050506604557192e+00 5.380050506604557192e+00 5.380050506604557192e+00
-8.983126445673780935e+00 -8.319464498317348244e+00 -7.470748438420247162e+00 -6.150183320324725145e+00 -4.940461251342897597e+00 -3.705145211816750273e+00 -2.178297394610109627e+00 -1.401742779845240205e+00 1.584917044314689161e+00 1.229005217378989379e+00 4.142219341578747827e-01 2.859280143075836889e-01 1.886638724157816416e+00 4.756544159873724809e+00 5.371762644077932691e+00 5.371762644077932691e+00 5.371762644077932691e+00 5.371762644077932691e+00
-9.328324832718651649e+00 -8.467200609822549850e+00 -7.882401879879029849e+00 -7.257878451288211963e+00 -6.213335861421543704e+00 -4.868271016968564346e+00 -2.936211975518495443e+00 -1.739293045961197492e+00 3.501135291250118131e-01 1.066502940432455748e+00 6.640293176633951244e-01 4.040727656446409521e-01 1.237761327678107204e+00 4.103382617819200995e+00 5.335645691844004723e+00 5.335645691844004723e+00 5.335645691844004723e+00 5.335645691844004723e+00
-9.972335163605075437e+00 -9.001608236938917429e+00 -8.573603566560910494e+00 -8.062600491478512765e+00 -7.393549559813342498e+00 -6.494671886730763788e+00 -4.390134306178169687e+00 -2.236829849223473943e+00 -1.638358181607759256e+00 9.583832391557348673e-01 8.466016912477575262e-01 9.469623705536417413e-01 8.571883466701872567e-02 3.956242626411820229e+00 5.400329057941832822e+00 5.400329057941832822e+00 5.400329057941832822e+00 5.400329057941832822e+00
-1.028165961727184019e+01 -9.813947164818049629e+00 -9.322173865755933875e+00 -8.841516825383495259e+00 -8.275919348810905518e+00 -7.251432347314209714e+00 -5.601836515055584442e+00 -3.821116612119520362e+00 -1.500392131971136855e+00 -4.322459523220454902e-01 1.069636197621685492e+00 1.095441201985436264e+00 8.572911752658510243e-02 4.158946556373338765e+00 5.438572252898182136e+00 5.438572252898182136e+00 5.438572252898182136e+00 5.438572252898182136e+00
-1.037702433381461198e+01 -1.000461589377781024e+01 -9.554056282466371286e+00 -9.149770632287834715e+00 -8.598869197814233090e+00 -7.678914137813458218e+00 -6.369583874737031692e+00 -4.756232674599978338e+00 -2.793712344261450209e+00 -1.762522976896317983e+00 1.408641832696898799e+00 7.022778622052872066e-01 8.147032864006257258e-01 3.942901335453360634e+00 5.416386834725973820e+00 5.416386834725973820e+00 5.416386834725973820e+00 5.416386834725973820e+00
-1.033961766117836767e+01 -1.010112557553995316e+01 -9.714738795196343091e+00 -9.303443751205060508e+00 -8.829343958045260621e+00 -7.917826554555099428e+00 -6.655312899118030145e+00 -5.353897722326006026e+00 -3.761012491774341271e+00 -2.052781358295038494e+00 -1.834195543236573911e-01 9.355753614002176866e-01 4.786345705497570546e-01 2.938466487402248806e+00 5.408098972199350207e+00 5.408098972199350207e+00 5.408098972199350207e+00 5.408098972199350207e+00
-1.040699459771004953e+01 -1.009905392585018724e+01 -9.571074533654385874e+00 -9.437361318669697852e+00 -8.970040164191907195e+00 -8.072995596120280837e+00 -6.858432714282908016e+00 -5.612169878868251693e+00 -4.153162004173659660e+00 -2.767603934744299554e+00 -2.855007660582282725e+00 8.240502656987078733e-01 -4.847656644585955632e-02 2.577380838457334455e+00 5.399811109672725706e+00 5.399811109672725706e+00 5.399811109672725706e+00 5.399811109672725706e+00
-1.044428467829220430e+01 -1.013602025791500694e+01 -9.843752858213974832e+00 -9.504406381085495070e+00 -9.033119799444229159e+00 -8.302062471352268602e+00 -6.995414587055556410e+00 -5.757883977530902975e+00 -4.783414653094479441e+00 -3.217411113455658889e+00 -2.359104603117634369e+00 1.896701296710300300e-01 4.320585416574934667e-02 2.801227780991404792e+00 5.426885813004242110e+00 5.426885813004242110e+00 5.426885813004242110e+00 5.426885813004242110e+00
-1.052396176001905204e+01 -1.017779882987724349e+01 -9.865200309679465818e+00 -9.530741965167289109e+00 -9.119366209961500047e+00 -8.429723975243557987e+00 -7.181887114899477176e+00 -5.767010263450750074e+00 -5.180842322800844002e+00 -3.701132235882173660e+00 -1.973828017932090395e+00 -1.291985420665392736e-01 -2.439590633635212724e-01 2.279847080838954820e+00 5.474908581019599652e+00 5.474908581019599652e+00 5.474908581019599652e+00 5.474908581019599652e+00
-1.049300193910819878e+01 -1.022262115827789408e+01 -9.910935088921911884e+00 -9.610254236050163712e+00 -9.156441608308403701e+00 -8.614402072541622601e+00 -7.324849164717305960e+00 -5.809251807040718418e+00 -5.022974472564360582e+00 -3.439745434718167072e+00 -2.876825074698055484e+00 -1.100164151376971100e+00 6.471258722167292365e-01 2.347313886055614862e+00 5.466620718492974262e+00 5.466620718492974262e+00 5.466620718492974262e+00 5.466620718492974262e+00
-1.051306744543743399e+01 -1.027078636740978013e+01 -9.916396468972983769e+00 -9.578369398324573680e+00 -9.239271045052619868e+00 -8.624964193161307691e+00 -7.351223515422008248e+00 -5.856750502682880999e+00 -5.082848665218921091e+00 -3.739870813691497986e+00 -3.107814902797894963e+00 -2.298415206190220772e+00 3.077862005855863115e-01 2.215457480417461156e+00 5.444435300320766835e+00 5.444435300320766835e+00 5.444435300320766835e+00 5.444435300320766835e+00
-1.060340903578014604e+01 -1.022624712858469209e+01 -9.936410508461088753e+00 -9.565379885380846048e+00 -9.269920987196467621e+00 -8.722827317194976615e+00 -7.519900333226046563e+00 -5.880351812338012074e+00 -5.136915859074851376e+00 -3.825711887681527035e+00 -3.868251939849139287e+00 -1.667412554320643281e+00 -4.266224037667946112e-01 2.164146744321151949e+00 5.440205881012236233e+00 5.440205881012236233e+00 5.440205881012236233e+00 5.440205881012236233e+00
-1.061664161853759936e+01 -1.022937242613580189e+01 -9.945325095437056007e+00 -9.613102235896819892e+00 -9.307466703877713243e+00 -8.885274610497816639e+00 -7.589739828693638835e+00 -5.860576613054458761e+00 -5.258730652296463859e+00 -3.852872704420506000e+00 -4.130233127145046979e+00 -2.263813275569057648e+00 -9.276654217051852891e-01 2.089350156541816883e+00 5.281892022993369018e+00 5.281892022993369018e+00 5.281892022993369018e+00 5.281892022993369018e+00
