-1.043672790148644047e+01 -1.029824718298366903e+01 -9.956578476941109201e+00 -9.643704784384443229e+00 -9.315211564615184514e+00 -8.956737604083292226e+00 -8.330710864544112582e+00 -7.259955134096586882e+00 -4.987725706200381914e+00 -2.335805153115626531e+00 -2.435081041234476551e+00 -3.695487648968511230e-01 7.527014349935106097e-01 1.805996421367122906e+00 5.117588720855422046e+00 5.117588720855422046e+00 5.117588720855422046e+00 5.117588720855422046e+00
-1.034166436684660439e+01 -1.008176650812937858e+01 -9.964333944162685697e+00 -9.804154466392207112e+00 -9.451043409565214048e+00 -8.905820621714589436e+00 -8.175339513161388183e+00 -6.825602065544312147e+00 -4.307773554028049290e+00 -2.433977556092716377e+00 -1.612572197821526165e+00 3.454549633784926438e-02 1.677938869883279338e+00 1.964469767198338213e+00 5.040550126744113513e+00 5.040550126744113513e+00 5.040550126744113513e+00 5.040550126744113513e+00
-1.027862217273173684e+01 -9.968366349831855544e+00 -9.794498948784676529e+00 -9.770142606210828973e+00 -9.560627459001789674e+00 -9.051970774288417232e+00 -8.108535404815851777e+00 -6.787076555829280267e+00 -3.542921527834023365e+00 -3.255727269156777126e+00 -6.950336521950484236e-01 3.137090448919949703e-01 1.102789390101142963e+00 1.956261534048701289e+00 4.701073916508950568e+00 4.701073916508950568e+00 4.701073916508950568e+00 4.701073916508950568e+00
-1.034041381552561845e+01 -1.027183022206661356e+01 -9.792657675927257444e+00 -9.266824291009989167e+00 -9.185422602095140832e+00 -9.042236699327794724e+00 -8.170715620471371565e+00 -6.448180749426413172e+00 -2.618653642415960547e+00 -3.143088276574956819e+00 -6.000051086770493702e-01 7.449347091415916555e-01 9.836166418110853238e-01 2.185250331635097076e+00 4.882092020154313872e+00 4.882092020154313872e+00 4.882092020154313872e+00 4.882092020154313872e+00
-1.051983409256751578e+01 -1.024971298548321386e+01 -9.855408139961378211e+00 -9.564062136410392156e+00 -9.005213855883958729e+00 -8.644816964634470580e+00 -8.132761224049033899e+00 -5.290623004773640226e+00 -2.587239830478581304e+00 -3.063917052322925549e+00 -3.823137224665947853e-01 3.638489407620428273e-01 1.847871025394835831e+00 2.308357755422103530e+00 4.807475000167914736e+00 4.807475000167914736e+00 4.807475000167914736e+00 4.807475000167914736e+00
-1.037124184322645881e+01 -9.948041726858612321e+00 -1.012153634039570349e+01 -9.855681384704446657e+00 -9.321542050761383535e+00 -8.569766790763109654e+00 -7.628923833087132067e+00 -4.079138491813679046e+00 -3.768409792183024187e+00 -1.697583337508566270e+00 2.073048889465261280e-01 3.045689187105519169e-01 1.428647942499539969e+00 2.142786981466226148e+00 4.440175970929505667e+00 4.440175970929505667e+00 4.440175970929505667e+00 4.440175970929505667e+00
-1.044722005662688424e+01 -1.025800000243778598e+01 -9.903474978872786494e+00 -9.734631255772656644e+00 -9.306115866071831277e+00 -8.531646180053222395e+00 -7.327345670198379679e+00 -2.961439321308326544e+00 -3.687030513736111459e+00 -5.331335457140068401e-01 1.102598364541090614e+00 1.597570886605975016e+00 1.599371970136238108e+00 3.335175021891997993e+00 4.347377071829795270e+00 4.347377071829795270e+00 4.347377071829795270e+00 4.347377071829795270e+00
-1.048239173971535365e+01 -1.006514327578464041e+01 -9.950670229592493143e+00 -9.725410989601092737e+00 -9.172007411356563722e+00 -8.252245328181292194e+00 -4.894728081186192625e+00 -2.459032188529121310e+00 -2.801284881233295554e+00 -1.117003616963722912e-01 1.517103505730582169e+00 2.005564515984770146e+00 1.784236787397361912e+00 4.349330723378231234e+00 5.132654400988447385e+00 5.132654400988447385e+00 5.132654400988447385e+00 5.132654400988447385e+00
-1.044740673109881435e+01 -1.013220459965122089e+01 -9.553599165272999016e+00 -9.054210559747966514e+00 -8.238522948596463280e+00 -6.909726693756110372e+00 -3.803484075040595158e+00 -4.172089134065339877e+00 -9.149571234175415402e-01 1.073817935897268816e+00 2.072256848320833456e+00 2.710651090718076084e+00 3.406333406837584565e+00 4.803113226787597334e+00 5.025326162807706609e+00 5.025326162807706609e+00 5.025326162807706609e+00 5.025326162807706609e+00
-1.041739080626381053e+01 -1.007443004938043352e+01 -9.514802654796516990e+00 -8.415942789308994421e+00 -7.417657452017836661e+00 -5.388386633183392505e+00 -2.462527782813596744e+00 -3.616496638290823462e+00 -4.651546732446859567e-02 2.071345060124308635e+00 3.039107151933446271e+00 3.492152945683960397e+00 4.941924822673288809e+00 4.971077733383753916e+00 5.261305919356981775e+00 5.261305919356981775e+00 5.261305919356981775e+00 5.261305919356981775e+00
-1.022873392139234205e+01 -9.471292574972029144e+00 -8.919480323244394881e+00 -8.451138615678233990e+00 -6.869628705617611075e+00 -3.965391766178251398e+00 -3.883933515110257417e+00 -1.466726689035748210e+00 1.212466614274128052e+00 3.052174827484234854e+00 3.032910939972226938e+00 4.581841384446906140e+00 2.772751091478432350e+00 2.222764965478599475e+00 5.409515990330106661e+00 5.409515990330106661e+00 5.409515990330106661e+00 5.409515990330106661e+00
-9.906435909063855405e+00 -8.998633934131097689e+00 -8.210088045465258944e+00 -7.696294004613896789e+00 -5.287306086246115200e+00 -2.632939519970476372e+00 -3.083253419789661276e+00 2.587365617935178524e-02 2.779200293132236155e+00 3.080386157004127323e+00 4.454775563595582355e+00 3.785116148275387893e+00 1.954231010471018104e+00 2.454386697895464486e+00 5.147154723844545643e+00 5.147154723844545643e+00 5.147154723844545643e+00 5.147154723844545643e+00
-9.450709858306730382e+00 -8.551646672228800483e+00 -7.848377615309807709e+00 -6.197001848909751587e+00 -4.111033369573483753e+00 -2.748955936152662538e+00 -2.375149208032356629e+00 1.447275992128422839e+00 3.222989904174516695e+00 4.066741966814291231e+00 4.711920302778601410e+00 1.966997628269215426e+00 5.509606532871386131e-01 2.406731789227101181e+00 5.063184866022673702e+00 5.063184866022673702e+00 5.063184866022673702e+00 5.063184866022673702e+00
-1.002455923809527150e+01 -7.779849838649393057e+00 -6.708515153887955940e+00 -5.022394955312089238e+00 -3.012128096250004106e+00 -3.502915767386938661e+00 -3.618218856863613664e-01 2.925264284814057092e+00 3.279455941254898033e+00 5.020795722454463039e+00 3.323815699024261328e+00 -1.973696505474923146e+00 4.032497960301674178e-01 2.568946095725165968e+00 4.956910458790601659e+00 4.956910458790601659e+00 4.956910458790601659e+00 4.956910458790601659e+00
-9.410973109932143643e+00 -7.577098528417375078e+00 -5.700336672317405373e+00 -4.231708373088721942e+00 -2.066545036110421396e+00 -2.509884343733898238e+00 2.242048298089085734e-01 3.050476108316250823e+00 3.553854689007513556e+00 5.559781799029203775e+00 4.452292064670341887e+00 -7.727982223616952639e-01 9.793733284514127835e-01 2.597970044895156150e+00 5.235938847885591940e+00 5.235938847885591940e+00 5.235938847885591940e+00 5.235938847885591940e+00
-9.028841419399821433e+00 -6.843846878717121385e+00 -4.939500322618748385e+00 -3.218227812445217495e+00 -1.665338789738440628e+00 -1.490979552316828327e+00 2.998661834282783545e+00 2.978705749990547602e+00 4.169679372549307317e+00 6.230472446180106871e+00 6.093157458248892766e+00 1.945953478285586957e+00 6.255715927784581964e-01 2.772289787718897003e+00 5.130509646963378856e+00 5.130509646963378856e+00 5.130509646963378856e+00 5.130509646963378856e+00
-8.570833794346246037e+00 -6.452452357259961246e+00 -4.276482855137018646e+00 -2.374621340083661103e+00 -2.028105743420054452e+00 -1.251987529558161727e-01 3.116068174399864610e+00 3.200414608223181023e+00 4.263070646193446223e+00 5.083387481754908066e+00 4.600716263386592786e+00 4.720384056808626383e+00 3.911788644071030774e+00 3.248632358524768726e+00 5.249747397477549704e+00 5.249747397477549704e+00 5.249747397477549704e+00 5.249747397477549704e+00
-7.820129642537556158e+00 -6.011475062543484071e+00 -4.019758076286206183e+00 -1.691246071396740769e+00 -1.788215389428887914e+00 6.827952381417985439e-01 3.499618000354425718e+00 3.879287389792591689e+00 4.070128310960010154e+00 3.262472973073340832e+00 3.336498059629018353e+00 3.188010108396002629e+00 3.927579062824841039e+00 5.127565172195842180e+00 5.062116886478587929e+00 5.062116886478587929e+00 5.062116886478587929e+00 5.062116886478587929e+00
-7.557151313749908006e+00 -6.026447824482458415e+00 -3.640397771940508953e+00 -1.858714722587281321e+00 -6.606751844939358076e-01 3.028443197605611648e+00 3.131718306165414134e+00 3.877361904692306460e+00 3.814421653237439536e+00 1.749038548227020762e+00 1.491396887564894858e+00 1.529806083276681994e+00 2.804048629970893103e+00 4.271527651725431696e+00 5.004841685601612689e+00 5.004841685601612689e+00 5.004841685601612689e+00 5.004841685601612689e+00
-8.021060267210380346e+00 -6.013852481059347888e+00 -3.356616899630168405e+00 -1.705381522541026706e+00 -1.797423834664952480e+00 2.962807596245410569e+00 3.023634512221586412e+00 4.035154923222170176e+00 3.043257913601797426e+00 1.493046824803463624e+00 6.101108188036110658e-01 9.302903348051043686e-01 1.992495714088304393e+00 3.610480620877407176e+00 5.074565850301391734e+00 5.074565850301391734e+00 5.074565850301391734e+00 5.074565850301391734e+00
-8.165347058904638189e+00 -6.099277263157834028e+00 -3.409033216214989004e+00 -1.406640789731869789e+00 -9.608604653327736944e-01 3.078873598613949270e+00 3.102911372975438287e+00 4.045388798425022969e+00 2.950235427494765972e+00 1.368586742608910445e+00 4.319292541664728757e-01 3.784889120813044183e-01 1.262667226906993401e+00 3.280962891973913997e+00 5.195197544725665750e+00 5.195197544725665750e+00 5.195197544725665750e+00 5.195197544725665750e+00
-8.122710452290821337e+00 -6.300172262215939512e+00 -3.494240737674313202e+00 -1.612392511429815656e+00 -1.023767971406028376e+00 3.137570822694503825e+00 3.205694758924428456e+00 4.114055351492980961e+00 2.775767249648486867e+00 1.144683851285652088e+00 -2.540821113218560079e+00 -1.583920601311472609e+00 1.173692412396401652e+00 3.159263794176545126e+00 5.089768343803443784e+00 5.089768343803443784e+00 5.089768343803443784e+00 5.089768343803443784e+00
-8.094631405997592566e+00 -6.860690970434541569e+00 -4.422302355330140600e+00 -2.950922901951138488e+00 -1.896358648466001995e+00 8.419654160034095725e-01 3.155562959490204378e+00 3.941757023189326858e+00 2.313445432468744567e+00 6.727958021293213298e-01 -2.628584107229693156e+00 -1.535068945329300716e+00 1.238918997334334415e+00 3.464542375877627478e+00 5.075155811939122685e+00 5.075155811939122685e+00 5.075155811939122685e+00 5.075155811939122685e+00
-8.083677223225638642e+00 -7.124501625049092013e+00 -5.051932965651822371e+00 -2.942291638474613613e+00 -1.557268204709622239e+00 -2.859702478549669413e-01 3.148958461827478850e+00 3.759775918972125819e+00 2.034740350220066052e+00 -2.890743734865927728e+00 -2.656716169761647706e+00 -1.288864246435109440e+00 1.267575825277692525e+00 3.664550187249959290e+00 4.977079049112631992e+00 4.977079049112631992e+00 4.977079049112631992e+00 4.977079049112631992e+00
-7.892820712038110642e+00 -7.133083166757913318e+00 -5.322934404419004117e+00 -3.633812083380044022e+00 -2.387447736886695537e+00 -1.046854351498780478e+00 1.213717626601951372e+00 2.985692228329733577e+00 1.916565803538968105e+00 -3.789163889732069634e+00 -2.207388332022308663e+00 -4.595735973901705629e-01 1.542740631919800931e+00 3.742735405859575426e+00 5.024829312256869684e+00 5.024829312256869684e+00 5.024829312256869684e+00 5.024829312256869684e+00
-8.381980210869707903e+00 -7.602338580011767988e+00 -6.153653468687391381e+00 -4.743491717581313161e+00 -3.014316718818883523e+00 -2.341524264618114248e+00 -6.794525881838882064e-01 2.745800793796433048e+00 1.344416117324662263e+00 -3.272427658403992190e+00 -1.939886129477485788e-01 1.029945520563359862e+00 1.881122279086576921e+00 4.172539569494151834e+00 5.357166382778175695e+00 5.357166382778175695e+00 5.357166382778175695e+00 5.357166382778175695e+00
-8.763490642586381441e+00 -7.669009811584082570e+00 -6.705821502392921296e+00 -5.402089012240558041e+00 -3.846376273953778124e+00 -2.132289967011967491e+00 -1.782089552945936850e+00 5.671350202246657757e-01 1.814277070263576430e+00 -4.687750149638207908e-01 3.701467835075760160e-01 3.474070461197037440e-01 2.176248477360320344e+00 4.696368221643791863e+00 5.154456241565721797e+00 5.154456241565721797e+00 5.154456241565721797e+00 5.154456241565721797e+00
-9.090222170920007727e+00 -8.246554229788129575e+00 -7.462848176983269965e+00 -6.174551946053671969e+00 -4.934390315848944830e+00 -3.717671904548225825e+00 -2.208550075967500970e+00 -1.289156718326265327e+00 1.409293196036559781e+00 1.216400642498630891e+00 4.087953796908819215e-01 4.191095361221696680e-01 1.866967197903319331e+00 4.740684942821166814e+00 5.049027040643508712e+00 5.049027040643508712e+00 5.049027040643508712e+00 5.049027040643508712e+00
-9.375061748755426194e+00 -8.484799971524140005e+00 -7.935727036798532197e+00 -7.286385829753715626e+00 -6.234422698917153838e+00 -4.867707025620076067e+00 -2.926679029527506692e+00 -1.894748246616540399e+00 2.949711136849020865e-01 1.073317095010885680e+00 6.155901526441800442e-01 4.702474225758800364e-01 1.258526403077365519e+00 4.103236409783794336e+00 4.954851050033406423e+00 4.954851050033406423e+00 4.954851050033406423e+00 4.954851050033406423e+00
-1.000400401694825803e+01 -9.022409755078083293e+00 -8.573213302132373315e+00 -8.113962823364900601e+00 -7.395127934316359841e+00 -6.508748403918320768e+00 -4.415023904231956564e+00 -2.090714271136815849e+00 -1.677094322944076676e+00 8.682345905248023410e-01 8.583537286195335181e-01 9.755929377417198456e-01 1.617707575105591378e-01 3.965925739280969253e+00 5.004201759224867985e+00 5.004201759224867985e+00 5.004201759224867985e+00 5.004201759224867985e+00
-1.028764988288452109e+01 -9.845554214335249910e+00 -9.326424371543431846e+00 -8.859004138967048192e+00 -8.297258346829284648e+00 -7.259260086685527469e+00 -5.600478874672466745e+00 -3.824091708933718525e+00 -1.420380803924829127e+00 -3.129799124416540179e-01 1.052026986528070251e+00 1.114134349692782688e+00 2.434447549091297847e-01 4.459233074749899828e+00 5.393775272705253698e+00 5.393775272705253698e+00 5.393775272705253698e+00 5.393775272705253698e+00
-1.037924271096294504e+01 -1.001909182382413910e+01 -9.558122897627107761e+00 -9.165744287214298680e+00 -8.643489392748602285e+00 -7.653679058699544235e+00 -6.375919004836655191e+00 -4.752944083980928269e+00 -2.709486271010016267e+00 -1.748161168502742946e+00 1.182763080284940482e+00 6.718459965952534585e-01 8.103825028626394644e-01 3.933455497263303347e+00 5.219144139328006915e+00 5.219144139328006915e+00 5.219144139328006915e+00 5.219144139328006915e+00
-1.034786405937369658e+01 -1.011910546778864273e+01 -9.730114341010576595e+00 -9.321346152780302319e+00 -8.853937637334368560e+00 -7.953220980926272610e+00 -6.635744244896329747e+00 -5.354988552884046626e+00 -3.725459816375501276e+00 -1.967373697193554483e+00 -2.064910946751253862e-01 9.325523608553284438e-01 5.204239338297614870e-01 2.967141606462363690e+00 5.113714938405790278e+00 5.113714938405790278e+00 5.113714938405790278e+00 5.113714938405790278e+00
-1.041704065781642896e+01 -1.012773569632707193e+01 -9.605439884192751521e+00 -9.448828446566766459e+00 -8.944710306800793376e+00 -8.105932148328868436e+00 -6.871716280750261419e+00 -5.616072307008194819e+00 -4.141274959795972599e+00 -2.831745034347878054e+00 -2.941482823979050032e+00 7.791519269934150671e-01 5.660711782062717579e-02 2.590797572700920703e+00 5.008285737483569200e+00 5.008285737483569200e+00 5.008285737483569200e+00 5.008285737483569200e+00
-1.045759587705648030e+01 -1.015934728901237172e+01 -9.885582286228791205e+00 -9.545586713209292640e+00 -9.040961545328796589e+00 -8.318516673241802550e+00 -6.999492614244386957e+00 -5.750472731690056349e+00 -4.789349343767032252e+00 -3.220014530271082975e+00 -2.388681387545799950e+00 1.766724648947282095e-01 -1.597586562341284377e-01 2.771046574271126772e+00 4.977304593016762979e+00 4.977304593016762979e+00 4.977304593016762979e+00 4.977304593016762979e+00
-1.049602765653197167e+01 -1.021086937963004360e+01 -9.885052612630943258e+00 -9.524612278463667536e+00 -9.133403973658342778e+00 -8.427976874232044224e+00 -7.189910853274096958e+00 -5.754000221097667733e+00 -5.203290319569670253e+00 -3.817615256203649388e+00 -1.821431791771550346e+00 -3.052756370662896290e-01 -1.350782096623249495e-01 2.282830582767286121e+00 5.425451586389691272e+00 5.425451586389691272e+00 5.425451586389691272e+00 5.425451586389691272e+00
-1.051020396195620421e+01 -1.023578539075058913e+01 -9.935904497997825047e+00 -9.614275036898366267e+00 -9.176812714417906136e+00 -8.589527252136438307e+00 -7.326655819892689436e+00 -5.786607690271134530e+00 -5.031425471270081218e+00 -3.386380990769625843e+00 -2.981063572950644947e+00 -1.199349175726505790e+00 5.953155361349380392e-01 2.351687624149357170e+00 5.381112977380526630e+00 5.381112977380526630e+00 5.381112977380526630e+00 5.381112977380526630e+00
-1.052705502774906066e+01 -1.027732258761193762e+01 -9.929886938201816449e+00 -9.582965667919005170e+00 -9.269913567043488456e+00 -8.633752130188499407e+00 -7.371078574143883344e+00 -5.850182862528500394e+00 -5.083830155220340430e+00 -3.763803676174303448e+00 -3.034097495092570096e+00 -2.316037178514871453e+00 2.871173732153028402e-01 2.220855089635787927e+00 5.178402836168073620e+00 5.178402836168073620e+00 5.178402836168073620e+00 5.178402836168073620e+00
-1.058465718841237369e+01 -1.023862349530376115e+01 -9.953814098130520094e+00 -9.594116473471371975e+00 -9.305396013080146744e+00 -8.708152967351020735e+00 -7.517456878430230027e+00 -5.854916042053817549e+00 -5.178964651557118160e+00 -3.770073825503382103e+00 -3.839301955284183165e+00 -1.603429364660660550e+00 -2.431668229542112702e-01 2.170257012799920560e+00 5.074597940707640475e+00 5.074597940707640475e+00 5.074597940707640475e+00 5.074597940707640475e+00
-1.060262936140752643e+01 -1.025269765892513618e+01 -9.975523261282116749e+00 -9.649049492880960699e+00 -9.328653230657167228e+00 -8.891170344788363877e+00 -7.591750355856292209e+00 -5.838797437272949864e+00 -5.250831289848903793e+00 -3.850267607078394771e+00 -4.119249953893228344e+00 -2.180394270184681460e+00 -8.738127703375340172e-01 2.117643920387203504e+00 4.881747974806740942e+00 4.881747974806740942e+00 4.881747974806740942e+00 4.881747974806740942e+00
