-1.044737640277711499e+01 -1.036009464359100818e+01 -1.003342669036504375e+01 -9.694275228299826352e+00 -9.420745003766553438e+00 -9.024222488871773251e+00 -8.320843947533600016e+00 -7.268726153469502904e+00 -4.810796408770464438e+00 -3.313204328045316061e+00 -1.705988742136806513e+00 -1.368501274351408004e+00 5.011854705791087827e-01 1.835200652423015999e+00 4.936014893822553873e+00 4.936014893822553873e+00 4.936014893822553873e+00 4.936014893822553873e+00
-1.041351697209366733e+01 -1.019316486671116628e+01 -1.004169372800067705e+01 -9.875855184630754735e+00 -9.489468435450820749e+00 -9.007616130444731084e+00 -8.249190806900390527e+00 -6.960228788763649810e+00 -4.609491407522876116e+00 -2.459998118654339372e+00 -2.324603747188496161e+00 -1.488857076663118451e-01 4.962326922559524567e-01 2.056166305892419999e+00 4.876362601049462953e+00 4.876362601049462953e+00 4.876362601049462953e+00 4.876362601049462953e+00
-1.038964724508040227e+01 -1.005468292520327012e+01 -9.726078318045534132e+00 -9.753736338246934423e+00 -9.620695784932825845e+00 -9.094323572199140671e+00 -8.204521345710313440e+00 -6.947056766299699149e+00 -4.288588848490441308e+00 -2.009831614456748294e+00 -2.853215146517202871e+00 1.874050318877265864e-01 -1.075203521519900174e-01 2.073650925677434032e+00 4.997384975330001922e+00 4.997384975330001922e+00 4.997384975330001922e+00 4.997384975330001922e+00
-1.029918947633612092e+01 -1.027258263506461589e+01 -9.957640773314494709e+00 -9.360072645440492778e+00 -9.209295221353784200e+00 -9.064166709478357120e+00 -8.239234652509882295e+00 -6.809588265825352593e+00 -3.421157940863799762e+00 -2.350430884108094975e+00 -1.703451491983459132e+00 -1.532683244421516044e-01 5.731408121442770343e-01 2.289189441810369985e+00 4.726134173809841243e+00 4.726134173809841243e+00 4.726134173809841243e+00 4.726134173809841243e+00
-1.054290862918469429e+01 -1.030251484264393369e+01 -9.923817176194951628e+00 -9.629737645595408679e+00 -9.100111109933125775e+00 -8.666293408607234738e+00 -8.103559057262925691e+00 -6.069291762651435107e+00 -2.889862060930241228e+00 -3.138267424348194723e+00 -5.269220170261872394e-01 7.726269534959767649e-02 1.445785448043290788e+00 2.386221810081068817e+00 4.617754572596192375e+00 4.617754572596192375e+00 4.617754572596192375e+00 4.617754572596192375e+00
-1.046247212977494812e+01 -1.000959104370019048e+01 -1.019437551756318960e+01 -9.956259584811139263e+00 -9.364853911041244316e+00 -8.678454896777118677e+00 -7.864811909367611875e+00 -5.200892284155180789e+00 -2.519407384484994239e+00 -2.570892959178909809e+00 -1.803066616565490721e-01 5.958958135833531955e-01 1.188440933529258281e+00 2.166925836723609500e+00 4.441396989959230268e+00 4.441396989959230268e+00 4.441396989959230268e+00 4.441396989959230268e+00
-1.051710978329679946e+01 -1.035670883889176253e+01 -9.994148919105434459e+00 -9.821309713874015301e+00 -9.362531502524545246e+00 -8.688697969245396280e+00 -7.650791931295851001e+00 -3.645270281378168775e+00 -3.225296268910073927e+00 -1.067704263095023531e+00 2.143632872799814404e-01 1.552323202499097388e+00 1.569867364463817250e+00 3.323023054079548011e+00 4.211369358166578536e+00 4.211369358166578536e+00 4.211369358166578536e+00 4.211369358166578536e+00
-1.055259307203485264e+01 -1.011809562274149599e+01 -1.000352769063130154e+01 -9.823407288669699255e+00 -9.230928277592919784e+00 -8.319189438962407479e+00 -5.776930668824919124e+00 -2.344774961040632100e+00 -2.824953370768900740e+00 2.117334404991362273e-01 1.479860016880464757e+00 2.036562383787418717e+00 1.746973605475001357e+00 4.321432550114127302e+00 4.895811867503228498e+00 4.895811867503228498e+00 4.895811867503228498e+00 4.895811867503228498e+00
-1.045069982151879451e+01 -1.025545347180016265e+01 -9.605335084399550638e+00 -9.043930301799964155e+00 -8.251557855264275432e+00 -7.030374836396251048e+00 -3.949605522537513735e+00 -3.221055308833819630e+00 -1.016254263363956190e+00 9.028095152669857182e-01 2.066774299521249247e+00 2.732432081329263518e+00 3.439579648646935439e+00 4.748334573416654436e+00 4.868352441647377127e+00 4.868352441647377127e+00 4.868352441647377127e+00 4.868352441647377127e+00
-1.023515896810621406e+01 -1.009730978172650850e+01 -9.524561866716050318e+00 -8.582294198727730361e+00 -7.442265554902718350e+00 -5.126293976677112063e+00 -2.381385142284854428e+00 -3.051895917770969469e+00 -1.181571923100061816e-01 2.068309990654855213e+00 3.115396425783627521e+00 3.473556126147277823e+00 4.972294995011903751e+00 4.964391055554301602e+00 5.101362582262936485e+00 5.101362582262936485e+00 5.101362582262936485e+00 5.101362582262936485e+00
-1.017181780385426748e+01 -9.450727159977637015e+00 -8.792464857160844360e+00 -8.552428813741689950e+00 -6.787973326014506981e+00 -3.411876262941656357e+00 -3.438929360552509529e+00 -7.584686223475660682e-01 1.921751691248359428e+00 3.124275343638390545e+00 3.119348478934210078e+00 4.601096195796423594e+00 3.034013322714914196e+00 2.284000288403494672e+00 5.292291952415967948e+00 5.292291952415967948e+00 5.292291952415967948e+00 5.292291952415967948e+00
-9.945345971643035909e+00 -9.094832539716776409e+00 -8.212979900994087146e+00 -7.626174508323669166e+00 -4.866541873106603688e+00 -2.556446408547351723e+00 -2.697204843127089191e+00 1.244768674684780529e-01 2.894922106358174929e+00 3.150417579150505354e+00 4.427306812812921599e+00 3.768654870184910077e+00 1.440104240936600721e+00 2.498464916169241157e+00 4.984014682775359972e+00 4.984014682775359972e+00 4.984014682775359972e+00 4.984014682775359972e+00
-9.610816598820198564e+00 -8.584772862892734224e+00 -7.623929767247391354e+00 -6.004015274621350429e+00 -3.274946593757628754e+00 -3.408412890331893319e+00 -2.514594517278254671e-01 3.085780258065383475e+00 3.247901744739253971e+00 4.090412578559026180e+00 4.745685496086540667e+00 -2.632020946070223050e-02 4.919250814142216433e-01 2.410014504394548673e+00 4.721821759741439806e+00 4.721821759741439806e+00 4.721821759741439806e+00 4.721821759741439806e+00
-1.015440074054254183e+01 -7.980134361138919274e+00 -6.521186490968878147e+00 -4.470835142722647149e+00 -2.572498169818651093e+00 -2.345252369897210976e+00 1.119029821811011960e+00 3.125571120164222449e+00 3.321987103405135144e+00 5.012571536857688415e+00 3.352811507041024264e+00 -1.883708472328587291e+00 3.473105115802027076e-01 2.604173419911564924e+00 4.766779333820784892e+00 4.766779333820784892e+00 4.766779333820784892e+00 4.766779333820784892e+00
-9.432361424320916399e+00 -7.484274083903579289e+00 -5.326475941064891195e+00 -3.199814429201647048e+00 -2.896313151759901672e+00 -1.049277332642219451e-01 3.105172819078269697e+00 3.151509457064657127e+00 3.669507729418116426e+00 5.638865055934802584e+00 4.495249145065920438e+00 -9.232460099410388921e-01 9.197339628687037916e-01 2.700697685809028581e+00 4.903187632359140125e+00 4.903187632359140125e+00 4.903187632359140125e+00 4.903187632359140125e+00
-9.136494244634793205e+00 -6.849061853980053627e+00 -4.337325701882655871e+00 -2.111003542674572131e+00 -2.004986652489638921e+00 9.153233126979187784e-01 3.018993160223522487e+00 3.103621791250470441e+00 4.198717908325692250e+00 6.191534909814443211e+00 6.170846632551685751e+00 1.924321209633473639e+00 5.414753684128277289e-01 2.728743113611052706e+00 4.853078643888130372e+00 4.853078643888130372e+00 4.853078643888130372e+00 4.853078643888130372e+00
-8.798179278658199820e+00 -6.045438338490285446e+00 -3.719901687346285790e+00 -2.457989504602712039e+00 -6.794981394114375517e-01 2.960339252957151501e+00 3.230632985513218536e+00 3.361804339555853893e+00 4.248806827244582252e+00 5.066878370123879094e+00 4.662639340796671306e+00 4.734098329953114970e+00 3.571092121182235957e+00 3.392396461692069209e+00 4.996111225512358089e+00 4.996111225512358089e+00 4.996111225512358089e+00 4.996111225512358089e+00
-7.784952760530345017e+00 -5.689454361947617222e+00 -3.252284613457633977e+00 -2.366609881068924004e+00 -1.419214268061183559e-01 2.710129267013456911e+00 3.550115666578202323e+00 3.916307895758977864e+00 4.097575317834074582e+00 3.246433060156448391e+00 3.310853712012981731e+00 3.174482717433127821e+00 3.957534812565593363e+00 5.109354567192164964e+00 4.808075508490230909e+00 4.808075508490230909e+00 4.808075508490230909e+00 4.808075508490230909e+00
-7.428229812478200245e+00 -5.849385822660524425e+00 -2.913715847005719617e+00 -1.698121620729124315e+00 -7.911982975679973662e-02 3.086090567349836000e+00 3.119943114844470955e+00 3.915481996460412617e+00 3.801221315100054454e+00 1.735845020538701045e+00 1.391516195474564732e+00 1.463430000859188063e+00 2.814314005868065571e+00 4.337131767212280664e+00 4.672238495013464998e+00 4.672238495013464998e+00 4.672238495013464998e+00 4.672238495013464998e+00
-8.188153201204659837e+00 -5.845640649716169257e+00 -2.634540411269421512e+00 -1.312175196803070376e+00 1.427300693663115849e+00 3.066987524248126817e+00 3.142961538935844068e+00 4.089736481705710247e+00 3.242693772451060941e+00 1.544748432614331479e+00 -7.450152503674845050e-01 8.617582705302164747e-01 1.978238389985887080e+00 3.643419287786674676e+00 4.758130963826843640e+00 4.758130963826843640e+00 4.758130963826843640e+00 4.758130963826843640e+00
-8.134727338019441589e+00 -5.766728214692809829e+00 -2.948029717501722047e+00 -1.487453178525128372e+00 1.383368600111123836e+00 3.136435491666237141e+00 3.244827769141700013e+00 4.088066037231126160e+00 2.997141983971663315e+00 1.455170008501863066e+00 -2.050569234751973835e-01 1.225474737632720190e-01 1.270250414132889194e+00 3.318218347580892846e+00 4.718710513860961520e+00 4.718710513860961520e+00 4.718710513860961520e+00 4.718710513860961520e+00
-8.197776540927129929e+00 -6.140501662574907371e+00 -3.539684674789921992e+00 -1.869958517918429486e+00 4.186274990588541994e-03 3.209702167255640060e+00 3.257978984317354776e+00 4.202901526996093651e+00 2.754440914699660237e+00 1.184939062298210555e+00 -2.734973745560631997e+00 -1.652142233365494928e+00 1.242018754905288791e+00 3.161249954383766436e+00 4.668601525389956208e+00 4.668601525389956208e+00 4.668601525389956208e+00 4.668601525389956208e+00
-8.087350406236723188e+00 -6.841679863488326241e+00 -3.724107127333702305e+00 -2.494874197876336908e+00 -2.233525544540928554e-01 3.176809001594302018e+00 3.246407280855495792e+00 4.010701253910514019e+00 2.370035692147966166e+00 1.644999238363024641e-01 -2.665710208482401811e+00 -1.605769840424635220e+00 1.285805865904234846e+00 3.486614559279169967e+00 4.832457731709240534e+00 4.832457731709240534e+00 4.832457731709240534e+00 4.832457731709240534e+00
-8.123152698489437995e+00 -7.072579599241384685e+00 -4.608196955511340676e+00 -2.424225388296870509e+00 -6.193477828932042462e-01 2.458904328180897103e+00 3.225678240955473619e+00 3.745263413964773580e+00 2.174219062407892089e+00 -3.394374193999668776e+00 -2.924262546938051877e+00 -1.318448610108508445e+00 1.310003267079768552e+00 3.697463046463030700e+00 4.594204053006150090e+00 4.594204053006150090e+00 4.594204053006150090e+00 4.594204053006150090e+00
-7.835364337641259169e+00 -7.187806147229069076e+00 -5.245770857709745272e+00 -3.204991333102734430e+00 -1.205295433253708470e+00 7.757644394721767700e-01 3.215668972285341098e+00 3.006602671756935408e+00 2.024620405804984813e+00 -4.111212266388019287e+00 -2.680852164134094551e+00 -6.578886402186712168e-01 1.581627182011918986e+00 3.730977122929894918e+00 4.647664937076177338e+00 4.647664937076177338e+00 4.647664937076177338e+00 4.647664937076177338e+00
-8.431566302366061194e+00 -7.709353143882427872e+00 -6.243851101649360302e+00 -4.060706842894543200e+00 -2.507648275964461604e+00 -7.909848643482576547e-01 8.066166433589867513e-01 2.854154054704852506e+00 1.395845698503963561e+00 -3.733491470512595001e+00 -1.938106174342387966e+00 1.092520326668107167e+00 1.862694350911896279e+00 4.181714948222564843e+00 4.597555948605177356e+00 4.597555948605177356e+00 4.597555948605177356e+00 4.597555948605177356e+00
-8.911924044937329370e+00 -7.849905721339080600e+00 -6.844203475354403210e+00 -5.235011814460039048e+00 -3.442497357258663904e+00 -1.663784083701647099e+00 -7.599501993855173332e-01 -6.480343831860171377e-01 2.058949747895100213e+00 -8.747647510439731100e-01 -4.406690059972004914e-01 -4.885443724051234671e-02 2.133081479943522929e+00 4.520073324604863885e+00 4.534233395362800678e+00 4.534233395362800678e+00 4.534233395362800678e+00 4.534233395362800678e+00
-9.091532786018010626e+00 -8.365638276486475178e+00 -7.524958456986071909e+00 -6.098359609593301478e+00 -4.510683839111803373e+00 -3.157335326954868293e+00 -1.623113894632211451e+00 -1.100805817709288315e+00 -4.163037385517467381e-01 1.428465914242153634e+00 -4.035844927130496362e-01 1.895803166607318291e-01 1.854104943932200822e+00 4.539039205448430536e+00 4.484124406891806913e+00 4.484124406891806913e+00 4.484124406891806913e+00 4.484124406891806913e+00
-9.380778207450809703e+00 -8.622654104423784105e+00 -8.097423531010646158e+00 -7.370699011451975480e+00 -6.154583290908695048e+00 -4.464164326203127864e+00 -2.734562862475877321e+00 -2.137820078779382182e+00 -1.390741668780382412e+00 1.579452105838980769e+00 5.014189410929861257e-01 -3.286068895756074637e-01 1.479099344553467699e+00 4.120235398436748575e+00 4.478264337680812446e+00 4.478264337680812446e+00 4.478264337680812446e+00 4.478264337680812446e+00
-1.013411171952849088e+01 -9.100980141581713312e+00 -8.718117896418085877e+00 -8.344974120277033336e+00 -7.481352077357929176e+00 -6.652258283160826124e+00 -4.280486391593843365e+00 -2.158292157851989579e+00 -1.629048284533105573e+00 -5.083190044129162199e-01 1.362994121465575859e+00 3.200407799779357854e-01 -5.551805681928270175e-01 3.991664205825709466e+00 4.513296807049015591e+00 4.513296807049015591e+00 4.513296807049015591e+00 4.513296807049015591e+00
-1.033272137934009294e+01 -9.950157547662914936e+00 -9.427313607275062068e+00 -9.066153660359990596e+00 -8.488524926187704267e+00 -7.445440072003462362e+00 -5.745652267456128115e+00 -3.359925505840950066e+00 -2.792051969480588980e+00 -2.363242600477567734e+00 4.140875869083565641e-02 1.169509490149301723e+00 -2.367705888222813304e-01 4.493303486153215509e+00 4.463187818578015609e+00 4.463187818578015609e+00 4.463187818578015609e+00 4.463187818578015609e+00
-1.045543340796676901e+01 -1.004038966160771551e+01 -9.615479056634741895e+00 -9.267973482033182719e+00 -8.866714084602641321e+00 -7.840254248586907337e+00 -6.339311974817475104e+00 -4.834778312300585412e+00 -3.452504710596378423e+00 -2.741267176516435367e+00 -1.896327468402042360e+00 5.822903004505152191e-01 -5.631454003242044593e-01 3.920795438125481702e+00 4.399865265335645148e+00 4.399865265335645148e+00 4.399865265335645148e+00 4.399865265335645148e+00
-1.045035382214478226e+01 -1.018029782408449613e+01 -9.823236546014122439e+00 -9.411166241639083552e+00 -8.995353113553182567e+00 -8.124396031655315653e+00 -6.683635193718554746e+00 -5.605621288067847985e+00 -3.830318675445552934e+00 -2.981217383635010876e+00 -2.532371911976592838e+00 1.168423015394348952e-01 7.577571170312420445e-01 3.070274260368798913e+00 4.349756276864624738e+00 4.349756276864624738e+00 4.349756276864624738e+00 4.349756276864624738e+00
-1.045018092714988533e+01 -1.019618716989775287e+01 -9.862656161902959795e+00 -9.518541591718671313e+00 -9.122545303498693414e+00 -8.272309291436998890e+00 -6.893357589755501280e+00 -5.784092051319743355e+00 -4.655797715022366390e+00 -2.577995419865434901e+00 -2.564656116036776901e+00 7.094545395138790456e-02 9.745620282744009710e-01 2.785838247742983942e+00 4.389097464111444857e+00 4.389097464111444857e+00 4.389097464111444857e+00 4.389097464111444857e+00
-1.049573812856951349e+01 -1.024350025370189776e+01 -1.002933919027222842e+01 -9.557258876838130135e+00 -9.178036949971673408e+00 -8.503741641264333850e+00 -7.195882293486824288e+00 -5.866635353352746662e+00 -5.471597888376056318e+00 -3.464995316559433824e+00 -1.499632646299777994e+00 -7.429826350128458934e-01 5.523629295872320988e-01 2.666732996054493654e+00 4.392142241793232316e+00 4.392142241793232316e+00 4.392142241793232316e+00 4.392142241793232316e+00
-1.058034135297518574e+01 -1.025280427968460373e+01 -9.909649181197465850e+00 -9.601614305026654250e+00 -9.351041891901708425e+00 -8.606431522246470678e+00 -7.379643890077209889e+00 -5.970936426253004470e+00 -5.775998915914295040e+00 -4.154871136972154488e+00 -2.208274199071193600e+00 -1.735294043823767840e+00 -1.191057181610248317e-01 2.221209751433346202e+00 4.328819688550840539e+00 4.328819688550840539e+00 4.328819688550840539e+00 4.328819688550840539e+00
-1.057642700995475771e+01 -1.025748686376145535e+01 -1.002608025106145284e+01 -9.684614013656922538e+00 -9.263063841905530893e+00 -8.744442742951267888e+00 -7.511753590377806766e+00 -5.798867577120688566e+00 -5.374619318864908735e+00 -4.187107469959872041e+00 -2.299996917718484468e+00 -2.376401336655479035e+00 -2.400230996054807386e-01 2.148185176790349260e+00 4.278710700079836116e+00 4.278710700079836116e+00 4.278710700079836116e+00 4.278710700079836116e+00
-1.060540142911596462e+01 -1.038146404016915803e+01 -1.000161111700109018e+01 -9.700900225243358932e+00 -9.358812476252563073e+00 -8.751821889880391225e+00 -7.551923398375007146e+00 -5.964239821965216848e+00 -5.282645522474515687e+00 -3.810001067072630754e+00 -4.977137738190020144e+00 -1.896330863435238712e+00 -5.056811766510259654e-01 2.081936924428668512e+00 4.215388146837451444e+00 4.215388146837451444e+00 4.215388146837451444e+00 4.215388146837451444e+00
-1.070605257085424356e+01 -1.037100672477945906e+01 -9.985295863628609325e+00 -9.687793585873400559e+00 -9.416623529337881493e+00 -8.806657479003693112e+00 -7.622474084486875689e+00 -6.018963733255821680e+00 -5.382061873038245459e+00 -3.464628296863154766e+00 -3.903193475845280425e+00 -2.863142468041210087e+00 -4.636694212123846359e-01 2.248865422341454146e+00 4.297852140101714014e+00 4.297852140101714014e+00 4.297852140101714014e+00 4.297852140101714014e+00
-1.069319009355129602e+01 -1.042350578306825604e+01 -1.000716313346440245e+01 -9.697493397327596298e+00 -9.429169682377478878e+00 -8.961607244072414602e+00 -7.633457963257287204e+00 -5.788446656169201177e+00 -5.378229614420272142e+00 -3.672338248716383369e+00 -3.992486585305181634e+00 -2.362874935124840814e+00 -7.620217472272060588e-01 2.256689622126796024e+00 4.257774111766051917e+00 4.257774111766051917e+00 4.257774111766051917e+00 4.257774111766051917e+00
