-1.053699442328410285e+01 -1.030506904672705204e+01 -9.997957842389711303e+00 -9.641937888064667561e+00 -9.344922349118663263e+00 -8.975098156820790152e+00 -8.323193483350472377e+00 -6.900326191955294952e+00 -3.684891618156405535e+00 -4.150103754121893473e+00 -1.930936427067442285e+00 -3.748438247886447527e-01 1.430772813915880404e+00 2.072770982416886731e+00 5.626597192346224574e+00 5.626597192346224574e+00 5.626597192346224574e+00 5.626597192346224574e+00
-1.047275611067878032e+01 -1.021612692057536798e+01 -1.002111185110014979e+01 -9.821851791123052067e+00 -9.425665835338337573e+00 -8.873653038036591667e+00 -8.065993149192847156e+00 -6.322255023620437342e+00 -4.073235005371742545e+00 -4.414147466521640695e+00 -1.732210393315088304e+00 -2.575209013255008728e-02 1.749211059640208177e+00 1.972496387641766269e+00 5.706108063295292077e+00 5.706108063295292077e+00 5.706108063295292077e+00 5.706108063295292077e+00
-1.021523710531281992e+01 -1.003452075719582837e+01 -9.894950037880871463e+00 -9.946108910864630559e+00 -9.593217758918314075e+00 -9.008935384389880952e+00 -8.052417215628521419e+00 -6.108138617528404701e+00 -2.741810040354488720e+00 -4.267191495992220140e+00 -8.899961897087254048e-01 4.329127188018819239e-02 2.133393033377837700e+00 2.089026505807073608e+00 5.559968843262218741e+00 5.559968843262218741e+00 5.559968843262218741e+00 5.559968843262218741e+00
-1.043198409508112690e+01 -1.020554370076273898e+01 -9.686463501865310022e+00 -9.389339688459955369e+00 -9.351470902241995731e+00 -9.016301136568301899e+00 -7.918251993448002679e+00 -5.210273166015538138e+00 -2.609974805203132409e+00 -3.606012168375477778e+00 -4.070901125739440629e-01 2.119075408935723048e-01 2.061069274421721165e+00 2.168278935912133498e+00 5.084810817538182981e+00 5.084810817538182981e+00 5.084810817538182981e+00 5.084810817538182981e+00
-1.056067589865539702e+01 -1.028520561810788614e+01 -9.923456699165679851e+00 -9.529674704065531188e+00 -8.964311671343228483e+00 -8.626379646870070417e+00 -7.543603306167124600e+00 -4.323833157685569972e+00 -2.850133530870936571e+00 -3.025925969159938056e+00 -3.945513096772115813e-01 1.218801361976963538e+00 1.652757023040369866e+00 2.328329669584195294e+00 4.975574256266932949e+00 4.975574256266932949e+00 4.975574256266932949e+00 4.975574256266932949e+00
-1.034029908833188038e+01 -1.017185578809280244e+01 -1.012439248301638983e+01 -9.814509940237858387e+00 -9.262173435591057213e+00 -8.357365664688879647e+00 -7.117241557220347126e+00 -4.402571886168519910e+00 -4.274679190993308175e+00 -1.813225022203605930e+00 9.054315730524079009e-02 1.416517509337048786e+00 1.618539662208118735e+00 2.156458089754027085e+00 4.605671134625801244e+00 4.605671134625801244e+00 4.605671134625801244e+00 4.605671134625801244e+00
-1.051710086388254339e+01 -1.023980643628841136e+01 -1.007648897484006589e+01 -9.745480144211279949e+00 -9.254827682314029857e+00 -8.345112553683435408e+00 -5.557761388819613124e+00 -4.539341127164979284e+00 -3.709668363436753324e+00 -1.321160247843955693e+00 6.955887623350051063e-01 1.890496484089980722e+00 1.724961648939209002e+00 3.019596243502972399e+00 4.447947560969591763e+00 4.447947560969591763e+00 4.447947560969591763e+00 4.447947560969591763e+00
-1.044116161042619417e+01 -1.018273179277772478e+01 -1.008408626356178317e+01 -9.643067728070692013e+00 -9.156851330809692158e+00 -8.125756941232577191e+00 -4.055596971779133142e+00 -4.369986073856018116e+00 -3.191051979080404610e+00 -2.536782648328428369e-01 1.171687157193511020e+00 1.975394902157725507e+00 1.898614811841918604e+00 4.286520059549221884e+00 5.430466679978315447e+00 5.430466679978315447e+00 5.430466679978315447e+00 5.430466679978315447e+00
-1.045445186726770004e+01 -9.935570710809408013e+00 -9.596791308238657336e+00 -9.434910191633187893e+00 -8.479384447160249749e+00 -6.914707287592349871e+00 -3.455662262459910039e+00 -4.554241390163214831e+00 -2.519618234873897578e+00 -3.334936379257814609e-01 2.161029974398720910e+00 2.643410495742754662e+00 3.232339392786177878e+00 4.708024623402360831e+00 5.540628825246923128e+00 5.540628825246923128e+00 5.540628825246923128e+00 5.540628825246923128e+00
-1.056950411758361774e+01 -1.017673165881070574e+01 -9.338897624123113417e+00 -8.443772652169268866e+00 -7.505994007371381116e+00 -5.591714422398566420e+00 -2.266019708693617130e+00 -4.572974250647812156e+00 -1.614288319417033213e+00 9.718261114465180928e-01 2.767591909504435232e+00 3.377384983280236952e+00 4.921248457421294020e+00 4.957530202527387075e+00 5.825254715032524899e+00 5.825254715032524899e+00 5.825254715032524899e+00 5.825254715032524899e+00
-1.019716704519086115e+01 -9.784520106045119903e+00 -9.008225208326983591e+00 -8.446703983765775803e+00 -6.832683467690346291e+00 -3.978375765427784039e+00 -3.483386562421237453e+00 -2.247429400676115741e+00 2.363259824654879993e-01 2.352081446170804391e+00 2.873677353254402433e+00 4.528510502017324413e+00 3.042492966326042048e+00 2.249363355706835765e+00 5.716745747755277662e+00 5.716745747755277662e+00 5.716745747755277662e+00 5.716745747755277662e+00
-9.911371124835961055e+00 -9.170287536291992225e+00 -8.461964920046822769e+00 -7.918903953438737986e+00 -5.819605084462229350e+00 -3.043745749678850032e+00 -3.454362785802166158e+00 -1.313578446417491330e+00 8.467882212859139113e-01 3.224253300147408297e+00 4.392671077308419214e+00 3.743675321442574422e+00 2.054817202715875979e+00 2.404062643806732069e+00 5.624568447259512993e+00 5.624568447259512993e+00 5.624568447259512993e+00 5.624568447259512993e+00
-9.534184245035081773e+00 -8.769191075153202064e+00 -7.977471827393304515e+00 -6.617519321732100224e+00 -4.810653666681684371e+00 -3.022780022960276369e+00 -4.020839574074113187e+00 -5.467442197216824118e-01 1.902527428936494847e+00 3.921577298951876678e+00 4.551967957178422175e+00 2.050900475928150168e+00 4.815825453423566715e-01 2.349641224125334382e+00 5.686621493186216902e+00 5.686621493186216902e+00 5.686621493186216902e+00 5.686621493186216902e+00
-9.966836274020161923e+00 -8.207675994792557717e+00 -7.101138147262187061e+00 -5.608096244576157297e+00 -3.587981713007674323e+00 -1.827220927831480157e+00 -2.696685887589390873e+00 -5.938879374201394556e-02 3.274838025553171050e+00 4.875649066246500851e+00 3.289543977601352864e+00 -1.964688768932094876e+00 3.640052944386228950e-01 2.481016545836881360e+00 5.598945976602617058e+00 5.598945976602617058e+00 5.598945976602617058e+00 5.598945976602617058e+00
-9.670514296042600932e+00 -7.729347900021579676e+00 -6.183384986901774738e+00 -4.736704514702893221e+00 -2.433418126110213464e+00 -2.526393337823398255e+00 -9.703925892970438616e-01 1.542482662050425946e+00 3.385441674666770151e+00 5.515826955610474869e+00 4.309425241689369912e+00 -9.774181119634782755e-01 9.851753081219442043e-01 2.588364720096975269e+00 5.905069643149706060e+00 5.905069643149706060e+00 5.905069643149706060e+00 5.905069643149706060e+00
-9.060988309310518574e+00 -7.210057139883968347e+00 -5.518114660797360571e+00 -3.774565148909706735e+00 -2.658811690593888777e+00 -2.677561449843647523e+00 -1.076814274163561680e-01 2.855820078614736524e+00 3.960798200631669541e+00 6.040536169987534620e+00 5.855123236655709107e+00 1.863728388670133684e+00 6.683463602802262038e-01 2.592507719376446751e+00 5.839705930016186208e+00 5.839705930016186208e+00 5.839705930016186208e+00 5.839705930016186208e+00
-8.917198329745779972e+00 -6.731070872774489011e+00 -4.951596730901389520e+00 -2.880980707111257644e+00 -3.001187615117045127e+00 -2.799141757239989481e+00 5.477083981003448843e-01 3.353103604877511135e+00 4.161239500862978780e+00 5.043071389298601659e+00 4.523216956379231490e+00 4.598484070127029533e+00 3.665532017082437477e+00 3.285547886157009767e+00 5.752796179798099097e+00 5.752796179798099097e+00 5.752796179798099097e+00 5.752796179798099097e+00
-8.272968555334257346e+00 -6.543200727534760119e+00 -4.748454994876676771e+00 -2.415775631575951099e+00 -2.270245141210275541e+00 -2.528799308672558865e+00 9.018640118082039692e-01 3.834633467805860452e+00 3.926220665254843922e+00 3.248167482138577533e+00 3.306009956264272631e+00 3.141665191018957692e+00 3.881319083251404400e+00 5.096930971060816162e+00 5.748926408028488311e+00 5.748926408028488311e+00 5.748926408028488311e+00 5.748926408028488311e+00
-7.694605502176365519e+00 -6.447321187351430893e+00 -4.512840138289703873e+00 -2.350834229750030424e+00 -1.669445099400233001e+00 -1.502519600435907154e+00 1.648422997044367122e+00 3.745224762076450276e+00 3.700041553576302267e+00 1.787188953737105068e+00 1.616764981534830614e+00 1.657324845719859940e+00 2.798291573024301204e+00 4.262452713778329461e+00 5.868210318573297002e+00 5.868210318573297002e+00 5.868210318573297002e+00 5.868210318573297002e+00
-7.885128568214494038e+00 -6.278730314627009257e+00 -4.543408174597829863e+00 -2.363625878922295254e+00 -1.548726353050332349e+00 3.170686212025297102e-01 2.900504349789823522e+00 3.925260048020235537e+00 3.029664534312130009e+00 1.596167790274455545e+00 1.136032047552932855e+00 1.172684111855918143e+00 1.940473894289731938e+00 3.623042666703896408e+00 5.982305476084780693e+00 5.982305476084780693e+00 5.982305476084780693e+00 5.982305476084780693e+00
-8.272712688288864413e+00 -6.505089441766067182e+00 -4.421936131098872735e+00 -2.443626150286014820e+00 -1.493170361197538210e+00 -1.467723906396414812e-01 3.274337465076896159e+00 3.964199257774469132e+00 2.942101067616661236e+00 1.509449160375452514e+00 8.173136328990622257e-01 6.248546772051616349e-01 1.284704490045033731e+00 3.236851401827298691e+00 5.880152886343732455e+00 5.880152886343732455e+00 5.880152886343732455e+00 5.880152886343732455e+00
-8.269885125687052252e+00 -6.881393131759719672e+00 -4.549567870072365849e+00 -2.206193535640075698e+00 -1.769362339185319488e+00 -1.409936628696131455e+00 1.980718633339833890e+00 3.964711840880259519e+00 2.721000742966542596e+00 1.346332315680263125e+00 -1.460545357578540537e+00 -1.544147221562813588e+00 1.189255014794306842e+00 3.047652796656408647e+00 5.848581127330448659e+00 5.848581127330448659e+00 5.848581127330448659e+00 5.848581127330448659e+00
-8.243326493435406022e+00 -6.930578960054559090e+00 -5.105304478853938122e+00 -2.676256715099132766e+00 -1.910646973294138906e+00 -1.621444903878353827e+00 6.707647930533626734e-01 3.843112866320840482e+00 2.320657264110802753e+00 1.098887573738512646e+00 -2.385705021847278839e+00 -1.512344356089148523e+00 1.170494243742452145e+00 3.393810566668707729e+00 5.723533920684229059e+00 5.723533920684229059e+00 5.723533920684229059e+00 5.723533920684229059e+00
-8.170191657327647405e+00 -7.384521916906855665e+00 -5.393305080589899880e+00 -3.487204454897270711e+00 -1.624615872299878694e+00 -1.826331617346711900e+00 -2.720929539339169700e-01 3.546061269656107573e+00 2.179935183928081166e+00 2.576762566172283719e-01 -2.540084508493111404e+00 -1.177119846980709372e+00 1.213778759291978648e+00 3.726025697696695005e+00 5.790450456424011350e+00 5.790450456424011350e+00 5.790450456424011350e+00 5.790450456424011350e+00
-8.113041767805288629e+00 -7.255708988003244819e+00 -5.993232363984931865e+00 -4.423587476316726885e+00 -2.370847085633242646e+00 -2.145077224082667655e+00 -1.428993609449765501e+00 1.773465637382496851e+00 2.555059061935186726e+00 -3.571989887257037477e+00 -2.213558224401086960e+00 -5.166590944883080461e-01 1.488311170480355994e+00 3.726602130058749296e+00 6.077876169134273532e+00 6.077876169134273532e+00 6.077876169134273532e+00 6.077876169134273532e+00
-8.342860111695641123e+00 -7.807288160276824485e+00 -6.434342297345584605e+00 -5.024908196832251761e+00 -3.623046123695850440e+00 -2.077542343464851005e+00 -2.120462160283718589e+00 6.861051694191738770e-01 2.272578952688517617e+00 -2.963577006408486536e+00 3.401697177208946599e-01 9.805635089148793115e-01 1.861703526845424950e+00 4.187326417191741257e+00 5.995933544160081397e+00 5.995933544160081397e+00 5.995933544160081397e+00 5.995933544160081397e+00
-8.744501930364510400e+00 -7.877876914326734870e+00 -6.835049075447695799e+00 -5.741805816454331968e+00 -4.492802227342132859e+00 -2.308662740330182039e+00 -2.820519215419243775e+00 -1.303746308592213854e+00 1.405587573229296838e+00 5.349759812427689054e-01 3.595046291364673019e-01 8.824338003565983524e-01 2.141267247386221317e+00 4.783831182302972884e+00 5.862888130586961566e+00 5.862888130586961566e+00 5.862888130586961566e+00 5.862888130586961566e+00
-9.160561640570815456e+00 -8.185473093146585555e+00 -7.322392765261936276e+00 -6.387673897276009427e+00 -5.324365283998912624e+00 -3.999793750961861516e+00 -2.468327606382829220e+00 -2.618500859324052410e+00 4.477541465925980457e-01 1.543920163008293489e+00 9.829860121768515535e-01 2.572368881497989479e-01 1.743733496017147999e+00 4.919343090179894240e+00 5.815233505865098351e+00 5.815233505865098351e+00 5.815233505865098351e+00 5.815233505865098351e+00
-9.448124055137984811e+00 -8.521630916507186626e+00 -7.899249644928068470e+00 -7.216612914298776715e+00 -6.332389306540899376e+00 -5.122924426577856849e+00 -2.407582637385099922e+00 -2.842189729122829522e+00 -7.626786603342672333e-01 1.384321827038806019e+00 1.220334537582499657e+00 8.540643498723325955e-01 9.939158740858999863e-01 4.076145170967947706e+00 5.869618713798240073e+00 5.869618713798240073e+00 5.869618713798240073e+00 5.869618713798240073e+00
-9.838809078182679357e+00 -8.992462856297599672e+00 -8.443131816847078142e+00 -7.997400559966360234e+00 -7.358181549145317746e+00 -6.378530846490030548e+00 -3.810373909369997758e+00 -2.772372163600099526e+00 -2.168174279282637951e+00 7.844095768352672415e-01 1.277806120079460817e+00 1.093242036649334059e+00 3.362866711922650187e-01 3.988791408045452513e+00 6.139006077125078065e+00 6.139006077125078065e+00 6.139006077125078065e+00 6.139006077125078065e+00
-1.025329047715921149e+01 -9.790373119248613420e+00 -9.284549070015154726e+00 -8.764025608235064269e+00 -8.177999184717691605e+00 -7.137473339242943027e+00 -5.002223765537580746e+00 -2.441584882193924777e+00 -2.850459398952351453e+00 3.753559073677349422e-01 1.202983455013940883e+00 1.158500954015698303e+00 6.287674821448260287e-01 4.388752666690150406e+00 6.090725842829126435e+00 6.090725842829126435e+00 6.090725842829126435e+00 6.090725842829126435e+00
-1.041471441144752674e+01 -1.000367617604622517e+01 -9.543376125013658395e+00 -9.084800680283869667e+00 -8.487962531554106960e+00 -7.545026796467422692e+00 -6.232030425816544650e+00 -2.680046218135279545e+00 -2.972240406882362684e+00 -1.095799438968257711e+00 9.696434083866266596e-01 1.215202948408248940e+00 8.194971942539825971e-01 3.088148042258546777e+00 5.925671768026577801e+00 5.925671768026577801e+00 5.925671768026577801e+00 5.925671768026577801e+00
-1.047649168332883463e+01 -1.011558197862923691e+01 -9.694003113078412781e+00 -9.255872322719298495e+00 -8.717436588927416352e+00 -7.816344541889460373e+00 -6.616970701920041442e+00 -3.986910499575013755e+00 -3.207614029100957165e+00 -2.675658982717942891e+00 7.200857851451637481e-01 1.248756393844358215e+00 8.299173306705698305e-01 2.393379764051215552e+00 5.845623374830190677e+00 5.845623374830190677e+00 5.845623374830190677e+00 5.845623374830190677e+00
-1.048168991622976876e+01 -1.014095640621624739e+01 -9.772933198651340803e+00 -9.389725982751723876e+00 -8.825104964779443506e+00 -8.027097800599065636e+00 -6.885370031432628046e+00 -5.347541316421197344e+00 -2.740402194404953473e+00 -2.974201695387533206e+00 2.100473705206988007e-01 1.161388240217243961e+00 7.598535525137541935e-01 2.524091545121825764e+00 5.801175551520895368e+00 5.801175551520895368e+00 5.801175551520895368e+00 5.801175551520895368e+00
-1.047770432714327882e+01 -1.018134751708410413e+01 -9.921093317629924968e+00 -9.492315744356883300e+00 -8.962055303748670099e+00 -8.252946648893425774e+00 -7.133385936058924237e+00 -5.607475145160070618e+00 -2.828818717409151251e+00 -3.039262554332069932e+00 -1.722823999346184687e-01 8.363447048784412585e-01 2.730840740076337370e-01 2.770597007131611278e+00 5.998861307511834440e+00 5.998861307511834440e+00 5.998861307511834440e+00 5.998861307511834440e+00
-1.053328307404577480e+01 -1.017706583144780552e+01 -9.860992890899652252e+00 -9.519132348436126989e+00 -9.048722591971737117e+00 -8.300018075881705926e+00 -7.251259187808429374e+00 -5.898090841211424795e+00 -3.166670538570183435e+00 -3.307969043595720304e+00 -1.432990666407695013e+00 4.780909736785113329e-01 9.808551114671371085e-01 2.322723471943881179e+00 6.170797016966322879e+00 6.170797016966322879e+00 6.170797016966322879e+00 6.170797016966322879e+00
-1.051976193865647957e+01 -1.019984989656994756e+01 -9.909221227017113165e+00 -9.589283775631258777e+00 -9.048590873059747963e+00 -8.489283746532302999e+00 -7.389493697344313716e+00 -5.961117883329849931e+00 -4.027454875961239189e+00 -2.959927564910486364e+00 -2.437505683015743774e+00 3.393097569661647217e-01 7.826405858466157772e-01 2.454089076830872962e+00 6.104353910904425362e+00 6.104353910904425362e+00 6.104353910904425362e+00 6.104353910904425362e+00
-1.055303772824516884e+01 -1.025152153502256525e+01 -9.908811810405225629e+00 -9.595934529176691541e+00 -9.200646160612905078e+00 -8.510852500744839233e+00 -7.456801836763670366e+00 -6.056195776243903595e+00 -4.867051492508297272e+00 -2.481983785239977536e+00 -3.567417629774189969e+00 1.873431819520705310e-01 4.872881289445526454e-01 2.453279281127250577e+00 5.939299836101867847e+00 5.939299836101867847e+00 5.939299836101867847e+00 5.939299836101867847e+00
-1.059935520565683831e+01 -1.028653631011910718e+01 -9.980948370053225105e+00 -9.628838094364883915e+00 -9.243059760798550073e+00 -8.558479297481980552e+00 -7.564645539123866058e+00 -6.001667330563952518e+00 -5.080774395902338370e+00 -2.695523263911225875e+00 -3.858059342924992752e+00 1.107972330912817965e-01 4.543065180222910504e-01 2.510839035145878917e+00 5.858135605508131505e+00 5.858135605508131505e+00 5.858135605508131505e+00 5.858135605508131505e+00
-1.062956508225849817e+01 -1.033894208018037020e+01 -1.004733606816653690e+01 -9.695540032044245748e+00 -9.316541304765763698e+00 -8.768356379813154078e+00 -7.547417621492209072e+00 -5.939422203050279236e+00 -5.245672914283691313e+00 -3.167802799954024806e+00 -4.153972099123275363e+00 -2.461415032586343477e-01 3.518684274370423304e-01 2.614572083760544174e+00 6.162270590156744277e+00 6.162270590156744277e+00 6.162270590156744277e+00 6.162270590156744277e+00
