-1.043784735123206353e+01 -1.029912705972263964e+01 -9.957612680570720798e+00 -9.644943823196525656e+00 -9.315811919769787508e+00 -8.957063628940826305e+00 -8.330856521524438563e+00 -7.259896628142610275e+00 -4.988224548614923926e+00 -2.334483516596958186e+00 -2.433027504540522301e+00 -3.717916717431073437e-01 7.546122321724475501e-01 1.806617347066792556e+00 5.118734700314361064e+00 5.118734700314361064e+00 5.118734700314361064e+00 5.118734700314361064e+00
-1.034239122837923830e+01 -1.008311466264002476e+01 -9.965602718871576116e+00 -9.805348178159048800e+00 -9.451759980873394085e+00 -8.906818881275221145e+00 -8.176826667140193905e+00 -6.825542718443148971e+00 -4.307795112944026172e+00 -2.436869364567108676e+00 -1.610759038084697004e+00 3.849216139744839754e-02 1.677619191061008763e+00 1.965654972200944206e+00 5.041491508170449443e+00 5.041491508170449443e+00 5.041491508170449443e+00 5.041491508170449443e+00
-1.027913292723335204e+01 -9.969235203099197307e+00 -9.795147075636918998e+00 -9.770601836234304116e+00 -9.560072338519336910e+00 -9.051630259829121172e+00 -8.108461309820219398e+00 -6.787086113261654674e+00 -3.542635374770414458e+00 -3.256328408648105910e+00 -6.955363098628246643e-01 3.206164755544599898e-01 1.102176283843413707e+00 1.956944769787534177e+00 4.701601278361308367e+00 4.701601278361308367e+00 4.701601278361308367e+00 4.701601278361308367e+00
-1.033752516905603258e+01 -1.027224860355669911e+01 -9.792701871501913402e+00 -9.266183636741773810e+00 -9.186376306476551790e+00 -9.041765130977797327e+00 -8.171100910830588759e+00 -6.449144035116997742e+00 -2.617105741251442463e+00 -3.142026717017082582e+00 -6.014856807954416240e-01 7.403984483729663113e-01 9.809733700799092571e-01 2.186198061357257583e+00 4.883189770494857918e+00 4.883189770494857918e+00 4.883189770494857918e+00 4.883189770494857918e+00
-1.051969648938300317e+01 -1.024992002987926476e+01 -9.854979981596951433e+00 -9.564045474715957340e+00 -9.006497631728025866e+00 -8.645002620619408162e+00 -8.133818142049763722e+00 -5.291417325200873378e+00 -2.587817269591891289e+00 -3.065718118966247019e+00 -3.836923550692035167e-01 3.633725632971737118e-01 1.848546711301628287e+00 2.308232801809169565e+00 4.805458781259078549e+00 4.805458781259078549e+00 4.805458781259078549e+00 4.805458781259078549e+00
-1.037165817638443244e+01 -9.946577618282889333e+00 -1.012142711102177373e+01 -9.856265573348627740e+00 -9.322414506549071334e+00 -8.570444000089954883e+00 -7.630950105244805215e+00 -4.078858355438793382e+00 -3.769891256776511046e+00 -1.712364894129611681e+00 2.150203539897396765e-01 3.043493911605216762e-01 1.428665150382285809e+00 2.142885813129942640e+00 4.439482523040884310e+00 4.439482523040884310e+00 4.439482523040884310e+00 4.439482523040884310e+00
-1.044880354553232138e+01 -1.025903317603948572e+01 -9.904301684057021049e+00 -9.734706350915612205e+00 -9.307106469608958932e+00 -8.532457681029884000e+00 -7.329045649835792986e+00 -2.961063237756913935e+00 -3.687865466745171794e+00 -5.334737932495777768e-01 1.093985039681514282e+00 1.598362390602381833e+00 1.599637923483131274e+00 3.335623151835815925e+00 4.350225035665622464e+00 4.350225035665622464e+00 4.350225035665622464e+00 4.350225035665622464e+00
-1.048349058220669683e+01 -1.006569311525027643e+01 -9.950743086950565086e+00 -9.726242424244450291e+00 -9.172373069228841658e+00 -8.251791426998556389e+00 -4.894322690345338067e+00 -2.459874401104451547e+00 -2.802163258290773840e+00 -1.107241398545352196e-01 1.517376501749892803e+00 2.006151179003390794e+00 1.784992453281462055e+00 4.349316003932671926e+00 5.136609485718215851e+00 5.136609485718215851e+00 5.136609485718215851e+00 5.136609485718215851e+00
-1.044802545614494349e+01 -1.013244365512504253e+01 -9.553793587920523578e+00 -9.054757830799957219e+00 -8.238881978569050801e+00 -6.910085049863321061e+00 -3.802855568459084346e+00 -4.175140841972498684e+00 -9.141471734761161816e-01 1.066233247355749647e+00 2.073426365870821186e+00 2.710728556893348795e+00 3.407305370122276855e+00 4.805301192597319471e+00 5.026228119433459263e+00 5.026228119433459263e+00 5.026228119433459263e+00 5.026228119433459263e+00
-1.041747004180684755e+01 -1.007514386300866605e+01 -9.516399332059883420e+00 -8.415253353082453813e+00 -7.418105690976122268e+00 -5.388859816139266457e+00 -2.460576862796369113e+00 -3.617757790408179019e+00 -4.997681529312603121e-02 2.072745559276407690e+00 3.037647577425532930e+00 3.492568242563387493e+00 4.941532430518208230e+00 4.970772739927204142e+00 5.260423568747446765e+00 5.260423568747446765e+00 5.260423568747446765e+00 5.260423568747446765e+00
-1.022901988619500102e+01 -9.472789694702569818e+00 -8.919931629091427894e+00 -8.452182255859835180e+00 -6.870802342533435692e+00 -3.966042870060341841e+00 -3.884136847670235149e+00 -1.463451513508731150e+00 1.203554557152135773e+00 3.050627790110812754e+00 3.033019554276280338e+00 4.582161810054570239e+00 2.771252285782452418e+00 2.222699266004323437e+00 5.414642049074385177e+00 5.414642049074385177e+00 5.414642049074385177e+00 5.414642049074385177e+00
-9.906694884953061830e+00 -8.999250592972998675e+00 -8.210389022793066260e+00 -7.696585707223989381e+00 -5.288597937199067012e+00 -2.632082641808322521e+00 -3.089054828682961773e+00 2.655636719294284312e-02 2.777080333191846329e+00 3.080323464805683642e+00 4.456432190070413135e+00 3.785660847803945739e+00 1.955260834321714825e+00 2.451571882181036610e+00 5.147659390981583094e+00 5.147659390981583094e+00 5.147659390981583094e+00 5.147659390981583094e+00
-9.453109074734381778e+00 -8.553845212378693219e+00 -7.848703275303135385e+00 -6.197006234200303609e+00 -4.110796638714996121e+00 -2.752756537811627879e+00 -2.374508490801919613e+00 1.447387622719130240e+00 3.222411415448614758e+00 4.067511612460466885e+00 4.712251124504833300e+00 1.966665587854827368e+00 5.526684163177270070e-01 2.407260963278095467e+00 5.065391181189063730e+00 5.065391181189063730e+00 5.065391181189063730e+00 5.065391181189063730e+00
-1.002603970174784997e+01 -7.781013342554814471e+00 -6.709760869864282995e+00 -5.022619351588277326e+00 -3.011358558129362262e+00 -3.504314372206918549e+00 -3.618612081093088850e-01 2.922930766996868712e+00 3.279634067670592401e+00 5.021585128871869586e+00 3.325262954223632939e+00 -1.974120288699296122e+00 4.051761361179382348e-01 2.568089628704499194e+00 4.954779263216591900e+00 4.954779263216591900e+00 4.954779263216591900e+00 4.954779263216591900e+00
-9.412435747243607764e+00 -7.578393369300295390e+00 -5.701546019940634480e+00 -4.232315511053402979e+00 -2.066797875912091964e+00 -2.508697933352325826e+00 2.268602864586354573e-01 3.048746213124388760e+00 3.554698122367821345e+00 5.561390524644107991e+00 4.451688146754325004e+00 -7.690035504330308136e-01 9.797143983382383681e-01 2.598903927053715979e+00 5.233143457499899398e+00 5.233143457499899398e+00 5.233143457499899398e+00 5.233143457499899398e+00
-9.029951071833462350e+00 -6.844973079295902707e+00 -4.939727076138434647e+00 -3.218098888057757900e+00 -1.665615539124860600e+00 -1.491272116555117488e+00 2.999770729464209751e+00 2.978429291525756639e+00 4.169056007628395122e+00 6.230794466072584470e+00 6.094744385614929705e+00 1.947212937407196032e+00 6.271926841814479126e-01 2.773556887964839568e+00 5.124662311122723857e+00 5.124662311122723857e+00 5.124662311122723857e+00 5.124662311122723857e+00
-8.569893671506711996e+00 -6.453258897909552871e+00 -4.277937955666064163e+00 -2.374993729749767635e+00 -2.025835858411734858e+00 -1.259730282586759009e-01 3.112985554635511853e+00 3.198687226082539858e+00 4.263519857996535656e+00 5.082940913790815252e+00 4.600558316282450377e+00 4.719096059408964372e+00 3.901123539344937718e+00 3.251209028951016933e+00 5.248263644362664238e+00 5.248263644362664238e+00 5.248263644362664238e+00 5.248263644362664238e+00
-7.819341710759982078e+00 -6.011749528187290359e+00 -4.021355022972925575e+00 -1.690676833328242701e+00 -1.786920149872987418e+00 6.835572238641028919e-01 3.498492907701680643e+00 3.879923691530366092e+00 4.068959086251494384e+00 3.262258548733862895e+00 3.334894487737153135e+00 3.187960849166455279e+00 3.927991676184984016e+00 5.126948880307259593e+00 5.058347077865416708e+00 5.058347077865416708e+00 5.058347077865416708e+00 5.058347077865416708e+00
-7.556836207521581805e+00 -6.027692030935153156e+00 -3.640354855687489177e+00 -1.869852783789544226e+00 -6.527642739502906855e-01 3.029870097589404843e+00 3.132396472967617918e+00 3.876876785473757803e+00 3.815629969838301161e+00 1.749372637874648362e+00 1.491359007869341502e+00 1.529708236271105859e+00 2.804291190361681174e+00 4.271778034798190404e+00 5.003313179416166712e+00 5.003313179416166712e+00 5.003313179416166712e+00 5.003313179416166712e+00
-8.023849891923070743e+00 -6.012576499710728051e+00 -3.356166487182719038e+00 -1.701994925596293395e+00 -1.800410014501254263e+00 2.962313980699193827e+00 3.023441040518346057e+00 4.036169300700680473e+00 3.042954097975687056e+00 1.492650746865112676e+00 6.102771531868844690e-01 9.300775385949371366e-01 1.992637795576195359e+00 3.610588410470019660e+00 5.067277872694544882e+00 5.067277872694544882e+00 5.067277872694544882e+00 5.067277872694544882e+00
-8.166528176733018896e+00 -6.099826721765426285e+00 -3.410528422207123711e+00 -1.405988919609378662e+00 -9.602005723821912531e-01 3.078813860115594103e+00 3.102964619200565544e+00 4.045689633889153036e+00 2.950818785798984933e+00 1.367857384356050865e+00 4.301309644720142100e-01 3.770008105014052147e-01 1.262998986296131720e+00 3.279188293647147923e+00 5.190251386897405617e+00 5.190251386897405617e+00 5.190251386897405617e+00 5.190251386897405617e+00
-8.128562183895155613e+00 -6.304515822451471685e+00 -3.495604143001587616e+00 -1.612461665609328909e+00 -1.027014457051646401e+00 3.137242051370237039e+00 3.206134392448545256e+00 4.113138968478246227e+00 2.776652557227722529e+00 1.145204955320551443e+00 -2.539497235906496009e+00 -1.584797365508229028e+00 1.173773081565997467e+00 3.159464913142888243e+00 5.081770240520220305e+00 5.081770240520220305e+00 5.081770240520220305e+00 5.081770240520220305e+00
-8.096289065347029634e+00 -6.858544612304221744e+00 -4.421804170291526503e+00 -2.952270849037550882e+00 -1.899444585296852228e+00 8.384376314262804719e-01 3.155587115340218407e+00 3.941490283814454543e+00 2.313441968130466098e+00 6.708319476885702404e-01 -2.632448115191856175e+00 -1.532906756163608275e+00 1.240880800476655610e+00 3.464909540047324654e+00 5.068549431762106927e+00 5.068549431762106927e+00 5.068549431762106927e+00 5.068549431762106927e+00
-8.084928931888487824e+00 -7.123998761424832793e+00 -5.051921503983266781e+00 -2.947358134184154821e+00 -1.554549168272445048e+00 -2.800373637136850946e-01 3.148389358021391082e+00 3.759533146137971293e+00 2.034559677890258378e+00 -2.891543474690696502e+00 -2.655934027913949169e+00 -1.287209464857586472e+00 1.267883983595386344e+00 3.664531342328344543e+00 4.969034764749252986e+00 4.969034764749252986e+00 4.969034764749252986e+00 4.969034764749252986e+00
-7.892349683489877421e+00 -7.134277292092983558e+00 -5.321865498764965174e+00 -3.631292829660845101e+00 -2.384531851226343147e+00 -1.044478658807613369e+00 1.210573682975089715e+00 2.985849308261348423e+00 1.915914361831474677e+00 -3.789567235618581442e+00 -2.197647511643981755e+00 -4.587705064293591262e-01 1.544392505385968839e+00 3.742492944041226899e+00 5.014452759781409696e+00 5.014452759781409696e+00 5.014452759781409696e+00 5.014452759781409696e+00
-8.384101107622516480e+00 -7.603045808501249780e+00 -6.152362876430601091e+00 -4.745178098422816682e+00 -3.012557734903416495e+00 -2.342406036771929045e+00 -6.722373481511425553e-01 2.745846559163219958e+00 1.345767659517848269e+00 -3.271123339565467525e+00 -1.955366607838359139e-01 1.029998762706407334e+00 1.881481700306665727e+00 4.171447093627626224e+00 5.355743194928757944e+00 5.355743194928757944e+00 5.355743194928757944e+00 5.355743194928757944e+00
-8.763921691955122384e+00 -7.670580334878239981e+00 -6.706848867083515131e+00 -5.403672948799671971e+00 -3.844635784134054379e+00 -2.128171043057160539e+00 -1.786720479667132544e+00 5.675700674203933982e-01 1.814101353904371106e+00 -4.703089470743639922e-01 3.700746270078302258e-01 3.476208799864593524e-01 2.176970401840417679e+00 4.697340974607856268e+00 5.147359316294892295e+00 5.147359316294892295e+00 5.147359316294892295e+00 5.147359316294892295e+00
-9.093604228740748141e+00 -8.244231589383861802e+00 -7.462562617267222365e+00 -6.175373252313155703e+00 -4.934254089192920745e+00 -3.718141152613377187e+00 -2.209328223221198151e+00 -1.285697514547640807e+00 1.403587761657391297e+00 1.216098567050429846e+00 4.086290548558061952e-01 4.233211712962252626e-01 1.866339299941251362e+00 4.740191346055143029e+00 5.038878169917717642e+00 5.038878169917717642e+00 5.038878169917717642e+00 5.038878169917717642e+00
-9.376525923508305382e+00 -8.485361459999174016e+00 -7.937422277880070709e+00 -7.287278080322127316e+00 -6.235081754827207945e+00 -4.867735228316589335e+00 -2.926279111474523020e+00 -1.899775878826674536e+00 2.930638516584398445e-01 1.073490155088817843e+00 6.141945143662568274e-01 4.723546723352936016e-01 1.259147361084554939e+00 4.103232051246878065e+00 4.942868102714314205e+00 4.942868102714314205e+00 4.942868102714314205e+00 4.942868102714314205e+00
-1.000496568582989454e+01 -9.023039888148053578e+00 -8.573182823051123336e+00 -8.115570052135641532e+00 -7.395152601693448347e+00 -6.509156009674351928e+00 -4.415852567793676187e+00 -2.086159804358520997e+00 -1.678419151302614765e+00 8.652939285576863870e-01 8.588372085443785053e-01 9.765016845763048181e-01 1.641533047760375952e-01 3.966213202372330215e+00 4.991799471997088844e+00 4.991799471997088844e+00 4.991799471997088844e+00 4.991799471997088844e+00
-1.028784484697126800e+01 -9.846539024834234155e+00 -9.326548243771258129e+00 -8.859539477605741453e+00 -8.297918642887776031e+00 -7.259484192230042154e+00 -5.600395696590235062e+00 -3.823895484992593463e+00 -1.418308790531917385e+00 -3.091617455998010855e-01 1.051433638359109635e+00 1.114732948167598492e+00 2.484765221395876522e-01 4.468716840982486893e+00 5.392375793873380729e+00 5.392375793873380729e+00 5.392375793873380729e+00 5.392375793873380729e+00
-1.037930432144229265e+01 -1.001954749345657802e+01 -9.558251875418521948e+00 -9.166239112265161637e+00 -8.644869537775292656e+00 -7.652874230838556890e+00 -6.376101279596989357e+00 -4.752507937272736349e+00 -2.706837227925785960e+00 -1.747897819359895522e+00 1.175420219440158398e+00 6.710238431235637790e-01 8.102329389012967731e-01 3.933099654786262889e+00 5.212948392069572279e+00 5.212948392069572279e+00 5.212948392069572279e+00 5.212948392069572279e+00
-1.034813890225897204e+01 -1.011966689664525987e+01 -9.730595229637071242e+00 -9.321901601590342423e+00 -8.854691391683498836e+00 -7.954313983476255956e+00 -6.635121378835101780e+00 -5.354993710353792125e+00 -3.724099124892712886e+00 -1.964938456078806350e+00 -2.071475396002519509e-01 9.325696176564379769e-01 5.217643567586274234e-01 2.968001446122600306e+00 5.104467245692393185e+00 5.104467245692393185e+00 5.104467245692393185e+00 5.104467245692393185e+00
-1.041736274952050145e+01 -1.012864772626981846e+01 -9.606567206653334523e+00 -9.449180086413552004e+00 -8.943899007431701520e+00 -8.106958666907789990e+00 -6.872130689481774191e+00 -5.616180887687113099e+00 -4.140798682603643144e+00 -2.833567675527664864e+00 -2.943604205170948340e+00 7.777190574776555732e-01 6.011596799891177900e-02 2.591238875011755205e+00 4.995986099315208762e+00 4.995986099315208762e+00 4.995986099315208762e+00 4.995986099315208762e+00
-1.045800993115162036e+01 -1.016007443357053042e+01 -9.886903060882886507e+00 -9.546865966416351768e+00 -9.041208554461405811e+00 -8.319017140527833476e+00 -6.999635797134876825e+00 -5.750226098367861916e+00 -4.789540625544115748e+00 -3.219679975488030532e+00 -2.389527379432160981e+00 1.762800104313927418e-01 -1.658302107207920428e-01 2.770086767563344488e+00 4.963166607895737492e+00 4.963166607895737492e+00 4.963166607895737492e+00 4.963166607895737492e+00
-1.049513905010180359e+01 -1.021190752273969338e+01 -9.885656332126767865e+00 -9.524406000625877056e+00 -9.133847991393745147e+00 -8.427910708126070460e+00 -7.190155279801947685e+00 -5.753593926055836860e+00 -5.203949266288134368e+00 -3.820936398569839021e+00 -1.816956432118124409e+00 -3.107232676169389141e-01 -1.313631944672556395e-01 2.282964602671664345e+00 5.423921673567780211e+00 5.423921673567780211e+00 5.423921673567780211e+00 5.423921673567780211e+00
-1.051074504703541024e+01 -1.023619019255093754e+01 -9.936690369318316840e+00 -9.614385215928450634e+00 -9.177450414546694191e+00 -8.588730312679324186e+00 -7.326713384706815546e+00 -5.785904729784160594e+00 -5.031667434310987730e+00 -3.384672558760469130e+00 -2.984038305525230861e+00 -1.202172514186174546e+00 5.934436425690372552e-01 2.351822864189689444e+00 5.378440200100936153e+00 5.378440200100936153e+00 5.378440200100936153e+00 5.378440200100936153e+00
-1.052749756442231721e+01 -1.027752790191472343e+01 -9.930306244040403740e+00 -9.583115979755332248e+00 -9.270875984265433800e+00 -8.634009955577100826e+00 -7.371708953701411993e+00 -5.850000007211550113e+00 -5.083864952598033504e+00 -3.764263251844822911e+00 -3.031797085310523165e+00 -2.316213119492169348e+00 2.864726241023234365e-01 2.221031827503268552e+00 5.170056321467070504e+00 5.170056321467070504e+00 5.170056321467070504e+00 5.170056321467070504e+00
-1.058406257264687156e+01 -1.023902433128652412e+01 -9.954359844828990944e+00 -9.595044850798000624e+00 -9.306501152398288568e+00 -8.707677132246590901e+00 -7.517413211536370099e+00 -5.854139662219747464e+00 -5.180289966479286079e+00 -3.768260782040721235e+00 -3.838183125393063833e+00 -1.601487793268062898e+00 -2.372822476364211675e-01 2.170495222227946996e+00 5.063122132672542186e+00 5.063122132672542186e+00 5.063122132672542186e+00 5.063122132672542186e+00
-1.060218359094221086e+01 -1.025344778002434865e+01 -9.976483490940898591e+00 -9.650184857286280504e+00 -9.329312652040824716e+00 -8.891346704329585293e+00 -7.591804528110357886e+00 -5.838129491680419392e+00 -5.250560051973302222e+00 -3.850146486758803999e+00 -4.118738591990735998e+00 -2.177747213011823835e+00 -8.718976188221088108e-01 2.118673724894006849e+00 4.869143789506842346e+00 4.869143789506842346e+00 4.869143789506842346e+00 4.869143789506842346e+00
