-1.049429480258668157e+01 -1.031089584865651787e+01 -9.949329850783346529e+00 -9.618065029969248059e+00 -9.322940355942996860e+00 -8.937866457826794786e+00 -8.358835490300045024e+00 -7.065113408667627937e+00 -3.554405221108416058e+00 -3.641674880334099029e+00 -2.130903162201940759e+00 -5.259285760307101931e-01 8.542681576217323602e-01 2.066945137508566788e+00 5.283924788339663614e+00 5.283924788339663614e+00 5.283924788339663614e+00 5.283924788339663614e+00
-1.043859397180809978e+01 -1.023967500478151038e+01 -1.000646669485132634e+01 -9.763597103924844589e+00 -9.407076432318371317e+00 -8.880366650705099119e+00 -8.112785984180245435e+00 -6.679635152135685594e+00 -3.351606616152423612e+00 -4.249982100215619951e+00 -1.760409732371963631e+00 -1.781160884528799337e-01 1.051637556956427577e+00 1.945136887818710303e+00 5.141990225753165333e+00 5.141990225753165333e+00 5.141990225753165333e+00 5.141990225753165333e+00
-1.022158787150046777e+01 -9.893955452160010822e+00 -9.864623313873160271e+00 -9.836950216626149768e+00 -9.590107633420810629e+00 -9.016851387553433739e+00 -8.086203002803458162e+00 -6.402567869576198945e+00 -2.969881252048580667e+00 -4.284502527573427422e+00 -6.749181273076911847e-01 -1.727217231528717645e-01 1.745739526911679551e+00 2.003863603077270739e+00 5.135763055262204446e+00 5.135763055262204446e+00 5.135763055262204446e+00 5.135763055262204446e+00
-1.043824505302256966e+01 -1.022835667802884174e+01 -9.716586582811498118e+00 -9.358751456386094958e+00 -9.281624137257256990e+00 -9.192273883953959057e+00 -8.097029241454633208e+00 -5.847186391908776315e+00 -2.328996112832811605e+00 -3.864924329073342602e+00 -2.210499816693617947e-01 3.067246510691726824e-01 1.480503827333391031e+00 2.131008537041495288e+00 4.913442344205659396e+00 4.913442344205659396e+00 4.913442344205659396e+00 4.913442344205659396e+00
-1.053053774726712533e+01 -1.022578953555574088e+01 -9.966197434118285514e+00 -9.547572220322532388e+00 -8.985425035041666675e+00 -8.615664308817365225e+00 -7.949140166894146375e+00 -4.849097792761439152e+00 -2.529505184998973810e+00 -3.036387440949921412e+00 -1.139331890088439159e-01 1.066664827433156049e+00 1.485256600793240178e+00 2.312034198282105990e+00 4.819302642002139869e+00 4.819302642002139869e+00 4.819302642002139869e+00 4.819302642002139869e+00
-1.031712094984398220e+01 -1.015252274419897383e+01 -1.015100946582620267e+01 -9.832997555765178532e+00 -9.281030182928873273e+00 -8.458861706834291283e+00 -7.724159061881424648e+00 -3.562078025424226801e+00 -4.100631829501943493e+00 -1.420505998795498437e+00 1.720634702717012687e-01 1.230745075885930628e+00 1.629023980772477564e+00 2.101211730281587364e+00 4.468032462448091380e+00 4.468032462448091380e+00 4.468032462448091380e+00 4.468032462448091380e+00
-1.053313778317314586e+01 -1.024721325271972638e+01 -1.006427406617987685e+01 -9.782542038806646190e+00 -9.270388706871578677e+00 -8.457673295854531759e+00 -6.695419878792499446e+00 -2.735168908190993342e+00 -4.162291268022782376e+00 -4.283216468201824778e-01 9.083580759686409323e-01 1.863568479188690397e+00 1.690549681977881358e+00 3.080320045368040383e+00 4.399216390308025026e+00 4.399216390308025026e+00 4.399216390308025026e+00 4.399216390308025026e+00
-1.035920332828907320e+01 -1.014189737076612552e+01 -1.009318965462759898e+01 -9.685312956209623181e+00 -9.167095579443493847e+00 -8.232081475332599041e+00 -4.967987045508867716e+00 -3.418554132723212291e+00 -3.264684428982965514e+00 -1.441793263009751580e-01 1.580085219448266187e+00 1.998242628689356870e+00 1.860940475228058499e+00 4.279107046553708216e+00 5.209078317827769311e+00 5.209078317827769311e+00 5.209078317827769311e+00 5.209078317827769311e+00
-1.035097558377124471e+01 -1.004164630824592663e+01 -9.510282442724612650e+00 -9.237060982316082303e+00 -8.409310307266094853e+00 -7.018367422847306969e+00 -3.609151144665617039e+00 -4.347508310226092298e+00 -2.392892100196031713e+00 2.600095387005289527e-01 2.052431893564871324e+00 2.700084373211998567e+00 3.254147268156398098e+00 4.719328630592916518e+00 5.060850407509322579e+00 5.060850407509322579e+00 5.060850407509322579e+00 5.060850407509322579e+00
-1.054249036314638843e+01 -1.012945928430346143e+01 -9.328720819803780984e+00 -8.432488734273260178e+00 -7.464951142395772621e+00 -5.607298078514411088e+00 -2.349780464918035161e+00 -4.219658962545970837e+00 -4.297622056751686515e-01 1.804321631834631789e+00 2.782811565256552822e+00 3.387534344022988364e+00 4.905133582659930269e+00 4.987217466808004929e+00 5.341753348370170684e+00 5.341753348370170684e+00 5.341753348370170684e+00 5.341753348370170684e+00
-1.019821455967563040e+01 -9.590885817620266707e+00 -9.034551601055738956e+00 -8.381873514992063789e+00 -6.832725751483785359e+00 -4.067919693625265509e+00 -3.660072368777896656e+00 -2.763317071642994005e+00 2.361271793606429248e-01 2.746233033784911903e+00 2.974840359493998498e+00 4.569913306216579763e+00 3.052636429148403607e+00 2.332616728920351434e+00 5.504667555542720692e+00 5.504667555542720692e+00 5.504667555542720692e+00 5.504667555542720692e+00
-9.902257110758721836e+00 -9.097758275585391630e+00 -8.346946024090605931e+00 -8.046974130830395922e+00 -5.530088893933000627e+00 -2.879633612967464451e+00 -3.362829326626209259e+00 -1.326396559710460110e+00 1.429038619530145215e+00 3.185143771058715156e+00 4.343579478998219834e+00 3.745528878162466491e+00 2.093173357629161124e+00 2.419142407408183093e+00 5.323316653744034177e+00 5.323316653744034177e+00 5.323316653744034177e+00 5.323316653744034177e+00
-9.493181396889802670e+00 -8.668291025484771595e+00 -7.895459933901610938e+00 -6.519318111823958262e+00 -4.400904126617043666e+00 -3.238294671162314842e+00 -3.246581778070518176e+00 2.370618449601685218e-01 3.282541387993892279e+00 3.994930183190319006e+00 4.635201982314097080e+00 2.199804506147425176e+00 4.719524515348881843e-01 2.377469458584491768e+00 5.207127766117446654e+00 5.207127766117446654e+00 5.207127766117446654e+00 5.207127766117446654e+00
-1.001591353606211321e+01 -8.055500457703855588e+00 -6.914566925009605569e+00 -5.352569009468409078e+00 -3.074605973563592443e+00 -2.468082551149848314e+00 -2.778901719144235116e+00 5.908143914118130224e-01 3.270026803276223859e+00 4.964037088063009584e+00 3.347372965457433569e+00 -1.999319477958311886e+00 3.501537273233508163e-01 2.528757586989475836e+00 4.996347999771449722e+00 4.996347999771449722e+00 4.996347999771449722e+00 4.996347999771449722e+00
-9.528541859295913241e+00 -7.655568489172338786e+00 -6.034711991075488058e+00 -4.767893636619833231e+00 -2.297700716176664049e+00 -3.156623163645460473e+00 -8.170517160470731621e-01 2.601001574757288104e+00 3.461439998666593798e+00 5.436269044392804339e+00 4.380918721253454606e+00 -9.829312352057916202e-01 9.709251406670369455e-01 2.469246845860197048e+00 5.284797332457314312e+00 5.284797332457314312e+00 5.284797332457314312e+00 5.284797332457314312e+00
-9.067617304973198955e+00 -7.053686913506760803e+00 -5.345585602881601339e+00 -3.965060916514385525e+00 -1.832369022010817972e+00 -2.487040055795991300e+00 5.674642563958263164e-01 2.940734339100735895e+00 4.023492343111162661e+00 6.136039326925809334e+00 5.924768796650521807e+00 1.989907086380996670e+00 6.539346298813204506e-01 2.731521892703749899e+00 5.279701936027318965e+00 5.279701936027318965e+00 5.279701936027318965e+00 5.279701936027318965e+00
-8.801624716029110118e+00 -6.550012221274558399e+00 -4.776796376555198620e+00 -3.287737504332204352e+00 -2.090400394517709426e+00 -1.973632678008522046e+00 2.105845305207846518e+00 3.309965838805501104e+00 4.190070691994161045e+00 5.112461651378136906e+00 4.541325789790803036e+00 4.624879580137761792e+00 3.522106539274209247e+00 3.193888666778807117e+00 5.378856167614202377e+00 5.378856167614202377e+00 5.378856167614202377e+00 5.378856167614202377e+00
-8.110714057548609190e+00 -6.389626863831637138e+00 -4.463641978232444352e+00 -2.493619538113928336e+00 -2.576813577900366248e+00 -1.178428112942704109e+00 3.440371806897930540e+00 3.861306242354360041e+00 3.979406849495219944e+00 3.250910104458116123e+00 3.240271090542828247e+00 3.154704132041552977e+00 3.878638889407691082e+00 5.103975682501140199e+00 5.202604961249951643e+00 5.202604961249951643e+00 5.202604961249951643e+00 5.202604961249951643e+00
-7.591305290663636463e+00 -6.244542930841030071e+00 -4.234972085513158291e+00 -2.081539111689939325e+00 -2.692636747474780545e+00 1.415810080648281510e-01 2.886925772905461596e+00 3.774569601874268265e+00 3.737948257697764731e+00 1.819936135151315693e+00 1.558891217511273686e+00 1.590356595563659381e+00 2.745248951078751887e+00 4.291321974082183743e+00 4.931845592033561765e+00 4.931845592033561765e+00 4.931845592033561765e+00 4.931845592033561765e+00
-7.917128921124380270e+00 -6.128445370788323743e+00 -3.953648680440920327e+00 -1.757155064400237166e+00 -2.315887328095394437e+00 5.314401452572802276e-01 3.117583104131369964e+00 3.973506550837879292e+00 3.040633621055850000e+00 1.557621222426118113e+00 9.627272413414191821e-01 1.057346119516636929e+00 1.958531218336813318e+00 3.576736331411606962e+00 5.103651750129033715e+00 5.103651750129033715e+00 5.103651750129033715e+00 5.103651750129033715e+00
-8.216175519813955219e+00 -6.410905107120417057e+00 -4.101877184042687752e+00 -2.694298666028299927e+00 -1.910320368360832743e+00 -3.195542385436054844e-01 3.084512357504363589e+00 4.011145849049404077e+00 2.966631620239576606e+00 1.432235294577498985e+00 6.879817911909245076e-01 3.886899612975565632e-01 1.235564536958418946e+00 3.249366812457995302e+00 5.331841335492550016e+00 5.331841335492550016e+00 5.331841335492550016e+00 5.331841335492550016e+00
-8.160153778336475483e+00 -6.758958127728821097e+00 -4.111465915911184155e+00 -2.372608081605882102e+00 -1.902812793464436325e+00 -6.536664407459195081e-01 3.234430795058083064e+00 4.040615359580016275e+00 2.717664833499671140e+00 1.163380821988700298e+00 -2.088693638838346356e+00 -1.620169988843325637e+00 1.145873014520876865e+00 3.089570460916976291e+00 5.231638782625159578e+00 5.231638782625159578e+00 5.231638782625159578e+00 5.231638782625159578e+00
-8.197343687968100312e+00 -6.959182076761584845e+00 -4.860878130700212907e+00 -2.391985143504919087e+00 -1.803917974927443213e+00 -1.316880218586076179e+00 3.349682654552870176e+00 3.890559562778300950e+00 2.284547675178392190e+00 8.983730360242982993e-01 -2.457995016265936972e+00 -1.575563234126615697e+00 1.154057603718169123e+00 3.405573766804962155e+00 5.200007656331593786e+00 5.200007656331593786e+00 5.200007656331593786e+00 5.200007656331593786e+00
-8.170085443900408251e+00 -7.288677688250701614e+00 -5.389772787479002680e+00 -3.298301624161785295e+00 -1.954370789555073262e+00 -1.520505540174253101e+00 1.772795493531279520e+00 3.639141629126991795e+00 2.062554263869079918e+00 -8.144121166751542296e-01 -2.590401459263548034e+00 -1.274248624240778671e+00 1.193440264067612500e+00 3.647790486855966297e+00 4.923194749224204969e+00 4.923194749224204969e+00 4.923194749224204969e+00 4.923194749224204969e+00
-8.068280741275851042e+00 -7.179288941310626448e+00 -5.724411522821051257e+00 -4.270739802175767430e+00 -1.956754371119677538e+00 -1.787581835024838028e+00 -8.681344496366755203e-02 2.729642725820277782e+00 2.288528059213673860e+00 -3.681597412012268755e+00 -2.301353121795866485e+00 -4.851716227557978378e-01 1.469699410994718791e+00 3.716196445440171026e+00 5.144972187729667468e+00 5.144972187729667468e+00 5.144972187729667468e+00 5.144972187729667468e+00
-8.326336920333936575e+00 -7.851836186766718129e+00 -6.517422418122285066e+00 -4.959487675806663276e+00 -3.412333897821824724e+00 -1.984325848493218025e+00 -1.873413284742504015e+00 1.561120813994043566e+00 2.103606293248399872e+00 -3.079036701883634652e+00 -9.825468771070426655e-03 1.045266407614551252e+00 1.863498574134304642e+00 4.192967730038633434e+00 5.457952735375103615e+00 5.457952735375103615e+00 5.457952735375103615e+00 5.457952735375103615e+00
-8.765128196919665271e+00 -7.861264903185147368e+00 -6.938049898410090677e+00 -5.658722497061507539e+00 -4.265738915872365311e+00 -2.304332820327879006e+00 -2.388095506748689090e+00 -2.366551467988215474e-01 1.528267476774684219e+00 -1.149165833938022574e-01 6.674918892731944442e-02 7.711000033733970138e-01 2.171071670001576415e+00 4.709455870374327446e+00 5.368802880161946511e+00 5.368802880161946511e+00 5.368802880161946511e+00 5.368802880161946511e+00
-9.101859969701852293e+00 -8.215269552598511993e+00 -7.429142427586533870e+00 -6.441434057337591668e+00 -5.217684694637660492e+00 -3.850790028438821011e+00 -2.129801846300298340e+00 -2.159336810319212763e+00 1.002060703197871216e+00 1.213115754578681482e+00 7.918331489998021722e-01 -3.139704223466548427e-01 1.738336416809789009e+00 4.795765418292012860e+00 5.268600327294553409e+00 5.268600327294553409e+00 5.268600327294553409e+00 5.268600327294553409e+00
-9.397313554162135318e+00 -8.505438207742868073e+00 -7.980068698414950035e+00 -7.227594777749891009e+00 -6.304644352934333007e+00 -5.077069868223574645e+00 -2.513145515118679008e+00 -2.449547698135254414e+00 -6.928998085632882831e-02 1.176025105778224944e+00 9.265335832156353923e-01 5.879757044113075315e-01 9.922465155099380318e-01 4.062239393987701952e+00 5.156920446372020628e+00 5.156920446372020628e+00 5.156920446372020628e+00 5.156920446372020628e+00
-9.890158843944796274e+00 -8.971106117016823589e+00 -8.513230384343927426e+00 -8.006128354757199972e+00 -7.323430672179532586e+00 -6.369390624272652346e+00 -4.040944171501860360e+00 -2.426888293911995564e+00 -2.168261953876700510e+00 9.360875472466652081e-01 8.672098516931712187e-01 9.403360539774581195e-01 3.430296418123288671e-01 3.929574073652761790e+00 5.154970078039477599e+00 5.154970078039477599e+00 5.154970078039477599e+00 5.154970078039477599e+00
-1.023551022655117748e+01 -9.784601900662247331e+00 -9.297974702417487691e+00 -8.781289030617761782e+00 -8.207826302221743475e+00 -7.151856496324839441e+00 -5.169316307578783132e+00 -3.253961041927985853e+00 -2.650545895344752267e+00 3.858510159430870168e-01 9.832618577643175151e-01 9.557724368484403765e-01 1.209818431954109569e-01 4.412400882970724858e+00 5.501727763938163207e+00 5.501727763938163207e+00 5.501727763938163207e+00 5.501727763938163207e+00
-1.036658441134754227e+01 -1.001828517269251329e+01 -9.531158002674683161e+00 -9.124164106166038124e+00 -8.526106299596440508e+00 -7.568162555698963345e+00 -6.314133672225247906e+00 -3.262880602344794934e+00 -2.749314259392328541e+00 -1.578370049870434499e+00 8.563820007277088697e-01 9.169327761158050372e-01 8.137524795838226854e-01 2.845894802259888223e+00 5.505966977698736997e+00 5.505966977698736997e+00 5.505966977698736997e+00 5.505966977698736997e+00
-1.046545677752432013e+01 -1.009775277060581189e+01 -9.734939581406688802e+00 -9.262462071487645332e+00 -8.764587210893157732e+00 -7.846950847992475886e+00 -6.646023008690712608e+00 -4.950879355947662930e+00 -2.300661113055327167e+00 -2.726738898047972981e+00 8.165713331450472623e-01 8.265230580347304734e-01 6.280256079224149079e-01 2.770529554043863030e+00 5.405764424831333237e+00 5.405764424831333237e+00 5.405764424831333237e+00 5.405764424831333237e+00
-1.045165366342222413e+01 -1.014181667055739133e+01 -9.780133133784762123e+00 -9.398439460869274953e+00 -8.839022051452937845e+00 -8.036502006716441215e+00 -6.904374771477877815e+00 -5.549721799551949886e+00 -3.239802295958748246e+00 -2.990814427656051322e+00 -9.013646295006214060e-03 8.682823963504751053e-01 7.718316352339807951e-01 2.639756020226444733e+00 5.305561871963956122e+00 5.305561871963956122e+00 5.305561871963956122e+00 5.305561871963956122e+00
-1.047283403205374697e+01 -1.015884905323635223e+01 -9.852240536245881586e+00 -9.459065427791600200e+00 -8.970896138371525552e+00 -8.268952639237529212e+00 -7.085776669278217810e+00 -5.709550756314690112e+00 -4.135817103218705881e+00 -2.731585614507188176e+00 -1.418583817563190852e+00 6.591964343278990945e-01 1.365568934688645986e-01 2.779630268207645027e+00 4.983733966923757031e+00 4.983733966923757031e+00 4.983733966923757031e+00 4.983733966923757031e+00
-1.053349530772275244e+01 -1.021075923098335991e+01 -9.849201621017915187e+00 -9.488751734145633776e+00 -9.062264337387668789e+00 -8.336625512521935732e+00 -7.218627868716238183e+00 -5.902035612185807523e+00 -4.428512411210955513e+00 -3.071188993268076928e+00 -2.631753149907028355e+00 2.980125774316881304e-01 5.809247400187637078e-01 2.387095978632660209e+00 5.545502792501208589e+00 5.545502792501208589e+00 5.545502792501208589e+00 5.545502792501208589e+00
-1.052766462306767181e+01 -1.019487199831242030e+01 -9.930404571860881546e+00 -9.560148931852364029e+00 -9.122325933057043201e+00 -8.527926585773714763e+00 -7.341197673206394825e+00 -5.891009695519775491e+00 -4.719843701675143777e+00 -3.392495760259095494e+00 -2.790965459046088171e+00 4.190812086408274295e-01 1.649146385904825540e-01 2.535043880614507916e+00 5.749527922150416970e+00 5.749527922150416970e+00 5.749527922150416970e+00 5.749527922150416970e+00
-1.051864687905161588e+01 -1.025542843539673399e+01 -9.909215613799483791e+00 -9.600793998256943240e+00 -9.200232474439093977e+00 -8.559389283957724359e+00 -7.378037132502047513e+00 -5.973890573275356886e+00 -5.069633947799501605e+00 -2.489056669816564593e+00 -3.059432129969881231e+00 -2.150961332987483543e-01 4.525564662238306113e-01 2.494440107451620925e+00 5.542928522368143263e+00 5.542928522368143263e+00 5.542928522368143263e+00 5.542928522368143263e+00
-1.060538171837495369e+01 -1.029884809123547029e+01 -9.975014540172299604e+00 -9.611974849524731468e+00 -9.270900969020054561e+00 -8.628363263361841007e+00 -7.510598894063310382e+00 -5.947308212347095946e+00 -5.249226277625794523e+00 -3.441789747957936463e+00 -2.784426417970620626e+00 -5.471754544413880428e-01 1.026585616309991789e-01 2.474741912167312652e+00 5.442725969500738614e+00 5.442725969500738614e+00 5.442725969500738614e+00 5.442725969500738614e+00
-1.064366253347468927e+01 -1.033658853220921081e+01 -9.990353961011885886e+00 -9.627240071877478655e+00 -9.356777357322613398e+00 -8.792324813635524094e+00 -7.528960545285601214e+00 -5.812833114949849111e+00 -5.406851854090307441e+00 -3.945150039593738001e+00 -1.981672254243479481e+00 -8.786519776911170254e-01 -2.806361499969138307e-01 2.316188708100588300e+00 4.820953757764876890e+00 4.820953757764876890e+00 4.820953757764876890e+00 4.820953757764876890e+00
