-1.049564166417346556e+01 -1.029909928117046292e+01 -9.955553857483433688e+00 -9.617520911076102408e+00 -9.331617931015747658e+00 -8.984472139145333713e+00 -8.373956019376038284e+00 -7.066591217793298796e+00 -3.572897951031860586e+00 -3.783486651631743580e+00 -2.009262006468330863e+00 -5.158424945228695657e-01 1.537045546001849283e+00 2.050606145292538152e+00 5.387671734101564525e+00 5.387671734101564525e+00 5.387671734101564525e+00 5.387671734101564525e+00
-1.044157866271086732e+01 -1.023071824975568411e+01 -1.000636193863521228e+01 -9.763390905082957261e+00 -9.402416302054596997e+00 -8.889548849715428247e+00 -8.102600993223211034e+00 -6.613782596722078466e+00 -3.332248139148188848e+00 -4.375761876972974918e+00 -1.769495996160022067e+00 -7.377847069488390197e-01 1.257303235736339397e+00 1.912330343891736728e+00 5.412765831578705722e+00 5.412765831578705722e+00 5.412765831578705722e+00 5.412765831578705722e+00
-1.016474764351302440e+01 -9.929032925190931280e+00 -9.880990759796937084e+00 -9.822014761995582433e+00 -9.562263183555105073e+00 -9.019581448982501470e+00 -8.096010893808234243e+00 -6.354626476425126569e+00 -2.880537305413495730e+00 -4.449898810316939901e+00 -6.877378899658080913e-01 -5.782504328920023973e-01 1.722513296305918207e+00 2.012648631346347639e+00 5.063025884901068530e+00 5.063025884901068530e+00 5.063025884901068530e+00 5.063025884901068530e+00
-1.043593163913141098e+01 -1.022434491939620038e+01 -9.708954666229093533e+00 -9.355533510433462041e+00 -9.312586225593923572e+00 -9.099677383976032985e+00 -8.096912155814539602e+00 -5.807934965868399857e+00 -2.451439389156523596e+00 -3.975686305569392065e+00 -1.499221923439946202e-01 -1.898379051035588017e-01 1.517803423379496586e+00 2.141398890511757802e+00 5.011346828182833057e+00 5.011346828182833057e+00 5.011346828182833057e+00 5.011346828182833057e+00
-1.050990310310899289e+01 -1.022217896859956809e+01 -9.935290039370295645e+00 -9.541409628110196550e+00 -8.962127727620126549e+00 -8.624672492364037879e+00 -7.913939457817036782e+00 -4.638058538575339895e+00 -2.832800511853932335e+00 -3.106673897754069547e+00 -1.513991359924175828e-02 1.476874276714806866e+00 1.477557604784735856e+00 2.334932320946818685e+00 4.833163096524510927e+00 4.833163096524510927e+00 4.833163096524510927e+00 4.833163096524510927e+00
-1.030684788278911057e+01 -1.019878319858990068e+01 -1.015464565174033140e+01 -9.839519187266859035e+00 -9.284795529596372887e+00 -8.453565808462094822e+00 -7.705603419850959312e+00 -3.299810235075786302e+00 -4.063196593471224638e+00 -1.521665516473318824e+00 1.044416612869593364e-01 1.494408663544283478e+00 1.610822303236946196e+00 2.105388831040849951e+00 4.516221800076276160e+00 4.516221800076276160e+00 4.516221800076276160e+00 4.516221800076276160e+00
-1.052237585698827438e+01 -1.022880161149962319e+01 -1.007293859315363171e+01 -9.756826683914571419e+00 -9.259677003089958447e+00 -8.440407148309645891e+00 -6.661822416538476510e+00 -2.874454725254623533e+00 -4.171680115128431510e+00 -6.624988287938301523e-01 7.587499230459292532e-01 1.854970113083823868e+00 1.666592397612520760e+00 3.078454809726949737e+00 4.379759423386659023e+00 4.379759423386659023e+00 4.379759423386659023e+00 4.379759423386659023e+00
-1.036384580208904893e+01 -1.014140293343784904e+01 -1.008183269635675927e+01 -9.676604540453203285e+00 -9.174894860716136691e+00 -8.214999236224375778e+00 -4.916733347996292025e+00 -3.549858140130174533e+00 -3.346242548563389541e+00 -1.747992167530213470e-01 1.767785288391444443e+00 1.972707969634252878e+00 1.866156289978267102e+00 4.271449646337324602e+00 5.263986311977990162e+00 5.263986311977990162e+00 5.263986311977990162e+00 5.263986311977990162e+00
-1.037354069188019778e+01 -9.986620536624634781e+00 -9.545782884343038788e+00 -9.281942874990775749e+00 -8.423089461910185705e+00 -7.047158834252917003e+00 -3.638697547007110789e+00 -4.460161035055604906e+00 -2.368656179204156054e+00 2.419153491337712736e-01 2.074816032306815217e+00 2.685878168651635090e+00 3.251941775530185819e+00 4.710956125717952858e+00 5.004965994560294895e+00 5.004965994560294895e+00 5.004965994560294895e+00 5.004965994560294895e+00
-1.055898775669911238e+01 -1.011526968608161070e+01 -9.319701281332488207e+00 -8.432917308976232817e+00 -7.428584662286247919e+00 -5.732943169844860520e+00 -2.393836338899300031e+00 -4.234749223553743391e+00 -5.227767552806557028e-01 1.642067544028207982e+00 2.750949426633682471e+00 3.378338921010952678e+00 4.869757704581474833e+00 4.956695599136846653e+00 5.403078499143517455e+00 5.403078499143517455e+00 5.403078499143517455e+00 5.403078499143517455e+00
-1.020092787045063787e+01 -9.629221335616819033e+00 -9.032282170224672058e+00 -8.374887936205436034e+00 -6.816849682960718582e+00 -4.151981941214774707e+00 -3.512176856188385266e+00 -2.669789202641531300e+00 2.659942317209026408e-01 2.686609649483921558e+00 2.944714625078413306e+00 4.530704562237943378e+00 3.054459193768318759e+00 2.279281141586361414e+00 5.335898803911493182e+00 5.335898803911493182e+00 5.335898803911493182e+00 5.335898803911493182e+00
-9.892353689191649480e+00 -9.115731734206754311e+00 -8.363577976719845708e+00 -8.021458099355184501e+00 -5.562265022937824988e+00 -2.741543557426704414e+00 -3.412997528498740607e+00 -1.360000084288304878e+00 1.268490303482952886e+00 3.190706585264325934e+00 4.330397960327507789e+00 3.736101706390347665e+00 2.066464102635640288e+00 2.481036755570575014e+00 5.318684229612918202e+00 5.318684229612918202e+00 5.318684229612918202e+00 5.318684229612918202e+00
-9.526499714222381954e+00 -8.702379362091647863e+00 -7.885017048070624313e+00 -6.562441134511291629e+00 -4.680542805833018072e+00 -2.983530738135376836e+00 -3.507299707187411020e+00 -1.362504281321602895e-01 3.050879940100355014e+00 3.972948295289205234e+00 4.613776894855495136e+00 2.088977888207979916e+00 4.808717553281008916e-01 2.382245640918549956e+00 5.455510056211999803e+00 5.455510056211999803e+00 5.455510056211999803e+00 5.455510056211999803e+00
-1.000414634091466226e+01 -8.087784373431919249e+00 -6.952487551237831909e+00 -5.358366293720342455e+00 -3.227690488770701194e+00 -2.228324577813338703e+00 -2.851004274362044288e+00 3.637849335698271069e-01 3.260801665462860210e+00 4.908863353048490197e+00 3.319593948499300229e+00 -1.964206107944245439e+00 3.685930206744388871e-01 2.505181015009334544e+00 5.094226212806975518e+00 5.094226212806975518e+00 5.094226212806975518e+00 5.094226212806975518e+00
-9.568840174923565201e+00 -7.640526670443793300e+00 -6.072343356106728152e+00 -4.836508771779163496e+00 -2.338102775860295246e+00 -3.129692168844457889e+00 -7.916003160038580511e-01 2.414831723210235204e+00 3.436107174669125186e+00 5.403811296689284838e+00 4.354115882202154175e+00 -9.506323605819364531e-01 9.864786596626231585e-01 2.508713837191161922e+00 5.519871314712563759e+00 5.519871314712563759e+00 5.519871314712563759e+00 5.519871314712563759e+00
-9.057177234168847235e+00 -7.072454259377144226e+00 -5.404243718082344827e+00 -4.034164760186437881e+00 -1.890775595978584356e+00 -2.567457642212779501e+00 4.343017614355821898e-01 2.937675568165518669e+00 3.989577196085801969e+00 6.092420706747050829e+00 5.881555985446449419e+00 1.888663219331827126e+00 6.713573623967644677e-01 2.665688289704028158e+00 5.393196312243471624e+00 5.393196312243471624e+00 5.393196312243471624e+00 5.393196312243471624e+00
-8.781054602378993934e+00 -6.572650851933986793e+00 -4.770504714191026174e+00 -3.326761801666982876e+00 -2.405545897492883611e+00 -2.274647601789535400e+00 1.728555730112963040e+00 3.342025074709153110e+00 4.185591729905795866e+00 5.092151141754080790e+00 4.548564215405775712e+00 4.600766936237098648e+00 3.461346877397431854e+00 3.185647323800597785e+00 5.249038099544147684e+00 5.249038099544147684e+00 5.249038099544147684e+00 5.249038099544147684e+00
-8.123940128717276110e+00 -6.390035128723157598e+00 -4.538121187025260461e+00 -2.486529583189107218e+00 -2.462574759143712377e+00 -1.751440289895546787e+00 3.092252197009600856e+00 3.847255700312856685e+00 3.971139325261783704e+00 3.218420757456448289e+00 3.229499728629850352e+00 3.143616518227475787e+00 3.874148192150878245e+00 5.084586574614467835e+00 5.307128127279963081e+00 5.307128127279963081e+00 5.307128127279963081e+00 5.307128127279963081e+00
-7.621231465061589105e+00 -6.264021147209791529e+00 -4.240282126226308179e+00 -2.234807429462221329e+00 -2.409650308335712587e+00 -7.802658943234384026e-01 2.753453010580638960e+00 3.774002799010200970e+00 3.713345803906118014e+00 1.760499236268861623e+00 1.546926098238723846e+00 1.590444695392961849e+00 2.740405870965869184e+00 4.276872727161867616e+00 5.129216657306320037e+00 5.129216657306320037e+00 5.129216657306320037e+00 5.129216657306320037e+00
-7.810782426066236184e+00 -6.092131278696898633e+00 -4.099967758503201942e+00 -1.740686519135469235e+00 -2.534841846675655486e+00 -1.328888275357951836e-02 3.141118601045658210e+00 3.981392931187726081e+00 3.067454860554390095e+00 1.590060700184160236e+00 1.053229436169566879e+00 1.102417928637533295e+00 1.984190166613359230e+00 3.601495169725321688e+00 5.118995160627693330e+00 5.118995160627693330e+00 5.118995160627693330e+00 5.118995160627693330e+00
-8.236041913492755384e+00 -6.441022023086523163e+00 -4.213903469090720222e+00 -2.584139254717179313e+00 -1.757983590133511909e+00 -1.003586094392050043e+00 3.196657643590001818e+00 4.029746487045279046e+00 2.984524959487099949e+00 1.477996339296625994e+00 8.038190268508691450e-01 5.182050628645150647e-01 1.261243001185804902e+00 3.268232838148053432e+00 5.510552177674375329e+00 5.510552177674375329e+00 5.510552177674375329e+00 5.510552177674375329e+00
-8.143850626099199630e+00 -6.744101265342856699e+00 -4.226604910912766577e+00 -2.177337623183688731e+00 -2.134325658416433402e+00 -1.010250322585113825e+00 3.106041868090787972e+00 4.043143353431556619e+00 2.736497598634522799e+00 1.234599580279952091e+00 -1.821136923095350912e+00 -1.577908346763192693e+00 1.166825945361498196e+00 3.096758955317647555e+00 5.384613514285506497e+00 5.384613514285506497e+00 5.384613514285506497e+00 5.384613514285506497e+00
-8.192530003974773933e+00 -6.945026498486524424e+00 -4.775693662155942043e+00 -2.434907728431370266e+00 -1.734060754050366082e+00 -1.831925506445084784e+00 2.896695213194171004e+00 3.852217612139735792e+00 2.322376772227298769e+00 9.305487579032432066e-01 -2.421729627608073532e+00 -1.576898544403356750e+00 1.164616412596725326e+00 3.421575113093099141e+00 5.113799527800708233e+00 5.113799527800708233e+00 5.113799527800708233e+00 5.113799527800708233e+00
-8.149455442300155283e+00 -7.248721993983307854e+00 -5.290704505497586752e+00 -3.417249578428450008e+00 -1.755661708459099524e+00 -1.862335566953847277e+00 1.020272656783598242e+00 3.618223690002206894e+00 2.159976890026898300e+00 6.511802445149680874e-02 -2.576436575057679867e+00 -1.163505747935131396e+00 1.222797075748573103e+00 3.694057408295267741e+00 5.248142063349777509e+00 5.248142063349777509e+00 5.248142063349777509e+00 5.248142063349777509e+00
-8.062804493540014050e+00 -7.163768887707035127e+00 -5.787226505580739477e+00 -4.173481123723258079e+00 -2.229102739277372791e+00 -1.665162260525345772e+00 -1.217873687362265755e+00 2.627183172312046899e+00 2.395451826960008468e+00 -3.644065117490264072e+00 -2.262106318672648886e+00 -5.519054724405024759e-01 1.468109467907113164e+00 3.729001917358998774e+00 5.134192054801939520e+00 5.134192054801939520e+00 5.134192054801939520e+00 5.134192054801939520e+00
-8.286770872301552515e+00 -7.808357887385589891e+00 -6.435222010534436876e+00 -4.916622280961051139e+00 -3.607218916862620528e+00 -1.698697162178604003e+00 -2.058036886791117404e+00 1.570487871642790356e+00 2.160345018921722371e+00 -3.006014789372070339e+00 1.718798252662375181e-01 1.036435284193715445e+00 1.849649410881581080e+00 4.192417126827651330e+00 5.617383547325020210e+00 5.617383547325020210e+00 5.617383547325020210e+00 5.617383547325020210e+00
-8.754426241974393008e+00 -7.817641752837702462e+00 -6.925045331406320059e+00 -5.689552523897114078e+00 -4.363312680785763398e+00 -2.439939021692193677e+00 -2.138309060452925348e+00 -7.083788494164511285e-01 1.631986442676329752e+00 2.327245315425646721e-02 2.043873917049140454e-01 7.865898112525937513e-01 2.160369129276414224e+00 4.772476455473060319e+00 5.492358331586309816e+00 5.492358331586309816e+00 5.492358331586309816e+00 5.492358331586309816e+00
-9.100260584550898812e+00 -8.182683418341833104e+00 -7.410652992849755094e+00 -6.327005239653953339e+00 -5.297271007332641446e+00 -3.971601714469739974e+00 -1.841540724786373318e+00 -2.417512792474545869e+00 1.007624305596952485e+00 1.277906214998699053e+00 7.911083337395241610e-01 -4.086608385088566497e-01 1.712730365273322342e+00 4.909188361859560423e+00 5.348326444275273595e+00 5.348326444275273595e+00 5.348326444275273595e+00 5.348326444275273595e+00
-9.388984578174865092e+00 -8.494598976278329161e+00 -7.922454013517633342e+00 -7.183970678200020998e+00 -6.298920204639284037e+00 -5.060640795683936766e+00 -2.738083761791797244e+00 -2.443447026720295234e+00 6.013585070918708864e-02 1.524456336995216876e+00 9.571684637180599697e-01 7.459414194099459605e-01 9.243645903443228340e-01 4.078712945319648675e+00 5.261288715498920077e+00 5.261288715498920077e+00 5.261288715498920077e+00 5.261288715498920077e+00
-9.837300589455050925e+00 -8.985268459055685497e+00 -8.473188100989785809e+00 -7.995352028856622439e+00 -7.305786078590226218e+00 -6.359592149846508669e+00 -4.053808699188467202e+00 -1.955401702054682112e+00 -2.221915243561597197e+00 9.397279050593226879e-01 1.060600841038293218e+00 9.467160433639558725e-01 5.063432793089697181e-01 3.920086839516767618e+00 5.123066311035767484e+00 5.123066311035767484e+00 5.123066311035767484e+00 5.123066311035767484e+00
-1.020158279027305248e+01 -9.764378715824079791e+00 -9.280139489012853460e+00 -8.731813050741919824e+00 -8.188768933883237011e+00 -7.140455245899175907e+00 -4.972396323102886484e+00 -3.171798628332254566e+00 -2.662453209902446272e+00 3.417417811547694417e-01 1.182208282464471960e+00 9.770351902538194633e-01 3.050518775543095695e-01 4.442390639578158051e+00 5.653735569844129394e+00 5.653735569844129394e+00 5.653735569844129394e+00 5.653735569844129394e+00
-1.037099435708738326e+01 -1.001285210971390960e+01 -9.527160466420124152e+00 -9.102091358306624969e+00 -8.498460133956800888e+00 -7.542025275478399848e+00 -6.240497808967169213e+00 -2.989064148629910100e+00 -2.690599805708095982e+00 -1.438284741633530039e+00 9.449709336432532414e-01 9.657258946022642121e-01 8.274323518356759832e-01 3.166096074434790797e+00 5.654639362343111486e+00 5.654639362343111486e+00 5.654639362343111486e+00 5.654639362343111486e+00
-1.047006181454559659e+01 -1.011194273096526253e+01 -9.719603855690767347e+00 -9.264038768051724659e+00 -8.727787304333583407e+00 -7.838165377656622468e+00 -6.638475741035969158e+00 -4.800276503539192774e+00 -2.698499239187201582e+00 -2.520915604155186784e+00 7.335889299684416054e-01 9.665410100532212390e-01 7.341887208260262643e-01 2.715205038005745752e+00 5.474164485498238975e+00 5.474164485498238975e+00 5.474164485498238975e+00 5.474164485498238975e+00
-1.043918273362561067e+01 -1.014973308283052589e+01 -9.760453446917647824e+00 -9.385491681956757759e+00 -8.820519065850588092e+00 -8.005679587963777877e+00 -6.856594591243110770e+00 -5.495276806357976440e+00 -3.060992478229267011e+00 -2.683626368423956521e+00 2.279932676844587669e-01 1.101238862549634323e+00 7.272581771005987017e-01 2.590172707040531819e+00 5.333740249776352194e+00 5.333740249776352194e+00 5.333740249776352194e+00 5.333740249776352194e+00
-1.045076119211319998e+01 -1.014227342348924665e+01 -9.846391103280126345e+00 -9.451745929267431734e+00 -8.957862556669402565e+00 -8.221992217245992052e+00 -7.057821669495838890e+00 -5.637426998802093081e+00 -3.860690043529714455e+00 -2.062636456311973454e+00 -1.133401389648915014e+00 7.342071380031711669e-01 2.630245066313480207e-01 2.805513777895055849e+00 4.901523456470211038e+00 4.901523456470211038e+00 4.901523456470211038e+00 4.901523456470211038e+00
-1.053002172662517566e+01 -1.017021185647464598e+01 -9.842151227546658276e+00 -9.480055571359024214e+00 -9.050332441381049975e+00 -8.309456548811999355e+00 -7.231979513694405171e+00 -5.848732845252614609e+00 -4.049284032666885302e+00 -3.027060891120358921e+00 -2.747244043885783249e+00 2.721186833598706611e-01 6.774721151035651978e-01 2.321244667713862508e+00 5.673526327264885261e+00 5.673526327264885261e+00 5.673526327264885261e+00 5.673526327264885261e+00
-1.050100740244210584e+01 -1.018486353949340639e+01 -9.914407174762937203e+00 -9.556390828216960287e+00 -9.084015382385198123e+00 -8.506303214815515545e+00 -7.349469907884039976e+00 -5.863233607911407574e+00 -4.582904169166340580e+00 -3.616127531776277770e+00 -2.704894663890561546e+00 2.779005622282562649e-01 1.404666319104354855e-01 2.479195777735661910e+00 6.035895062208668449e+00 6.035895062208668449e+00 6.035895062208668449e+00 6.035895062208668449e+00
-1.050565315406149836e+01 -1.022255171479821279e+01 -9.895933284837518329e+00 -9.569639560798176348e+00 -9.180819101970776330e+00 -8.505445629309074107e+00 -7.397512354655052746e+00 -5.929117457405208569e+00 -5.088927249815863085e+00 -2.775398336911479191e+00 -2.965903416768440160e+00 -2.133527140255264687e-01 7.285271974333018541e-01 2.481691774979744913e+00 5.671199943066123517e+00 5.671199943066123517e+00 5.671199943066123517e+00 5.671199943066123517e+00
-1.057180276382286621e+01 -1.027713820103520703e+01 -9.945241415719173972e+00 -9.583296156209765826e+00 -9.242879790056347744e+00 -8.586123321468097203e+00 -7.495133462207173913e+00 -5.882563142377236431e+00 -5.207014385709114457e+00 -3.276624020686960126e+00 -2.830177550526654429e+00 -3.597389910268267710e-01 5.574212109462824971e-01 2.406185752064122774e+00 5.489469749149229472e+00 5.489469749149229472e+00 5.489469749149229472e+00 5.489469749149229472e+00
-1.061909198862124626e+01 -1.031129393371796610e+01 -9.987329331012720246e+00 -9.629634824133432858e+00 -9.330289180463456233e+00 -8.769566071883268421e+00 -7.496941969079265355e+00 -5.808251835932464857e+00 -5.373847752618425844e+00 -3.826834216913692188e+00 -2.029077775797311745e+00 -6.550639412864740496e-01 2.170185171251198808e-01 2.394968711040955434e+00 5.036141635423256879e+00 5.036141635423256879e+00 5.036141635423256879e+00 5.036141635423256879e+00
