-1.020827619868965286e+01 -1.019820659430162202e+01 -1.005877852947285511e+01 -9.728357069439013571e+00 -9.421722367392842301e+00 -9.122681183154162099e+00 -8.622430840118530782e+00 -7.545473286681381175e+00 -5.835806775507517585e+00 -4.409694761053186696e+00 -3.710851730446292240e+00 -2.280325206951974160e+00 -7.590820164351219645e-01 2.419098001065374870e+00 5.021349083066061425e+00 5.021349083066061425e+00 5.021349083066061425e+00 5.021349083066061425e+00
-1.025834417599943471e+01 -1.016265290658633624e+01 -9.958628050591185499e+00 -9.839571927392679385e+00 -9.540201698129648022e+00 -9.065551471887928869e+00 -8.410687469718125087e+00 -7.324022809683389923e+00 -5.691345213802928349e+00 -4.516483529829359966e+00 -3.642751366455175166e+00 -2.227557126014199529e+00 -5.005577728108260294e-01 2.585321874971959755e+00 5.066429842097684322e+00 5.066429842097684322e+00 5.066429842097684322e+00 5.066429842097684322e+00
-1.030308033319650818e+01 -1.010157664779819342e+01 -9.846342801498231267e+00 -9.618417357973441995e+00 -9.558629120765839815e+00 -9.262836443313933188e+00 -8.228789517752925775e+00 -7.234511044759287302e+00 -5.637071649032064258e+00 -4.199727394781089806e+00 -3.517895183528075176e+00 -2.255872533669047719e+00 -2.607411909328181676e-01 2.550148632404801941e+00 5.082558253839755125e+00 5.082558253839755125e+00 5.082558253839755125e+00 5.082558253839755125e+00
-1.035049033341134006e+01 -1.019313075593129270e+01 -1.003441559161920793e+01 -9.516094244295512539e+00 -9.356518780525179935e+00 -9.190884022845947854e+00 -8.380053473160264943e+00 -6.984495134322345145e+00 -5.555817920155622147e+00 -3.960858271991746449e+00 -2.581636997069181483e+00 -2.091751874608850592e+00 1.798544317735139564e-01 2.418259597091256818e+00 5.290679921517065232e+00 5.290679921517065232e+00 5.290679921517065232e+00 5.290679921517065232e+00
-1.035267228783203741e+01 -1.030073012941541677e+01 -1.007868085373402067e+01 -9.715574109873708508e+00 -9.224951157739671004e+00 -8.884992427113751035e+00 -8.346727763088775731e+00 -6.938301112700736795e+00 -5.531277219152439528e+00 -3.051708218105533277e+00 -2.159023073170067697e+00 -8.268606161984126679e-01 6.294933154204547243e-01 2.611402427011480842e+00 5.133921661686239979e+00 5.133921661686239979e+00 5.133921661686239979e+00 5.133921661686239979e+00
-1.040990697545723265e+01 -1.006275362831655507e+01 -1.004598028572616997e+01 -9.946756983914395889e+00 -9.536938524473171697e+00 -8.879473405660679219e+00 -8.043011716982736203e+00 -6.754376562683423124e+00 -4.752617166925160674e+00 -1.999383054917293290e+00 -8.728950933563820458e-01 -2.731802749902175753e-01 6.687320593089353116e-01 2.400725109774301647e+00 4.985582802318781148e+00 4.985582802318781148e+00 4.985582802318781148e+00 4.985582802318781148e+00
-1.031721955396446333e+01 -1.023205006571351561e+01 -1.004638844835528388e+01 -9.757133833095247510e+00 -9.487016660638255772e+00 -8.718056231389049060e+00 -7.798528027831871157e+00 -6.580718953012235417e+00 -2.224069848225779467e+00 -1.674218495996969924e+00 2.619649675727784288e-01 1.379281713784415775e+00 1.516757375173102274e+00 3.505878432352756313e+00 4.833330605575995698e+00 4.833330605575995698e+00 4.833330605575995698e+00 4.833330605575995698e+00
-1.046865382937675726e+01 -1.008402411200027693e+01 -9.943575580894830068e+00 -9.807054238167282278e+00 -9.319714256717466228e+00 -7.961964367201264103e+00 -6.915924698587051722e+00 -2.305042975025441976e+00 -1.584628382004382718e+00 1.823874605220327516e-01 1.449268404476114158e+00 2.225029832325731594e+00 1.576042791793343056e+00 4.472279184402637497e+00 5.401059141727210466e+00 5.401059141727210466e+00 5.401059141727210466e+00 5.401059141727210466e+00
-1.054441800450802091e+01 -1.032542633834914625e+01 -9.728060089081091988e+00 -9.216729399089709673e+00 -7.919284167835603405e+00 -7.694301868160874136e+00 -3.368264102705561758e+00 -2.008697291781810890e+00 7.908105230173627376e-02 1.755250662299177034e+00 2.209902804421858491e+00 3.018671278846446704e+00 3.488546883680696098e+00 4.902731113882653702e+00 6.755744055030368678e+00 6.755744055030368678e+00 6.755744055030368678e+00 6.755744055030368678e+00
-1.027052504168523406e+01 -9.874071000654948804e+00 -9.451894224217396001e+00 -8.369928918194750267e+00 -7.766118621309198389e+00 -4.510194354907140379e+00 -2.050279177538297137e+00 -3.254415131096811686e-01 1.989841638828632409e+00 2.475053285353627341e+00 3.213998120339864872e+00 3.566996037158720156e+00 5.078092356117224426e+00 5.066309393224756263e+00 6.060075446921223019e+00 6.060075446921223019e+00 6.060075446921223019e+00 6.060075446921223019e+00
-1.025916182410293587e+01 -9.368652459701554136e+00 -8.525952794871354712e+00 -8.490715946767050326e+00 -7.463799849448349732e+00 -2.157212339976183557e+00 -4.723608522121702791e-01 1.785749095424972177e+00 2.789387963672477433e+00 3.273599634722009100e+00 3.264611345105428164e+00 4.767725917174368888e+00 3.251523493277192145e+00 2.436764691753475987e+00 5.248447707602230672e+00 5.248447707602230672e+00 5.248447707602230672e+00 5.248447707602230672e+00
-9.371164497259705684e+00 -8.736891497113012051e+00 -7.960475236752718509e+00 -7.774367913907640926e+00 -3.180902995017934387e+00 -1.657219162098598542e+00 5.816912833706708863e-01 2.304999762794378793e+00 3.161460880346545821e+00 3.329026446542541873e+00 4.685902790933250905e+00 2.625760772661617892e+00 6.972180067273471282e-01 2.549445563714249019e+00 5.278723686459446007e+00 5.278723686459446007e+00 5.278723686459446007e+00 5.278723686459446007e+00
-9.800681708958883576e+00 -8.324442882160507651e+00 -7.217335336363396081e+00 -5.820378084628104354e+00 -2.370757469395894823e+00 -1.188053968807800537e-01 2.341918833400845834e+00 3.259285119777969086e+00 3.461509249301936819e+00 4.294082949096724278e+00 4.784207627484600600e+00 -1.889593386976922140e-01 4.251215666370435908e-01 2.547677103354857309e+00 5.593366464194735599e+00 5.593366464194735599e+00 5.593366464194735599e+00 5.593366464194735599e+00
-9.862909393171509720e+00 -7.660149339121653966e+00 -5.629635666040371689e+00 -2.376333029866647628e+00 -1.326026513952158092e+00 1.352151292314393016e+00 3.061602424621085561e+00 3.354479497521452913e+00 3.518670697642066969e+00 5.122784334821616881e+00 2.373035798489098624e+00 -1.828185926093915281e+00 3.098605621628542361e-01 2.778060150015585261e+00 5.401941672449149578e+00 5.401941672449149578e+00 5.401941672449149578e+00 5.401941672449149578e+00
-9.472926290541387573e+00 -7.517087566079840855e+00 -3.444970752547889425e+00 -2.414934927895966865e+00 2.327879891037906712e-01 2.665440026760272030e+00 3.262769569699607963e+00 3.368116437983296407e+00 3.752658250307246313e+00 5.859971893602382131e+00 4.367229662215796004e+00 -7.897287089775903990e-01 6.091489497599607006e-01 2.823874891576218182e+00 5.533857765230872694e+00 5.533857765230872694e+00 5.533857765230872694e+00 5.533857765230872694e+00
-9.251054073118886834e+00 -6.070287629927262785e+00 -2.916129298823602056e+00 -1.507657437356924035e+00 1.263578465069693513e+00 3.157513142295840680e+00 3.235281085138718371e+00 3.266292818430686751e+00 4.321419424842127377e+00 6.217267502986000061e+00 6.170082733223754445e+00 1.656345846934662136e+00 5.753557658985282153e-01 2.840955481709969810e+00 5.962763710894652291e+00 5.962763710894652291e+00 5.962763710894652291e+00 5.962763710894652291e+00
-8.360826313444981395e+00 -4.907614111341974450e+00 -1.848797669139696342e+00 -3.555145427924952251e-01 1.766404203143979945e+00 3.290635651835011721e+00 3.380964798654406689e+00 3.458191554926624889e+00 4.323401997312910083e+00 4.987087962879012792e+00 4.690263995497233829e+00 4.874923065844797954e+00 4.210748637775690639e+00 3.058613496264096732e+00 5.764149237644266677e+00 5.764149237644266677e+00 5.764149237644266677e+00 5.764149237644266677e+00
-7.243075595354066643e+00 -4.516567210790989328e+00 -1.392047704196540892e+00 -6.412596170504619719e-02 2.391838360601030722e+00 2.825087402786225166e+00 3.552349139779095832e+00 3.979350816079368691e+00 4.277353143930646695e+00 3.307170878579778872e+00 3.267919432912750999e+00 3.251449677900156487e+00 4.078585752826556998e+00 5.254730381715858378e+00 5.955273908015937145e+00 5.955273908015937145e+00 5.955273908015937145e+00 5.955273908015937145e+00
-7.788536734461002808e+00 -4.698480984456955056e+00 -1.432493616215369858e+00 6.256286387720798592e-01 2.738301715383021140e+00 3.368886469182025056e+00 3.403728416354502961e+00 4.181036915792788911e+00 3.934693401824645331e+00 1.775409157253702297e+00 1.088095831643043798e+00 1.475638626420440636e+00 2.863693977171183569e+00 4.536236981828828618e+00 5.880457999396731417e+00 5.880457999396731417e+00 5.880457999396731417e+00 5.880457999396731417e+00
-7.941633040926598497e+00 -4.981269424245679645e+00 -1.420654658587352070e+00 6.361327984589588702e-01 2.831101067357174372e+00 3.348800636841855471e+00 3.375477625962358452e+00 4.297066210923736307e+00 3.218021930398474062e+00 1.433067174833026369e+00 -1.009036079641296046e+00 8.823222866147174548e-01 2.036961796950276238e+00 3.701763430662599053e+00 5.813450682317994556e+00 5.813450682317994556e+00 5.813450682317994556e+00 5.813450682317994556e+00
-7.827146241817613870e+00 -5.482772848337546634e+00 -1.906266229652478383e+00 5.936159926046500335e-01 2.799968499667643052e+00 3.295376446782245949e+00 3.327776366304976641e+00 4.291430441832591924e+00 3.093767642192358114e+00 1.373287167554634758e+00 -1.049460830417221491e+00 3.352423838262336142e-02 1.309461125482583643e+00 3.465640855271555409e+00 5.826828211386564149e+00 5.826828211386564149e+00 5.826828211386564149e+00 5.826828211386564149e+00
-7.852923395164026488e+00 -6.286181118909755838e+00 -1.783008136719433701e+00 6.644972604255588999e-01 2.518083961453245312e+00 3.440556207808902478e+00 3.409848152998919524e+00 4.388146621698216343e+00 2.796202804185037749e+00 6.899087905816114752e-01 -2.850096694528309271e+00 -1.817528896431926722e+00 1.226695968247669466e+00 3.309407739952078487e+00 5.768880721618624641e+00 5.768880721618624641e+00 5.768880721618624641e+00 5.768880721618624641e+00
-8.050396219050647062e+00 -6.093311535964970993e+00 -1.776256370998535727e+00 3.531889165977653566e-01 2.497258470367002214e+00 3.396950342490728136e+00 3.438807881098403740e+00 4.269034899560526064e+00 2.380689864279446510e+00 -1.149628933318195712e+00 -2.865183132460716653e+00 -1.717244205811127244e+00 1.310533190321585106e+00 3.584593582787342747e+00 5.815082285650325922e+00 5.815082285650325922e+00 5.815082285650325922e+00 5.815082285650325922e+00
-7.884014836631500600e+00 -6.793686316227896427e+00 -2.410628260607852180e+00 -3.706101510495330986e-01 2.196206291093480090e+00 3.330724907344425390e+00 3.391586651261986773e+00 4.000180019240914930e+00 2.056916587724766377e+00 -4.158817685848338996e+00 -3.181720207041728088e+00 -1.296554259696589551e+00 1.253686988618546216e+00 3.832451076396220735e+00 5.769328650854306240e+00 5.769328650854306240e+00 5.769328650854306240e+00 5.769328650854306240e+00
-8.127992119524897419e+00 -7.500915390499377722e+00 -3.197417406888339197e+00 -1.070007883233137225e+00 1.672260375106329189e+00 3.250296090665823812e+00 3.389938249386787117e+00 3.286607396080927224e+00 1.591646677710204738e+00 -4.390333720700417608e+00 -2.843522488125487246e+00 -9.588291535635748986e-01 1.610544241682790201e+00 3.811652630729353675e+00 5.693342270568527042e+00 5.693342270568527042e+00 5.693342270568527042e+00 5.693342270568527042e+00
-8.148968032362335023e+00 -7.655521766795474470e+00 -5.238607180358893167e+00 -1.385272664476432158e+00 4.839763417445724358e-01 2.629526550033129517e+00 3.203878537724540010e+00 2.940393794771258396e+00 1.069414411740862381e+00 -4.347782589441551160e+00 -2.177943969523333134e+00 1.086931268642546300e+00 1.984098481322230212e+00 4.203449087352738367e+00 5.644459398656023197e+00 5.644459398656023197e+00 5.644459398656023197e+00 5.644459398656023197e+00
-8.786518068956194583e+00 -7.675742166736940320e+00 -6.974168564431444395e+00 -2.625584629726413155e+00 -9.609766782702472421e-01 7.275047834199389607e-01 1.960738391298386674e+00 1.797175652602696960e+00 1.046656322797299588e+00 -2.024796468522432225e+00 -2.364901875346653970e+00 4.525019873644557378e-01 2.388028976883831422e+00 4.341684349412934907e+00 5.526635073819826438e+00 5.526635073819826438e+00 5.526635073819826438e+00 5.526635073819826438e+00
-9.053081310276098748e+00 -8.534279503709511161e+00 -7.477908653261698291e+00 -4.986850514740186924e+00 -2.029471577074752009e+00 -1.434772963465912099e+00 -4.389022909675600048e-01 3.695521160899661872e-01 2.808533236412427136e-01 -2.224977813180577080e+00 -2.539267804957399122e+00 -1.187978163093651229e+00 1.916855325934557097e+00 4.453700103632979079e+00 5.554890870593963470e+00 5.554890870593963470e+00 5.554890870593963470e+00 5.554890870593963470e+00
-9.290117033822312465e+00 -8.662983111281432613e+00 -8.032602661862963345e+00 -7.414605528130648437e+00 -5.940245277139061919e+00 -3.664595929578178257e+00 -2.191719373838393548e+00 -1.499791060975748547e+00 -1.182836472847736520e+00 -1.195358007231222652e+00 -3.469345782648433740e+00 -9.655181331060894712e-01 1.499141355848853330e+00 4.136697982249589067e+00 5.483719793009692367e+00 5.483719793009692367e+00 5.483719793009692367e+00 5.483719793009692367e+00
-1.040112293741848504e+01 -8.996562469197202816e+00 -8.833340662965575518e+00 -8.469174953834905040e+00 -7.653732041074848169e+00 -6.665666190293974225e+00 -5.634993287595305489e+00 -4.175311201617192935e+00 -3.947527634560180410e+00 -3.621509824330632288e+00 -2.409449968352481708e+00 -1.436408341090454233e+00 7.739295095276370606e-01 4.183864966949384367e+00 5.346192717419308238e+00 5.346192717419308238e+00 5.346192717419308238e+00 5.346192717419308238e+00
-1.046780046082675142e+01 -1.004859027591690790e+01 -9.642682591856054586e+00 -9.227595174088540020e+00 -8.868882014849862827e+00 -7.255496104134943280e+00 -5.734263040334833583e+00 -5.744188654963415352e+00 -5.077927768745388981e+00 -4.463149026843929335e+00 -2.965613312552259018e+00 -1.989072351814421769e+00 5.277032195415761739e-01 4.519654191145797917e+00 5.209160242374169414e+00 5.209160242374169414e+00 5.209160242374169414e+00 5.209160242374169414e+00
-1.059977758073139853e+01 -1.025893797294241061e+01 -9.847110770393539880e+00 -9.610398959096620786e+00 -9.246680079962290577e+00 -7.915968113915063498e+00 -5.960322028969562425e+00 -5.946300522309458714e+00 -5.122327908944690478e+00 -4.776707801494056049e+00 -2.818278637603232717e+00 -2.432052266883863112e+00 3.256401128695582958e-01 4.359016083867903291e+00 5.314047474622545231e+00 5.314047474622545231e+00 5.314047474622545231e+00 5.314047474622545231e+00
-1.060886774529579313e+01 -1.027786204423570560e+01 -1.000119758630970779e+01 -9.695816249680792254e+00 -9.373182758724924568e+00 -8.364867125168752082e+00 -6.053588283813033932e+00 -5.800105477457183412e+00 -5.228903468876911376e+00 -4.526576821496131942e+00 -2.978272240470365873e+00 -2.224919262062982295e+00 6.254537174163592450e-01 3.552514492249365219e+00 5.064431734598396240e+00 5.064431734598396240e+00 5.064431734598396240e+00 5.064431734598396240e+00
-1.052754160091065927e+01 -1.039142345767375986e+01 -9.923305681529587474e+00 -9.698321591965809674e+00 -9.396033406666306931e+00 -8.621896286201000237e+00 -6.207212659634768315e+00 -6.191372731099940019e+00 -5.381369307919489309e+00 -4.406382423929764869e+00 -3.185885061855883826e+00 -1.997410227086418022e+00 5.914709326852233273e-01 3.405636358343043568e+00 5.393382178561293649e+00 5.393382178561293649e+00 5.393382178561293649e+00 5.393382178561293649e+00
-1.052743906470934476e+01 -1.040623042947512644e+01 -9.976149363967820705e+00 -9.786238316253442093e+00 -9.418417952095669676e+00 -8.760649068544056561e+00 -6.760333997267754746e+00 -6.080036622622567499e+00 -5.598154338823340126e+00 -4.549678324478144020e+00 -3.178310907279600528e+00 -2.625146364786041797e+00 4.298097949596524914e-01 3.507170079849484701e+00 5.525189654586560195e+00 5.525189654586560195e+00 5.525189654586560195e+00 5.525189654586560195e+00
-1.063961657835632124e+01 -1.029106023377168633e+01 -1.000502723071193323e+01 -9.727169032715895725e+00 -9.415049911604226551e+00 -8.959964074428983238e+00 -6.979810488571390970e+00 -5.929637955035948593e+00 -5.917258882960883426e+00 -4.984897706120190009e+00 -3.032699833430801295e+00 -2.916021948412088172e+00 3.320555686787895477e-01 3.135120661195889724e+00 5.345479071803568516e+00 5.345479071803568516e+00 5.345479071803568516e+00 5.345479071803568516e+00
-1.062629922241440106e+01 -1.032467800268979552e+01 -1.005829812310637195e+01 -9.770866980650179556e+00 -9.443512194580558017e+00 -9.030971706132818966e+00 -7.475242316718889057e+00 -5.863305474384675975e+00 -5.676979818707803105e+00 -5.348161789997178062e+00 -3.238508773099660232e+00 -2.646562283918078684e+00 5.115949489007877160e-01 3.140374322763523907e+00 5.371976086877184642e+00 5.371976086877184642e+00 5.371976086877184642e+00 5.371976086877184642e+00
-1.071343304025793763e+01 -1.043544030682396517e+01 -1.005400937387348570e+01 -9.777231960596973082e+00 -9.496868388771012803e+00 -8.962657603186050537e+00 -7.749610374633400411e+00 -6.184176051479697733e+00 -5.891106579322824999e+00 -5.390989519939288321e+00 -3.729942351078507023e+00 -2.773617324013327945e+00 5.143070513414030875e-01 3.006397449115368214e+00 5.192265504094192075e+00 5.192265504094192075e+00 5.192265504094192075e+00 5.192265504094192075e+00
-1.073609245466290396e+01 -1.040026975379151786e+01 -1.005004719328296403e+01 -9.870027718059823485e+00 -9.554360727115779994e+00 -9.031835086217784081e+00 -7.916740357364094649e+00 -6.089946375932939304e+00 -5.937481678820820896e+00 -5.480020477253989775e+00 -3.541140788437424636e+00 -2.372682597598668952e+00 1.155299137270556498e-01 3.066853436777051467e+00 5.184677604304199328e+00 5.184677604304199328e+00 5.184677604304199328e+00 5.184677604304199328e+00
-1.071235274975875740e+01 -1.040652904807414991e+01 -1.006154599387276605e+01 -9.829070509436892422e+00 -9.551597659768390258e+00 -9.161583025585498419e+00 -8.101364752337184783e+00 -5.841700747627926127e+00 -5.964016330621353390e+00 -5.258137048346497977e+00 -3.258222298246964854e+00 -2.214138908840678432e+00 -8.297603275604947815e-02 3.013704249439283167e+00 5.178179698934034292e+00 5.178179698934034292e+00 5.178179698934034292e+00 5.178179698934034292e+00
