-1.049208609271803283e+01 -1.030750724615687375e+01 -9.945479166732120291e+00 -9.616860413585540002e+00 -9.325644365798533286e+00 -8.951038918103392916e+00 -8.371060361079326384e+00 -7.075102748877412751e+00 -3.593935910656770538e+00 -3.672185727210723449e+00 -1.979867571014194416e+00 -4.675722226038301343e-01 1.158414136875866918e+00 2.052863606785510608e+00 5.322118170070249121e+00 5.322118170070249121e+00 5.322118170070249121e+00 5.322118170070249121e+00
-1.044046894933512171e+01 -1.024395076710586849e+01 -1.000474157078524762e+01 -9.758453013198069570e+00 -9.402336863868953287e+00 -8.882998221243955328e+00 -8.102088314570234928e+00 -6.656981609331708682e+00 -3.375628093939404550e+00 -4.267930002146815838e+00 -1.697115638216628142e+00 -4.598553454926040951e-01 1.111261156277439266e+00 1.926351579672357595e+00 5.190572218107618596e+00 5.190572218107618596e+00 5.190572218107618596e+00 5.190572218107618596e+00
-1.017877065809749837e+01 -9.901360498821770051e+00 -9.880198930674806590e+00 -9.823448200078209069e+00 -9.578038093659291263e+00 -9.022663884367879916e+00 -8.090034965007580681e+00 -6.384602998029860643e+00 -3.009039252650947294e+00 -4.358330282451473359e+00 -7.017339959596339272e-01 -4.191831152144000483e-01 1.687875767657521120e+00 2.004643607006941330e+00 4.968913698660179179e+00 4.968913698660179179e+00 4.968913698660179179e+00 4.968913698660179179e+00
-1.043957840321755270e+01 -1.022444419567416496e+01 -9.708488635638286013e+00 -9.353846015393488145e+00 -9.298845367246968863e+00 -9.140664804357788498e+00 -8.092024765229769656e+00 -5.834769254272724304e+00 -2.324927962100478140e+00 -3.875849024355116690e+00 -2.096267611958402277e-01 6.027515283841473892e-02 1.498871019046335240e+00 2.133276081043212535e+00 4.941969784826221179e+00 4.941969784826221179e+00 4.941969784826221179e+00 4.941969784826221179e+00
-1.051739368541404573e+01 -1.022664392934100164e+01 -9.952439271509899044e+00 -9.541062176874655520e+00 -8.969739482781122319e+00 -8.607222550883673051e+00 -7.930202216295548112e+00 -4.826106881836904172e+00 -2.581481187041461123e+00 -3.054364165662619257e+00 -3.838033362248310931e-02 1.290247434441434526e+00 1.479463066685615669e+00 2.325377095931959737e+00 4.807955416321402886e+00 4.807955416321402886e+00 4.807955416321402886e+00 4.807955416321402886e+00
-1.030851444272364859e+01 -1.017984635135685956e+01 -1.015617536644987240e+01 -9.834156018505471053e+00 -9.285102976000329633e+00 -8.453162181699603650e+00 -7.736068643939939093e+00 -3.474598784014962582e+00 -4.041368013004791315e+00 -1.465241305358484514e+00 1.742052041203526747e-01 1.372457593827826727e+00 1.617959964098791392e+00 2.098230124829745247e+00 4.482788266521350096e+00 4.482788266521350096e+00 4.482788266521350096e+00 4.482788266521350096e+00
-1.052152254047744506e+01 -1.023649670431677094e+01 -1.007349313091958187e+01 -9.773618066608261046e+00 -9.265217380412924086e+00 -8.445849553503034457e+00 -6.693739737830095571e+00 -2.786048079280773582e+00 -4.151397257620894621e+00 -5.426842180483267830e-01 8.708725647221875477e-01 1.861681445181815997e+00 1.680495609031740667e+00 3.096447662489678176e+00 4.383666895273711894e+00 4.383666895273711894e+00 4.383666895273711894e+00 4.383666895273711894e+00
-1.034737883967886773e+01 -1.013882523145496606e+01 -1.008504266369643076e+01 -9.682714655305844076e+00 -9.162974354570273761e+00 -8.225169703400855070e+00 -4.971074466689801241e+00 -3.453998545842930312e+00 -3.279027789642176671e+00 -1.840752313400870199e-01 1.744064201520859170e+00 1.985092184146090455e+00 1.858956607623645230e+00 4.270914472460903610e+00 5.145366535280470721e+00 5.145366535280470721e+00 5.145366535280470721e+00 5.145366535280470721e+00
-1.034822567282432715e+01 -1.001175492801147371e+01 -9.528281320602118853e+00 -9.265559786137631093e+00 -8.405362845572199149e+00 -7.030673645275350658e+00 -3.620557786135452538e+00 -4.351473693975938417e+00 -2.341340591036092267e+00 2.587093558025782003e-01 2.040742142300538298e+00 2.694413722260252442e+00 3.255396021827591913e+00 4.706165620700366148e+00 4.906041105521444123e+00 4.906041105521444123e+00 4.906041105521444123e+00 4.906041105521444123e+00
-1.055226399676737969e+01 -1.011793910583601175e+01 -9.325448548337526233e+00 -8.428264661975884309e+00 -7.438533643986108501e+00 -5.666822683165162466e+00 -2.377809780240113913e+00 -4.177945241943471721e+00 -4.946438972770775822e-01 1.812593707674662769e+00 2.757075518623761212e+00 3.379783396079192759e+00 4.878201738854361480e+00 4.972715727776757078e+00 5.273962649685645765e+00 5.273962649685645765e+00 5.273962649685645765e+00 5.273962649685645765e+00
-1.020980451345836926e+01 -9.600234490960573908e+00 -9.023852637713686065e+00 -8.376258724166437020e+00 -6.808418626423664577e+00 -4.133498070407308767e+00 -3.610578357592464815e+00 -2.743304773108271810e+00 2.415066883594337022e-01 2.732762344608052008e+00 2.968969164446748188e+00 4.552668358731387421e+00 3.057456295762330356e+00 2.311263448404634158e+00 5.344624699908580467e+00 5.344624699908580467e+00 5.344624699908580467e+00 5.344624699908580467e+00
-9.899761094139856610e+00 -9.101665888658954984e+00 -8.350441218682998823e+00 -8.039770944127912600e+00 -5.530880850726684450e+00 -2.788749681744141729e+00 -3.358583562988000537e+00 -1.337388904795158595e+00 1.378520363056699338e+00 3.177698531028529949e+00 4.336008092368363265e+00 3.735845172500427136e+00 2.078333721805192269e+00 2.451174778530107012e+00 5.264582063938395784e+00 5.264582063938395784e+00 5.264582063938395784e+00 5.264582063938395784e+00
-9.506972077372266128e+00 -8.681209957723227788e+00 -7.887232226188682915e+00 -6.536377424845123407e+00 -4.526302225603595630e+00 -3.197109448064934689e+00 -3.316513044400407395e+00 5.249162829346706860e-02 3.260563867270903415e+00 3.986055573829796028e+00 4.628677927790209701e+00 2.158037711399288128e+00 4.788208582248469902e-01 2.386349138383398572e+00 5.203731825707631486e+00 5.203731825707631486e+00 5.203731825707631486e+00 5.203731825707631486e+00
-1.000827219577667471e+01 -8.064800946312498553e+00 -6.927562291741823586e+00 -5.344482593808601578e+00 -3.155107361420906642e+00 -2.381486192814969538e+00 -2.806179473092108356e+00 4.062132654250088515e-01 3.249894177188306088e+00 4.935894281489773938e+00 3.335433023076221026e+00 -1.986656301000632396e+00 3.622262633645413343e-01 2.517263382911104408e+00 4.872900500217935971e+00 4.872900500217935971e+00 4.872900500217935971e+00 4.872900500217935971e+00
-9.546737217721691593e+00 -7.636032223445290867e+00 -6.047438004923749943e+00 -4.805406305030103908e+00 -2.322990691418871378e+00 -3.164523919169047073e+00 -8.034127523922354186e-01 2.566041294070313672e+00 3.446253395716870394e+00 5.422758973863384568e+00 4.373534878872148646e+00 -9.585096724950772362e-01 9.837599338499685153e-01 2.471689057435713988e+00 5.330404397557964913e+00 5.330404397557964913e+00 5.330404397557964913e+00 5.330404397557964913e+00
-9.055286449242402114e+00 -7.060402638788462859e+00 -5.369157626843230169e+00 -4.007679266444718280e+00 -1.818557705159211668e+00 -2.511328053180438058e+00 5.237210106285170585e-01 2.936872836701552192e+00 4.011933990755863988e+00 6.117820997929113602e+00 5.904987744907913338e+00 1.941791965396630681e+00 6.672513442664491645e-01 2.695178454456977235e+00 5.254020250212249721e+00 5.254020250212249721e+00 5.254020250212249721e+00 5.254020250212249721e+00
-8.792261752370341910e+00 -6.550784432558279136e+00 -4.776302901441351167e+00 -3.292877089935660084e+00 -2.222243365355426548e+00 -2.093082576520630234e+00 2.024158982125082495e+00 3.316968727547009443e+00 4.184837981931726958e+00 5.117725500288294427e+00 4.548840259076035508e+00 4.614122369967108561e+00 3.474910396100808541e+00 3.176320647759268034e+00 5.216178482333259758e+00 5.216178482333259758e+00 5.216178482333259758e+00 5.216178482333259758e+00
-8.100206021915770549e+00 -6.384348157358160414e+00 -4.497147972593901422e+00 -2.489365120674047915e+00 -2.522268702147360653e+00 -1.432203953944786834e+00 3.408564837655640112e+00 3.859986668730797987e+00 3.981249264743227823e+00 3.234623972568266836e+00 3.214655495651369765e+00 3.149599505678810196e+00 3.874917155736425478e+00 5.086537310757718089e+00 5.121780831245493992e+00 5.121780831245493992e+00 5.121780831245493992e+00 5.121780831245493992e+00
-7.594438766129201213e+00 -6.248198644752368303e+00 -4.235987319368605952e+00 -2.148192254215210539e+00 -2.619128098988515951e+00 -2.718646437154673134e-01 2.835431589959227061e+00 3.776942002860250280e+00 3.727162262339810628e+00 1.788524623792889123e+00 1.551457585253734450e+00 1.587939185418891563e+00 2.732276501071350783e+00 4.281665572159540467e+00 4.839759894914408278e+00 4.839759894914408278e+00 4.839759894914408278e+00 4.839759894914408278e+00
-7.852666894509216178e+00 -6.101217474629858195e+00 -4.021953919643727282e+00 -1.725973322239382490e+00 -2.438886127492767564e+00 2.579369656250070642e-01 3.100951871530043036e+00 3.985085562045213692e+00 3.058678302058821519e+00 1.574087916535791720e+00 9.997191307377311098e-01 1.079455122712714044e+00 1.974812309677992150e+00 3.587547122361415930e+00 4.957443825382529035e+00 4.957443825382529035e+00 4.957443825382529035e+00 4.957443825382529035e+00
-8.233588036889557316e+00 -6.417822252264471672e+00 -4.165634125815545374e+00 -2.637659172789553530e+00 -1.788335752631739162e+00 -6.820875991546846429e-01 3.091847934973223300e+00 4.026885655075502335e+00 2.979161228056818267e+00 1.450011409424521336e+00 7.516157641896671349e-01 4.508279983401178859e-01 1.251513475585076973e+00 3.263838209807160329e+00 5.375856947451287837e+00 5.375856947451287837e+00 5.375856947451287837e+00 5.375856947451287837e+00
-8.138285917490982513e+00 -6.754211526732047943e+00 -4.171822833266455532e+00 -2.266300458717959820e+00 -2.018521218798733585e+00 -9.820637895528110395e-01 3.210366732148159929e+00 4.052578789932693049e+00 2.723830525556126148e+00 1.191195058434464160e+00 -1.831093677659744845e+00 -1.599027509243469147e+00 1.158354619938769758e+00 3.097808757398290869e+00 5.240892643556111175e+00 5.240892643556111175e+00 5.240892643556111175e+00 5.240892643556111175e+00
-8.192456260336472340e+00 -6.944039752249310915e+00 -4.804668560724154602e+00 -2.406671813390691472e+00 -1.742131044590663258e+00 -1.552864177775929333e+00 3.328369397215529268e+00 3.867172168880559369e+00 2.306466423250959075e+00 9.155383075737547616e-01 -2.431762765503541868e+00 -1.583190205790502514e+00 1.159608133232873817e+00 3.419291070443262193e+00 5.051129701365060676e+00 5.051129701365060676e+00 5.051129701365060676e+00 5.051129701365060676e+00
-8.160843466336817897e+00 -7.269140711651761677e+00 -5.346372770966747012e+00 -3.371038553819744710e+00 -1.842268885807289536e+00 -1.677164603553643163e+00 1.456867951614160717e+00 3.631485818319271530e+00 2.111820290835883629e+00 -3.602328762561217146e-01 -2.571986539601402555e+00 -1.220576388452659478e+00 1.202465280582815543e+00 3.682140543547778755e+00 4.901664935191011097e+00 4.901664935191011097e+00 4.901664935191011097e+00 4.901664935191011097e+00
-8.064414112271784063e+00 -7.168935068398924138e+00 -5.754916203951577991e+00 -4.203861526987044073e+00 -2.069445286928814909e+00 -1.724336721786887683e+00 -6.418453226718507931e-01 2.708790251890254464e+00 2.302481668856148467e+00 -3.668948094655222647e+00 -2.288838342199234877e+00 -4.803439048535367295e-01 1.468812633556681790e+00 3.725029303161978333e+00 4.945763876333864495e+00 4.945763876333864495e+00 4.945763876333864495e+00 4.945763876333864495e+00
-8.300557103172836904e+00 -7.827166127921584504e+00 -6.463730714541454425e+00 -4.932179477310351778e+00 -3.520784642751962679e+00 -1.855140001798799787e+00 -1.935702803554927964e+00 1.640381308486037470e+00 2.118123968331605322e+00 -3.037046002758617025e+00 6.283248096601413979e-02 1.040101408109974646e+00 1.859695048067585343e+00 4.187744946314746031e+00 5.477830169131774340e+00 5.477830169131774340e+00 5.477830169131774340e+00 5.477830169131774340e+00
-8.758531042720369086e+00 -7.835259299768697616e+00 -6.928607152637906275e+00 -5.674001760797526828e+00 -4.304319325426410714e+00 -2.380977894972678310e+00 -2.213986118316719320e+00 -4.306471248178257993e-01 1.558948728643000159e+00 -6.065103787027468357e-02 1.136746464529629630e-01 7.769474537796979829e-01 2.168497478983931082e+00 4.736911629129397561e+00 5.404151629599242668e+00 5.404151629599242668e+00 5.404151629599242668e+00 5.404151629599242668e+00
-9.095672042090491516e+00 -8.195667255632834269e+00 -7.431745302214498139e+00 -6.369607492277945759e+00 -5.259744443397192271e+00 -3.915401950316718782e+00 -1.947605481945939632e+00 -2.258372175231775358e+00 1.013686049688188984e+00 1.219545473033719629e+00 7.709651459390138850e-01 -3.536835141950274153e-01 1.712353737691731048e+00 4.839252631697910978e+00 5.269187325704052682e+00 5.269187325704052682e+00 5.269187325704052682e+00 5.269187325704052682e+00
-9.381885522528779831e+00 -8.496952339199470572e+00 -7.951996252968905665e+00 -7.199170055199045848e+00 -6.299528740822812445e+00 -5.062224794450672860e+00 -2.658358965499781679e+00 -2.486903811627805716e+00 -4.180757282391804608e-03 1.347572518566141575e+00 9.434880954531308372e-01 6.569294388701217846e-01 9.569321893785213140e-01 4.070665980174062781e+00 5.040426272283506037e+00 5.040426272283506037e+00 5.040426272283506037e+00 5.040426272283506037e+00
-9.863178756086078636e+00 -8.973260453531246128e+00 -8.494385703494714335e+00 -7.981690105640010913e+00 -7.311138436755638459e+00 -6.356998864829372486e+00 -4.045196484874322707e+00 -2.148232934053230458e+00 -2.187847967145680972e+00 9.361568538301427989e-01 9.463248407211638513e-01 9.385793952085985659e-01 4.342476369084608545e-01 3.911682313078560291e+00 4.918824224759066333e+00 4.918824224759066333e+00 4.918824224759066333e+00 4.918824224759066333e+00
-1.020860872562144728e+01 -9.762986943124921879e+00 -9.288029137133131385e+00 -8.750961357027961185e+00 -8.196985614834243705e+00 -7.146373398104211461e+00 -5.050202017352767747e+00 -3.343286033857963968e+00 -2.635568757708968590e+00 3.400537927407398797e-01 1.077611654820481046e+00 9.627238776311165536e-01 1.565424539644267588e-01 4.420148702788647910e+00 5.482163897447687617e+00 5.482163897447687617e+00 5.482163897447687617e+00 5.482163897447687617e+00
-1.036091015110986291e+01 -1.001621706832622749e+01 -9.523532628942167122e+00 -9.110499500130572414e+00 -8.513362292747981286e+00 -7.552510664979725341e+00 -6.275529675182706768e+00 -3.106656329920753024e+00 -2.730571963083001208e+00 -1.494301578199856984e+00 9.085558744980816170e-01 9.194667637568056939e-01 8.213662385643215602e-01 3.037458914449566727e+00 5.567410615642383043e+00 5.567410615642383043e+00 5.567410615642383043e+00 5.567410615642383043e+00
-1.046808468671578751e+01 -1.010249956317198361e+01 -9.727984293241387803e+00 -9.259631179772291887e+00 -8.744492632509505370e+00 -7.839328263308635414e+00 -6.644131122076105456e+00 -4.928047294410092150e+00 -2.414144135336997898e+00 -2.584250688868153567e+00 8.050069367001131404e-01 8.664797432388960940e-01 6.788698158295323193e-01 2.764593782948651768e+00 5.432446311747187728e+00 5.432446311747187728e+00 5.432446311747187728e+00 5.432446311747187728e+00
-1.044118581738946716e+01 -1.014733245652341864e+01 -9.765634389780878166e+00 -9.388162327593313705e+00 -8.830658438020243750e+00 -8.018516571080857247e+00 -6.878352080531564994e+00 -5.525480128122435275e+00 -3.243332320942224012e+00 -2.827453259227641347e+00 1.001402548835700068e-01 9.871110274963426079e-01 7.525729726260722563e-01 2.614671751866833649e+00 5.297482007852014618e+00 5.297482007852014618e+00 5.297482007852014618e+00 5.297482007852014618e+00
-1.045973897686252840e+01 -1.014487530302752383e+01 -9.849960683369307191e+00 -9.453523660025801689e+00 -8.962204620841120573e+00 -8.245429258426998587e+00 -7.068905786548338455e+00 -5.670337155988377731e+00 -4.048921469719315880e+00 -2.324778304046690725e+00 -1.320831630090585795e+00 6.945260421854474453e-01 2.257076296701583107e-01 2.794532651302475301e+00 4.803591085309962594e+00 4.803591085309962594e+00 4.803591085309962594e+00 4.803591085309962594e+00
-1.053618881294709908e+01 -1.019269554082129225e+01 -9.847152779578049575e+00 -9.482140335201089343e+00 -9.058353326476263234e+00 -8.321699414325760102e+00 -7.224860040196321442e+00 -5.872242750504239162e+00 -4.279142945495901351e+00 -3.134410604349504137e+00 -2.674286527581533068e+00 2.808849687642548942e-01 6.168818588234711298e-01 2.339625113736250928e+00 5.486497625763577801e+00 5.486497625763577801e+00 5.486497625763577801e+00 5.486497625763577801e+00
-1.051209939961196227e+01 -1.019038597816409109e+01 -9.926566617517872615e+00 -9.560561687269736098e+00 -9.108474976015157765e+00 -8.518286859488670260e+00 -7.342300727131283011e+00 -5.870545071807722337e+00 -4.677567455966336496e+00 -3.503912719882546600e+00 -2.728116814921635491e+00 3.690612516838453483e-01 1.621703816052023628e-01 2.514333334949242715e+00 5.869254114922967780e+00 5.869254114922967780e+00 5.869254114922967780e+00 5.869254114922967780e+00
-1.051070164348322322e+01 -1.023715199902823692e+01 -9.906559198592907123e+00 -9.585983570377290874e+00 -9.190393596516292618e+00 -8.532594432701037235e+00 -7.388335544391111398e+00 -5.944483234139075201e+00 -5.085415893754476002e+00 -2.581478362139366212e+00 -3.045781507697907120e+00 -3.046333076828328101e-01 7.477243691051668195e-01 2.485732945953062156e+00 5.595705297790348531e+00 5.595705297790348531e+00 5.595705297790348531e+00 5.595705297790348531e+00
-1.059066685934718066e+01 -1.028678395521139421e+01 -9.961691370146459334e+00 -9.593546462942278197e+00 -9.258195417836681429e+00 -8.610749429463762539e+00 -7.502023599707472457e+00 -5.912100310556768434e+00 -5.234838375664325305e+00 -3.395866170915224025e+00 -2.756098012979085077e+00 -5.087433015986146945e-01 3.965898050989644652e-01 2.443334785921695840e+00 5.460740993895151441e+00 5.460740993895151441e+00 5.460740993895151441e+00 5.460740993895151441e+00
-1.063803678358370242e+01 -1.032692709475976400e+01 -9.987729915620137788e+00 -9.621787043760607006e+00 -9.344359204622307402e+00 -8.784514143922860896e+00 -7.502641554788944234e+00 -5.809475972992036219e+00 -5.395512582978147620e+00 -3.957489741448807052e+00 -1.894565451683563495e+00 -7.726975024413731408e-01 -6.798285502997404584e-02 2.317726780844023615e+00 4.702747814103306112e+00 4.702747814103306112e+00 4.702747814103306112e+00 4.702747814103306112e+00
