-1.044572039861894552e+01 -1.035671564221158292e+01 -9.965092412406892919e+00 -9.660765709638575061e+00 -9.350478938462190470e+00 -8.990678582916935113e+00 -8.411271342561057907e+00 -7.214792392313604807e+00 -4.820031366462219857e+00 -2.228996311734237512e+00 -2.163981318241905871e+00 -8.602060608140489339e-01 6.629318535805805990e-01 1.980801342009686161e+00 4.999784757362550458e+00 4.999784757362550458e+00 4.999784757362550458e+00 4.999784757362550458e+00
-1.037260727013178396e+01 -1.012366160661542303e+01 -9.987830496113126344e+00 -9.831025211931008201e+00 -9.517540098421170214e+00 -8.948273407915992905e+00 -8.181205043631051055e+00 -6.926649951084250745e+00 -4.281735309157113534e+00 -2.917062538468843336e+00 -2.075640761920017674e+00 -3.450859421352976963e-01 9.424734557454667039e-01 2.105211392200120102e+00 5.164095693986771707e+00 5.164095693986771707e+00 5.164095693986771707e+00 5.164095693986771707e+00
-1.036058304251981355e+01 -1.004344209514941610e+01 -9.791640410832004093e+00 -9.818670390473904774e+00 -9.705982813260487063e+00 -9.151295357483796522e+00 -8.149666897722353198e+00 -6.842367973839965423e+00 -3.124155632189074883e+00 -3.023226681079914435e+00 -1.055991415454666793e+00 -1.172527321608312079e-01 6.373963135379782097e-01 1.996181457056152242e+00 5.142729414895275575e+00 5.142729414895275575e+00 5.142729414895275575e+00 5.142729414895275575e+00
-1.038901331382977489e+01 -1.032314579809687238e+01 -9.881400133226620142e+00 -9.292112913217694725e+00 -9.232185492771979085e+00 -9.227764786178060064e+00 -8.223180729957778823e+00 -6.530623168073939055e+00 -2.705558500470887751e+00 -2.856998724549108637e+00 -6.051579307707432021e-01 -1.356533005545487169e-01 6.590580916288764080e-01 2.247630352908173368e+00 4.704113906314114857e+00 4.704113906314114857e+00 4.704113906314114857e+00 4.704113906314114857e+00
-1.055859484069929621e+01 -1.033419758280615675e+01 -9.924187798135417182e+00 -9.639170807307364086e+00 -9.065173625275072311e+00 -8.658371562279176814e+00 -8.245177758313015914e+00 -5.471016429029790018e+00 -3.100833411389280592e+00 -3.173580692271178449e+00 -2.189537855423947521e-01 4.138643360064749865e-01 2.010252599563202569e+00 2.350986000616448912e+00 4.667949465969538636e+00 4.667949465969538636e+00 4.667949465969538636e+00 4.667949465969538636e+00
-1.040614759078812135e+01 -9.993918731616796336e+00 -1.015773587094447628e+01 -9.891253437993487552e+00 -9.359373790960994199e+00 -8.645849857426405549e+00 -7.686399048658736355e+00 -3.786001620878655771e+00 -3.803561706163153033e+00 -1.864157183816825825e+00 -2.723362382089903333e-01 2.876742215950497394e-01 1.285110324347828348e+00 2.147805215878892060e+00 4.391794356370095187e+00 4.391794356370095187e+00 4.391794356370095187e+00 4.391794356370095187e+00
-1.047540893784685423e+01 -1.029190581199390309e+01 -9.970186707189569120e+00 -9.850418528418273922e+00 -9.345824106342927706e+00 -8.584809695756986159e+00 -7.401776289592198133e+00 -2.667478928359564350e+00 -3.762547043455818585e+00 -6.055491673740109881e-01 3.310243526842781003e-01 1.843852124454189223e+00 1.589380854180427294e+00 3.342684897434487823e+00 5.547253566838397099e+00 5.547253566838397099e+00 5.547253566838397099e+00 5.547253566838397099e+00
-1.045666035869008326e+01 -1.008948992581536608e+01 -1.000133565152128767e+01 -9.783618406295618186e+00 -9.233724414769469035e+00 -8.277441664078056149e+00 -4.880962404296296242e+00 -3.367273741473864046e+00 -2.925276565679414631e+00 1.136001766070293406e-01 1.460559722257007476e+00 1.990204977569728806e+00 1.865147296986488401e+00 4.336807111579420670e+00 5.292321203554861242e+00 5.292321203554861242e+00 5.292321203554861242e+00 5.292321203554861242e+00
-1.040862274046035907e+01 -1.017422441028369207e+01 -9.531318587886465465e+00 -9.082931710225462751e+00 -8.266664159456317051e+00 -6.950857931461248640e+00 -3.384731696109725352e+00 -4.011494991058090598e+00 -1.101230667412858910e+00 9.947007626754554854e-01 2.058839308280432157e+00 2.730939426710038198e+00 3.420601356621537192e+00 4.758446524483987972e+00 5.310431522154008377e+00 5.310431522154008377e+00 5.310431522154008377e+00 5.310431522154008377e+00
-1.043592856156001858e+01 -1.004365560140216829e+01 -9.516678769904146407e+00 -8.427228056132635814e+00 -7.403128914920899639e+00 -5.344322702537819048e+00 -2.470536524330238848e+00 -3.514826896100034848e+00 6.444279068129907251e-02 2.146399687171813842e+00 2.996089389888681342e+00 3.474907015308698277e+00 4.895545394628593172e+00 4.980950566678857605e+00 5.602591665745437766e+00 5.602591665745437766e+00 5.602591665745437766e+00 5.602591665745437766e+00
-1.022450909938872421e+01 -9.498544112376587023e+00 -8.885848310291754260e+00 -8.374577074767731943e+00 -6.847846539836376145e+00 -3.523573270176135974e+00 -4.084968051400021949e+00 -1.277047490939913210e+00 1.095904039467411106e+00 3.112824288618516455e+00 3.047422707157201760e+00 4.580242078063016642e+00 2.904035679619126231e+00 2.218898651812444278e+00 5.410558531960814932e+00 5.410558531960814932e+00 5.410558531960814932e+00 5.410558531960814932e+00
-9.886439171063036824e+00 -9.034315913946864285e+00 -8.190501304850142716e+00 -7.622201237094517801e+00 -5.211534607638742322e+00 -2.383151246020799086e+00 -3.309053167911818694e+00 1.851520359769359136e-01 2.991265333951657279e+00 3.113971570247208831e+00 4.458624964624281262e+00 3.757134811263973972e+00 2.026708857509513351e+00 2.498063465203368860e+00 5.904933847683480508e+00 5.904933847683480508e+00 5.904933847683480508e+00 5.904933847683480508e+00
-9.505796382794004629e+00 -8.560621653171811118e+00 -7.747090738335463023e+00 -6.173073371563827294e+00 -3.761435016761538463e+00 -3.551298482657069044e+00 -1.985097049974908101e+00 1.793002980766106313e+00 3.198245629940187129e+00 4.029292019299147931e+00 4.701256512683776201e+00 1.474349293531461269e+00 4.747727826388123407e-01 2.316564706760140258e+00 5.762239281401690505e+00 5.762239281401690505e+00 5.762239281401690505e+00 5.762239281401690505e+00
-1.006480443827230431e+01 -7.836176690308571224e+00 -6.627243515484696701e+00 -4.958124119009148068e+00 -2.331058441344516563e+00 -3.108983735303610718e+00 5.912347120969863729e-02 2.993711968321332240e+00 3.285946195796476843e+00 5.071458575177844708e+00 3.361711662035208548e+00 -2.036977034132945619e+00 3.656602407294243795e-01 2.568821747540587452e+00 5.688507722860674853e+00 5.688507722860674853e+00 5.688507722860674853e+00 5.688507722860674853e+00
-9.424737902984217541e+00 -7.580004689019444797e+00 -5.685912926187154603e+00 -3.979236019250770529e+00 -2.765884218382072213e+00 -2.117166421064403004e+00 1.317075809867354508e+00 3.081185442444500211e+00 3.571439424156195752e+00 5.564835501976110876e+00 4.436734786206944392e+00 -9.318912706836374182e-01 1.001198116320675124e+00 2.597464673262038559e+00 5.534857426181351236e+00 5.534857426181351236e+00 5.534857426181351236e+00 5.534857426181351236e+00
-9.112150751006609539e+00 -6.910066365800320298e+00 -4.840225200718559329e+00 -2.681869340563983073e+00 -2.972855600547504640e+00 -3.764365950111825398e-01 3.013886552461622070e+00 3.019760680203989800e+00 4.100978016020606631e+00 6.306863751007812269e+00 6.080680704894415811e+00 1.857529875576613643e+00 6.475020394018846659e-01 2.695859643754551005e+00 5.431271803490953509e+00 5.431271803490953509e+00 5.431271803490953509e+00 5.431271803490953509e+00
-8.648575480299724560e+00 -6.450229684119465290e+00 -4.205499688555041082e+00 -1.822773596701350751e+00 -2.628504291269140758e+00 6.905245677909365165e-01 3.167374780076412932e+00 3.256115209550908496e+00 4.199745904144561059e+00 5.093139430504104226e+00 4.606577938565886043e+00 4.755207476878601902e+00 3.756988724606231678e+00 3.329095116137342103e+00 5.804708254936948642e+00 5.804708254936948642e+00 5.804708254936948642e+00 5.804708254936948642e+00
-7.832335464145147697e+00 -5.953367764174497978e+00 -3.800588932983343327e+00 -1.636083413940805364e+00 -1.588202583656457278e+00 2.249829329113174126e+00 3.517527654895588274e+00 3.867552657955233730e+00 4.106460150642532447e+00 3.211114155396306735e+00 3.287375591536351394e+00 3.179795817584737616e+00 4.026990944993809052e+00 5.118243359406273285e+00 5.737486886224870908e+00 5.737486886224870908e+00 5.737486886224870908e+00 5.737486886224870908e+00
-7.506589567637507621e+00 -6.050766829008377812e+00 -3.064221004661728642e+00 -1.621049853257467532e+00 -1.098482654592246810e+00 3.065759479775525875e+00 3.151425659841348370e+00 3.860421014085485325e+00 3.781301484733782914e+00 1.803978846240875233e+00 1.474456564514048829e+00 1.506591315147570054e+00 2.882802671455762855e+00 4.340099709747882173e+00 5.604435323023972515e+00 5.604435323023972515e+00 5.604435323023972515e+00 5.604435323023972515e+00
-8.208219903202488510e+00 -6.057304751610759652e+00 -3.145980936085774005e+00 -2.693243810001680671e+00 -9.081310150529188219e-01 3.053022601501599986e+00 3.070305051376065464e+00 4.049369999927839636e+00 3.097035204516570772e+00 1.555949126882155698e+00 -3.766163503878069418e-01 8.533498878010369326e-01 2.010023149372726081e+00 3.662432025723823870e+00 5.505664707293034255e+00 5.505664707293034255e+00 5.505664707293034255e+00 5.505664707293034255e+00
-8.171142112822177950e+00 -6.117628094835597885e+00 -3.096863127671506177e+00 -1.589207457391130562e+00 -2.542270327448417633e-01 3.129965614695154663e+00 3.130303873983010909e+00 4.091958586359772276e+00 2.983221413122178589e+00 1.426470708379400820e+00 4.133167002177827454e-03 2.225980193923572381e-01 1.265567595539138557e+00 3.351400268457203957e+00 5.337887455957084804e+00 5.337887455957084804e+00 5.337887455957084804e+00 5.337887455957084804e+00
-8.244342351682179881e+00 -6.387935959981863476e+00 -3.348580929831011854e+00 -1.546344750413010782e+00 -5.247505466718909162e-01 3.266172249029464236e+00 3.231697713236359792e+00 4.154858614375868342e+00 2.781234827017180500e+00 1.192163392107616016e+00 -2.578066707690843007e+00 -1.634532414306097969e+00 1.198115237961985047e+00 3.203780750080900575e+00 5.234301833266687964e+00 5.234301833266687964e+00 5.234301833266687964e+00 5.234301833266687964e+00
-8.019890078785005372e+00 -7.084575773631032192e+00 -4.562359063653501856e+00 -1.839094927688615044e+00 -1.819755039656786755e+00 2.956741301048931625e+00 3.171665748588132772e+00 3.982434757881494924e+00 2.373845432755212315e+00 3.248507652433493265e-01 -2.728785595838908673e+00 -1.605011652279773271e+00 1.201837373628870775e+00 3.425998313736857259e+00 5.594094481728288493e+00 5.594094481728288493e+00 5.594094481728288493e+00 5.594094481728288493e+00
-8.050816190818999019e+00 -7.107206214868265093e+00 -5.139096782638737260e+00 -2.820680252143932698e+00 -1.878785865248717712e+00 4.534544074538607306e-01 3.176329864551069804e+00 3.794343953284228022e+00 2.120517634237158777e+00 -3.130741516363447552e+00 -2.771021039746624837e+00 -1.253727812894724236e+00 1.275276414132906933e+00 3.717232196236591069e+00 5.515847405866029618e+00 5.515847405866029618e+00 5.515847405866029618e+00 5.515847405866029618e+00
-7.931956937844692135e+00 -7.089469498934558800e+00 -5.344880282409469885e+00 -3.539349151974594321e+00 -1.670967849097576119e+00 -4.587184856458201287e-01 3.000834628917595115e+00 3.009458758926279121e+00 2.019978592819867469e+00 -3.949140942818311739e+00 -2.470646559106739915e+00 -7.534320849708837642e-01 1.525877204856922464e+00 3.716180575456501156e+00 5.412280359759165549e+00 5.412280359759165549e+00 5.412280359759165549e+00 5.412280359759165549e+00
-8.402356311416488310e+00 -7.597907397861082046e+00 -6.267247122308752694e+00 -4.391457832993035382e+00 -2.815639620075942151e+00 -2.172346293338803580e+00 5.592776303628673729e-01 2.758785094266749560e+00 1.385275471980275341e+00 -3.467898932686703350e+00 -5.601496838333723804e-01 1.069075393654732364e+00 1.872056326977038943e+00 4.161992490737421058e+00 5.308694737068771374e+00 5.308694737068771374e+00 5.308694737068771374e+00 5.308694737068771374e+00
-8.845562215578535614e+00 -7.941375148862411137e+00 -6.822469864902483749e+00 -5.427651929067384806e+00 -3.460238633242314954e+00 -2.410787883749204941e+00 -1.336506064750838219e+00 1.138487811565966012e+00 1.820752904061077926e+00 -4.544726323570563165e-01 9.583216685433261495e-02 3.060268180910727942e-01 2.175479838444189795e+00 4.558613697486617156e+00 5.140917485732821035e+00 5.140917485732821035e+00 5.140917485732821035e+00 5.140917485732821035e+00
-9.135435458304300482e+00 -8.327619913903482995e+00 -7.470898176033335503e+00 -6.327223114989934949e+00 -4.880969007612760535e+00 -3.174446629820422583e+00 -2.500902681163791552e+00 -2.850011208844193192e-02 7.904995169610576911e-01 1.303341135755006430e+00 3.150076281078047907e-02 3.931098611391137809e-01 1.822220583340168787e+00 4.672702934399665331e+00 5.510022081891586154e+00 5.510022081891586154e+00 5.510022081891586154e+00 5.510022081891586154e+00
-9.386217096269151128e+00 -8.505857691096128548e+00 -7.992988573034469191e+00 -7.315566899727538264e+00 -6.179782449312059889e+00 -4.767927486502110845e+00 -2.274058707820235448e+00 -2.227703552568527368e+00 3.317073941543976501e-01 5.728129861108898213e-01 -5.727892697007923584e-01 2.180405109263553604e-02 1.280530532703728630e+00 4.093721029633775821e+00 5.478461290216046109e+00 5.478461290216046109e+00 5.478461290216046109e+00 5.478461290216046109e+00
-1.008110929259637700e+01 -9.085975029651550017e+00 -8.664495313536196619e+00 -8.252454837905347063e+00 -7.430983779696189728e+00 -6.521069274250453240e+00 -4.412921909620385108e+00 -2.328132713047948776e+00 -1.857003380776550028e+00 3.810062360757556776e-01 3.520692761429102258e-01 7.325105310458558394e-01 -1.366988762261583390e-01 3.991271499319839933e+00 5.318896012225294179e+00 5.318896012225294179e+00 5.318896012225294179e+00 5.318896012225294179e+00
-1.033778876703207139e+01 -9.916852504275812663e+00 -9.417908688557345087e+00 -9.020643550956696899e+00 -8.426701567051541275e+00 -7.368297484978898915e+00 -5.627108353141270669e+00 -3.479688152926025069e+00 -2.355471861739376394e+00 -7.866333591153419347e-01 2.759702669309113676e-01 1.273792226142053341e+00 5.828492984574420444e-01 4.401636437224670573e+00 5.215310389534893787e+00 5.215310389534893787e+00 5.215310389534893787e+00 5.215310389534893787e+00
-1.047855172921732070e+01 -1.011478740543642374e+01 -9.635053403318787346e+00 -9.245750113561344463e+00 -8.741494609915065439e+00 -7.754682466255707673e+00 -6.364588256454537074e+00 -4.721714871777336064e+00 -2.195680054254311120e+00 -2.263919545932531641e+00 5.423863344980633938e-02 7.306869932649640020e-01 7.440483471300449736e-01 3.908882456007144235e+00 5.058422638240935854e+00 5.058422638240935854e+00 5.058422638240935854e+00 5.058422638240935854e+00
-1.052863287270561621e+01 -1.021076602750150286e+01 -9.785611665907412160e+00 -9.368936615873453277e+00 -8.923751734373757571e+00 -8.029770185888921219e+00 -6.708220882230897075e+00 -5.387816748841495418e+00 -3.431698227811884383e+00 -2.285876404348131885e+00 -1.478332356830699856e+00 -1.318419046415134632e-01 7.322840341383251017e-01 3.047893604432819981e+00 5.129741025564183765e+00 5.129741025564183765e+00 5.129741025564183765e+00 5.129741025564183765e+00
-1.050560232088258417e+01 -1.025355699607567495e+01 -9.744751101540963134e+00 -9.520031200908192659e+00 -8.995388044398451299e+00 -8.165308172826428290e+00 -6.826718567152123995e+00 -5.682945805388896154e+00 -4.082612070539753724e+00 -2.901629369633434763e+00 -2.844716966901640554e+00 -4.429257612285023016e-02 6.064093118763126400e-01 2.666116570543316300e+00 5.393252036279768902e+00 5.393252036279768902e+00 5.393252036279768902e+00 5.393252036279768902e+00
-1.046911498486611869e+01 -1.022235639818499564e+01 -9.912280938015900489e+00 -9.596080324122857164e+00 -9.113641452146966415e+00 -8.407634450051244102e+00 -7.028957700687724852e+00 -5.792145538185287990e+00 -4.905983372613784255e+00 -3.436258486847473037e+00 -2.737302471103053580e+00 -6.353657185240804139e-01 3.635449277161597603e-01 2.681858912381232862e+00 5.289703293336969203e+00 5.289703293336969203e+00 5.289703293336969203e+00 5.289703293336969203e+00
-1.058678970229014205e+01 -1.023921261103487979e+01 -9.962052101205770782e+00 -9.612926895446259223e+00 -9.220272785566287155e+00 -8.537927356948415536e+00 -7.179676469454530086e+00 -5.752510173615340783e+00 -5.289020085770892443e+00 -3.682154112568632787e+00 -2.514811956377850155e+00 -9.018511455899239637e-01 -9.226796499817238595e-03 2.261989162063410497e+00 5.233463068833489551e+00 5.233463068833489551e+00 5.233463068833489551e+00 5.233463068833489551e+00
-1.052924631650422427e+01 -1.026361044418880653e+01 -9.967869170902609710e+00 -9.666429926751400004e+00 -9.260858656921278964e+00 -8.671956030047580199e+00 -7.352762872967507413e+00 -5.749082585183434624e+00 -5.068089118372988366e+00 -3.131147848298811542e+00 -3.117413360188314719e+00 -1.097400489422858838e+00 -7.752424630969489971e-02 2.358820908922648840e+00 5.172760707705243099e+00 5.172760707705243099e+00 5.172760707705243099e+00 5.172760707705243099e+00
-1.055077040101554608e+01 -1.031214311375831549e+01 -1.002577953250199450e+01 -9.666601010809332095e+00 -9.354849023608490910e+00 -8.716656068066445329e+00 -7.443838085327321608e+00 -5.831605532876894316e+00 -5.113572339244967679e+00 -3.757912843373292677e+00 -2.669927705763903258e+00 -1.741101253601715637e+00 -1.072135260359563247e-01 2.262707389570904670e+00 4.896989211023090149e+00 4.896989211023090149e+00 4.896989211023090149e+00 4.896989211023090149e+00
-1.066553609560255822e+01 -1.029962222906600289e+01 -1.001079344447526154e+01 -9.682633982739215384e+00 -9.319697509418366721e+00 -8.768234371357404910e+00 -7.575402474101709416e+00 -5.882229745728542625e+00 -5.147575992912353016e+00 -3.868734252076451163e+00 -3.954767404524505370e+00 -2.463513790454885388e+00 -7.876248971186061709e-01 2.168548241929522558e+00 5.282844616608008081e+00 5.282844616608008081e+00 5.282844616608008081e+00 5.282844616608008081e+00
-1.068903341862764478e+01 -1.035151885409168493e+01 -1.002079729948542486e+01 -9.716418777082083125e+00 -9.382538836723576026e+00 -8.953720379476271418e+00 -7.609492934645122553e+00 -5.804575252521971152e+00 -5.296108175582569189e+00 -3.642363649783885826e+00 -3.930981207102723030e+00 -1.684468357199621735e+00 -6.544403612985227880e-01 2.209626066381132681e+00 5.254478297469336034e+00 5.254478297469336034e+00 5.254478297469336034e+00 5.254478297469336034e+00
