-1.050129551000411254e+01 -1.029391048855871027e+01 -9.969286698083408282e+00 -9.619325794131185603e+00 -9.335022686870200204e+00 -9.005391522924504955e+00 -8.365238050432434846e+00 -7.048589813509890334e+00 -3.514305836336013122e+00 -3.865802271519969580e+00 -2.182140253550826081e+00 -6.195513021974450307e-01 1.626738274836403431e+00 2.061726137986469087e+00 5.416941585488823208e+00 5.416941585488823208e+00 5.416941585488823208e+00 5.416941585488823208e+00
-1.044090714743594361e+01 -1.021342375819735793e+01 -1.000962117434795040e+01 -9.773215683158280598e+00 -9.406998330267189345e+00 -8.893599486174988300e+00 -8.113276458005698188e+00 -6.592104449776225117e+00 -3.266047780459341077e+00 -4.466543244964496395e+00 -1.902005743550985173e+00 -7.480617742173359952e-01 1.346702895840278025e+00 1.916155150850150646e+00 5.588806552313061893e+00 5.588806552313061893e+00 5.588806552313061893e+00 5.588806552313061893e+00
-1.019140098166137065e+01 -9.949670557231421242e+00 -9.866985752957504019e+00 -9.833408239633495640e+00 -9.557954336224362635e+00 -9.010977141623399689e+00 -8.098346458514969370e+00 -6.341716582789413081e+00 -2.714835257603796848e+00 -4.471330971048262271e+00 -6.482667087526363670e-01 -5.031794281111527933e-01 1.812121396245765848e+00 2.019912651952566307e+00 5.315644959913880641e+00 5.315644959913880641e+00 5.315644959913880641e+00 5.315644959913880641e+00
-1.043101819236003358e+01 -1.022796250135517937e+01 -9.717113746634453264e+00 -9.361881174416414098e+00 -9.309966915450649694e+00 -9.107718589210641369e+00 -8.106553798812928591e+00 -5.792896958218324954e+00 -2.581815559408285665e+00 -4.065145126265981901e+00 -1.010696829419945736e-01 -2.058239397263123549e-01 1.519286995585360955e+00 2.147367533178671462e+00 5.053622802949909953e+00 5.053622802949909953e+00 5.053622802949909953e+00 5.053622802949909953e+00
-1.051489937956436016e+01 -1.021690233376213364e+01 -9.931211061708658860e+00 -9.547941620621219982e+00 -8.969417247106648006e+00 -8.650142103881409028e+00 -7.915667752407195223e+00 -4.471851560692082117e+00 -3.034742634726040222e+00 -3.141905741368457683e+00 -6.367470619304319013e-02 1.451097642330314574e+00 1.481156000286099061e+00 2.331811793194316529e+00 4.869150641124319279e+00 4.869150641124319279e+00 4.869150641124319279e+00 4.869150641124319279e+00
-1.031335750461889234e+01 -1.019176261902294556e+01 -1.014820833143830470e+01 -9.843781816424970188e+00 -9.280618929774533399e+00 -8.459383984102538889e+00 -7.663824092806390098e+00 -3.208126965475410319e+00 -4.141325799609952618e+00 -1.535591186353316484e+00 3.264347129734714720e-02 1.481732841215938290e+00 1.614195458215103018e+00 2.115380062431204244e+00 4.535637319761606001e+00 4.535637319761606001e+00 4.535637319761606001e+00 4.535637319761606001e+00
-1.053426365406001963e+01 -1.023128723966528142e+01 -1.006362594388495957e+01 -9.748513074809348922e+00 -9.259049385902716978e+00 -8.446197298350179850e+00 -6.631501229161141708e+00 -2.914526158693182989e+00 -4.202312282517761233e+00 -6.736689968725964039e-01 6.822385170538016741e-01 1.850051463292361920e+00 1.662240555492134453e+00 3.045140720698665149e+00 4.390623971782202872e+00 4.390623971782202872e+00 4.390623971782202872e+00 4.390623971782202872e+00
-1.039154602867892407e+01 -1.014689916776633538e+01 -1.008636237040169803e+01 -9.672962811459152377e+00 -9.190730530491562078e+00 -8.211394952383050949e+00 -4.859459179180893429e+00 -3.612045541953685213e+00 -3.399831114858351544e+00 -1.276220923787994010e-01 1.635726342293066571e+00 1.972816677438518518e+00 1.875240646557081448e+00 4.279767765601910412e+00 5.443132282095442420e+00 5.443132282095442420e+00 5.443132282095442420e+00 5.443132282095442420e+00
-1.040146812633564188e+01 -9.989882956460528263e+00 -9.546185514100326230e+00 -9.271252100213448699e+00 -8.444566166857370604e+00 -7.051953111923840112e+00 -3.646000998482425537e+00 -4.565081261572917271e+00 -2.444945701074161981e+00 2.263565162180175838e-01 2.119995186014209221e+00 2.682729733447176912e+00 3.247301213245145313e+00 4.728251490133462909e+00 5.250959720487631266e+00 5.250959720487631266e+00 5.250959720487631266e+00 5.250959720487631266e+00
-1.055642656469090213e+01 -1.012354443587128827e+01 -9.317062672220387753e+00 -8.441582824659086270e+00 -7.443732304075567185e+00 -5.742515282106343655e+00 -2.383235048002510403e+00 -4.331181239736388022e+00 -4.892720062624202892e-01 1.463682908333723720e+00 2.769272578944754315e+00 3.384257846489317156e+00 4.886898921923876316e+00 4.954452122576620710e+00 5.596595512351687063e+00 5.596595512351687063e+00 5.596595512351687063e+00 5.596595512351687063e+00
-1.018104077134930208e+01 -9.649326940599769031e+00 -9.050875717910608742e+00 -8.378851199528780214e+00 -6.848372508304885642e+00 -4.108166354079300753e+00 -3.460794665410465765e+00 -2.615285315782776898e+00 2.853712415335203367e-01 2.653254109077808565e+00 2.926037721004966841e+00 4.525123465855432237e+00 3.046883218491076128e+00 2.267584451258019662e+00 5.479213620766839377e+00 5.479213620766839377e+00 5.479213620766839377e+00 5.479213620766839377e+00
-9.887317500031366890e+00 -9.126085347334667475e+00 -8.373394299893915260e+00 -8.009988281949816269e+00 -5.592896836194967136e+00 -2.780677167771423264e+00 -3.471444969465778296e+00 -1.372168535950987422e+00 1.206452587558979994e+00 3.210787617528797266e+00 4.331980645585017164e+00 3.745557760659204760e+00 2.068692137498858052e+00 2.480467980045215626e+00 5.428584255602798336e+00 5.428584255602798336e+00 5.428584255602798336e+00 5.428584255602798336e+00
-9.532926204614156518e+00 -8.711275780833531712e+00 -7.890618192279846177e+00 -6.572298496807350787e+00 -4.715655192025214326e+00 -2.809077990148328929e+00 -3.631651666961020375e+00 -1.496507787244212573e-01 2.862074657616646256e+00 3.968271895641111158e+00 4.605073713718473627e+00 2.059596520027402011e+00 4.763976660758938442e-01 2.369706447644739367e+00 5.710514430105692263e+00 5.710514430105692263e+00 5.710514430105692263e+00 5.710514430105692263e+00
-1.000727975932381497e+01 -8.101932336373131704e+00 -6.965067212338234448e+00 -5.379932088508900812e+00 -3.223797297656047611e+00 -2.157429503229841838e+00 -2.869915209381500798e+00 4.967276714021092721e-01 3.290835148520935505e+00 4.908568090851780141e+00 3.315097819184531502e+00 -1.953785932997653907e+00 3.634908687452053644e-01 2.504018140982017471e+00 5.432827049971852063e+00 5.432827049971852063e+00 5.432827049971852063e+00 5.432827049971852063e+00
-9.573657541620949729e+00 -7.663580569882992855e+00 -6.085158994133857746e+00 -4.831974203538466739e+00 -2.329189383821621995e+00 -3.087354700772461324e+00 -7.927448950875768396e-01 2.296834419002781402e+00 3.440388226423617191e+00 5.397698186518132601e+00 4.341711535794400945e+00 -9.659555332439744291e-01 9.770043319514927216e-01 2.543418515949867675e+00 5.666011520021545067e+00 5.666011520021545067e+00 5.666011520021545067e+00 5.666011520021545067e+00
-9.070782332039549090e+00 -7.078125940948208239e+00 -5.416936386557912542e+00 -4.020162821494340122e+00 -1.976114237806982921e+00 -2.600513633729896856e+00 3.864385957215911160e-01 2.942146726908709820e+00 3.978200836153274356e+00 6.084327828111845804e+00 5.876916225140462302e+00 1.881243838202171892e+00 6.628125018612072150e-01 2.670724391285512755e+00 5.556769975799008776e+00 5.556769975799008776e+00 5.556769975799008776e+00 5.556769975799008776e+00
-8.778742267863474780e+00 -6.593783670590159574e+00 -4.765175328298855817e+00 -3.355763907075022257e+00 -2.463597607334508055e+00 -2.342735223471937189e+00 1.510554485029469429e+00 3.360428677566864586e+00 4.191316552439174892e+00 5.061576126755216620e+00 4.541149425914544402e+00 4.597630852169206861e+00 3.492619694708785083e+00 3.211663617910488711e+00 5.436441517771932297e+00 5.436441517771932297e+00 5.436441517771932297e+00 5.436441517771932297e+00
-8.157656869369976249e+00 -6.400736871237957537e+00 -4.547263706813234663e+00 -2.487735742272052519e+00 -2.454698448105419040e+00 -1.829589576894327774e+00 2.806156177143737551e+00 3.835778326837298913e+00 3.959279091294732211e+00 3.217689367639986919e+00 3.268678776755216564e+00 3.142482925820746509e+00 3.876914875553032935e+00 5.099202291627469741e+00 5.569258346818667604e+00 5.569258346818667604e+00 5.569258346818667604e+00 5.569258346818667604e+00
-7.645047362301689908e+00 -6.276370721451443480e+00 -4.243612460921333707e+00 -2.258102119310223088e+00 -2.270005733744860699e+00 -8.958937757401286284e-01 2.720393905000974222e+00 3.768809814223468280e+00 3.709776041062481156e+00 1.762314784535339296e+00 1.549456561868375770e+00 1.595246745004561983e+00 2.760859068367418789e+00 4.281253463990704056e+00 5.506154831961427298e+00 5.506154831961427298e+00 5.506154831961427298e+00 5.506154831961427298e+00
-7.830136882907661189e+00 -6.108911584114481208e+00 -4.113091620120009395e+00 -1.785022371084367787e+00 -2.513948706431038627e+00 -2.468671048150666500e-02 3.197085001532534498e+00 3.966700239683270013e+00 3.059088972097134373e+00 1.590390124428338936e+00 1.071597446674906529e+00 1.104377181526079221e+00 1.978100986774606884e+00 3.605172965686909592e+00 5.419444024382036318e+00 5.419444024382036318e+00 5.419444024382036318e+00 5.419444024382036318e+00
-8.221953898874133415e+00 -6.457650506021719750e+00 -4.201603717681678951e+00 -2.584426855221613195e+00 -1.843516812577923325e+00 -9.806778970488903013e-01 3.294498553611363789e+00 4.017654503290261303e+00 2.977985563491002630e+00 1.489093960064058919e+00 7.955700151632656425e-01 5.265509921984790065e-01 1.255821035091207349e+00 3.258879639007238982e+00 5.603432576536659937e+00 5.603432576536659937e+00 5.603432576536659937e+00 5.603432576536659937e+00
-8.170189802510636312e+00 -6.738500274900598441e+00 -4.224047917071569458e+00 -2.189367029392943920e+00 -2.140207093966550289e+00 -7.264593742508694829e-01 3.024577863797843769e+00 4.022342658095376500e+00 2.743307264259287059e+00 1.251580577501964164e+00 -2.055900131650628015e+00 -1.576874539902779926e+00 1.163439745637228295e+00 3.087882771579755659e+00 5.519543217130497226e+00 5.519543217130497226e+00 5.519543217130497226e+00 5.519543217130497226e+00
-8.197246803863123432e+00 -6.960398453010398612e+00 -4.800117855064985228e+00 -2.449191307080565760e+00 -1.784688047330010185e+00 -1.886802073883879771e+00 2.485268623643286823e+00 3.859481079601766673e+00 2.317464310534700367e+00 9.292522002607479514e-01 -2.436617127936880678e+00 -1.563361259935518444e+00 1.164351688921607231e+00 3.410827717286551319e+00 5.317903411454562246e+00 5.317903411454562246e+00 5.317903411454562246e+00 5.317903411454562246e+00
-8.146847296948903860e+00 -7.246863404083844884e+00 -5.276266255715070130e+00 -3.394360519862093195e+00 -1.775551339671303630e+00 -1.898680420143630254e+00 8.838085267742985529e-01 3.612234581952476820e+00 2.161330763599448979e+00 5.899864676103441785e-02 -2.598380784192995119e+00 -1.157423731416316492e+00 1.234555105224887317e+00 3.673341719185535315e+00 5.615072514840077744e+00 5.615072514840077744e+00 5.615072514840077744e+00 5.615072514840077744e+00
-8.064868172362107401e+00 -7.168438886281263578e+00 -5.790557360135899501e+00 -4.206635081888758343e+00 -2.281703821607250937e+00 -1.666070656839855779e+00 -1.266621768229907019e+00 2.565385942967361110e+00 2.475166055903518458e+00 -3.631198991814498456e+00 -2.247263335762863079e+00 -6.280533720346161974e-01 1.468248740823680176e+00 3.724583316720302406e+00 5.511868129096027857e+00 5.511868129096027857e+00 5.511868129096027857e+00 5.511868129096027857e+00
-8.297475467733310239e+00 -7.812986202752473019e+00 -6.457720424929206615e+00 -4.927007873183245401e+00 -3.590624983289647520e+00 -1.664980876918105368e+00 -2.121195927155504091e+00 1.425296965032148755e+00 2.188774278182793687e+00 -3.014874740154290578e+00 2.119021173162305982e-01 1.037675909806803798e+00 1.843217123458959827e+00 4.202050951878248952e+00 5.738053363449428623e+00 5.738053363449428623e+00 5.738053363449428623e+00 5.738053363449428623e+00
-8.756588737717748927e+00 -7.824729529152335772e+00 -6.930454118658309071e+00 -5.690587986447482649e+00 -4.385654647068772505e+00 -2.426087327499149460e+00 -2.228035921599502700e+00 -8.018181948970222184e-01 1.675876967434759113e+00 5.564367593143641766e-02 2.505209523075038192e-01 7.906770908395036601e-01 2.154686261035660522e+00 4.781958310999407047e+00 5.546983721607944950e+00 5.546983721607944950e+00 5.546983721607944950e+00 5.546983721607944950e+00
-9.110727658242099736e+00 -8.188321763168225687e+00 -7.387087952588444750e+00 -6.352638223836622799e+00 -5.294840809946533611e+00 -3.966420152838757929e+00 -1.908562513763447877e+00 -2.482569813050382379e+00 9.905184823399140193e-01 1.330158724431391937e+00 8.310761244477830045e-01 -4.259107255667318181e-01 1.737790538017068620e+00 4.937811239285606391e+00 5.426907914357470553e+00 5.426907914357470553e+00 5.426907914357470553e+00 5.426907914357470553e+00
-9.410740263872638067e+00 -8.500307188473415820e+00 -7.919580597240102549e+00 -7.195774787624298341e+00 -6.303171499961699453e+00 -5.073159617001455679e+00 -2.679855780221765293e+00 -2.364501933994860750e+00 6.259869630552582220e-02 1.538370113275771445e+00 9.547420453573683963e-01 7.694473522138964849e-01 9.253456011349703303e-01 4.078754653588193335e+00 5.592820624098422400e+00 5.592820624098422400e+00 5.592820624098422400e+00 5.592820624098422400e+00
-9.837053506289809235e+00 -8.995229844891419191e+00 -8.469892945291613628e+00 -8.032230288734563572e+00 -7.312111344077512065e+00 -6.373957606334760939e+00 -4.058381215798772423e+00 -2.027293061921960238e+00 -2.237375807371981828e+00 9.432331150341989323e-01 1.099717601778829268e+00 9.565215173497296774e-01 4.917818263681529856e-01 3.945488538500466547e+00 5.551646957928860537e+00 5.551646957928860537e+00 5.551646957928860537e+00 5.551646957928860537e+00
-1.022011328080790094e+01 -9.786304698183691642e+00 -9.281698127912713758e+00 -8.741476034366190362e+00 -8.190850905950352256e+00 -7.139746037003735779e+00 -5.007749204567717882e+00 -2.915452480473065933e+00 -2.703565942849918358e+00 3.869371316110287173e-01 1.197172602905107963e+00 9.847426341329797994e-01 4.197787209136273345e-01 4.457272147540640717e+00 5.843892915406521560e+00 5.843892915406521560e+00 5.843892915406521560e+00 5.843892915406521560e+00
-1.038646911029070097e+01 -1.001145185024956064e+01 -9.538032408943967866e+00 -9.106664592216368703e+00 -8.495664781671656840e+00 -7.546409182160349616e+00 -6.242139739942044407e+00 -3.019885026141908124e+00 -2.668432829827051656e+00 -1.462132953154251735e+00 9.318208127065708002e-01 1.009577737188771973e+00 8.262653940755564363e-01 3.112747327839820777e+00 5.683496652997378717e+00 5.683496652997378717e+00 5.683496652997378717e+00 5.683496652997378717e+00
-1.046954242864351414e+01 -1.011687644582067769e+01 -9.717830941897183550e+00 -9.271135703460743116e+00 -8.730171825622129234e+00 -7.844243947454257793e+00 -6.634617652279709787e+00 -4.694196171128986350e+00 -2.875045471869818403e+00 -2.592944318163048489e+00 6.731570998594575972e-01 1.028643425923588817e+00 7.412056283107586463e-01 2.671455275603290325e+00 5.490534866679228188e+00 5.490534866679228188e+00 5.490534866679228188e+00 5.490534866679228188e+00
-1.044712410359287169e+01 -1.014689371246990746e+01 -9.769046310858108484e+00 -9.392584312932367396e+00 -8.818325126441989070e+00 -8.009928768700500967e+00 -6.859558658353654081e+00 -5.488103072451555597e+00 -2.875299111782008588e+00 -2.694992587627260683e+00 2.521500743657001387e-01 1.102479498014352188e+00 7.202391110526383811e-01 2.589503717155860585e+00 5.377674362607034908e+00 5.377674362607034908e+00 5.377674362607034908e+00 5.377674362607034908e+00
-1.045422370979552618e+01 -1.015294660664935655e+01 -9.844987383423690730e+00 -9.455232877886572851e+00 -8.961777434151567689e+00 -8.220902387834989611e+00 -7.062764891036724890e+00 -5.641769761925804261e+00 -3.755009469164534153e+00 -2.186961553514727985e+00 -1.038835727306218981e+00 7.403251063562239498e-01 2.156481842013086569e-01 2.802337640547547082e+00 5.170591565163562997e+00 5.170591565163562997e+00 5.170591565163562997e+00 5.170591565163562997e+00
-1.052129581034012418e+01 -1.016488867778196514e+01 -9.839096074883133980e+00 -9.484251636514276385e+00 -9.046027016651670749e+00 -8.311393476584603590e+00 -7.233178424286411001e+00 -5.853526158598480578e+00 -3.961326112267170352e+00 -2.859650647363857878e+00 -2.779794851399254085e+00 2.796236261895480579e-01 7.039031085191871373e-01 2.347961543343062729e+00 5.916609937166941613e+00 5.916609937166941613e+00 5.916609937166941613e+00 5.916609937166941613e+00
-1.050470236755517561e+01 -1.018360281996363170e+01 -9.905893788633861163e+00 -9.551827851517682433e+00 -9.072714197945028758e+00 -8.503477310113151333e+00 -7.355591187408151654e+00 -5.875363536541543752e+00 -4.528403315789709893e+00 -3.622496232027729857e+00 -2.741378724777716158e+00 2.342588318818001336e-01 1.213699263516848093e-01 2.463733238904083134e+00 6.088796126360445093e+00 6.088796126360445093e+00 6.088796126360445093e+00 6.088796126360445093e+00
-1.050815263842974545e+01 -1.022531404511826203e+01 -9.887830965528378258e+00 -9.567365457704728016e+00 -9.180591541451917692e+00 -8.503751934610964014e+00 -7.396905673624382338e+00 -5.941688652850809049e+00 -5.077445757220024447e+00 -2.881517703976931077e+00 -2.898993416997347694e+00 -3.701180470333989558e-02 4.289205180241673077e-01 2.485922407430058101e+00 5.696556651690803719e+00 5.696556651690803719e+00 5.696556651690803719e+00 5.696556651690803719e+00
-1.056691778437493667e+01 -1.027895337608189053e+01 -9.941448472816436066e+00 -9.590552816730586017e+00 -9.239634435900216047e+00 -8.578230355675602326e+00 -7.496389854344922554e+00 -5.886473480898514410e+00 -5.192858902617298433e+00 -3.201009268649273487e+00 -2.931169072816182108e+00 -2.472452256556732508e-01 4.390179354990335070e-01 2.398873488139885879e+00 5.501084231228615451e+00 5.501084231228615451e+00 5.501084231228615451e+00 5.501084231228615451e+00
-1.060549165605522326e+01 -1.030483913825313991e+01 -9.989421589527459844e+00 -9.642662981217284823e+00 -9.328016401369897181e+00 -8.762038136070707139e+00 -7.516245424341411407e+00 -5.810216983732816587e+00 -5.362955229815256075e+00 -3.684455975616260481e+00 -2.246341562342979437e+00 -6.380871316188316822e-01 2.999992590616209487e-01 2.470749472131624103e+00 5.481831103221701085e+00 5.481831103221701085e+00 5.481831103221701085e+00 5.481831103221701085e+00
