-1.028359469409197402e+01 -1.030918044303474090e+01 -1.008065318237997410e+01 -9.721565910046169989e+00 -9.429412411526010729e+00 -9.121490760882462467e+00 -8.614425346567486486e+00 -7.532494563083139028e+00 -5.830892717963886973e+00 -4.474673082634399890e+00 -3.160427061403673132e+00 -2.396217974060519396e+00 -6.436432753898260195e-01 2.342879809278197278e+00 4.869026474174527053e+00 4.869026474174527053e+00 4.869026474174527053e+00 4.869026474174527053e+00
-1.036140470338930086e+01 -1.020684016037048636e+01 -9.973655929598304937e+00 -9.860695088182003687e+00 -9.555690691149962390e+00 -9.059278224019571724e+00 -8.431957985332619643e+00 -7.348307948630186104e+00 -5.726430452904677004e+00 -4.539326974898207467e+00 -3.118864667264572788e+00 -2.315002272312876919e+00 -2.444022891223527061e-01 2.525317329486549411e+00 4.792319021098069065e+00 4.792319021098069065e+00 4.792319021098069065e+00 4.792319021098069065e+00
-1.037063710720597065e+01 -1.005158194920511683e+01 -9.827214111586000556e+00 -9.616922904351628887e+00 -9.567317003517004537e+00 -9.266036505515790722e+00 -8.201055107509880315e+00 -7.238894320850541853e+00 -5.576661062839687766e+00 -4.001225876956010730e+00 -3.445308184544426666e+00 -2.268490465529075628e+00 -5.258083817930511716e-02 2.496392460392189427e+00 4.846455200976080846e+00 4.846455200976080846e+00 4.846455200976080846e+00 4.846455200976080846e+00
-1.038521719705815727e+01 -1.022158066098356599e+01 -1.002885924735738143e+01 -9.481573597423908595e+00 -9.353479677975375495e+00 -9.174365547587727932e+00 -8.381119104005438913e+00 -6.984426996402850918e+00 -5.541966571682922726e+00 -3.476322085223708225e+00 -2.550876011012300104e+00 -1.908577802872543305e+00 4.722176358344966629e-01 2.386081017497719170e+00 5.238939394769969837e+00 5.238939394769969837e+00 5.238939394769969837e+00 5.238939394769969837e+00
-1.042222748901780705e+01 -1.033632538453100480e+01 -1.009841130962223055e+01 -9.704355334065713379e+00 -9.234917356181504999e+00 -8.868634861937957581e+00 -8.364829711081073427e+00 -7.003087448279484484e+00 -5.479936643290356457e+00 -2.542359421328851177e+00 -2.259663505243617365e+00 -1.029734242009861633e+00 7.793258104872330394e-01 2.521490479036087695e+00 5.046889943100684839e+00 5.046889943100684839e+00 5.046889943100684839e+00 5.046889943100684839e+00
-1.051449484220158581e+01 -9.989353254185825648e+00 -1.004724505304148963e+01 -9.975359851764205033e+00 -9.528066614190548123e+00 -8.854048953650380582e+00 -7.998442212533936058e+00 -6.638362270640282503e+00 -4.378278636495585019e+00 -2.138841752211816605e+00 -7.015686990347614893e-01 -3.642486704962456523e-01 5.823721276930040602e-01 2.330363090383904989e+00 4.776820008038084708e+00 4.776820008038084708e+00 4.776820008038084708e+00 4.776820008038084708e+00
-1.030575638897264135e+01 -1.025864808159294483e+01 -1.004268811364233294e+01 -9.770364500422399345e+00 -9.478805415800858114e+00 -8.698414868560192303e+00 -7.766861566213536960e+00 -6.411553980764475469e+00 -2.258141032027189965e+00 -1.807341919108922390e+00 2.734074366240807907e-01 1.311452990984656619e+00 1.531577970972474834e+00 3.444858287290612608e+00 4.593513100348527445e+00 4.593513100348527445e+00 4.593513100348527445e+00 4.593513100348527445e+00
-1.043733446101869333e+01 -1.005210734926328264e+01 -9.943174273733177415e+00 -9.847802653119874350e+00 -9.329232648220559199e+00 -7.965376303532377023e+00 -6.787013212402236206e+00 -2.350636978331621663e+00 -1.817911831887446539e+00 1.477384167832362927e-01 1.409276049171257039e+00 2.150879142438692604e+00 1.590962899748278758e+00 4.441360304559145433e+00 5.415662317322910368e+00 5.415662317322910368e+00 5.415662317322910368e+00 5.415662317322910368e+00
-1.052529263334469789e+01 -1.033651747340292992e+01 -9.720189032089781023e+00 -9.234013988165546749e+00 -7.935550409847397901e+00 -7.572212130604571101e+00 -3.550755871559731158e+00 -2.213464930651623863e+00 -6.370198622738838801e-02 1.674773182246084957e+00 2.154904082176183344e+00 2.947357664397077581e+00 3.454725073686251147e+00 4.857649294926581263e+00 6.107262434490703384e+00 6.107262434490703384e+00 6.107262434490703384e+00 6.107262434490703384e+00
-1.026751571812767772e+01 -9.864738253963242443e+00 -9.482229507374333011e+00 -8.370172959529529777e+00 -7.696001645646304290e+00 -4.645879639208085443e+00 -2.145703077819137050e+00 -6.544327203773819823e-01 2.032317555213210447e+00 2.468166630247673243e+00 3.154713717586621335e+00 3.530817067981081969e+00 5.031041203539394324e+00 5.001142274624308826e+00 5.666818176923607453e+00 5.666818176923607453e+00 5.666818176923607453e+00 5.666818176923607453e+00
-1.028762147905130142e+01 -9.371085275619776667e+00 -8.562552664456005047e+00 -8.474933399766710451e+00 -7.270130283371733171e+00 -2.263592564337643331e+00 -6.127438987151595517e-01 1.376702207111109688e+00 2.746671978388367741e+00 3.226851325121703251e+00 3.214008417303815257e+00 4.734691975607296044e+00 3.071876411696596421e+00 2.403073981235598566e+00 5.298446537734377237e+00 5.298446537734377237e+00 5.298446537734377237e+00 5.298446537734377237e+00
-9.422705254408548114e+00 -8.737272545155256864e+00 -8.025590187388555563e+00 -7.734433616709226911e+00 -3.163013410257957680e+00 -1.772236145604650037e+00 4.725072126977241105e-01 2.258083413233832992e+00 3.109136378975227544e+00 3.316169919732407934e+00 4.643390365996267199e+00 2.890846542737910418e+00 7.926798078388750390e-01 2.515799662196638309e+00 5.464375047372981520e+00 5.464375047372981520e+00 5.464375047372981520e+00 5.464375047372981520e+00
-9.775723357874117170e+00 -8.347845572589038809e+00 -7.217935836726249832e+00 -5.634912383678485348e+00 -2.525386837193482226e+00 -3.283517025285677127e-01 2.290044393711694326e+00 3.237302321264546645e+00 3.435188590763778027e+00 4.250299128404521731e+00 4.839003928841922431e+00 -1.700144025228892408e-01 4.740772921383108462e-01 2.537171091048136429e+00 5.586785785042867047e+00 5.586785785042867047e+00 5.586785785042867047e+00 5.586785785042867047e+00
-9.893863378315813861e+00 -7.687947929152970872e+00 -5.681973721376059494e+00 -2.566994213212444365e+00 -1.622337728679425606e+00 8.576951806531178946e-01 2.922302330514995994e+00 3.308048903139363617e+00 3.486589800299314312e+00 5.124999537845008390e+00 2.545169769373858859e+00 -1.915963643663906701e+00 3.509594484711759943e-01 2.771344150432597964e+00 5.447306502021780794e+00 5.447306502021780794e+00 5.447306502021780794e+00 5.447306502021780794e+00
-9.416870303731425196e+00 -7.393468938513242605e+00 -3.704360863443327823e+00 -2.457979760418032456e+00 -6.966648144142634225e-02 2.599583847320570573e+00 3.257769674216109745e+00 3.407018289608582329e+00 3.708523289753994590e+00 5.793722730599057513e+00 4.377318320586129019e+00 -9.134669571031210911e-01 8.049079532545788673e-01 2.814853460737746005e+00 5.454159019194373847e+00 5.454159019194373847e+00 5.454159019194373847e+00 5.454159019194373847e+00
-9.243644617545502484e+00 -6.179289222771844337e+00 -2.970808573370427474e+00 -1.566310373654700383e+00 8.737888881418858222e-01 3.141051832301792857e+00 3.207221128299418744e+00 3.261873771378616560e+00 4.315809556236695599e+00 6.352736953345226922e+00 6.139040542553155788e+00 1.544728719193387834e+00 7.497212513759214936e-01 2.824312352727796238e+00 5.637251719626156898e+00 5.637251719626156898e+00 5.637251719626156898e+00 5.637251719626156898e+00
-8.325918561530219364e+00 -5.042423820600641093e+00 -2.095812792942890024e+00 -5.835981875407596497e-01 1.806533963319971070e+00 3.243496148500201848e+00 3.374121114926003528e+00 3.422722268961326364e+00 4.296922617322076476e+00 5.004144610326070719e+00 4.688990858875517809e+00 4.835794693854056803e+00 4.134852956205946839e+00 3.172347592936418881e+00 5.673324649510456119e+00 5.673324649510456119e+00 5.673324649510456119e+00 5.673324649510456119e+00
-7.268425502613952816e+00 -4.693178380123197435e+00 -1.434098144665425734e+00 -4.017084779414759055e-01 2.327868402962596228e+00 2.803815506142585345e+00 3.578104130685772155e+00 3.960765075582853623e+00 4.223021099780377874e+00 3.288055717874308392e+00 3.266994102773391084e+00 3.218507777592061192e+00 4.056326285827335454e+00 5.226104842992786104e+00 5.755837586973667541e+00 5.755837586973667541e+00 5.755837586973667541e+00 5.755837586973667541e+00
-7.635828779472085159e+00 -4.855471505607280136e+00 -1.267803180552371511e+00 5.273352486933200467e-01 2.697212480749375807e+00 3.334605874591324515e+00 3.349142390847782202e+00 4.166490151556177857e+00 3.897393111216881589e+00 1.747090056020305981e+00 1.126424881528337307e+00 1.450844163412372323e+00 2.849181790000775649e+00 4.506655115986253790e+00 5.652029663278426597e+00 5.652029663278426597e+00 5.652029663278426597e+00 5.652029663278426597e+00
-7.968331530466671531e+00 -4.962268147355141323e+00 -1.378311943747014823e+00 4.325958227034145676e-01 2.759070333168513578e+00 3.301825092929397076e+00 3.308904358187565453e+00 4.224370643771377054e+00 3.186577588197164523e+00 1.435605378371765273e+00 -9.647116664852277701e-01 9.086411676536353399e-01 2.020646375275957141e+00 3.685833712580472987e+00 5.576298087225831424e+00 5.576298087225831424e+00 5.576298087225831424e+00 5.576298087225831424e+00
-7.820107587465610521e+00 -5.421327589980138306e+00 -2.110033816205821644e+00 3.286444175208300678e-01 2.746148163112692053e+00 3.240821502544920740e+00 3.280483343668217255e+00 4.232057906930108970e+00 3.038913989958273554e+00 1.366677322186451216e+00 -1.061637602069236852e+00 -1.555369361677673423e-02 1.289500389625609200e+00 3.440252174810370711e+00 5.515838993431032122e+00 5.515838993431032122e+00 5.515838993431032122e+00 5.515838993431032122e+00
-7.860622941164995048e+00 -6.199348684588370517e+00 -1.962871494190410182e+00 2.882431179411009126e-01 2.473276791436391786e+00 3.395721770282086993e+00 3.352842695556778274e+00 4.342905771558207562e+00 2.766861282862967286e+00 8.304009803706180470e-01 -2.848884128122620485e+00 -1.811246302751788884e+00 1.231438646458846042e+00 3.284995613794397862e+00 5.445767907438322730e+00 5.445767907438322730e+00 5.445767907438322730e+00 5.445767907438322730e+00
-7.982054872842727633e+00 -6.156577970487553841e+00 -1.912881762611534864e+00 -9.303833108690545695e-02 2.462198851053150950e+00 3.368744278502863843e+00 3.410759195227600848e+00 4.215127868943412182e+00 2.362710077411501075e+00 -1.092545057929660945e+00 -2.863904315489714136e+00 -1.704264325984225170e+00 1.270009157059930338e+00 3.569129778623275850e+00 5.596454093606604729e+00 5.596454093606604729e+00 5.596454093606604729e+00 5.596454093606604729e+00
-7.926021596341124464e+00 -6.706067293476939639e+00 -2.460619392003473127e+00 -1.105728971312525788e+00 2.137274470164632678e+00 3.291181099835596591e+00 3.373466656692862387e+00 3.956951291401349824e+00 2.095895305625890881e+00 -4.109909081529971253e+00 -3.225743134934847767e+00 -1.284007267737863556e+00 1.250714809112294379e+00 3.799706260118494328e+00 5.550770717557734102e+00 5.550770717557734102e+00 5.550770717557734102e+00 5.550770717557734102e+00
-8.117247164937669623e+00 -7.521241143035565457e+00 -3.100519694757420730e+00 -1.753366932412398160e+00 1.262431569534286258e+00 3.231993534281705216e+00 3.368384002881258166e+00 3.248053737229167126e+00 1.601238933036536860e+00 -4.406057285064144402e+00 -2.810013073446336662e+00 -8.722315957046025137e-01 1.588849349940448352e+00 3.764348328840401603e+00 5.470370028637474569e+00 5.470370028637474569e+00 5.470370028637474569e+00 5.470370028637474569e+00
-8.122352389857303123e+00 -7.608150781653489680e+00 -5.368673323245147344e+00 -1.668402277936321010e+00 1.844663056557154235e-01 2.600583647587059843e+00 3.171018023086764170e+00 2.932380827946668322e+00 1.122876871984936908e+00 -4.317728330966402517e+00 -2.198729112631230720e+00 1.172253146809320690e+00 1.961025121464293530e+00 4.220180734314926241e+00 5.404063164071319036e+00 5.404063164071319036e+00 5.404063164071319036e+00 5.404063164071319036e+00
-8.761299823527222586e+00 -7.674027540162814631e+00 -6.824916309768200406e+00 -2.727510540880090595e+00 -1.373393616699300601e+00 6.564756379534277819e-01 1.957791430654847620e+00 1.736737071892146211e+00 1.081262199183733230e+00 -1.619355792467001898e+00 -2.243302110525971393e+00 4.446317551707565374e-01 2.371664736195983281e+00 4.328893526970041705e+00 5.277890863943245137e+00 5.277890863943245137e+00 5.277890863943245137e+00 5.277890863943245137e+00
-9.024060907481940674e+00 -8.509952892148071157e+00 -7.483881206336316261e+00 -5.095983489090558649e+00 -2.044456658747540345e+00 -1.863131544471365197e+00 -1.670942427492211890e-01 4.422353819974286226e-01 4.309809001413514862e-01 -9.388543743192565572e-01 -2.493741551121248179e+00 -8.735561216911278404e-01 1.849539238525067741e+00 4.460127666579966288e+00 5.358001775246203024e+00 5.358001775246203024e+00 5.358001775246203024e+00 5.358001775246203024e+00
-9.255918567770141436e+00 -8.579220746119389673e+00 -8.039086424180357682e+00 -7.415316938741007391e+00 -5.818027798365139169e+00 -3.259551696639644724e+00 -2.501556028717375924e+00 -1.655919201980552424e+00 -6.055800396539852137e-01 -6.123448451420190342e-01 -3.345188527505083442e+00 -9.078443679627299367e-01 1.328192154699932015e+00 4.107502431361806927e+00 5.377579911972780735e+00 5.377579911972780735e+00 5.377579911972780735e+00 5.377579911972780735e+00
-1.039258108421569560e+01 -8.975042731619707226e+00 -8.804414727428550691e+00 -8.447209469610056587e+00 -7.701367404491646695e+00 -6.662509319262076346e+00 -5.508338336549243763e+00 -3.502365681379114193e+00 -3.211618392354396612e+00 -2.905965465589892105e+00 -1.855454095885310739e+00 -1.533892923331169555e+00 7.329160953008744261e-01 4.189800560673623941e+00 5.246380576521247008e+00 5.246380576521247008e+00 5.246380576521247008e+00 5.246380576521247008e+00
-1.043451470966612327e+01 -1.003872780385313845e+01 -9.656874597667790994e+00 -9.205604498089034138e+00 -8.872269346221072439e+00 -7.281586332291725583e+00 -5.746481246814692412e+00 -5.714708823682355998e+00 -5.000298721764485421e+00 -4.177622883030744916e+00 -2.852876176882797488e+00 -2.155662268788996361e+00 5.028328486369196826e-01 4.569169495688895744e+00 5.134235918326120363e+00 5.134235918326120363e+00 5.134235918326120363e+00 5.134235918326120363e+00
-1.058753572874347704e+01 -1.024942876867466879e+01 -9.848416119387593426e+00 -9.580698892721782656e+00 -9.235863430110452299e+00 -7.887771702373376215e+00 -6.009589405491527536e+00 -5.897900670225590503e+00 -5.099631115762779388e+00 -4.598201641305536214e+00 -2.807987095775461572e+00 -2.412772462214776148e+00 3.257061751182310227e-01 4.407171371807973692e+00 5.123873627882025161e+00 5.123873627882025161e+00 5.123873627882025161e+00 5.123873627882025161e+00
-1.057995988105461649e+01 -1.027568094390736242e+01 -1.001187221667200156e+01 -9.658795186456659465e+00 -9.352314405986577484e+00 -8.301840025536678880e+00 -6.114939529591920220e+00 -5.846777721594172306e+00 -5.128737163898997586e+00 -4.299817180638579650e+00 -2.752195742892472374e+00 -2.575184560991357507e+00 4.841619853782119787e-01 3.543095157116230798e+00 4.953185671897813336e+00 4.953185671897813336e+00 4.953185671897813336e+00 4.953185671897813336e+00
-1.052099317776110965e+01 -1.043486434076781499e+01 -9.925891531814302837e+00 -9.672145020641355728e+00 -9.384532010478977782e+00 -8.591944320451123218e+00 -6.266690317638599517e+00 -6.141037434479216017e+00 -5.311537261511498187e+00 -4.157809940481206112e+00 -3.325763752504230730e+00 -2.369813297504072214e+00 4.041084979050045822e-01 3.376445522018524326e+00 5.227451569928523334e+00 5.227451569928523334e+00 5.227451569928523334e+00 5.227451569928523334e+00
-1.051688844870470163e+01 -1.041892455771214543e+01 -9.971815257613105388e+00 -9.747843470297983259e+00 -9.399139700139578224e+00 -8.703590836665066277e+00 -6.816131359305163784e+00 -6.066085689704747708e+00 -5.568539276727533682e+00 -4.412866948767211639e+00 -3.355282745791924093e+00 -2.535633502495278968e+00 3.445354752348306349e-01 3.492177249176733778e+00 5.320003179411179062e+00 5.320003179411179062e+00 5.320003179411179062e+00 5.320003179411179062e+00
-1.060975943123726850e+01 -1.028587662468637731e+01 -9.977181434796849047e+00 -9.714995964718776023e+00 -9.403623995795197033e+00 -8.936301785546021392e+00 -7.037843412012477984e+00 -5.925567558510133281e+00 -5.918743821856919496e+00 -4.911188404351231718e+00 -3.150004553516515315e+00 -2.890940109179847006e+00 1.583025168139896299e-01 3.149880649528634002e+00 5.161650025150773757e+00 5.161650025150773757e+00 5.161650025150773757e+00 5.161650025150773757e+00
-1.060400797824012287e+01 -1.030542007811579097e+01 -1.003354963302347080e+01 -9.755721037237679027e+00 -9.422386727164155928e+00 -9.016617916166342894e+00 -7.466792461880745968e+00 -5.834554391055454481e+00 -5.675746244861841205e+00 -5.383129384012844909e+00 -2.889583555646245472e+00 -2.621303087899335971e+00 1.886131939176980410e-01 3.132253515022221713e+00 5.134540701817398300e+00 5.134540701817398300e+00 5.134540701817398300e+00 5.134540701817398300e+00
-1.073113975382789853e+01 -1.046361321825975388e+01 -1.002964199925180822e+01 -9.751765884219880220e+00 -9.468452952441408499e+00 -8.972743824226851572e+00 -7.740006333539118266e+00 -6.151159605759374926e+00 -5.871587754820927429e+00 -5.410590912377570838e+00 -3.543615662942820599e+00 -2.718832802435606766e+00 3.416734491201330881e-01 2.983156785091370722e+00 4.976187547556992996e+00 4.976187547556992996e+00 4.976187547556992996e+00 4.976187547556992996e+00
-1.074162619550594400e+01 -1.041291763656790081e+01 -1.003467714373670816e+01 -9.845639693731364162e+00 -9.510272920615236103e+00 -9.004797510938864491e+00 -7.909294137561023952e+00 -6.126716680862445585e+00 -5.894397372459966533e+00 -5.485123612988606290e+00 -3.478819484009989971e+00 -2.450156699395721560e+00 1.761888008501162062e-01 3.039812418935952110e+00 5.015772408783737646e+00 5.015772408783737646e+00 5.015772408783737646e+00 5.015772408783737646e+00
-1.071877342924208065e+01 -1.039566669896382933e+01 -1.002504868977182184e+01 -9.840602808187176365e+00 -9.515447738238915321e+00 -9.155253686901652088e+00 -8.030453098601100237e+00 -5.797628295114253483e+00 -5.968327644628923068e+00 -5.124792844445749118e+00 -3.245934074851947848e+00 -2.159719588063030660e+00 8.902918465537885961e-02 2.987269478529517741e+00 5.068980595061651329e+00 5.068980595061651329e+00 5.068980595061651329e+00 5.068980595061651329e+00
