-1.049352175413265442e+01 -1.030970983778164296e+01 -9.947982111365417879e+00 -9.617643414234949617e+00 -9.323886759392435053e+00 -8.942476818923603687e+00 -8.363114195072794743e+00 -7.068609677741052977e+00 -3.568240962450340170e+00 -3.652353676740917265e+00 -2.078040705286229972e+00 -5.055038523313022392e-01 9.607192503606795109e-01 2.062016601755497280e+00 5.297292471945368675e+00 5.297292471945368675e+00 5.297292471945368675e+00 5.297292471945368675e+00
-1.043925021394255914e+01 -1.024117152159503696e+01 -1.000586290142819834e+01 -9.761796672170474309e+00 -9.405417583361074918e+00 -8.881287700393698969e+00 -8.109041799816742113e+00 -6.671706412154293275e+00 -3.360014133377867029e+00 -4.256263865891538600e+00 -1.738256799417596365e+00 -2.767248284167833638e-01 1.072505816718781757e+00 1.938562029967486833e+00 5.158993923077224153e+00 5.158993923077224153e+00 5.158993923077224153e+00 5.158993923077224153e+00
-1.020660184680942706e+01 -9.896547218491626552e+00 -9.870074779753736038e+00 -9.832224510834370435e+00 -9.585883294504279561e+00 -9.018885761438490078e+00 -8.087544189574900955e+00 -6.396280164534980273e+00 -2.983586552259409164e+00 -4.310342241780743322e+00 -6.843036813358711612e-01 -2.589832103744066361e-01 1.725487211172724411e+00 2.004136604452655845e+00 5.077365780451495780e+00 5.077365780451495780e+00 5.077365780451495780e+00 5.077365780451495780e+00
-1.043871172559081373e+01 -1.022698730920470567e+01 -9.713752301300873526e+00 -9.357034552038683728e+00 -9.287651567753655968e+00 -9.174210706095298207e+00 -8.095277674775930521e+00 -5.842840393736159044e+00 -2.327572260076495425e+00 -3.868747972421963777e+00 -2.170518545036292657e-01 2.204673266884074612e-01 1.486932344432921660e+00 2.131802177442096102e+00 4.923426948422855887e+00 4.923426948422855887e+00 4.923426948422855887e+00 4.923426948422855887e+00
-1.052593732561854623e+01 -1.022608857338058286e+01 -9.961382077205350072e+00 -9.545293705115774685e+00 -8.979935091750476772e+00 -8.612709693540573141e+00 -7.942511884184637161e+00 -4.841050973937852220e+00 -2.547696785713844392e+00 -3.042679294599365925e+00 -8.748968962361765300e-02 1.144918739886053638e+00 1.483228863855571511e+00 2.316704212459554935e+00 4.815331113013881392e+00 4.815331113013881392e+00 4.815331113013881392e+00 4.815331113013881392e+00
-1.031410867235186579e+01 -1.016208600670423401e+01 -1.015281753104448725e+01 -9.833403017724283046e+00 -9.282455660503881489e+00 -8.456866873037149901e+00 -7.728327415601905059e+00 -3.531460290930984680e+00 -4.079889493727939964e+00 -1.436163356092543530e+00 1.728130771187292303e-01 1.280344457165594196e+00 1.625151574936687382e+00 2.100168168373442779e+00 4.473196993873731486e+00 4.473196993873731486e+00 4.473196993873731486e+00 4.473196993873731486e+00
-1.052907244822965183e+01 -1.024346246077869260e+01 -1.006750073883877405e+01 -9.779418648537212988e+00 -9.268578742611051524e+00 -8.453534986031508325e+00 -6.694831829455658578e+00 -2.752976618072416670e+00 -4.158478364382121484e+00 -4.683485467500330124e-01 8.952381470323822477e-01 1.862908017286284412e+00 1.687030756446732171e+00 3.085964711360613677e+00 4.393774067046015475e+00 4.393774067046015475e+00 4.393774067046015475e+00 4.393774067046015475e+00
-1.035506475727550146e+01 -1.014082212200722033e+01 -1.009033820780168966e+01 -9.684403550893300405e+00 -9.165653150737867350e+00 -8.229662355156488474e+00 -4.969067642922194494e+00 -3.430959677315113865e+00 -3.269704605213689774e+00 -1.581428930646643360e-01 1.637477863173673720e+00 1.993639973099213591e+00 1.860246121566513811e+00 4.276239645621227936e+00 5.186779193936214227e+00 5.186779193936214227e+00 5.186779193936214227e+00 5.186779193936214227e+00
-1.035001311493982357e+01 -1.003118432516386704e+01 -9.516582049981739289e+00 -9.247035563653623669e+00 -8.407928695673231090e+00 -7.022674600697122571e+00 -3.613143469180059242e+00 -4.348896194538538928e+00 -2.374849071990053240e+00 2.595544746862462060e-01 2.048340480622354853e+00 2.698099645378887246e+00 3.254584331941316133e+00 4.714721577130523755e+00 5.006667151813565475e+00 5.006667151813565475e+00 5.006667151813565475e+00 5.006667151813565475e+00
-1.054591113491373555e+01 -1.012542722183985511e+01 -9.327575524790592709e+00 -8.431010308969177913e+00 -7.455705017952389824e+00 -5.628131690142174293e+00 -2.359590725280762413e+00 -4.205059160335096635e+00 -4.524707977358368161e-01 1.807216858378642765e+00 2.773803948935075869e+00 3.384821512242660368e+00 4.895707437327981637e+00 4.982141858147067559e+00 5.318026603830587007e+00 5.318026603830587007e+00 5.318026603830587007e+00 5.318026603830587007e+00
-1.020227104349958935e+01 -9.594157853289374316e+00 -9.030806963886021776e+00 -8.379908338203094331e+00 -6.824218257712743707e+00 -4.090872125498981049e+00 -3.642749464862995445e+00 -2.756312767155841392e+00 2.380100075102197232e-01 2.741518292573011273e+00 2.972785441227461245e+00 4.563877574596762798e+00 3.054323382463278058e+00 2.325143080739850543e+00 5.448652556070772590e+00 5.448652556070772590e+00 5.448652556070772590e+00 5.448652556070772590e+00
-9.901383504942119274e+00 -9.099125940161140846e+00 -8.348169342197943266e+00 -8.044453015484526404e+00 -5.530366078810789787e+00 -2.847824237039301210e+00 -3.361343309352836428e+00 -1.330243880490104669e+00 1.411357229764439225e+00 3.182537937048150578e+00 4.340929493677770701e+00 3.742139581180752295e+00 2.087979485090772247e+00 2.430353737300856132e+00 5.302759547312061450e+00 5.302759547312061450e+00 5.302759547312061450e+00 5.302759547312061450e+00
-9.498008135058665147e+00 -8.672812651768232683e+00 -7.892580236202086041e+00 -6.525288871381366818e+00 -4.444793461262337431e+00 -3.223879843078231833e+00 -3.271057721285979270e+00 1.724622691268230534e-01 3.274849255740846399e+00 3.991824069914136075e+00 4.632918563230736808e+00 2.185186127985577542e+00 4.743563938763737386e-01 2.380577346514108683e+00 5.205939186974012145e+00 5.205939186974012145e+00 5.205939186974012145e+00 5.205939186974012145e+00
-1.001323906696221044e+01 -8.058755628716880892e+00 -6.919115303365881431e+00 -5.349738763987476275e+00 -3.102781459313652235e+00 -2.437773825732640898e+00 -2.788448933025990506e+00 5.262039973164316375e-01 3.262980384145452994e+00 4.954187105762377641e+00 3.343193985624009379e+00 -1.994887366023124109e+00 3.543791149377675254e-01 2.524734615562046258e+00 4.953141374927719554e+00 4.953141374927719554e+00 4.953141374927719554e+00 4.953141374927719554e+00
-9.534910234744936375e+00 -7.648730796167871659e+00 -6.039166095922380073e+00 -4.781023070563428234e+00 -2.306552207511436858e+00 -3.159388428078715894e+00 -8.122780787678800518e-01 2.588765476516846853e+00 3.456124687634190451e+00 5.431540519707507286e+00 4.378334376419998009e+00 -9.743836882570415803e-01 9.754173182810630394e-01 2.470101619911627910e+00 5.300759805242542200e+00 5.300759805242542200e+00 5.300759805242542200e+00 5.300759805242542200e+00
-9.063301505467419972e+00 -7.056037417355356389e+00 -5.353835811268171874e+00 -3.979977338990002167e+00 -1.827535061112755876e+00 -2.495540854880547776e+00 5.521541203772680761e-01 2.939382813261021798e+00 4.019446919786808792e+00 6.129662911776966538e+00 5.917845428540609021e+00 1.973066794036468785e+00 6.585954799161155560e-01 2.718801689317380088e+00 5.270713345992044552e+00 5.270713345992044552e+00 5.270713345992044552e+00 5.270713345992044552e+00
-8.798347678748541512e+00 -6.550282495223861190e+00 -4.776623660265352456e+00 -3.289536359293414147e+00 -2.136545434310910707e+00 -2.015440142487759712e+00 2.077255092128878822e+00 3.312416849865028823e+00 4.188239243472309248e+00 5.114303998496692039e+00 4.543955854040634179e+00 4.621114556578033827e+00 3.505587889163519044e+00 3.187739860121968860e+00 5.321918977765872860e+00 5.321918977765872860e+00 5.321918977765872860e+00 5.321918977765872860e+00
-8.107036245077114955e+00 -6.387779316565920240e+00 -4.475369076258953527e+00 -2.492130492009970055e+00 -2.557722871386814312e+00 -1.267249657293433085e+00 3.429239367663129201e+00 3.860844391586113034e+00 3.980051694832023035e+00 3.245209958296669139e+00 3.231305632330817801e+00 3.152917512814593426e+00 3.877336282622747987e+00 5.097872252390942549e+00 5.174316515748391687e+00 5.174316515748391687e+00 5.174316515748391687e+00 5.174316515748391687e+00
-7.592402007076584525e+00 -6.245822430709998763e+00 -4.235327417362564795e+00 -2.104867711573784383e+00 -2.666908720504587826e+00 -3.124970058275222673e-03 2.868902808874279842e+00 3.775399942219362259e+00 3.734173159322480728e+00 1.808942106175866371e+00 1.556289446221134964e+00 1.589510502012990711e+00 2.740708593576161700e+00 4.287942233409259174e+00 4.899615598041858533e+00 4.899615598041858533e+00 4.899615598041858533e+00 4.899615598041858533e+00
-7.894567211809071949e+00 -6.118915607132860757e+00 -3.977555514161902561e+00 -1.746241454643937985e+00 -2.358936907884475076e+00 4.357140323859846620e-01 3.111762172720905717e+00 3.977559204760446221e+00 3.046949259406890320e+00 1.563384565364503764e+00 9.756744026301283901e-01 1.065084270635264119e+00 1.964229600306226065e+00 3.580520108244039879e+00 5.052478976467757121e+00 5.052478976467757121e+00 5.052478976467757121e+00 5.052478976467757121e+00
-8.222269900790415420e+00 -6.413326107920836350e+00 -4.124192113663188053e+00 -2.674474843394738954e+00 -1.867625752855650134e+00 -4.464409147574831538e-01 3.087079809618464843e+00 4.016654781158537801e+00 2.971016982975611675e+00 1.438456934773956863e+00 7.102536817404844216e-01 4.104382742624530511e-01 1.241146665477749433e+00 3.254431801530203394e+00 5.347246799678108786e+00 5.347246799678108786e+00 5.347246799678108786e+00 5.347246799678108786e+00
-8.152500027040552766e+00 -6.757296817379951470e+00 -4.132590836985529315e+00 -2.335400413595109637e+00 -1.943310742331440633e+00 -7.686055128283314497e-01 3.226008373039610078e+00 4.044802560203453190e+00 2.719822825719430348e+00 1.173115804744717661e+00 -1.998533652425836138e+00 -1.612770120983375799e+00 1.150241576417139422e+00 3.092453864685436926e+00 5.234877633950993037e+00 5.234877633950993037e+00 5.234877633950993037e+00 5.234877633950993037e+00
-8.195633088297030966e+00 -6.953882263182288526e+00 -4.841204781208592323e+00 -2.397125477964939577e+00 -1.782292549309570262e+00 -1.399474604302524794e+00 3.342223014484800636e+00 3.882373974914091086e+00 2.292219237003790600e+00 9.043808810666080777e-01 -2.448813728499098730e+00 -1.578232674208976061e+00 1.156000289048315866e+00 3.410374823078367257e+00 5.147900372093307197e+00 5.147900372093307197e+00 5.147900372093307197e+00 5.147900372093307197e+00
-8.166850751753152338e+00 -7.281839746441073125e+00 -5.374582781699713152e+00 -3.323759549542071312e+00 -1.915135123243349113e+00 -1.575336212357039578e+00 1.662220853860287839e+00 3.636462095344289658e+00 2.079797373307461061e+00 -6.554493825284929409e-01 -2.583956237381797472e+00 -1.255463341714937009e+00 1.196599019847933487e+00 3.659813006698100946e+00 4.915659314312587291e+00 4.915659314312587291e+00 4.915659314312587291e+00 4.915659314312587291e+00
-8.066927421124427511e+00 -7.175665085791530728e+00 -5.735088161216736147e+00 -4.247332405859713944e+00 -1.996196191652875429e+00 -1.765446045391555252e+00 -2.810746021615315726e-01 2.722344359944769643e+00 2.293411822588540261e+00 -3.677170150937302928e+00 -2.296972948937045622e+00 -4.834819214900064610e-01 1.469389038891405708e+00 3.719287945642803628e+00 5.075249278741136294e+00 5.075249278741136294e+00 5.075249278741136294e+00 5.075249278741136294e+00
-8.317313984327551424e+00 -7.843201666170921627e+00 -6.498630321868994919e+00 -4.949929806332954207e+00 -3.450291658547373075e+00 -1.939110802150171953e+00 -1.895214616326852397e+00 1.588861987066241266e+00 2.108687479527521447e+00 -3.064339957189878838e+00 1.560481363690916640e-02 1.043458657787949440e+00 1.862167340010953076e+00 4.191139755735272310e+00 5.464909837189939168e+00 5.464909837189939168e+00 5.464909837189939168e+00 5.464909837189939168e+00
-8.762819192949912406e+00 -7.852162941989391243e+00 -6.934744937389827335e+00 -5.664070239369114468e+00 -4.279242059216281646e+00 -2.331158596453558829e+00 -2.327157220797499981e+00 -3.045523391054730244e-01 1.539005914928594621e+00 -9.592364246056761523e-02 8.317309906129467800e-02 7.731466110156024474e-01 2.170170703145400726e+00 4.719065385938602475e+00 5.381174942465000832e+00 5.381174942465000832e+00 5.381174942465000832e+00 5.381174942465000832e+00
-9.099694195037876909e+00 -8.208408748660525944e+00 -7.430053433706321542e+00 -6.416294759566715911e+00 -5.232405606703496304e+00 -3.873404201096085409e+00 -2.066033118776273270e+00 -2.193999188038609383e+00 1.006129574469482479e+00 1.215366156037944734e+00 7.845293479285263549e-01 -3.278700044935852764e-01 1.729242479118468623e+00 4.810985942984077113e+00 5.268805776737877977e+00 5.268805776737877977e+00 5.268805776737877977e+00 5.268805776737877977e+00
-9.391913743090459121e+00 -8.502468153752680280e+00 -7.970243342508834594e+00 -7.217646124857095558e+00 -6.302853888695301166e+00 -5.071874092403058754e+00 -2.563970222752065098e+00 -2.462622337857647281e+00 -4.650175260545087730e-02 1.236066700253995787e+00 9.324676624987588980e-01 6.121095114718925201e-01 9.798865013639421750e-01 4.065188699152928464e+00 5.116147485441040921e+00 5.116147485441040921e+00 5.116147485441040921e+00 5.116147485441040921e+00
-9.880715813194246522e+00 -8.971860134796870057e+00 -8.506634746046703555e+00 -7.997574967566183801e+00 -7.319128389781170085e+00 -6.365053508467504173e+00 -4.042432481182222759e+00 -2.329358917961427800e+00 -2.175117058520843472e+00 9.361118045508824981e-01 8.949000978529686456e-01 9.397212234083572868e-01 3.749559400959750488e-01 3.923311957451791621e+00 5.072319029391334055e+00 5.072319029391334055e+00 5.072319029391334055e+00 5.072319029391334055e+00
-1.022609470122577235e+01 -9.777036665524184045e+00 -9.294493754567962895e+00 -8.770674344861332017e+00 -8.204032061636119977e+00 -7.149937411947619559e+00 -5.127626305999678280e+00 -3.285224789103478482e+00 -2.645303897172228247e+00 3.698219878222655521e-01 1.016284286733974751e+00 9.582054411223770440e-01 1.334280569645664993e-01 4.415112619906997438e+00 5.494880410666496573e+00 5.494880410666496573e+00 5.494880410666496573e+00 5.494880410666496573e+00
-1.036459842026435396e+01 -1.001756133616431299e+01 -9.528489121868304323e+00 -9.119381494053625303e+00 -8.521645897199480402e+00 -7.562684393947231243e+00 -6.300622273260358952e+00 -3.208202106996380198e+00 -2.742754455684063952e+00 -1.548946084785732147e+00 8.746428565473394201e-01 9.178196717901553336e-01 8.164172952269972416e-01 2.912942241526275566e+00 5.527472250979013069e+00 5.527472250979013069e+00 5.527472250979013069e+00 5.527472250979013069e+00
-1.046637654574133336e+01 -1.009941414800397297e+01 -9.732505230548833097e+00 -9.261471259387271004e+00 -8.757554108458879938e+00 -7.844282943353132254e+00 -6.645360848375600149e+00 -4.942888134409513690e+00 -2.340380170853912034e+00 -2.676868024835036053e+00 8.125237943893204307e-01 8.405078978561884018e-01 6.458210806899060685e-01 2.768452034160539199e+00 5.415103085251882220e+00 5.415103085251882220e+00 5.415103085251882220e+00 5.415103085251882220e+00
-1.044798991731075866e+01 -1.014374719564550276e+01 -9.775058573383404337e+00 -9.394842464222687539e+00 -8.836094786751495178e+00 -8.030207104243986649e+00 -6.895266829646669038e+00 -5.541237214551619772e+00 -3.241037804702964653e+00 -2.933638018706107964e+00 2.919021911749544729e-02 9.098724172515286757e-01 7.650911033212128842e-01 2.630976526300581320e+00 5.302733919524777129e+00 5.302733919524777129e+00 5.302733919524777129e+00 5.302733919524777129e+00
-1.046825076273682065e+01 -1.015395824066326114e+01 -9.851442587739079215e+00 -9.457125809073570366e+00 -8.967854107235883276e+00 -8.260719455953843493e+00 -7.079871860322759503e+00 -5.695825996200481356e+00 -4.105403631493919292e+00 -2.589203055846014401e+00 -1.384370551947779138e+00 6.715617970780410895e-01 1.677596511393173728e-01 2.784846102290835734e+00 4.920683958358929466e+00 4.920683958358929466e+00 4.920683958358929466e+00 4.920683958358929466e+00
-1.053443803455127181e+01 -1.020443693942663721e+01 -9.848484526513963999e+00 -9.486437744515043846e+00 -9.060895483568678799e+00 -8.331401378153273640e+00 -7.220809128734268612e+00 -5.891608110597259085e+00 -4.376233098210686734e+00 -3.093316557146576606e+00 -2.646639832093105049e+00 2.920179143980865533e-01 5.935097316004113166e-01 2.370481175918917049e+00 5.524850984143037103e+00 5.524850984143037103e+00 5.524850984143037103e+00 5.524850984143037103e+00
-1.052221679485817418e+01 -1.019330189126050357e+01 -9.929061287840827532e+00 -9.560293396248445319e+00 -9.117478098092384187e+00 -8.524552681573950963e+00 -7.341583742080105779e+00 -5.883847077220557331e+00 -4.705047015677061850e+00 -3.431491696127303648e+00 -2.768968433602529977e+00 4.015742237058836928e-01 1.639541486456345121e-01 2.527795189631665274e+00 5.791432089620810686e+00 5.791432089620810686e+00 5.791432089620810686e+00 5.791432089620810686e+00
-1.051586604660267810e+01 -1.024903168266775921e+01 -9.908285868477182845e+00 -9.595610348499064912e+00 -9.196788867166112880e+00 -8.550011086017883954e+00 -7.381641576663220405e+00 -5.963598004577658429e+00 -5.075157628883743222e+00 -2.521404262129545160e+00 -3.054654412174690137e+00 -2.464341443331779236e-01 5.558652322322982231e-01 2.491392600927125223e+00 5.561400393765914885e+00 5.561400393765914885e+00 5.561400393765914885e+00 5.561400393765914885e+00
-1.060023151771523331e+01 -1.029462564362704491e+01 -9.970351430663257020e+00 -9.605524914220872290e+00 -9.266454026105874320e+00 -8.622198421497515142e+00 -7.507597541038768085e+00 -5.934985446720482116e+00 -5.244190511939279986e+00 -3.425716495992987110e+00 -2.774511476223582740e+00 -5.337242009464173709e-01 2.055344968447870013e-01 2.463749417981346834e+00 5.449031228038783148e+00 5.449031228038783148e+00 5.449031228038783148e+00 5.449031228038783148e+00
-1.064169352101284360e+01 -1.033320702910190469e+01 -9.989435545124774052e+00 -9.625331512036574111e+00 -9.352431003877505589e+00 -8.789591079236092952e+00 -7.519748898611771537e+00 -5.811658115264615176e+00 -5.402883109201051859e+00 -3.949468935243012346e+00 -1.951184873347509008e+00 -8.415679113537066769e-01 -2.062074967584849872e-01 2.316727033560790794e+00 4.779581677483327518e+00 4.779581677483327518e+00 4.779581677483327518e+00 4.779581677483327518e+00
