-1.053011502429529855e+01 -1.029971604811525765e+01 -9.996664898376256048e+00 -9.636762548853532451e+00 -9.343860357675236372e+00 -8.992776465140416065e+00 -8.330347673280499521e+00 -6.931420569875248461e+00 -3.612602983719150451e+00 -4.112485656129295286e+00 -2.077258469737990332e+00 -4.875935120088598085e-01 1.524122166707137183e+00 2.074957025584554415e+00 5.584383749184278045e+00 5.584383749184278045e+00 5.584383749184278045e+00 5.584383749184278045e+00
-1.046398705299290555e+01 -1.020744622091373088e+01 -1.001956024653058819e+01 -9.813456316517090272e+00 -9.422816921460027473e+00 -8.880816293859943755e+00 -8.083467940006530128e+00 -6.383952797286749359e+00 -3.828346150274729354e+00 -4.469862350016621022e+00 -1.838321979416087881e+00 -2.223473330224417788e-01 1.683455922137040206e+00 1.959291751489429911e+00 5.756001931278747819e+00 5.756001931278747819e+00 5.756001931278747819e+00 5.756001931278747819e+00
-1.022117727607370519e+01 -1.002148433258225779e+01 -9.881073886132444528e+00 -9.921418542064651902e+00 -9.581867047140036675e+00 -9.005516159641782536e+00 -8.065692503687293069e+00 -6.164238834356083885e+00 -2.658352879173953909e+00 -4.331283768057361705e+00 -8.076136066461998553e-01 -6.730106602049559794e-02 2.089312317445269240e+00 2.074012614531083543e+00 5.611380344201631232e+00 5.611380344201631232e+00 5.611380344201631232e+00 5.611380344201631232e+00
-1.042946529438651382e+01 -1.021316428969705470e+01 -9.698361549735412979e+00 -9.384968590959291035e+00 -9.339240431705412959e+00 -9.044286202336522251e+00 -7.972708833628569636e+00 -5.358108861463847461e+00 -2.662522367258958411e+00 -3.769157692344197841e+00 -3.033109264157866636e-01 9.358737957968935040e-02 1.917841417975596485e+00 2.165472407122282839e+00 5.095991064545515314e+00 5.095991064545515314e+00 5.095991064545515314e+00 5.095991064545515314e+00
-1.055081687972316651e+01 -1.026463310758047598e+01 -9.923638422417779381e+00 -9.537534291994251845e+00 -8.969024056168972692e+00 -8.644418183149831236e+00 -7.643228660333861058e+00 -4.286626083250425268e+00 -2.992147843154814968e+00 -3.072954424150283970e+00 -3.290084393001254104e-01 1.268637069364629166e+00 1.608832262633352439e+00 2.327817865682086484e+00 4.963874748820837901e+00 4.963874748820837901e+00 4.963874748820837901e+00 4.963874748820837901e+00
-1.033613986854224720e+01 -1.017391114821633735e+01 -1.012775471819773720e+01 -9.824247867858273864e+00 -9.265150043815570058e+00 -8.387143065817587839e+00 -7.243191644741951762e+00 -4.043084948730906625e+00 -4.275229185066810267e+00 -1.745890145063121679e+00 4.210646990167676851e-02 1.428004172003703331e+00 1.618938789793666899e+00 2.150146868199044992e+00 4.596007631407619698e+00 4.596007631407619698e+00 4.596007631407619698e+00 4.596007631407619698e+00
-1.052713306992522035e+01 -1.023868794931999915e+01 -1.006878453330849865e+01 -9.742458042209197089e+00 -9.255660106916481666e+00 -8.374629070566701472e+00 -5.829013153888682908e+00 -4.126199206976995271e+00 -3.854630464844816196e+00 -1.154313315857620204e+00 6.568154769233099932e-01 1.877488647099127661e+00 1.706297697849401995e+00 3.011043133434639252e+00 4.437723201748807078e+00 4.437723201748807078e+00 4.437723201748807078e+00 4.437723201748807078e+00
-1.044073611751699815e+01 -1.017574430964781484e+01 -1.008677639186599251e+01 -9.649331896871407466e+00 -9.173141499517623032e+00 -8.146845065592479784e+00 -4.242752888728135829e+00 -4.197290236325702750e+00 -3.271182006086394090e+00 -1.984734596774395121e-01 1.234145425969452425e+00 1.974760112101566989e+00 1.896588638362962875e+00 4.288556282214203819e+00 5.516312770948921695e+00 5.516312770948921695e+00 5.516312770948921695e+00 5.516312770948921695e+00
-1.045323631736314951e+01 -9.951499473526595807e+00 -9.583534521621416502e+00 -9.386516300212758068e+00 -8.480024074357565667e+00 -6.953370575024723443e+00 -3.509583619999316895e+00 -4.605427751965429195e+00 -2.534908310444325075e+00 -1.919469867196298141e-01 2.170931344086864279e+00 2.652405076215939239e+00 3.234177034126853645e+00 4.721360458910783819e+00 5.576945080607614180e+00 5.576945080607614180e+00 5.576945080607614180e+00 5.576945080607614180e+00
-1.056485117710937693e+01 -1.016641363543308785e+01 -9.331882855411922861e+00 -8.447180727082523433e+00 -7.496429969173931340e+00 -5.636178060778835430e+00 -2.292274022180478710e+00 -4.553146889575224066e+00 -1.300029716374859978e+00 1.020344313768680067e+00 2.776474622034410089e+00 3.381935759509146155e+00 4.920016464206190321e+00 4.955679653540860485e+00 5.853615572485022511e+00 5.853615572485022511e+00 5.853615572485022511e+00 5.853615572485022511e+00
-1.018372715182379196e+01 -9.757866377101265698e+00 -9.028115029182199436e+00 -8.430505340441278861e+00 -6.851364503272460382e+00 -3.992677963961385412e+00 -3.453728372773750888e+00 -2.320046630218437933e+00 2.582751276733268320e-01 2.416722988026829722e+00 2.878986418020996751e+00 4.525041190744040875e+00 3.040171021773482529e+00 2.248817983040611423e+00 5.719635806784456378e+00 5.719635806784456378e+00 5.719635806784456378e+00 5.719635806784456378e+00
-9.902663135321361665e+00 -9.163313305894513761e+00 -8.442957947863435564e+00 -7.937817333102437090e+00 -5.773489103370047282e+00 -2.991885924039237032e+00 -3.485810416783053256e+00 -1.334743996902853169e+00 9.137608702038679809e-01 3.229922120140273911e+00 4.377278876052535850e+00 3.748529069345778453e+00 2.059528556652545639e+00 2.424095937513611965e+00 5.623109949983538414e+00 5.623109949983538414e+00 5.623109949983538414e+00 5.623109949983538414e+00
-9.536808941332820311e+00 -8.757903384561949167e+00 -7.956980190712622303e+00 -6.610046034001941351e+00 -4.801586024660383423e+00 -2.885694467775566707e+00 -3.974715251059630639e+00 -4.474360192086385135e-01 2.070478062744452341e+00 3.931827458859478153e+00 4.562067084110870141e+00 2.039682691042206120e+00 4.781453665273321940e-01 2.349197795552859347e+00 5.810376318369007365e+00 5.810376318369007365e+00 5.810376318369007365e+00 5.810376318369007365e+00
-9.979021752863157957e+00 -8.186101793462414733e+00 -7.070786190804655647e+00 -5.557419391971357925e+00 -3.489452737604193722e+00 -1.882291306748851811e+00 -2.751406835855628064e+00 1.495386945221736652e-01 3.292915177499472268e+00 4.884257238520876676e+00 3.294261623899876756e+00 -1.956995080922015795e+00 3.615195343297242792e-01 2.486590937963897296e+00 5.710718105494315466e+00 5.710718105494315466e+00 5.710718105494315466e+00 5.710718105494315466e+00
-9.647004716566270233e+00 -7.722492852486982251e+00 -6.163194240914454447e+00 -4.759922735005688743e+00 -2.401628492188667252e+00 -2.655905823931927756e+00 -9.237319038091162948e-01 1.688529422012047032e+00 3.402007920055813095e+00 5.481634423512353749e+00 4.312290120735782217e+00 -9.814284085709232830e-01 9.786427541930016183e-01 2.592404497132220875e+00 5.908855215388132187e+00 5.908855215388132187e+00 5.908855215388132187e+00 5.908855215388132187e+00
-9.069853860409221369e+00 -7.177624251890001972e+00 -5.497083097813132646e+00 -3.833355304750513781e+00 -2.516761512705858905e+00 -2.672315153116105790e+00 1.532204515510976472e-03 2.880809190572500622e+00 3.960182909973161358e+00 6.048442232971845911e+00 5.858775776247757250e+00 1.864964923223635829e+00 6.629422329327614438e-01 2.615602727955434137e+00 5.839863108105943112e+00 5.839863108105943112e+00 5.839863108105943112e+00 5.839863108105943112e+00
-8.879356300958438197e+00 -6.704333861617222112e+00 -4.899624807747239075e+00 -3.020448047299917782e+00 -2.885118244039390323e+00 -2.709257447524123563e+00 7.030929833503682946e-01 3.363522652793025092e+00 4.171864521395982628e+00 5.033909463696454090e+00 4.524566375937961737e+00 4.596813528734058352e+00 3.634000707755705051e+00 3.277900712817123363e+00 5.755048129839773985e+00 5.755048129839773985e+00 5.755048129839773985e+00 5.755048129839773985e+00
-8.257862638092174024e+00 -6.510286026322111397e+00 -4.699222927470538380e+00 -2.435445371724042296e+00 -2.315614165980417027e+00 -2.379052957891321540e+00 1.275968242412213627e+00 3.829653196948382021e+00 3.929541160282692402e+00 3.239734988913560265e+00 3.314132548448233351e+00 3.141360476988418249e+00 3.881423042731266371e+00 5.104263610294403009e+00 5.821891201182241460e+00 5.821891201182241460e+00 5.821891201182241460e+00 5.821891201182241460e+00
-7.692406857293118350e+00 -6.407598419653840693e+00 -4.442859878087898728e+00 -2.336927526365307983e+00 -1.764674328346819809e+00 -1.394621619486692277e+00 1.917944306276370359e+00 3.749098604807443280e+00 3.700983698505560859e+00 1.781417661223910098e+00 1.600051250190414276e+00 1.643046293892699961e+00 2.797765556945113641e+00 4.269463627301768760e+00 5.945587947856140865e+00 5.945587947856140865e+00 5.945587947856140865e+00 5.945587947856140865e+00
-7.879432516308938261e+00 -6.241348146620631532e+00 -4.435147784434064100e+00 -2.230347287320984417e+00 -1.795493990679456697e+00 2.210421113742244148e-01 3.005051448966480798e+00 3.929502838883886184e+00 3.033628606121577143e+00 1.594784770196504775e+00 1.127373544864873844e+00 1.155442156171155865e+00 1.947665030846934986e+00 3.619989345928574132e+00 5.971127067329801363e+00 5.971127067329801363e+00 5.971127067329801363e+00 5.971127067329801363e+00
-8.252743528119918182e+00 -6.500144505143722995e+00 -4.357747323240350745e+00 -2.481158753600116285e+00 -1.625612058512567515e+00 -3.577312249195183647e-01 3.324740339874532769e+00 3.972830956510729372e+00 2.948622039926746652e+00 1.509151839854411037e+00 8.077400019734903847e-01 6.025853658394407786e-01 1.274535958766869426e+00 3.238396283557136712e+00 5.849412737694072995e+00 5.849412737694072995e+00 5.849412737694072995e+00 5.849412737694072995e+00
-8.255530551274414819e+00 -6.840858427307059841e+00 -4.461924349975478599e+00 -2.207262534027025769e+00 -1.870575888125283415e+00 -1.097725900521883791e+00 2.220486356120366267e+00 3.970443039891992321e+00 2.730061196232996146e+00 1.328982219364287509e+00 -1.726775363380431028e+00 -1.552364433588218740e+00 1.180838771134741894e+00 3.054252140816100969e+00 5.823304316451801022e+00 5.823304316451801022e+00 5.823304316451801022e+00 5.823304316451801022e+00
-8.233258269174696053e+00 -6.945577266932987825e+00 -5.035484587395202993e+00 -2.622518863763934505e+00 -1.900498783199086494e+00 -1.717196488419350242e+00 9.633147141147579973e-01 3.850804894450896576e+00 2.317547356579516826e+00 1.053231220910582522e+00 -2.406083003303717494e+00 -1.519662929782940042e+00 1.168740744426079559e+00 3.393382467148974513e+00 5.709761146435727852e+00 5.709761146435727852e+00 5.709761146435727852e+00 5.709761146435727852e+00
-8.162789978013238468e+00 -7.347100648672032719e+00 -5.355569031895155874e+00 -3.452004280605291520e+00 -1.673865623524365853e+00 -1.862283044245772734e+00 -2.788698297924568914e-02 3.560881070570267593e+00 2.175616730735650428e+00 2.020850530208598284e-01 -2.565672936348611266e+00 -1.169087804511713014e+00 1.224711068918460821e+00 3.702493667377062536e+00 5.912806586064437653e+00 5.912806586064437653e+00 5.912806586064437653e+00 5.912806586064437653e+00
-8.101195808640030194e+00 -7.234678012410228121e+00 -5.940930397038971300e+00 -4.381224131452163384e+00 -2.371386821115719634e+00 -2.018259345461935084e+00 -1.408308018025216768e+00 1.955366994209360554e+00 2.570539241784098650e+00 -3.581793526958562790e+00 -2.215677187891844646e+00 -5.813079615663361288e-01 1.483046211174804174e+00 3.724031485388324292e+00 6.101418642705350948e+00 6.101418642705350948e+00 6.101418642705350948e+00 6.101418642705350948e+00
-8.335733389789853121e+00 -7.810932656342920666e+00 -6.450910757445909915e+00 -5.003685123115286792e+00 -3.606794134692896669e+00 -1.952432164241350465e+00 -2.149736541943473078e+00 8.156046768768873134e-01 2.263407640807719723e+00 -2.981282235940696523e+00 3.245255666614234036e-01 9.963051951111561166e-01 1.853831543611729860e+00 4.195673195334891581e+00 5.982992515666094135e+00 5.982992515666094135e+00 5.982992515666094135e+00 5.982992515666094135e+00
-8.748708137649551020e+00 -7.867022970484645938e+00 -6.862881335847784925e+00 -5.728677824574661237e+00 -4.474627764974823840e+00 -2.333476095428891561e+00 -2.704452582817944872e+00 -1.213442685373608221e+00 1.497591122672649266e+00 4.225575881314395099e-01 3.517965001728828867e-01 8.599427760342599480e-01 2.142215185634339658e+00 4.787699305178218623e+00 5.804126461941038428e+00 5.804126461941038428e+00 5.804126461941038428e+00 5.804126461941038428e+00
-9.152143704193406393e+00 -8.188825759051569619e+00 -7.328727687108561817e+00 -6.390169399652776860e+00 -5.315403942198896559e+00 -3.988543211626147666e+00 -2.350497952330667495e+00 -2.612347511714400383e+00 5.840501171508840628e-01 1.511197707104273036e+00 9.610367852207453154e-01 6.783366775678215110e-02 1.753693018999143316e+00 4.937427142101007860e+00 5.748264739137896484e+00 5.748264739137896484e+00 5.748264739137896484e+00 5.748264739137896484e+00
-9.448210665873144620e+00 -8.518594957279702840e+00 -7.903327085391506301e+00 -7.216512595614963388e+00 -6.326585693889661854e+00 -5.115469523015732989e+00 -2.453096057769887040e+00 -2.678956272099627611e+00 -5.423304273168413348e-01 1.431647037566338598e+00 1.148669368381630917e+00 8.424104830977960923e-01 9.761535690515033004e-01 4.076857517970926104e+00 5.948737037472746181e+00 5.948737037472746181e+00 5.948737037472746181e+00 5.948737037472746181e+00
-9.838228993191304284e+00 -8.997784225704704042e+00 -8.448723096987459158e+00 -8.023631572155885294e+00 -7.348856408575620058e+00 -6.383930175165254184e+00 -3.878356112996135696e+00 -2.607560507489069757e+00 -2.193674236435734670e+00 8.282109362619578530e-01 1.248511365996810785e+00 1.061440252357993330e+00 3.708857361610259362e-01 3.988984448896310209e+00 6.180314483928944114e+00 6.180314483928944114e+00 6.180314483928944114e+00 6.180314483928944114e+00
-1.025300953106214763e+01 -9.799387532614650453e+00 -9.284509411846002536e+00 -8.762484876386485766e+00 -8.182371497809352690e+00 -7.137750492990043938e+00 -5.019968516121060986e+00 -2.449429924076653720e+00 -2.830369812136374730e+00 3.992408626632625301e-01 1.208329769958741640e+00 1.115895035916214750e+00 6.260769932394747439e-01 4.413804848082121701e+00 6.112712457668514787e+00 6.112712457668514787e+00 6.112712457668514787e+00 6.112712457668514787e+00
-1.041433658761510728e+01 -1.000509688671144204e+01 -9.546962323969667708e+00 -9.092713875003550328e+00 -8.488721414960297196e+00 -7.547412416368587174e+00 -6.235471684767479594e+00 -2.784506347199855902e+00 -2.881335474081815118e+00 -1.204086892728244873e+00 9.535422465611809173e-01 1.180773870868946585e+00 8.207577105295331688e-01 3.070119575412971979e+00 5.874630380669014329e+00 5.874630380669014329e+00 5.874630380669014329e+00 5.874630380669014329e+00
-1.047440665362729462e+01 -1.011819738602497765e+01 -9.699516101049269423e+00 -9.263194205573313411e+00 -8.721917259517717014e+00 -7.826553996336937935e+00 -6.619881844744467614e+00 -4.125942103034338615e+00 -3.200560334050724265e+00 -2.686851120353335176e+00 6.797965313368032891e-01 1.218881874047385683e+00 8.095839858856739291e-01 2.447100452034438156e+00 5.758840186188004751e+00 5.758840186188004751e+00 5.758840186188004751e+00 5.758840186188004751e+00
-1.047616471133718719e+01 -1.014122620975300748e+01 -9.775857041853850404e+00 -9.393750792217645085e+00 -8.822293943951683204e+00 -8.024493670131876755e+00 -6.879878591357337925e+00 -5.381575126214013238e+00 -2.690737867281475015e+00 -2.905269972896898700e+00 2.323530976390154879e-01 1.146311814814814589e+00 7.460992715077303661e-01 2.541158639225632232e+00 5.708911045998110723e+00 5.708911045998110723e+00 5.708911045998110723e+00 5.708911045998110723e+00
-1.047306148900985256e+01 -1.017871763666317619e+01 -9.900231382839159266e+00 -9.484071057210767819e+00 -8.963783969477686853e+00 -8.243933116425129271e+00 -7.116903162559353291e+00 -5.618584133260011271e+00 -3.026181038063539663e+00 -2.870111447827065287e+00 -3.589210204807501969e-01 8.136563136168619703e-01 2.360148173256646775e-01 2.777565766312303452e+00 5.902735598911472259e+00 5.902735598911472259e+00 5.902735598911472259e+00 5.902735598911472259e+00
-1.052608139983438562e+01 -1.017138039481556078e+01 -9.853769905939767426e+00 -9.511799097663782732e+00 -9.046024290474861118e+00 -8.303931460522049335e+00 -7.247008483416296443e+00 -5.888460268745354220e+00 -3.337253632816076454e+00 -3.111806003200410231e+00 -1.805722462338738010e+00 4.288284852629193900e-01 9.194590055691971298e-01 2.341728229480232848e+00 6.215198319287017270e+00 6.215198319287017270e+00 6.215198319287017270e+00 6.215198319287017270e+00
-1.051746296360350463e+01 -1.019495381056289496e+01 -9.904417671332966577e+00 -9.577233675266631607e+00 -9.049795377563075505e+00 -8.491752818235086764e+00 -7.383306682256746356e+00 -5.943924206270997601e+00 -4.135426204048519239e+00 -3.138854622854276855e+00 -2.535019829433895922e+00 2.913122249769495853e-01 5.981981254006000226e-01 2.449531596794530142e+00 6.124577906004812000e+00 6.124577906004812000e+00 6.124577906004812000e+00 6.124577906004812000e+00
-1.054226593052415950e+01 -1.024583199343492268e+01 -9.899508330636230369e+00 -9.587298834601011066e+00 -9.195214379742711941e+00 -8.508186607598274165e+00 -7.440612592371927292e+00 -6.031567809495691712e+00 -4.917651198523015132e+00 -2.636969107657532341e+00 -3.359060969194067603e+00 2.089391822888171935e-01 3.338403236492030191e-01 2.463897965242098920e+00 5.886495829005292890e+00 5.886495829005292890e+00 5.886495829005292890e+00 5.886495829005292890e+00
-1.058848988967468330e+01 -1.028535783010988425e+01 -9.968709875721568636e+00 -9.622009654941400925e+00 -9.240655693729710407e+00 -8.560091619314366795e+00 -7.547093586734547443e+00 -5.972869349274075645e+00 -5.104029422658309834e+00 -2.794978691835751317e+00 -3.658352294981476849e+00 6.748620945959045436e-02 3.957306468857132442e-01 2.477731498540627797e+00 5.768641335339186327e+00 5.768641335339186327e+00 5.768641335339186327e+00 5.768641335339186327e+00
-1.061690875863764560e+01 -1.032691159081901944e+01 -1.003291584546919601e+01 -9.687492946075691336e+00 -9.318542951926911400e+00 -8.763212109205365863e+00 -7.548025139150975171e+00 -5.906006853468824147e+00 -5.271810930306136456e+00 -3.239485484475280508e+00 -3.747289606179744048e+00 -3.424356546740014995e-01 3.762963961872517471e-01 2.611259927965440930e+00 6.186731710571823584e+00 6.186731710571823584e+00 6.186731710571823584e+00 6.186731710571823584e+00
