-1.040557336426125090e+01 -1.034216444452972539e+01 -1.002411502801836107e+01 -9.628985951195904391e+00 -9.320053313319920818e+00 -8.995146993292877369e+00 -8.339137842601173745e+00 -7.357462042837029870e+00 -4.900431807823493635e+00 -4.013137643310839664e+00 -3.190931186642688377e+00 -2.560915822465796410e+00 -6.234086289577082107e-01 1.966722197072858780e+00 5.551650131061270699e+00 5.551650131061270699e+00 5.551650131061270699e+00 5.551650131061270699e+00
-1.042255613816153215e+01 -1.009994476081381798e+01 -1.019017134005011371e+01 -1.000120748141899085e+01 -9.609630034304878166e+00 -8.954915572359585241e+00 -8.287367154368466160e+00 -7.037523093200242386e+00 -4.919740043176213717e+00 -2.688917845067556378e+00 -2.240562294596318615e+00 -1.785189100207237090e+00 -8.877688880530738569e-01 2.189103501913338690e+00 5.435578703828790381e+00 5.435578703828790381e+00 5.435578703828790381e+00 5.435578703828790381e+00
-1.036526050538800803e+01 -1.008678143399103178e+01 -9.794167669093482687e+00 -9.640087965275306203e+00 -9.661411836823642574e+00 -9.243282087312692852e+00 -8.152762726793989501e+00 -7.007869298197658914e+00 -4.983459621333350853e+00 -2.063247800101500218e+00 -3.033462126627034294e+00 -8.195991513111957616e-01 -1.919823303434602391e-01 2.210942151331310335e+00 5.524487461992915627e+00 5.524487461992915627e+00 5.524487461992915627e+00 5.524487461992915627e+00
-1.040257016370517640e+01 -1.014065117997574283e+01 -9.944659900502209382e+00 -9.283210252683621988e+00 -9.175309023522045138e+00 -9.176859588174387738e+00 -8.273755483549695811e+00 -6.823450859107663469e+00 -4.333056749338811464e+00 -1.687280397809549193e+00 -2.449349469963394199e+00 9.778794869188342509e-02 9.686103096522804545e-01 2.328976379089989113e+00 5.950609624208169635e+00 5.950609624208169635e+00 5.950609624208169635e+00 5.950609624208169635e+00
-1.050180224864263323e+01 -1.027463597311062671e+01 -9.976799576333085895e+00 -9.615066277098275549e+00 -9.063199201078608880e+00 -8.683333421478762304e+00 -8.261093094874523146e+00 -6.583475634790664444e+00 -3.464155722440428242e+00 -2.657008241769349688e+00 -1.174368129244305781e+00 4.461408791393723927e-01 1.079761327125542847e+00 2.431895719884639817e+00 5.745994132847508595e+00 5.745994132847508595e+00 5.745994132847508595e+00 5.745994132847508595e+00
-1.042868208388999918e+01 -1.011125583241220127e+01 -1.019955887271315831e+01 -1.002063386437476744e+01 -9.466191587593364432e+00 -8.725647339067277741e+00 -7.900064010678208959e+00 -5.933739593582157745e+00 -2.524693614535087782e+00 -2.812714659513313897e+00 -1.339595601377812362e-01 8.224480297619760627e-01 1.091381231347535730e+00 2.161854859489158009e+00 6.291490216644420208e+00 6.291490216644420208e+00 6.291490216644420208e+00 6.291490216644420208e+00
-1.035784208684600927e+01 -1.035923950183111408e+01 -1.004064154197140901e+01 -9.729214255182736082e+00 -9.458174242986528313e+00 -8.734630078112095575e+00 -7.751361303803006919e+00 -4.498792382707437199e+00 -2.314227622134319873e+00 -2.052750688582102967e+00 8.199651354960799110e-02 1.361568563608366755e+00 1.528352691273464181e+00 3.351240889080244756e+00 6.261025053227227133e+00 6.261025053227227133e+00 6.261025053227227133e+00 6.261025053227227133e+00
-1.053438424576285470e+01 -1.011098075390106388e+01 -9.966491994683643441e+00 -9.957067617224048206e+00 -9.325741034449816169e+00 -8.357830757022119528e+00 -6.286072778420021656e+00 -2.788664956387948202e+00 -2.755599249382306049e+00 -1.794339157438410992e-01 1.011792649959653012e+00 2.036388004647868399e+00 1.712562666668158151e+00 4.333996362826818327e+00 6.056409561866336055e+00 6.056409561866336055e+00 6.056409561866336055e+00 6.056409561866336055e+00
-1.045367905954145016e+01 -1.030454805475238800e+01 -9.696118134636872554e+00 -9.170878731954736907e+00 -8.128048641786632444e+00 -7.099679580854191485e+00 -3.661197892184692826e+00 -2.705104873620643335e+00 -8.203732450727053704e-01 7.179356212570058293e-01 2.170418525962432899e+00 2.757202451077036987e+00 3.368654794666321450e+00 4.764835429618351270e+00 6.678747148551671842e+00 6.678747148551671842e+00 6.678747148551671842e+00 6.678747148551671842e+00
-1.008262066967765236e+01 -9.908227946343295400e+00 -9.598110325467450465e+00 -8.531378554850101992e+00 -7.415423302727665700e+00 -4.963105148339392869e+00 -2.788426486378563496e+00 -1.483721710115033954e+00 2.903672946227098817e-01 2.252854314591859364e+00 3.060545535675658790e+00 3.469220759435169388e+00 4.950489370066605943e+00 4.937138257042321676e+00 6.395511551338096012e+00 6.395511551338096012e+00 6.395511551338096012e+00 6.395511551338096012e+00
-1.011763584457718146e+01 -9.486716191621347605e+00 -8.658824842980672898e+00 -8.555097859237248414e+00 -6.752970091071281544e+00 -2.730233835902699191e+00 -2.313749525200209600e+00 2.920737545285812531e-01 2.394056614882686063e+00 3.118301673636250548e+00 3.086421655792956464e+00 4.618604851929800859e+00 2.780801320064704818e+00 2.328268216976256966e+00 6.612818619532505160e+00 6.612818619532505160e+00 6.612818619532505160e+00 6.612818619532505160e+00
-9.706005560547412259e+00 -8.948189037825780900e+00 -8.061841154693887290e+00 -7.434819155557788051e+00 -4.079349728919012819e+00 -2.567310758666750736e+00 -1.069227633149647971e+00 1.465675346703853688e+00 2.942996522136192894e+00 3.198410775664457972e+00 4.539603764656813922e+00 3.721366359365479326e+00 4.788114737190902748e-01 2.506995896337017804e+00 6.960034288644099121e+00 6.960034288644099121e+00 6.960034288644099121e+00 6.960034288644099121e+00
-9.604632639945613448e+00 -8.409106396568365227e+00 -7.393529638371906465e+00 -5.617524185385712521e+00 -2.614142838188166174e+00 -2.478362081280236939e+00 4.744672729667520628e-01 3.143796084010575420e+00 3.274523352022542966e+00 4.118501059631758388e+00 4.752905900472828016e+00 -1.730157444356686669e-01 5.145562827048232313e-01 2.471077356919361812e+00 6.938544630470482311e+00 6.938544630470482311e+00 6.938544630470482311e+00 6.938544630470482311e+00
-1.007370109931678215e+01 -7.874384817899433564e+00 -6.300488059634441029e+00 -3.383536994842971435e+00 -2.297095530493803661e+00 -7.466388418323951504e-01 2.223956910653340113e+00 3.117689595264866220e+00 3.329456854480688399e+00 5.009693715869841135e+00 3.304919315426614546e+00 -1.897598834125028056e+00 4.168004048786792537e-01 2.632446112087399204e+00 7.418587234135063824e+00 7.418587234135063824e+00 7.418587234135063824e+00 7.418587234135063824e+00
-9.369984874417454535e+00 -7.291852520017580552e+00 -4.740111261370126172e+00 -2.368512186642044881e+00 -1.875975176881085282e+00 6.200689788064125407e-01 3.160208962756698270e+00 3.224044960476616151e+00 3.624879837124692195e+00 5.654946317079126317e+00 4.459095689226919568e+00 -8.654604419282222461e-01 7.482590973265256240e-01 2.660846157420276192e+00 7.241321428736305243e+00 7.241321428736305243e+00 7.241321428736305243e+00 7.241321428736305243e+00
-9.096749512911964430e+00 -6.795826131481559784e+00 -3.475959836458389240e+00 -2.104378145777262343e+00 -2.880862928787394361e-01 2.503941649885090825e+00 3.058254564360598948e+00 3.105975803146979075e+00 4.208687799430943954e+00 6.246643672371231304e+00 6.050916039220552989e+00 1.826720835254966424e+00 7.085232375003596150e-01 2.773762394622744321e+00 7.248960059489446550e+00 7.248960059489446550e+00 7.248960059489446550e+00 7.248960059489446550e+00
-8.652540373868534473e+00 -5.622226900605280520e+00 -2.858570716014907198e+00 -1.960840640747895325e+00 3.078171632142581715e-01 3.037096452345382058e+00 3.284020063682651092e+00 3.254459813281309177e+00 4.202440555610295725e+00 5.048535117951869822e+00 4.588962289628080171e+00 4.703219762592504516e+00 4.047057347311859843e+00 3.328863935473190594e+00 6.780820026123979716e+00 6.780820026123979716e+00 6.780820026123979716e+00 6.780820026123979716e+00
-7.611194323654340010e+00 -5.294837349710624252e+00 -2.667928907072257161e+00 -2.083911002545056235e+00 8.308273210639085526e-01 2.690883341163361031e+00 3.540660080928997644e+00 3.848060998774096575e+00 4.075916109905127094e+00 3.227011095611107105e+00 3.247061984269869139e+00 3.139333596781857860e+00 3.944035823000674235e+00 5.180225112498431983e+00 7.522608568828594855e+00 7.522608568828594855e+00 7.522608568828594855e+00 7.522608568828594855e+00
-7.416287812130255119e+00 -5.472259559454471400e+00 -1.958662515511176760e+00 -1.494960675538414829e+00 1.595124854619536903e+00 3.183626758827968750e+00 3.225179916773319277e+00 3.931563409225789840e+00 3.869465625174788759e+00 1.744804472312739385e+00 1.280061736604568345e+00 1.416960524022051970e+00 2.737560264001043464e+00 4.370897695053354681e+00 7.345342763429945521e+00 7.345342763429945521e+00 7.345342763429945521e+00 7.345342763429945521e+00
-8.202525708728384046e+00 -5.582958474000696114e+00 -2.029516084421275846e+00 -1.082240931236882808e+00 1.964362863412102200e+00 3.135625357001917912e+00 3.205584522238546175e+00 4.121636551838065543e+00 3.145422361027194302e+00 1.505141280081135680e+00 -1.006606893265775238e+00 8.275623886567613496e-01 1.932412965233559987e+00 3.602360406641134105e+00 7.116290159338693577e+00 7.116290159338693577e+00 7.116290159338693577e+00 7.116290159338693577e+00
-8.016075768713246674e+00 -6.343210263033970620e+00 -2.628710169519758555e+00 -1.421120834965361235e+00 1.961850010392437893e+00 3.149291932552615858e+00 3.224152565953083638e+00 4.091837970891605281e+00 3.110374656174513142e+00 1.432370449516873423e+00 -9.570993451093694482e-01 3.944220676323693942e-02 1.243721737208520750e+00 3.333028603722799410e+00 7.803895708920912000e+00 7.803895708920912000e+00 7.803895708920912000e+00 7.803895708920912000e+00
-8.065624720347592813e+00 -6.692510513030876851e+00 -2.602832894325902924e+00 -1.704310647211003005e+00 1.070907072539084570e+00 3.214995559277065595e+00 3.257241838288535973e+00 4.190876159755324792e+00 2.727728660794676685e+00 1.094182670703546245e+00 -2.817428740424150480e+00 -1.747165366781158191e+00 1.214185934717818105e+00 3.161396268256946751e+00 7.626629903522218257e+00 7.626629903522218257e+00 7.626629903522218257e+00 7.626629903522218257e+00
-8.025314783760496340e+00 -6.745193562865317460e+00 -3.467579336968598991e+00 -1.642246369583048926e+00 7.936680411087683185e-01 3.222482897686496095e+00 3.276167335852854023e+00 4.068609966299981728e+00 2.375732978557449471e+00 -1.409955881632509733e+00 -2.770256188248735540e+00 -1.735135790232380071e+00 1.227953488799606863e+00 3.450052348306473782e+00 7.736742258983262843e+00 7.736742258983262843e+00 7.736742258983262843e+00 7.736742258983262843e+00
-8.069577897967285196e+00 -7.050557960376352185e+00 -4.058293395551942240e+00 -1.366960377400135762e+00 -1.319335334740589227e-01 2.774031499199620665e+00 3.209712907374989932e+00 3.817551914199357910e+00 2.121519585322899193e+00 -4.046186349308395158e+00 -2.838057465486074182e+00 -1.399678051342024832e+00 1.298201959821507323e+00 3.677058178090683249e+00 7.737507726657144147e+00 7.737507726657144147e+00 7.737507726657144147e+00 7.737507726657144147e+00
-7.910533586045723986e+00 -7.184085843367909341e+00 -4.322347765283887533e+00 -2.384419640616328273e+00 -9.968263561201413658e-01 1.490426035309469821e+00 3.223553628676125271e+00 3.101178238179320257e+00 1.849453981453714535e+00 -4.383142080148526354e+00 -2.767531557474219195e+00 -6.521776379023895842e-01 1.490472081370818991e+00 3.690326589682524805e+00 8.009282170196044603e+00 8.009282170196044603e+00 8.009282170196044603e+00 8.009282170196044603e+00
-8.361690059787742157e+00 -7.655702372747773765e+00 -5.999434254159451640e+00 -2.812628371804349214e+00 -1.523630386961563499e+00 -7.773351126779669551e-01 2.092567893185937056e+00 2.784343703070537579e+00 1.226967202888218145e+00 -4.156980548378045093e+00 -2.141106038269458001e+00 1.142701966795763191e+00 1.879451011514274850e+00 4.065276852146162412e+00 8.280691483254408070e+00 8.280691483254408070e+00 8.280691483254408070e+00 8.280691483254408070e+00
-8.877285439726097849e+00 -7.801648269110001976e+00 -6.722688965695865271e+00 -4.557262499195891436e+00 -2.044757625964953807e+00 -2.191144672728880582e+00 1.767284765070822883e-01 1.802127764828861167e+00 1.712369394703241676e+00 -1.861320938742664133e+00 -1.671077571809174600e+00 5.340670719029617652e-01 2.152817138183162005e+00 4.332272542340120047e+00 7.886690708606775679e+00 7.886690708606775679e+00 7.886690708606775679e+00 7.886690708606775679e+00
-9.149726759504098084e+00 -8.482833347641731692e+00 -7.456498656749387166e+00 -5.806297321508990805e+00 -3.342473661046207134e+00 -2.131618360837581161e+00 -1.475519464923829904e+00 4.612933558661734268e-01 1.224878440077327379e+00 1.301413310071305673e+00 -1.886516884956556339e+00 -4.329940534250095174e-01 1.832641173437898008e+00 4.350214933692272190e+00 8.703988764604563499e+00 8.703988764604563499e+00 8.703988764604563499e+00 8.703988764604563499e+00
-9.351741428132758216e+00 -8.567484314444079985e+00 -8.146150523077771766e+00 -7.397874222671966038e+00 -5.878161332447136900e+00 -3.528116492278114524e+00 -2.559131339296595531e+00 -2.231046821054749163e+00 6.038010977696933734e-02 8.800020268817021485e-01 -1.775855474913722976e+00 -1.711800706404664751e-01 1.516804464991075907e+00 4.084210239211073734e+00 8.396773395584411048e+00 8.396773395584411048e+00 8.396773395584411048e+00 8.396773395584411048e+00
-1.020562665222323062e+01 -9.032708399188368986e+00 -8.687047065422126124e+00 -8.329204829836744040e+00 -7.438986548351691930e+00 -6.701390983686803082e+00 -3.808971726825435944e+00 -2.256892044426675348e+00 -2.563436329065208685e+00 -3.053605536370198603e-01 1.868081881766441299e-01 5.895975574249096018e-02 1.105075264392611167e+00 4.059558913757395082e+00 8.234912224260884983e+00 8.234912224260884983e+00 8.234912224260884983e+00 8.234912224260884983e+00
-1.041542745218417032e+01 -1.004998839084838025e+01 -9.575288688311829333e+00 -9.184387534120658003e+00 -8.811238959718226127e+00 -7.400109948542346494e+00 -5.742949557685079753e+00 -4.176274263637811401e+00 -2.563443966288856846e+00 -2.881315343558358499e+00 -5.293838327335043115e-01 9.268672247050113722e-02 1.729855283917129116e-01 4.295437885110903409e+00 8.438746972280537051e+00 8.438746972280537051e+00 8.438746972280537051e+00 8.438746972280537051e+00
-1.058900801389734880e+01 -1.017409845250046629e+01 -9.772845880754285730e+00 -9.491224764191699137e+00 -9.119460349367129126e+00 -7.931828099504839358e+00 -6.254393482522456083e+00 -5.645720209352071528e+00 -3.340639488253922984e+00 -3.116129881684583047e+00 -2.529025487734231969e+00 -2.181055421430592722e-01 -7.030396923610418014e-01 4.149148712832140262e+00 8.713643115499895231e+00 8.713643115499895231e+00 8.713643115499895231e+00 8.713643115499895231e+00
-1.046302809917237475e+01 -1.031803223761071209e+01 -9.943767082307754634e+00 -9.558261066856818644e+00 -9.218158512842498098e+00 -8.232090664542889513e+00 -6.532284453362455778e+00 -5.662629657121524218e+00 -4.799880971019497622e+00 -2.728941000112428572e+00 -2.771055624406639772e+00 -9.598482315572505197e-01 -4.670578248171967095e-01 3.254411700111179861e+00 8.394776837266196168e+00 8.394776837266196168e+00 8.394776837266196168e+00 8.394776837266196168e+00
-1.049552583491977842e+01 -1.022806586851060118e+01 -1.008447705083187174e+01 -9.620255309366900320e+00 -9.244144842245503924e+00 -8.408085658828067466e+00 -6.732195230312385092e+00 -5.893849352787865925e+00 -5.331539700259417813e+00 -2.717241371901435443e+00 -2.891782990373064965e+00 -1.207487820695382741e+00 -6.479828382326549008e-01 2.882842863710083137e+00 8.817948733809146233e+00 8.817948733809146233e+00 8.817948733809146233e+00 8.817948733809146233e+00
-1.050299755730765483e+01 -1.030123267497203798e+01 -1.006217907610164985e+01 -9.731543031899583696e+00 -9.343287767843756697e+00 -8.648390315064034439e+00 -7.116608278001484322e+00 -5.846860628232871449e+00 -5.635479726182940574e+00 -3.109435364903257337e+00 -1.920171115774007564e+00 -2.763228515848474842e+00 -4.798875490982280612e-01 2.736266732080660624e+00 9.308259416499494066e+00 9.308259416499494066e+00 9.308259416499494066e+00 9.308259416499494066e+00
-1.058710777272777293e+01 -1.032309101358110581e+01 -1.002372286831141679e+01 -9.714481822612661688e+00 -9.414678827684369367e+00 -8.819765972842372292e+00 -7.345085669282230612e+00 -5.855751958125631873e+00 -5.781227220668204936e+00 -3.783822643528622187e+00 -3.169111204337431875e+00 -3.023522701184727879e+00 -7.579550094653301207e-01 2.375520223100870076e+00 8.602448980144135504e+00 8.602448980144135504e+00 8.602448980144135504e+00 8.602448980144135504e+00
-1.062805295580605147e+01 -1.033709129752147327e+01 -1.010350071405238381e+01 -9.769452064415455439e+00 -9.402561284721276280e+00 -8.922355332211154177e+00 -7.620006544495317335e+00 -5.674091453005528862e+00 -5.476905952644947284e+00 -3.571754601736609747e+00 -3.984183926892302274e+00 -2.478802028119236667e+00 -7.152732162634047874e-01 2.652946264790728925e+00 9.183500325673549014e+00 9.183500325673549014e+00 9.183500325673549014e+00 9.183500325673549014e+00
-1.065287066393394966e+01 -1.041316824622975901e+01 -1.002422347379473955e+01 -9.694224993448091965e+00 -9.370043715395771855e+00 -8.908649751500922420e+00 -7.651082500289561494e+00 -5.919982404035284418e+00 -5.475353643414685223e+00 -3.357585844437052991e+00 -4.409947189965216729e+00 -2.063165844712859798e+00 -2.631798326992094705e-01 2.431627876493182683e+00 9.007242682641857456e+00 9.007242682641857456e+00 9.007242682641857456e+00 9.007242682641857456e+00
-1.067492307733278167e+01 -1.039064851043592341e+01 -1.006279311662452791e+01 -9.726450171303770986e+00 -9.399037255654507206e+00 -8.888662083818134718e+00 -7.774009483682302601e+00 -5.997834845923842195e+00 -5.470689575190398557e+00 -4.167055826143762687e+00 -3.747381446945101224e+00 -2.242297967791745172e+00 -3.390741304217352869e-01 2.528253802956553109e+00 9.588294028171258532e+00 9.588294028171258532e+00 9.588294028171258532e+00 9.588294028171258532e+00
-1.073219985931835652e+01 -1.038993898462880594e+01 -1.010352750511000686e+01 -9.792388101384533527e+00 -9.512536881597243976e+00 -9.029461436534251817e+00 -7.836280601867576578e+00 -5.793371646976069655e+00 -5.677286964459933749e+00 -4.304704487759240195e+00 -4.484523215383175554e+00 -1.947751023115931179e+00 -3.806020572951652747e-01 2.517412922992821933e+00 8.571720061502828614e+00 8.571720061502828614e+00 8.571720061502828614e+00 8.571720061502828614e+00
