-1.051090671502809926e+01 -1.034697362734306125e+01 -1.005885349595573430e+01 -9.708519302244198457e+00 -9.418161134686307889e+00 -9.099064995576988224e+00 -8.339801188678601207e+00 -7.317883945948578273e+00 -4.821591715297955716e+00 -3.062762426207827016e+00 -1.941780298398012583e+00 -2.064984559620913096e+00 3.734554823222565045e-01 1.843939674901161618e+00 4.818538173772030753e+00 4.818538173772030753e+00 4.818538173772030753e+00 4.818538173772030753e+00
-1.056445124842966798e+01 -1.022118881318783679e+01 -1.009098002575211517e+01 -9.919715115328104460e+00 -9.539732641089599952e+00 -9.013141819650522635e+00 -8.307201452715863965e+00 -7.051943093532090145e+00 -4.823120078646428333e+00 -2.049796411358558945e+00 -2.062649743640379008e+00 -3.066378291499189945e-01 4.585360052476463721e-01 2.084443083800981977e+00 5.214542859465939983e+00 5.214542859465939983e+00 5.214542859465939983e+00 5.214542859465939983e+00
-1.047429863062941102e+01 -1.007151968318047075e+01 -9.704752013951054579e+00 -9.688622785798456150e+00 -9.654524153772618078e+00 -9.146120994011429417e+00 -8.228605403510080407e+00 -6.989431777010194580e+00 -4.317135478928599390e+00 -2.171390059112361381e+00 -3.074823764559539097e+00 -4.441255526804245568e-02 -2.624817984869610710e-01 2.129479332618155141e+00 5.090741390081935158e+00 5.090741390081935158e+00 5.090741390081935158e+00 5.090741390081935158e+00
-1.025451195982534003e+01 -1.024729657966574337e+01 -9.995253184639413035e+00 -9.319631291928873296e+00 -9.196567282645178310e+00 -9.091129935805120965e+00 -8.266168313267442613e+00 -6.741835325791456945e+00 -3.215641681905956784e+00 -2.830656382259009618e+00 -1.826313723616718399e+00 3.567405005015245600e-01 3.129746233937202859e-01 2.314854908555296298e+00 4.728345605412552111e+00 4.728345605412552111e+00 4.728345605412552111e+00 4.728345605412552111e+00
-1.061934142859993635e+01 -1.030368452213173391e+01 -1.000090435513748055e+01 -9.611023995338223713e+00 -9.111168520010490823e+00 -8.669561149210601059e+00 -8.271065150376015751e+00 -6.299102704641447836e+00 -2.404755177447695846e+00 -2.809027651760206634e+00 -4.056521741353488197e-01 -1.144186443448568929e-01 1.238269122299821889e+00 2.400483632033916237e+00 4.545603761734669845e+00 4.545603761734669845e+00 4.545603761734669845e+00 4.545603761734669845e+00
-1.061098372624978836e+01 -1.000317110539392296e+01 -1.031751841373544565e+01 -9.943318064223042541e+00 -9.360983295268974658e+00 -8.734510829112011265e+00 -7.945281375936112056e+00 -5.058644995701048863e+00 -2.786127661344559581e+00 -2.619281963651372447e+00 1.229005778874704864e-02 1.118483547926478749e+00 1.171261023027538428e+00 2.172991855372815362e+00 4.405977322780485927e+00 4.405977322780485927e+00 4.405977322780485927e+00 4.405977322780485927e+00
-1.044002786753156364e+01 -1.040720092577556422e+01 -9.956665525629686542e+00 -9.663983384555344003e+00 -9.364950035599731493e+00 -8.682660248965587968e+00 -7.710779817500973188e+00 -3.576923638046978215e+00 -3.246638581634713638e+00 -1.117955898694704020e+00 -1.104692896408076830e-01 1.353951382386022306e+00 1.573478751315380508e+00 3.309729756223826147e+00 4.168840761439345677e+00 4.168840761439345677e+00 4.168840761439345677e+00 4.168840761439345677e+00
-1.045149434457139570e+01 -1.019412723312364477e+01 -9.964055577995658552e+00 -9.844342012104949191e+00 -9.261824161647608022e+00 -8.316406269474283519e+00 -5.958233893567276951e+00 -2.169886720178718420e+00 -2.516940810249395977e+00 1.802037525744396365e-02 1.426534044066123608e+00 2.078613499460707281e+00 1.788892664861858162e+00 4.290243566705685296e+00 4.968603697807782993e+00 4.968603697807782993e+00 4.968603697807782993e+00 4.968603697807782993e+00
-1.055026952384132599e+01 -1.030514027572270663e+01 -9.652451725212491951e+00 -9.173836955661638370e+00 -8.230005254881348264e+00 -7.072833895426041018e+00 -3.724059925614914945e+00 -3.349007428136276499e+00 -7.715982962646090737e-01 5.306214004333508205e-01 2.124282163975234727e+00 2.748588318010461329e+00 3.411615034945501002e+00 4.780944252594781396e+00 4.495132762366335299e+00 4.495132762366335299e+00 4.495132762366335299e+00 4.495132762366335299e+00
-1.025676364024686826e+01 -1.001446296698337868e+01 -9.591312453856394526e+00 -8.546384479769733034e+00 -7.397303301504373430e+00 -5.160940673981621707e+00 -2.448901871373002859e+00 -2.791357708405691973e+00 9.593787477408965980e-02 2.071543992857878713e+00 3.111204219563079132e+00 3.475594103679618296e+00 4.889968260671507139e+00 4.934568134552657526e+00 5.159263962542531168e+00 5.159263962542531168e+00 5.159263962542531168e+00 5.159263962542531168e+00
-1.027133719089501795e+01 -9.567729455940822803e+00 -8.828315857730775207e+00 -8.433477494952507314e+00 -6.846292878908267987e+00 -3.335815273201586439e+00 -3.437888577227095066e+00 -6.919858584865489215e-01 1.971996904517684390e+00 3.084774546200237832e+00 3.079289877105896522e+00 4.613186020908842444e+00 2.770874295182938152e+00 2.290928650619202589e+00 5.387372243916725090e+00 5.387372243916725090e+00 5.387372243916725090e+00 5.387372243916725090e+00
-9.934507710459008933e+00 -9.002456565662107835e+00 -8.092542531604017597e+00 -7.564460159802903760e+00 -4.651558081393923239e+00 -2.363571192174771962e+00 -2.141224931071852300e+00 7.276054596358377813e-01 2.926527614418918510e+00 3.159453046702890955e+00 4.455651097645787040e+00 3.680227193949707321e+00 7.109815136819603865e-01 2.527448788611440733e+00 4.964170136157425972e+00 4.964170136157425972e+00 4.964170136157425972e+00 4.964170136157425972e+00
-9.643862285261084466e+00 -8.667802748922273537e+00 -7.500800200110343319e+00 -5.989126944625475346e+00 -3.026734762276459545e+00 -3.222395839977496568e+00 -2.907001694256236557e-01 3.092885780667435913e+00 3.287036746944689725e+00 4.082203629564681080e+00 4.763396209187440000e+00 -1.695844338031902987e-01 4.880432440884303058e-01 2.401193671984789724e+00 4.836888326942077043e+00 4.836888326942077043e+00 4.836888326942077043e+00 4.836888326942077043e+00
-1.010509509484286639e+01 -8.028978868459089924e+00 -6.492077709486182790e+00 -4.103716392399564761e+00 -2.604583158433291690e+00 -1.748217578806699812e+00 1.420000535506531048e+00 3.104904156578081498e+00 3.328738367985226265e+00 5.057607829090857265e+00 3.298290806758201743e+00 -2.008290557049936975e+00 3.465276597281184423e-01 2.625005311263096885e+00 4.753592666625384489e+00 4.753592666625384489e+00 4.753592666625384489e+00 4.753592666625384489e+00
-9.471131592456933035e+00 -7.469438426776600082e+00 -5.243102392094593611e+00 -2.493442230143815053e+00 -2.528063229739466067e+00 1.070273300046326037e-01 3.179801962964838857e+00 3.222976457676545614e+00 3.557244556631818266e+00 5.674766544811326696e+00 4.504284720531749109e+00 -1.059927925501809476e+00 9.625490488833561287e-01 2.539420510673508602e+00 4.810737099476201983e+00 4.810737099476201983e+00 4.810737099476201983e+00 4.810737099476201983e+00
-9.205645202499107782e+00 -6.903362088692754917e+00 -4.200806315650285505e+00 -2.440088638294529044e+00 -1.386113399550558567e+00 1.960482530237277699e+00 3.029352902613079213e+00 3.046393879935666682e+00 4.139174716933339049e+00 6.294050117427532953e+00 6.046014495668742939e+00 1.778185725949510410e+00 6.318618180145025853e-01 2.746727260092702849e+00 4.855034801384063847e+00 4.855034801384063847e+00 4.855034801384063847e+00 4.855034801384063847e+00
-8.637778531201115939e+00 -5.972329343821856540e+00 -3.469592782972481526e+00 -2.296461439825687734e+00 -1.324430264284944148e+00 3.039007360752116416e+00 3.273948141126097777e+00 3.357925526824468765e+00 4.226543186946766895e+00 5.041395374750368141e+00 4.573457161853754727e+00 4.719589884208505559e+00 3.757971703698301802e+00 3.348291585287305860e+00 5.079931016498888674e+00 5.079931016498888674e+00 5.079931016498888674e+00 5.079931016498888674e+00
-7.837013426246199899e+00 -5.728697615461348036e+00 -3.064348149593638659e+00 -1.713973312057993192e+00 -4.194768913915326025e-01 2.714062698342936120e+00 3.582465485594080068e+00 3.881301683356032317e+00 4.106803343261194783e+00 3.180161864141896721e+00 3.261916881286078151e+00 3.156586944332988143e+00 4.002653412166800706e+00 5.128217728673736708e+00 4.709399250131158787e+00 4.709399250131158787e+00 4.709399250131158787e+00 4.709399250131158787e+00
-7.557590918327072416e+00 -5.784978794121973245e+00 -2.809522826518582317e+00 -1.143764261931304205e+00 8.834535826326579411e-01 3.104068946117940264e+00 3.203025960729631194e+00 3.859303177520775563e+00 3.802548445344948735e+00 1.772684994738704001e+00 1.321126347530921397e+00 1.443929070394833092e+00 2.780828729512095254e+00 4.369175099835270970e+00 4.763444882576727046e+00 4.763444882576727046e+00 4.763444882576727046e+00 4.763444882576727046e+00
-8.261473951018878381e+00 -5.810172109597194101e+00 -2.476193635530066661e+00 -1.005022880214719638e+00 1.640503281556831450e+00 3.087203656941699403e+00 3.186579456200651972e+00 4.069497612729768399e+00 3.128852628981686479e+00 1.520967471890992018e+00 -9.296462141799937129e-01 7.998528073050782394e-01 1.942178653246571685e+00 3.566925366095959227e+00 4.746746528248143804e+00 4.746746528248143804e+00 4.746746528248143804e+00 4.746746528248143804e+00
-8.098100938036163043e+00 -5.970137328559348866e+00 -3.501743501676219505e+00 -1.503101263697217194e+00 1.109957504840399123e+00 3.135411393012448755e+00 3.178697391481977164e+00 4.094600626746823124e+00 3.045707110178222710e+00 1.401561913510961377e+00 -8.294264991836984846e-01 1.108904155572936964e-02 1.267406875981894609e+00 3.374514281059139975e+00 4.665122670315333231e+00 4.665122670315333231e+00 4.665122670315333231e+00 4.665122670315333231e+00
-8.163306012498672715e+00 -6.352488253407175378e+00 -3.285745950758352407e+00 -2.501365498728761239e+00 -2.731541877726912163e-02 3.227891470169631294e+00 3.264990422798003777e+00 4.151858706375144870e+00 2.706547930150820402e+00 1.151638893555512411e+00 -2.684491482367544535e+00 -1.693534598244543998e+00 1.213843914151455206e+00 3.188822945216113869e+00 4.608726327098100484e+00 4.608726327098100484e+00 4.608726327098100484e+00 4.608726327098100484e+00
-8.041538615021634584e+00 -6.716730273329000411e+00 -3.848856968444685389e+00 -1.782622620691328708e+00 -4.240021490650576763e-01 3.170757805778227301e+00 3.219987197721146277e+00 4.035834389942674960e+00 2.348052918699652825e+00 1.778317150502280175e-02 -2.886101510199268638e+00 -1.660444762238585614e+00 1.181631758461785919e+00 3.443553188626065520e+00 4.583323951199333557e+00 4.583323951199333557e+00 4.583323951199333557e+00 4.583323951199333557e+00
-8.103736170134695271e+00 -7.112952610148641774e+00 -4.364004269591076124e+00 -2.116357501114567885e+00 -5.842737655362542082e-01 2.385618141851310714e+00 3.202496642575628716e+00 3.810149947107822843e+00 2.090677429637749274e+00 -3.861286548604129454e+00 -3.011528278873686126e+00 -1.044082126976578317e+00 1.271972590301605477e+00 3.705284711204979597e+00 4.711161184921689227e+00 4.711161184921689227e+00 4.711161184921689227e+00 4.711161184921689227e+00
-7.942663103626984800e+00 -7.263248696292125217e+00 -5.280966904888858338e+00 -2.958057462808076910e+00 -8.887021801487405837e-01 2.084687667042589565e-01 3.170767220356688565e+00 3.079981007956202443e+00 1.979205747883916899e+00 -4.245669630556010432e+00 -2.672875950298202241e+00 -5.310859528553558695e-01 1.517100936355132434e+00 3.728193802539437218e+00 4.659055701690119733e+00 4.659055701690119733e+00 4.659055701690119733e+00 4.659055701690119733e+00
-8.461323003569136247e+00 -7.666156266914869732e+00 -6.311308613913971577e+00 -3.931438720969929079e+00 -1.825948250529401573e+00 -6.511822196965844078e-01 1.057163508436856025e+00 2.751730087086963206e+00 1.373443800684628791e+00 -3.831712089176703362e+00 -1.804938036387379263e+00 1.067903446965993153e+00 1.888514098361517402e+00 4.062133107467735371e+00 4.603178041756772032e+00 4.603178041756772032e+00 4.603178041756772032e+00 4.603178041756772032e+00
-8.930803167593587943e+00 -7.936159920478048413e+00 -7.016445391213089522e+00 -5.164729875278796456e+00 -3.234492963706480317e+00 -1.326226262664413236e+00 -1.061312127849120657e+00 1.066616236331464851e+00 1.980342787665107185e+00 -1.416564467151854023e+00 -4.470766292328679503e-01 -3.896599232262820678e-01 2.132239454216071639e+00 4.327592968766228232e+00 4.519508241154470696e+00 4.519508241154470696e+00 4.519508241154470696e+00 4.519508241154470696e+00
-9.192081380374787614e+00 -8.482400419180962103e+00 -7.630184501871704938e+00 -6.148027044576243938e+00 -4.403750024951856190e+00 -2.838368070870674664e+00 -1.676776880493236366e+00 -1.931876691050027794e+00 1.675127456765693745e+00 1.479964701958959683e+00 -6.081114964514561239e-01 -1.381722297544917266e-01 1.856663090240862513e+00 4.385982579300983453e+00 4.446608519434011697e+00 4.446608519434011697e+00 4.446608519434011697e+00 4.446608519434011697e+00
-9.369932022892017542e+00 -8.609221587791783037e+00 -8.124646972412405077e+00 -7.448176921488647295e+00 -6.142102072537046986e+00 -4.371039443050407591e+00 -2.379105857237113764e+00 -2.369931134152800656e+00 -4.853334499224200016e-01 1.073856704560163022e+00 -4.831644170025312657e-01 -3.159495963374231442e-01 1.566737171435193199e+00 4.070758916292190221e+00 4.592843824070853564e+00 4.592843824070853564e+00 4.592843824070853564e+00 4.592843824070853564e+00
-1.023470726623948046e+01 -9.105358040167766731e+00 -8.808015341746170179e+00 -8.346408611581580317e+00 -7.512788236518111340e+00 -6.694676865081918393e+00 -4.064716354711113588e+00 -2.968253323652023212e+00 -1.693870780149227873e+00 -5.431884768792187845e-01 9.639177761422562662e-01 1.810447708977757086e-01 -6.047320859931369919e-01 4.056879813149109282e+00 4.569837615746497050e+00 4.569837615746497050e+00 4.569837615746497050e+00 4.569837615746497050e+00
-1.051091601279927445e+01 -1.007518797410789091e+01 -9.585641316809361712e+00 -9.154346714098696935e+00 -8.707964685010882278e+00 -7.484058857755376160e+00 -5.761937184672391687e+00 -2.936124333528900898e+00 -2.867500670073955149e+00 -3.003200560251930273e+00 -7.142817088494408662e-01 7.702098897744151795e-01 -8.759668104447447812e-01 4.410001981682730055e+00 4.513959955813152902e+00 4.513959955813152902e+00 4.513959955813152902e+00 4.513959955813152902e+00
-1.054540237144123083e+01 -1.018235632202995511e+01 -9.783380729874522785e+00 -9.411408655210692586e+00 -8.982499948556821323e+00 -7.985114820671545210e+00 -6.297756808410167828e+00 -4.998906516037598280e+00 -3.528217035961771497e+00 -3.139142818681941449e+00 -2.306146645508155846e+00 3.629443402627564597e-01 -1.215944181850471706e+00 3.791297771581338516e+00 4.430290155210859560e+00 4.430290155210859560e+00 4.430290155210859560e+00 4.430290155210859560e+00
-1.054359238252356867e+01 -1.020990231430049811e+01 -9.901466648938566095e+00 -9.520024751855990175e+00 -9.236169206204106530e+00 -8.249259706704011208e+00 -6.847356337245788183e+00 -5.609687350232691827e+00 -3.645390861931185889e+00 -3.037756123698413191e+00 -2.806916789432359227e+00 -9.339916068468390176e-02 2.071261210077317283e-01 3.133446228760966346e+00 4.373893811993609049e+00 4.373893811993609049e+00 4.373893811993609049e+00 4.373893811993609049e+00
-1.055358709739511625e+01 -1.026307518285679166e+01 -9.940120268197818021e+00 -9.629124279285452559e+00 -9.219822199307468935e+00 -8.491173766816192625e+00 -7.034496948352924939e+00 -5.687970947255881704e+00 -4.792003757682563148e+00 -2.441016298676358609e+00 -2.627966312275872074e+00 -4.802150535461894298e-01 4.074012471323517071e-01 2.681166386499601373e+00 4.560528274404404669e+00 4.560528274404404669e+00 4.560528274404404669e+00 4.560528274404404669e+00
-1.059387090630929684e+01 -1.027234076568555032e+01 -1.003579350185954056e+01 -9.682555099440303792e+00 -9.262332786787865757e+00 -8.668440783751998779e+00 -7.201264301765972320e+00 -5.845064029827653940e+00 -5.486948292159370411e+00 -3.198521975309470466e+00 -1.622299229755778116e+00 -2.148122026029323006e+00 4.463862175676881483e-01 2.474720211243702117e+00 4.503613247903270889e+00 4.503613247903270889e+00 4.503613247903270889e+00 4.503613247903270889e+00
-1.064411121235869651e+01 -1.032598874345467443e+01 -1.005697347062073810e+01 -9.705084600739210643e+00 -9.383449235293229052e+00 -8.744756526286847631e+00 -7.525427621780707454e+00 -5.896626066824642187e+00 -5.720670216014650755e+00 -4.000408503180905129e+00 -1.864667474621273024e+00 -2.605835050230186578e+00 8.420707566543415845e-03 2.124456953766467482e+00 4.424741869869519562e+00 4.424741869869519562e+00 4.424741869869519562e+00 4.424741869869519562e+00
-1.063040508496304071e+01 -1.027543230540741526e+01 -1.006345758570767757e+01 -9.759219278736747327e+00 -9.377178096790528272e+00 -8.843110332312191346e+00 -7.579263417027088501e+00 -5.816735522393424063e+00 -5.393147987334023341e+00 -4.081096802215363972e+00 -2.409419303529486189e+00 -1.473607478138691862e+00 -1.459549104106775685e-01 2.216603104417059544e+00 4.368345526652289479e+00 4.368345526652289479e+00 4.368345526652289479e+00 4.368345526652289479e+00
-1.063854997201846331e+01 -1.037218943650610470e+01 -1.003526682392129032e+01 -9.740873260672815448e+00 -9.431805184476505843e+00 -8.847281944853925495e+00 -7.613522793194211324e+00 -5.989408873684688217e+00 -5.338344547702409848e+00 -3.930483445826002065e+00 -4.955941448487655165e+00 -2.238170260413940404e+00 -1.656010645143102811e-01 2.167642010233157723e+00 4.284675726049978373e+00 4.284675726049978373e+00 4.284675726049978373e+00 4.284675726049978373e+00
-1.068963187314466801e+01 -1.032133865420169805e+01 -1.001966108020951296e+01 -9.768997587606067512e+00 -9.461901748692508107e+00 -8.907314574435687859e+00 -7.685178567906022273e+00 -5.995611395458340986e+00 -5.343262966432850369e+00 -3.810435257003077947e+00 -3.839380043149407395e+00 -2.478094385688776047e+00 -5.452361781342757174e-01 2.312939578939939622e+00 4.471310188460797974e+00 4.471310188460797974e+00 4.471310188460797974e+00 4.471310188460797974e+00
-1.073396548539547624e+01 -1.035642752345717454e+01 -1.005491881622823769e+01 -9.792164546193742325e+00 -9.488607238567341895e+00 -9.057614712655261968e+00 -7.696266516813626168e+00 -5.941180199429785702e+00 -5.325803647110372907e+00 -3.922398588337723258e+00 -3.727893436729012855e+00 -1.692487404870263390e+00 -9.766336845251730736e-01 2.363946325437915608e+00 4.408531123395703410e+00 4.408531123395703410e+00 4.408531123395703410e+00 4.408531123395703410e+00
