-1.044008625072331142e+01 -1.030088681320058264e+01 -9.959681087829945767e+00 -9.647421900820692287e+00 -9.317012630078993496e+00 -8.957715678655898017e+00 -8.331147835485090525e+00 -7.259779616234656174e+00 -4.989222233444007948e+00 -2.331840243559621051e+00 -2.428920431152613801e+00 -3.762774854356196741e-01 7.584338265303212090e-01 1.807859198466131190e+00 5.121026659232239986e+00 5.121026659232239986e+00 5.121026659232239986e+00 5.121026659232239986e+00
-1.034384495144450611e+01 -1.008581097166131357e+01 -9.968140268289353401e+00 -9.807735601692730398e+00 -9.453193123489754157e+00 -8.908815400396482787e+00 -8.179800975097805349e+00 -6.825424024240820842e+00 -4.307838230775980826e+00 -2.442652981515894162e+00 -1.607132718611038680e+00 4.638549151664667775e-02 1.676979833416467613e+00 1.968025382206156859e+00 5.043374271023120414e+00 5.043374271023120414e+00 5.043374271023120414e+00 5.043374271023120414e+00
-1.028015443623658953e+01 -9.970972909633882608e+00 -9.796443329341402162e+00 -9.771520296281257956e+00 -9.558962097554431381e+00 -9.050949230910532606e+00 -8.108313119828954640e+00 -6.787105228126403489e+00 -3.542063068643198864e+00 -3.257530687630763921e+00 -6.965416251983772566e-01 3.344313368793900287e-01 1.100950071327955415e+00 1.958311241265199953e+00 4.702656002066023966e+00 4.702656002066023966e+00 4.702656002066023966e+00 4.702656002066023966e+00
-1.033174787611686085e+01 -1.027308536653687199e+01 -9.792790262651227096e+00 -9.264902328205344872e+00 -9.188283715239377258e+00 -9.040821994277804308e+00 -8.171871491549026700e+00 -6.451070606498168658e+00 -2.614009938922406739e+00 -3.139903597901334997e+00 -6.044468250322261316e-01 7.313259268357157339e-01 9.756868266175569016e-01 2.188093520801579039e+00 4.885385271175946009e+00 4.885385271175946009e+00 4.885385271175946009e+00 4.885385271175946009e+00
-1.051942128301397616e+01 -1.025033411867136479e+01 -9.854123664868101429e+00 -9.564012151327087707e+00 -9.009065183416165468e+00 -8.645373932589283328e+00 -8.135931978051221591e+00 -5.293005966055340572e+00 -2.588972147818512148e+00 -3.069320252252889958e+00 -3.864496202744209796e-01 3.624198083674355364e-01 1.849898083115213421e+00 2.307982894583300304e+00 4.801426343441406175e+00 4.801426343441406175e+00 4.801426343441406175e+00 4.801426343441406175e+00
-1.037249084270038324e+01 -9.943649401131445131e+00 -1.012120865227391775e+01 -9.857433950636991682e+00 -9.324159418124446930e+00 -8.571798418743643566e+00 -7.635002649560152399e+00 -4.078298082689022053e+00 -3.772854185963485207e+00 -1.741928007371702281e+00 2.304512840761668291e-01 3.039103360604611392e-01 1.428699566147777711e+00 2.143083476457374736e+00 4.438095627263641596e+00 4.438095627263641596e+00 4.438095627263641596e+00 4.438095627263641596e+00
-1.045197052334319565e+01 -1.026109952324288344e+01 -9.905955094425493712e+00 -9.734856541201519775e+00 -9.309087676683212464e+00 -8.534080682983207211e+00 -7.332445609110621376e+00 -2.960311070654088716e+00 -3.689535372763292465e+00 -5.341542883207195391e-01 1.076758389962361839e+00 1.599945398595195467e+00 1.600169830176917607e+00 3.336519411723452233e+00 4.355920963337275964e+00 4.355920963337275964e+00 4.355920963337275964e+00 4.355920963337275964e+00
-1.048568826718938141e+01 -1.006679279418155382e+01 -9.950888801666710748e+00 -9.727905293531165398e+00 -9.173104384973399306e+00 -8.250883624633086555e+00 -4.893511908663629839e+00 -2.461558826255112020e+00 -2.803920012405731299e+00 -1.087716961708611041e-01 1.517922493788513849e+00 2.007324505040632090e+00 1.786503785049663229e+00 4.349286565041553310e+00 5.144519655177752782e+00 5.144519655177752782e+00 5.144519655177752782e+00 5.144519655177752782e+00
-1.044926290623720178e+01 -1.013292176607268757e+01 -9.554182433215574477e+00 -9.055852372903942182e+00 -8.239600038514227620e+00 -6.910801762077739774e+00 -3.801598555296062720e+00 -4.181244257786816299e+00 -9.125272735932660195e-01 1.051063870272711531e+00 2.075765400970798424e+00 2.710883489243893774e+00 3.409249296691660991e+00 4.809677124216763744e+00 5.028032032684965458e+00 5.028032032684965458e+00 5.028032032684965458e+00 5.028032032684965458e+00
-1.041762851289291980e+01 -1.007657149026513821e+01 -9.519592686586618058e+00 -8.413874480629374375e+00 -7.419002168892692595e+00 -5.389806182051012584e+00 -2.456675022761913851e+00 -3.620280094642891022e+00 -5.689951123044094394e-02 2.075546557580605800e+00 3.034728428409705803e+00 3.493398836322242129e+00 4.940747646208045296e+00 4.970162753014105483e+00 5.258658867528377634e+00 5.258658867528377634e+00 5.258658867528377634e+00 5.258658867528377634e+00
-1.022959181580031895e+01 -9.475783934163652944e+00 -8.920834240785493918e+00 -8.454269536223041115e+00 -6.873149616365084036e+00 -3.967345077824522726e+00 -3.884543512790189723e+00 -1.456901162454697252e+00 1.185730442908151439e+00 3.047533715363967666e+00 3.033236782884388916e+00 4.582802661269898437e+00 2.768254674390493442e+00 2.222567867055771806e+00 5.424894166562942210e+00 5.424894166562942210e+00 5.424894166562942210e+00 5.424894166562942210e+00
-9.907212836731474681e+00 -9.000483910656800646e+00 -8.210990977448677341e+00 -7.697169112444176342e+00 -5.291181639104971524e+00 -2.630368885484013930e+00 -3.100657646469563211e+00 2.792178922012495887e-02 2.772840413311066676e+00 3.080198080408795835e+00 4.459745443020074696e+00 3.786750246861061431e+00 1.957320482023109154e+00 2.445942250752180414e+00 5.148668725255657108e+00 5.148668725255657108e+00 5.148668725255657108e+00 5.148668725255657108e+00
-9.457907507589681018e+00 -8.558242292678478691e+00 -7.849354595289794290e+00 -6.197015004781407654e+00 -4.110323176998022632e+00 -2.760357741129558118e+00 -2.373227056341045138e+00 1.447610883900545042e+00 3.221254437996811326e+00 4.069050903752817305e+00 4.712912767957296190e+00 1.966001507026051254e+00 5.560839423789039060e-01 2.408319311380083150e+00 5.069803811521843784e+00 5.069803811521843784e+00 5.069803811521843784e+00 5.069803811521843784e+00
-1.002900062905300516e+01 -7.783340350365659077e+00 -6.712252301816939770e+00 -5.023068144140653501e+00 -3.009819481888078130e+00 -3.507111581846878323e+00 -3.619398529552039223e-01 2.918263731362493285e+00 3.279990320501981138e+00 5.023163941706684454e+00 3.328157464622375272e+00 -1.974967855148042517e+00 4.090288162934798133e-01 2.566376694663164759e+00 4.950516872068573271e+00 4.950516872068573271e+00 4.950516872068573271e+00 4.950516872068573271e+00
-9.415361021866539559e+00 -7.580983051066137790e+00 -5.703964715187090029e+00 -4.233529786982765941e+00 -2.067303555515433544e+00 -2.506325112589181447e+00 2.321711997580892251e-01 3.045286422740664634e+00 3.556384989088437809e+00 5.564607975873917312e+00 4.450480310922293015e+00 -7.614142065757016908e-01 9.803965381118895372e-01 2.600771691370835192e+00 5.227552676728514314e+00 5.227552676728514314e+00 5.227552676728514314e+00 5.227552676728514314e+00
-9.032170376700744185e+00 -6.847225480453466240e+00 -4.940180583177808948e+00 -3.217841039282838267e+00 -1.666169037897700100e+00 -1.491857245031696255e+00 3.001988519827063051e+00 2.977876374596174713e+00 4.167809277786571620e+00 6.231438505857539667e+00 6.097918240347002694e+00 1.949731855650414181e+00 6.304348669874275668e-01 2.776091088456724698e+00 5.112967639441413858e+00 5.112967639441413858e+00 5.112967639441413858e+00 5.112967639441413858e+00
-8.568013425827643914e+00 -6.454871979208736121e+00 -4.280848156724154308e+00 -2.375738509081980698e+00 -2.021296088395095669e+00 -1.275215788643954129e-01 3.106820315106807229e+00 3.195232461801257973e+00 4.264418281602713634e+00 5.082047777862628735e+00 4.600242422074165560e+00 4.716520064609640350e+00 3.879793329892750720e+00 3.256362369803514234e+00 5.245296138132892416e+00 5.245296138132892416e+00 5.245296138132892416e+00 5.245296138132892416e+00
-7.817765847204833918e+00 -6.012298459474903822e+00 -4.024548916346366134e+00 -1.689538357191246343e+00 -1.784329670761186204e+00 6.850811953087115880e-01 3.496242722396190938e+00 3.881196295005914898e+00 4.066620636834464619e+00 3.261829700054906134e+00 3.331687343953421809e+00 3.187862330707361025e+00 3.928816902905270858e+00 5.125716296530095306e+00 5.050807460639074264e+00 5.050807460639074264e+00 5.050807460639074264e+00 5.050807460639074264e+00
-7.556205995064932068e+00 -6.030180443840542637e+00 -3.640269023181448738e+00 -1.892128906194069593e+00 -6.369424528630005522e-01 3.032723897556992121e+00 3.133752806572025484e+00 3.875906547036661376e+00 3.818046603040024856e+00 1.750040817169904006e+00 1.491283248478235235e+00 1.529512542259953811e+00 2.804776311143257317e+00 4.272278800943706045e+00 5.000256167045277422e+00 5.000256167045277422e+00 5.000256167045277422e+00 5.000256167045277422e+00
-8.029429141348451537e+00 -6.010024537013489265e+00 -3.355265662287820305e+00 -1.695221731706827217e+00 -1.806382374173858052e+00 2.961326749606761233e+00 3.023054097111865790e+00 4.038198055657701957e+00 3.042346466723465426e+00 1.491858590988410782e+00 6.106098219534313865e-01 9.296519461746028945e-01 1.992921958551977291e+00 3.610803989655246404e+00 5.052701917480848515e+00 5.052701917480848515e+00 5.052701917480848515e+00 5.052701917480848515e+00
-8.168890412389782085e+00 -6.100925638980611687e+00 -3.413518834191392681e+00 -1.404685179364395964e+00 -9.588807864810261483e-01 3.078694383118885547e+00 3.103071111650820946e+00 4.046291304817412282e+00 2.951985502407423745e+00 1.366398667850332149e+00 4.265343850830969341e-01 3.740246073416069184e-01 1.263662505074408138e+00 3.275639096993614441e+00 5.180359071240885349e+00 5.180359071240885349e+00 5.180359071240885349e+00 5.180359071240885349e+00
-8.140265647103824165e+00 -6.313202942922535144e+00 -3.498330953656135556e+00 -1.612599973968355638e+00 -1.033507428342882672e+00 3.136584508721703912e+00 3.207013659496778413e+00 4.111306202448776759e+00 2.778423172386194295e+00 1.146247163390350376e+00 -2.536849481282367869e+00 -1.586550893901741421e+00 1.173934419905188875e+00 3.159867151075575364e+00 5.065774033953773348e+00 5.065774033953773348e+00 5.065774033953773348e+00 5.065774033953773348e+00
-8.099604384045903771e+00 -6.854251896043583869e+00 -4.420807800214298311e+00 -2.954966743210375224e+00 -1.905616458958553139e+00 8.313820622720222708e-01 3.155635427040246910e+00 3.940956805064710800e+00 2.313435039453909603e+00 6.669042388070681726e-01 -2.640176131116183100e+00 -1.528582377832223393e+00 1.244804406761298221e+00 3.465643868386720783e+00 5.055336671408076299e+00 5.055336671408076299e+00 5.055336671408076299e+00 5.055336671408076299e+00
-8.087432349214182636e+00 -7.122993034176312577e+00 -5.051898580646158265e+00 -2.957491125603236348e+00 -1.549111095398090887e+00 -2.681715954311213457e-01 3.147251150409215992e+00 3.759047600469661354e+00 2.034198333230643030e+00 -2.893142954340233608e+00 -2.654369744218552540e+00 -1.283899901702540980e+00 1.268500300230773314e+00 3.664493652485115049e+00 4.952946196022494085e+00 4.952946196022494085e+00 4.952946196022494085e+00 4.952946196022494085e+00
-7.891407626393411867e+00 -7.136665542763124037e+00 -5.319727687456887288e+00 -3.626254322222447701e+00 -2.378700079905638365e+00 -1.039727273425279819e+00 1.204285795721366625e+00 2.986163468124578557e+00 1.914611478416487822e+00 -3.790373927391605058e+00 -2.178165870887327937e+00 -4.571643245077363638e-01 1.547696252318304877e+00 3.742008020404529844e+00 4.993699654830490609e+00 4.993699654830490609e+00 4.993699654830490609e+00 4.993699654830490609e+00
-8.388342901128131857e+00 -7.604460265480215142e+00 -6.149781691917020510e+00 -4.748550860105822835e+00 -3.009039767072483329e+00 -2.344169581079558640e+00 -6.578068680856512529e-01 2.745938089896792889e+00 1.348470743904221170e+00 -3.268514701888419083e+00 -1.986327564560105285e-01 1.030105246992502277e+00 1.882200542746842897e+00 4.169262141894576779e+00 5.352896819229925107e+00 5.352896819229925107e+00 5.352896819229925107e+00 5.352896819229925107e+00
-8.764783790692602494e+00 -7.673721381466554803e+00 -6.708903596464703689e+00 -5.406840821917898054e+00 -3.841154804494606445e+00 -2.119933195147546190e+00 -1.795982333109523932e+00 5.684401618118487542e-01 1.813749921185960456e+00 -4.733768112954502838e-01 3.699303140083388675e-01 3.480485477199706246e-01 2.178414250800612351e+00 4.699286480535983301e+00 5.133165465753234180e+00 5.133165465753234180e+00 5.133165465753234180e+00 5.133165465753234180e+00
-9.100368344382228969e+00 -8.239586308575326257e+00 -7.461991497835132492e+00 -6.177015864832124059e+00 -4.933981635880873462e+00 -3.719079648743679911e+00 -2.210884517728593401e+00 -1.278779106990391767e+00 1.392176892899054774e+00 1.215494416154027757e+00 4.082964051856546872e-01 4.317444416443363964e-01 1.865083504017114979e+00 4.739204152523095459e+00 5.018580428466133725e+00 5.018580428466133725e+00 5.018580428466133725e+00 5.018580428466133725e+00
-9.379454273014061982e+00 -8.486484436949245591e+00 -7.940812760043151286e+00 -7.289062581458948920e+00 -6.236399866647316159e+00 -4.867791633709615873e+00 -2.925479275368555676e+00 -1.909831143246943252e+00 2.892493276055153051e-01 1.073836275244681726e+00 6.114032378104103937e-01 4.765691718541207322e-01 1.260389277098933780e+00 4.103223334173044634e+00 4.918902208076133320e+00 4.918902208076133320e+00 4.918902208076133320e+00 4.918902208076133320e+00
-1.000688902359316401e+01 -9.024300154287997699e+00 -8.573121864888623378e+00 -8.118784509677125172e+00 -7.395201936447623581e+00 -6.509971221186415136e+00 -4.417509894917113655e+00 -2.077050870801930849e+00 -1.681068808019691385e+00 8.594126046234544791e-01 8.598041683940684798e-01 9.783191782454748742e-01 1.689183993069945933e-01 3.966788128555053028e+00 4.966994897541532339e+00 4.966994897541532339e+00 4.966994897541532339e+00 4.966994897541532339e+00
-1.028823477514476536e+01 -9.848508645832204422e+00 -9.326795988226912471e+00 -8.860610154883131528e+00 -8.299239235004758797e+00 -7.259932403319069749e+00 -5.600229340425772584e+00 -3.823503037110343339e+00 -1.414164763746093900e+00 -3.015254119160952206e-01 1.050246942021188623e+00 1.115930145117229877e+00 2.585400566005034984e-01 4.487684373447663688e+00 5.389576836209636568e+00 5.389576836209636568e+00 5.389576836209636568e+00 5.389576836209636568e+00
-1.037942754240098786e+01 -1.002045883272145765e+01 -9.558509831001352097e+00 -9.167228762366885775e+00 -8.647629827828673399e+00 -7.651264575116582201e+00 -6.376465829117660356e+00 -4.751635643856352509e+00 -2.701539141757325790e+00 -1.747371121074201117e+00 1.160734497750594008e+00 6.693795361801846422e-01 8.099338109786113904e-01 3.932387969832181529e+00 5.200556897552703006e+00 5.200556897552703006e+00 5.200556897552703006e+00 5.200556897552703006e+00
-1.034868858802952474e+01 -1.012078975435849770e+01 -9.731557006890058759e+00 -9.323012499210424409e+00 -8.856198900381762940e+00 -7.956499988576226201e+00 -6.633875646712645846e+00 -5.355004025293285785e+00 -3.721377741927136107e+00 -1.960067973849310086e+00 -2.084604294505049693e-01 9.326041312586571541e-01 5.244452026163592961e-01 2.969721125443073095e+00 5.085971860265598110e+00 5.085971860265598110e+00 5.085971860265598110e+00 5.085971860265598110e+00
-1.041800693292864821e+01 -1.013047178615531330e+01 -9.608821851574502304e+00 -9.449883366107121319e+00 -8.942276408693517809e+00 -8.109011704065636650e+00 -6.872959506944802399e+00 -5.616398049044952323e+00 -4.139846128218984234e+00 -2.837212957887238041e+00 -2.947846967554744513e+00 7.748533184461365853e-01 6.713366835548101319e-02 2.592121479633423320e+00 4.971386822978486997e+00 4.971386822978486997e+00 4.971386822978486997e+00 4.971386822978486997e+00
-1.045883803934189871e+01 -1.016152872268684781e+01 -9.889544610191080665e+00 -9.549424472830471800e+00 -9.041702572726622478e+00 -8.320018075099897104e+00 -6.999922162915854784e+00 -5.749732831723473936e+00 -4.789923189098282741e+00 -3.219010865921925202e+00 -2.391219363204883486e+00 1.754951015047218621e-01 -1.779733196941193918e-01 2.768167154147779918e+00 4.934890637653686518e+00 4.934890637653686518e+00 4.934890637653686518e+00 4.934890637653686518e+00
-1.049336183724146920e+01 -1.021398380895899294e+01 -9.886863771118415301e+00 -9.523993444950296094e+00 -9.134736026864548109e+00 -8.427778375914124709e+00 -7.190644132857647364e+00 -5.752781335972175114e+00 -5.205267159725060822e+00 -3.827578683302219176e+00 -1.808005712811272980e+00 -3.216185287182376507e-01 -1.239331640771169640e-01 2.283232642480420793e+00 5.420861847923959864e+00 5.420861847923959864e+00 5.420861847923959864e+00 5.420861847923959864e+00
-1.051182721719382229e+01 -1.023699979615163613e+01 -9.938262111959296874e+00 -9.614605573988622922e+00 -9.178725814804270300e+00 -8.587136433765099497e+00 -7.326828514335067766e+00 -5.784498808810212722e+00 -5.032151360392800754e+00 -3.381255694742155704e+00 -2.989987770674403578e+00 -1.207819191105511614e+00 5.896998554372355761e-01 2.352093344270353992e+00 5.373094645541754311e+00 5.373094645541754311e+00 5.373094645541754311e+00 5.373094645541754311e+00
-1.052838263776883387e+01 -1.027793853052029682e+01 -9.931144855717578324e+00 -9.583416603427986402e+00 -9.272800818709328041e+00 -8.634525606354301885e+00 -7.372969712816469290e+00 -5.849634296577647774e+00 -5.083934547353419653e+00 -3.765182403185861837e+00 -3.027196265746428416e+00 -2.316565001446764249e+00 2.851831258763647958e-01 2.221385303238229358e+00 5.153363292065065160e+00 5.153363292065065160e+00 5.153363292065065160e+00 5.153363292065065160e+00
-1.058287334111586731e+01 -1.023982600325205006e+01 -9.955451338225934421e+00 -9.596901605451259698e+00 -9.308711431034573991e+00 -8.706725462037725904e+00 -7.517325877748650242e+00 -5.852586902551608183e+00 -5.182940596323621918e+00 -3.764634695115399943e+00 -3.835945465610825611e+00 -1.597604650482868038e+00 -2.255130970008409064e-01 2.170971641084001647e+00 5.040170516602344719e+00 5.040170516602344719e+00 5.040170516602344719e+00 5.040170516602344719e+00
-1.060129205001158148e+01 -1.025494802222277357e+01 -9.978403950258464050e+00 -9.652455586096920115e+00 -9.330631494808143245e+00 -8.891699423412031678e+00 -7.591912872618490127e+00 -5.836793600495359335e+00 -5.250017576222099080e+00 -3.849904246119622453e+00 -4.117715868185753081e+00 -2.172453098666109472e+00 -8.680673157912582871e-01 2.120733333907613982e+00 4.843935418907046042e+00 4.843935418907046042e+00 4.843935418907046042e+00 4.843935418907046042e+00
