-1.040100643318783469e+01 -1.028175872625421050e+01 -9.936391784263847171e+00 -9.619075822721999458e+00 -9.298142574990379217e+00 -8.967248407232968788e+00 -8.342859994426946812e+00 -7.256718034384189053e+00 -4.870233305266880919e+00 -2.419823182524155403e+00 -2.395808850017542291e+00 -1.158811157878371217e-01 6.217707028424588334e-01 1.810371704062857301e+00 5.182623907376190608e+00 5.182623907376190608e+00 5.182623907376190608e+00 5.182623907376190608e+00
-1.033481713303686789e+01 -1.011521833342042420e+01 -9.940742047453445807e+00 -9.776242070627585434e+00 -9.436989429202508717e+00 -8.881727490434537131e+00 -8.148887781581336753e+00 -6.772824562119504677e+00 -3.890442543639776041e+00 -2.558288336812159613e+00 -1.694836762426507715e+00 -6.786925898139156699e-02 1.520172482505420586e+00 1.940744004500489339e+00 5.167529747302946674e+00 5.167529747302946674e+00 5.167529747302946674e+00 5.167529747302946674e+00
-1.028224153749245851e+01 -9.927995160352761417e+00 -9.801873023754229308e+00 -9.825556618825521227e+00 -9.576882688688984402e+00 -9.049842249663441862e+00 -8.108811105671726693e+00 -6.727444687318956618e+00 -3.325834356609999709e+00 -3.353940182084264254e+00 -6.691806689871189207e-01 1.249050404074294324e-01 1.386695601886947404e+00 1.929620830262352538e+00 4.809474717663142940e+00 4.809474717663142940e+00 4.809474717663142940e+00 4.809474717663142940e+00
-1.043829031856312994e+01 -1.029468200326217797e+01 -9.742499680136241125e+00 -9.302970324630916110e+00 -9.165483595975281617e+00 -9.176351506223788590e+00 -8.157908171663651231e+00 -6.316562360205333349e+00 -2.935221580723134327e+00 -3.263250585679636995e+00 -3.240663157261952643e-01 6.759272589016021016e-01 1.200669741220889097e+00 2.144691607295211799e+00 4.836567177449413002e+00 4.836567177449413002e+00 4.836567177449413002e+00 4.836567177449413002e+00
-1.052731249422910054e+01 -1.027993357628941240e+01 -9.865174829511524024e+00 -9.572156957541672284e+00 -8.986071440150356082e+00 -8.652170884563108899e+00 -8.123310197815834854e+00 -5.093234905790117395e+00 -2.935748334098906120e+00 -3.098272745739450329e+00 -1.082780182899762411e-01 5.243980744033724939e-01 1.759046776660764921e+00 2.312288457195287972e+00 4.807431543273377628e+00 4.807431543273377628e+00 4.807431543273377628e+00 4.807431543273377628e+00
-1.038110505167524522e+01 -1.001296285811313780e+01 -1.012364283993275649e+01 -9.827274816993298856e+00 -9.320545622593829904e+00 -8.539350002679643836e+00 -7.527856849212390067e+00 -3.973756686730741006e+00 -3.853241652339778334e+00 -1.513305177557639603e+00 1.887669831469730997e-01 6.820129301552589896e-01 1.584778849047377314e+00 2.138685247672897916e+00 4.460266361371903798e+00 4.460266361371903798e+00 4.460266361371903798e+00 4.460266361371903798e+00
-1.041415311970361657e+01 -1.023406007048743049e+01 -9.908495810337308640e+00 -9.753561200326105407e+00 -9.303558974266911363e+00 -8.511129741440964125e+00 -7.192876674848643681e+00 -2.754989797317809241e+00 -3.711371779288771044e+00 -4.487330108692972330e-01 9.854479416245196521e-01 1.664442551816815552e+00 1.599411084405061079e+00 3.293252538081056002e+00 4.239978140751783364e+00 4.239978140751783364e+00 4.239978140751783364e+00 4.239978140751783364e+00
-1.044854679499644412e+01 -1.006897741383256317e+01 -9.976080250917995329e+00 -9.712091724231019185e+00 -9.175668221012680092e+00 -8.292572541708967293e+00 -4.923961073977166869e+00 -2.609555704254967523e+00 -2.746043563552850397e+00 9.173941232578056160e-02 1.528635125565117381e+00 1.955360907070784027e+00 1.789349136034593446e+00 4.351247016982990878e+00 5.110691659139821041e+00 5.110691659139821041e+00 5.110691659139821041e+00 5.110691659139821041e+00
-1.040030004694553689e+01 -1.003389795661376205e+01 -9.524801979115316897e+00 -9.063457825547661884e+00 -8.289165516769905651e+00 -6.922516536632162598e+00 -3.743065275853334928e+00 -4.028056573022381848e+00 -1.357831873626197172e+00 1.197647623854367627e+00 2.087773176122996954e+00 2.675684973193167782e+00 3.360971367457621817e+00 4.777721121513362590e+00 5.088744283975564997e+00 5.088744283975564997e+00 5.088744283975564997e+00 5.088744283975564997e+00
-1.043553854787396418e+01 -1.006273273888830389e+01 -9.450526579220705159e+00 -8.440696388227816982e+00 -7.422244277417241243e+00 -5.489366369551941460e+00 -2.437880950283025427e+00 -3.668981448137990320e+00 -1.375400894573002020e-02 1.931296329156789948e+00 3.067304271497284240e+00 3.455194360721651314e+00 4.957792263573546521e+00 4.990177462997733571e+00 5.308700434804773494e+00 5.308700434804773494e+00 5.308700434804773494e+00 5.308700434804773494e+00
-1.025491998130233107e+01 -9.491348206908838847e+00 -8.961003013520524974e+00 -8.438031592609368303e+00 -6.921758897151246259e+00 -4.021238253227162218e+00 -3.676677596436681128e+00 -1.939752012194343234e+00 1.283110710939649346e+00 3.084171348630008413e+00 3.045885612006939525e+00 4.587916264498755226e+00 2.897887568654764934e+00 2.226270467522990071e+00 5.451277880396904862e+00 5.451277880396904862e+00 5.451277880396904862e+00 5.451277880396904862e+00
-9.896755341681288343e+00 -9.012517030815885732e+00 -8.250100323959070892e+00 -7.761501062565894671e+00 -5.360623145497484643e+00 -2.517869941047061300e+00 -2.812526794411864817e+00 2.529947392691886746e-02 2.654748305203947112e+00 3.100539864288229364e+00 4.451345358356618931e+00 3.750593713692331299e+00 1.939110387879122044e+00 2.522444598295463969e+00 5.287182788198344419e+00 5.287182788198344419e+00 5.287182788198344419e+00 5.287182788198344419e+00
-9.395100371962762154e+00 -8.546949598206506238e+00 -7.879997128481196711e+00 -6.264655996343558186e+00 -4.252381067354688682e+00 -2.844876714931760198e+00 -2.576678004911793440e+00 1.186452936423342486e+00 3.207351757271755588e+00 4.056792110551452168e+00 4.694833597423151872e+00 1.992127658119521083e+00 5.031676823176218782e-01 2.411847917506662498e+00 5.140008940012059213e+00 5.140008940012059213e+00 5.140008940012059213e+00 5.140008940012059213e+00
-1.001180689541651603e+01 -7.811387798833155927e+00 -6.716111225136055296e+00 -5.156480048399849636e+00 -3.101829166185555930e+00 -2.633465433917566489e+00 -1.134212549497994882e+00 2.645555853182702144e+00 3.294879630890084510e+00 5.002252821915091907e+00 3.270056551923085308e+00 -1.880229175424217747e+00 3.682048949411074190e-01 2.578842485113358229e+00 5.090739819904550600e+00 5.090739819904550600e+00 5.090739819904550600e+00 5.090739819904550600e+00
-9.402609769252260108e+00 -7.578502218177716188e+00 -5.747146208343014706e+00 -4.358481737064614947e+00 -2.061243297656170981e+00 -2.655136409733746206e+00 1.563363609160706158e-01 3.073895890117233520e+00 3.531986923724554472e+00 5.502691244291945338e+00 4.463706388609885778e+00 -9.060257867445684621e-01 9.807489023348137103e-01 2.517644842742418287e+00 5.267880747716656487e+00 5.267880747716656487e+00 5.267880747716656487e+00 5.267880747716656487e+00
-9.015266933493457202e+00 -6.847310832653016988e+00 -5.037893765710173000e+00 -3.460608766275570236e+00 -1.629915706913332762e+00 -1.703948197073077431e+00 2.493854380626498113e+00 2.978570363924585074e+00 4.163447485028819450e+00 6.273114425546090445e+00 6.030236245529694727e+00 1.922159364900857703e+00 7.355667774552696603e-01 2.758377620142063336e+00 5.239277154824362626e+00 5.239277154824362626e+00 5.239277154824362626e+00 5.239277154824362626e+00
-8.639592134194007400e+00 -6.449827018962134062e+00 -4.401426531277646603e+00 -2.490974239626893016e+00 -1.889857268086124753e+00 -5.980097608520148489e-01 3.164636853859497556e+00 3.317363586367901185e+00 4.228952714835563675e+00 5.094713044453854422e+00 4.592120839426381274e+00 4.734079961826539673e+00 3.980725255807996188e+00 3.197507831297869973e+00 5.323730031307983168e+00 5.323730031307983168e+00 5.323730031307983168e+00 5.323730031307983168e+00
-7.898965056829503339e+00 -6.073228780608340927e+00 -4.112237759923581315e+00 -1.741955584335843410e+00 -2.042821652414176903e+00 6.925559253659223646e-01 3.503214932276645932e+00 3.865263231204759009e+00 4.114183988000647219e+00 3.246488361766724395e+00 3.376748341604195680e+00 3.179003687957860702e+00 3.932694698075798634e+00 5.153297574355955035e+00 5.269120959350134470e+00 5.269120959350134470e+00 5.269120959350134470e+00 5.269120959350134470e+00
-7.483221733845783596e+00 -6.005338563736867030e+00 -3.875703228143498436e+00 -1.604482522828059698e+00 -1.355984720453011105e+00 2.487355165386008871e+00 3.116865868472155299e+00 3.856141124765976258e+00 3.776347170914054807e+00 1.759550151673594520e+00 1.511182569325763225e+00 1.550631372098724370e+00 2.808257726329021153e+00 4.278249183542815359e+00 5.092735355834537181e+00 5.092735355834537181e+00 5.092735355834537181e+00 5.092735355834537181e+00
-7.923448295767091309e+00 -6.076087831203267342e+00 -3.580152954679987065e+00 -2.244431899364905725e+00 -1.625824048843680592e+00 2.674182284116169761e+00 3.034995958695845708e+00 4.026751619113560388e+00 3.066961881003107848e+00 1.524357939048998301e+00 6.842946466897995572e-01 9.706545819505958406e-01 1.992523197323284201e+00 3.626485541652967104e+00 5.330363676383618632e+00 5.330363676383618632e+00 5.330363676383618632e+00 5.330363676383618632e+00
-8.162999031088709501e+00 -6.156843949450628628e+00 -3.664232532487465388e+00 -1.496584795789810407e+00 -1.295535745023457253e+00 2.590234179292697725e+00 3.110319141738929094e+00 4.021611878955027919e+00 2.967681462641117207e+00 1.401688612368072295e+00 5.401452794474194130e-01 4.045282964342524212e-01 1.267162937947051038e+00 3.341540998790318628e+00 5.294572426420434574e+00 5.294572426420434574e+00 5.294572426420434574e+00 5.294572426420434574e+00
-7.998466269041049514e+00 -6.208972557126520186e+00 -3.686910108360447413e+00 -1.724221205194036877e+00 -1.137397036440477294e+00 2.698139975086712994e+00 3.182900834655002953e+00 4.105531456521260836e+00 2.772679190270176619e+00 1.161724723266144066e+00 -2.568037110713591975e+00 -1.550803397038804654e+00 1.188036803362787497e+00 3.175663745817575823e+00 5.265968833528143378e+00 5.265968833528143378e+00 5.265968833528143378e+00 5.265968833528143378e+00
-8.058697498686369087e+00 -6.894421207342226410e+00 -4.536515824622747495e+00 -2.820595781106461697e+00 -1.718588721684073839e+00 9.196756452043659547e-01 3.152337450143403608e+00 3.946357421642588292e+00 2.327277113333479974e+00 7.734389833447686824e-01 -2.528799395963193142e+00 -1.567691371438542980e+00 1.207372319420396467e+00 3.482565129819756855e+00 5.346417719149222592e+00 5.346417719149222592e+00 5.346417719149222592e+00 5.346417719149222592e+00
-8.037689430348965658e+00 -7.152812382422098381e+00 -4.999857861964523309e+00 -2.821169976621065612e+00 -1.503853576874755849e+00 -7.815668330674792053e-01 3.170016944372457068e+00 3.746099613537833495e+00 2.047226834255282846e+00 -2.306061974142326054e+00 -2.664769450872748635e+00 -1.261404811492197631e+00 1.251010367045153115e+00 3.708562336068400356e+00 5.251059130501924521e+00 5.251059130501924521e+00 5.251059130501924521e+00 5.251059130501924521e+00
-7.924510696343697091e+00 -7.103671349056213558e+00 -5.461868753385161313e+00 -3.851367295523009382e+00 -2.731193525195941163e+00 -1.403660096728422957e+00 1.068292457430349618e+00 2.974634446795971776e+00 1.926977364796177206e+00 -3.745959417036827332e+00 -2.439278324668040732e+00 -4.851290920028179521e-01 1.472502678817256827e+00 3.741136502478657810e+00 5.400713296397115393e+00 5.400713296397115393e+00 5.400713296397115393e+00 5.400713296397115393e+00
-8.307938168816198399e+00 -7.648307377650869654e+00 -6.325955907222592600e+00 -4.790794411944575337e+00 -3.040541645379327917e+00 -2.146909341234242596e+00 -8.933700388981420382e-01 2.498626570224500298e+00 1.414167516335463448e+00 -3.278953739627286978e+00 -1.452539598515679153e-01 1.021349067725484394e+00 1.855876975046056643e+00 4.165388976918102060e+00 5.383809626649554758e+00 5.383809626649554758e+00 5.383809626649554758e+00 5.383809626649554758e+00
-8.729418976609045089e+00 -7.683789966292891904e+00 -6.736476590143611887e+00 -5.404073814467325931e+00 -4.022932232126472663e+00 -2.425197764720628868e+00 -1.895541304129387150e+00 3.540571929660612516e-01 1.832530312086764868e+00 -3.579697211710564098e-01 4.101002421267130327e-01 3.211857778102882310e-01 2.181165295212871946e+00 4.654744093110172898e+00 5.321264105124212662e+00 5.321264105124212662e+00 5.321264105124212662e+00 5.321264105124212662e+00
-9.027201321354983321e+00 -8.264309746430027914e+00 -7.422480108837372192e+00 -6.224797128731964335e+00 -5.007216868889370787e+00 -3.802225780597821014e+00 -1.969570594286182086e+00 -1.475512863361768012e+00 1.313865021959742752e+00 1.343593478358059645e+00 4.182841641960764467e-01 3.479693607600581329e-01 1.870211591422053843e+00 4.759044860926092468e+00 5.292660512231917025e+00 5.292660512231917025e+00 5.292660512231917025e+00 5.292660512231917025e+00
-9.332875198877111700e+00 -8.481563120304473458e+00 -7.918381629779908337e+00 -7.259619400510306519e+00 -6.213450974840054819e+00 -4.925463644807974717e+00 -2.808899139043414817e+00 -1.951025218650395132e+00 1.204047222643748888e-01 1.016729889132752973e+00 8.114001825645664745e-01 4.531088450744631402e-01 1.202878980079343352e+00 4.103645277128032731e+00 5.231918468231697261e+00 5.231918468231697261e+00 5.231918468231697261e+00 5.231918468231697261e+00
-9.937412647501096430e+00 -8.976755100835994483e+00 -8.550785985873607942e+00 -8.065291053794318543e+00 -7.362777840801555840e+00 -6.454379699943487481e+00 -4.453612107105624496e+00 -2.251362855290935272e+00 -1.781034460946903764e+00 8.042344008013663226e-01 9.916551799550576973e-01 9.644862997806398219e-01 9.311283108608484071e-02 3.937355162533918929e+00 5.371239247635445579e+00 5.371239247635445579e+00 5.371239247635445579e+00 5.371239247635445579e+00
-1.029135443863916777e+01 -9.810315736380330165e+00 -9.310996680371973255e+00 -8.827614216715456763e+00 -8.267747907091052895e+00 -7.225834231385916517e+00 -5.550978243372508558e+00 -3.460200357841634933e+00 -2.034961211423269134e+00 -3.185492890248666220e-01 1.015896915409877366e+00 1.113459337968954355e+00 2.144647632187876296e-01 4.283512597957184198e+00 5.439104898245620490e+00 5.439104898245620490e+00 5.439104898245620490e+00 5.439104898245620490e+00
-1.036739750325561715e+01 -1.000873032325538858e+01 -9.556422574883026044e+00 -9.144339753631452794e+00 -8.581102588683737764e+00 -7.658657052743681248e+00 -6.349992701749586743e+00 -4.340176616919357855e+00 -2.772523431947935268e+00 -1.993973773972302022e+00 1.054022842475109023e+00 8.630730883280059995e-01 7.965580206264080143e-01 3.867197613518790433e+00 5.376559376720281946e+00 5.376559376720281946e+00 5.376559376720281946e+00 5.376559376720281946e+00
-1.036101205238435874e+01 -1.010057299090115990e+01 -9.715241514305503756e+00 -9.298450204701424582e+00 -8.810875893485993871e+00 -7.901511108459592592e+00 -6.641153569351967434e+00 -5.317791852805781261e+00 -3.449423861809024938e+00 -2.344499230047303318e+00 -1.028727471743153127e-01 1.075008870435604891e+00 5.216972178542473859e-01 2.893216740032884537e+00 5.347955783827989862e+00 5.347955783827989862e+00 5.347955783827989862e+00 5.347955783827989862e+00
-1.041716870024376007e+01 -1.011867824580026465e+01 -9.637724293467011094e+00 -9.428989859471213819e+00 -8.945402989818623141e+00 -8.069565246480459919e+00 -6.857555718985239857e+00 -5.595483868701540686e+00 -4.022362798876113033e+00 -2.540757242578477459e+00 -2.129960015597127665e+00 7.868643195373494770e-01 2.323047696603454670e-01 2.604873486878470867e+00 5.319352190935696001e+00 5.319352190935696001e+00 5.319352190935696001e+00 5.319352190935696001e+00
-1.044188743721898405e+01 -1.013374245369927173e+01 -9.860731933948315486e+00 -9.494881430667739153e+00 -9.035559107441233806e+00 -8.284931770627320446e+00 -7.015063774021289333e+00 -5.739124179225546740e+00 -4.790681374664851333e+00 -2.698353488404303224e+00 -2.261407884598049201e+00 2.067958857041541365e-01 3.815217604047480560e-01 2.780456071769752846e+00 5.316347961475710093e+00 5.316347961475710093e+00 5.316347961475710093e+00 5.316347961475710093e+00
-1.050441097116646638e+01 -1.018364999036013785e+01 -9.844402425359639608e+00 -9.512365005046277133e+00 -9.126027559566544767e+00 -8.415285614438538175e+00 -7.174005625046009804e+00 -5.767345703015617886e+00 -5.127735953459129803e+00 -3.303080116349812911e+00 -2.332031990717823078e+00 -6.083476428661290653e-02 1.460266057363412417e-01 2.330747346297992184e+00 5.494400169841689774e+00 5.494400169841689774e+00 5.494400169841689774e+00 5.494400169841689774e+00
-1.049739722688441468e+01 -1.021440873867789811e+01 -9.917895542933141684e+00 -9.590946432517208464e+00 -9.157818230765993661e+00 -8.589939625866483297e+00 -7.326230500907254140e+00 -5.815077673311119355e+00 -4.995355398092673482e+00 -3.388835601283544108e+00 -2.523989895930723648e+00 -7.554745994115138474e-01 3.316058091623465542e-01 2.345517670734248217e+00 5.465796576949397689e+00 5.465796576949397689e+00 5.465796576949397689e+00 5.465796576949397689e+00
-1.051983750350971647e+01 -1.027210602940321138e+01 -9.913561855605269812e+00 -9.586704055877948605e+00 -9.245309380398127885e+00 -8.604000734074624290e+00 -7.363589913064530812e+00 -5.884685033148639555e+00 -5.087997682524324716e+00 -3.380039613670204446e+00 -3.111882395310481719e+00 -1.830732625196229257e+00 3.092235750284214602e-01 2.225519579518155489e+00 5.403251055424055593e+00 5.403251055424055593e+00 5.403251055424055593e+00 5.403251055424055593e+00
-1.059265060777609158e+01 -1.024381213302898885e+01 -9.938762391045134592e+00 -9.603267853483133720e+00 -9.265608846774734175e+00 -8.701284750778690125e+00 -7.560698786725454035e+00 -5.903424820502353398e+00 -5.151005975131787373e+00 -3.732918071228547685e+00 -3.601001633765647636e+00 -1.739675853098106906e+00 -2.374400588554682612e-01 2.223131639826801731e+00 5.377107125088189221e+00 5.377107125088189221e+00 5.377107125088189221e+00 5.377107125088189221e+00
-1.060679810589661898e+01 -1.025583947916850924e+01 -9.965963241640466208e+00 -9.628093991354504055e+00 -9.304150046284352271e+00 -8.875437680612000335e+00 -7.578936242424252789e+00 -5.876368369055850138e+00 -5.228300918999996050e+00 -3.803313341913481249e+00 -3.920397229656061633e+00 -2.213627133833782956e+00 -6.378097337928395616e-01 2.271089391062344198e+00 5.157486647998832829e+00 5.157486647998832829e+00 5.157486647998832829e+00 5.157486647998832829e+00
