-1.028045642345021093e+01 -1.030455653267086014e+01 -1.007974173850884370e+01 -9.721848875020871361e+00 -9.429091993020461970e+00 -9.121540361810449582e+00 -8.614758908798780368e+00 -7.533035343233065007e+00 -5.831097470361537916e+00 -4.471965652568515637e+00 -3.183361422613782743e+00 -2.391389108764330196e+00 -6.484532229333800357e-01 2.346055567269329512e+00 4.875373249545008392e+00 4.875373249545008392e+00 4.875373249545008392e+00 4.875373249545008392e+00
-1.035711051474805622e+01 -1.020499902479614462e+01 -9.973029767973009996e+00 -9.859814956482448878e+00 -9.555045316440784475e+00 -9.059539609347419642e+00 -8.431071713848682592e+00 -7.347296067840735745e+00 -5.724968567942104514e+00 -4.538375164687005636e+00 -3.140693279730848442e+00 -2.311358724550431898e+00 -2.550754342760391813e-01 2.527817518881774639e+00 4.803740305306386738e+00 4.803740305306386738e+00 4.803740305306386738e+00 4.803740305306386738e+00
-1.036782224162224253e+01 -1.005366506164649465e+01 -9.828011140332343132e+00 -9.616985173252537322e+00 -9.566955008402372229e+00 -9.265903169590714583e+00 -8.202210707936675504e+00 -7.238711684346739617e+00 -5.579178170597703712e+00 -4.009496773532055691e+00 -3.448332642835412187e+00 -2.267964718368240984e+00 -6.125418621070156944e-02 2.498632300892714930e+00 4.856292828178733423e+00 4.856292828178733423e+00 4.856292828178733423e+00 4.856292828178733423e+00
-1.038377024440620566e+01 -1.022039524827305534e+01 -1.002909076170162450e+01 -9.483011957710225204e+00 -9.353606307248284679e+00 -9.175053817390153910e+00 -8.381074702720223257e+00 -6.984429835482829141e+00 -5.542543711202618795e+00 -3.496511093005709725e+00 -2.552157718764669792e+00 -1.916210055861556016e+00 4.600358356652889946e-01 2.387421791647449609e+00 5.241095250051099441e+00 5.241095250051099441e+00 5.241095250051099441e+00 5.241095250051099441e+00
-1.041932935563506746e+01 -1.033484224890118952e+01 -1.009758920729355580e+01 -9.704822783057712954e+00 -9.234502097913095398e+00 -8.869316427153615123e+00 -8.364075463248060061e+00 -7.000388017630370996e+00 -5.482075833951276067e+00 -2.563582287861212894e+00 -2.255470153907219721e+00 -1.021281174267717695e+00 7.730827898594505587e-01 2.525236810201729298e+00 5.050516264708416081e+00 5.050516264708416081e+00 5.050516264708416081e+00 5.050516264708416081e+00
-1.051013701442057169e+01 -9.992411603107939300e+00 -1.004719235440335190e+01 -9.974168065603796762e+00 -9.528436277118991882e+00 -8.855108305817475767e+00 -8.000299275219301620e+00 -6.643196199475411845e+00 -4.393876075263484893e+00 -2.133030973157878041e+00 -7.087072987981624106e-01 -3.604541540168277880e-01 5.859704581770012188e-01 2.333294841191837943e+00 4.785518457799780911e+00 4.785518457799780911e+00 4.785518457799780911e+00 4.785518457799780911e+00
-1.030623402084730067e+01 -1.025753983093130195e+01 -1.004284229425537411e+01 -9.769813222617100834e+00 -9.479147551002416350e+00 -8.699233258678059855e+00 -7.768181002114300959e+00 -6.418602521274799244e+00 -2.256721399368797787e+00 -1.801795109812590834e+00 2.729306670802765789e-01 1.314279187767979806e+00 1.530960446147501042e+00 3.447400793334868485e+00 4.603505496399672658e+00 4.603505496399672658e+00 4.603505496399672658e+00 4.603505496399672658e+00
-1.043863943470027955e+01 -1.005343721437732540e+01 -9.943190994864911758e+00 -9.846104802496848052e+00 -9.328836048574597584e+00 -7.965234139518580392e+00 -6.792384524326603668e+00 -2.348737228193864102e+00 -1.808191688142318565e+00 1.491821269390194993e-01 1.410942397308959428e+00 2.153968754517319173e+00 1.590341228583489919e+00 4.442648591219290566e+00 5.415053851673088836e+00 5.415053851673088836e+00 5.415053851673088836e+00 5.415053851673088836e+00
-1.052608952380983531e+01 -1.033605534277568871e+01 -9.720516992797751499e+00 -9.233293796954052723e+00 -7.934872649763573094e+00 -7.577299203002750616e+00 -3.543152047857473619e+00 -2.204932945698715230e+00 -5.775269295534149472e-02 1.678126410581630479e+00 2.157195695603085994e+00 2.950329064999134943e+00 3.456134315769352927e+00 4.859527704049751762e+00 6.134282502013189031e+00 6.134282502013189031e+00 6.134282502013189031e+00 6.134282502013189031e+00
-1.026764110660924345e+01 -9.865127118408731022e+00 -9.480965537242793673e+00 -8.370162791140581149e+00 -7.698923186298925359e+00 -4.640226085695546843e+00 -2.141727081974102109e+00 -6.407247534078942541e-01 2.030547725363852862e+00 2.468453574210421220e+00 3.157183901034673390e+00 3.532324525030150042e+00 5.033001668230137504e+00 5.003857571232661172e+00 5.683203896506840991e+00 5.683203896506840991e+00 5.683203896506840991e+00 5.683203896506840991e+00
-1.028643566009511900e+01 -9.370983908289851172e+00 -8.561027669889977432e+00 -8.475591005891724095e+00 -7.278199848624925750e+00 -2.259160054989249211e+00 -6.068946051108682349e-01 1.393745827457520736e+00 2.748451811108539200e+00 3.228799171355049236e+00 3.216116872628882017e+00 4.736068389839257264e+00 3.079361706762455242e+00 2.404477760840510125e+00 5.296363253145537797e+00 5.296363253145537797e+00 5.296363253145537797e+00 5.296363253145537797e+00
-9.420557722860680272e+00 -8.737256668153497330e+00 -8.022877064445394169e+00 -7.736097545759161420e+00 -3.163758809622956747e+00 -1.767443771291897781e+00 4.770565489757635502e-01 2.260038261132188975e+00 3.111316566532366323e+00 3.316705608349497680e+00 4.645161717035308335e+00 2.879801302318064415e+00 7.887022327925613530e-01 2.517201574759872162e+00 5.456639574001584059e+00 5.456639574001584059e+00 5.456639574001584059e+00 5.456639574001584059e+00
-9.776763289169316806e+00 -8.346870460487849641e+00 -7.217910815877797148e+00 -5.642640121218052585e+00 -2.518943946868582806e+00 -3.196206064599098617e-01 2.292205828698741676e+00 3.238218271202605969e+00 3.436285284869534440e+00 4.252123454266696356e+00 4.836720749618700133e+00 -1.708037748635060360e-01 4.720374702424247060e-01 2.537608841560916595e+00 5.587059980007527571e+00 5.587059980007527571e+00 5.587059980007527571e+00 5.587059980007527571e+00
-9.892573628934801633e+00 -7.686789654568332963e+00 -5.679792969070405206e+00 -2.559049997239702723e+00 -1.609991428065789210e+00 8.782975186390045153e-01 2.928106501102749615e+00 3.309983511238617560e+00 3.487926504355262747e+00 5.124907237719033226e+00 2.537997520586993794e+00 -1.912306238765157262e+00 3.492469948749958863e-01 2.771623983748555453e+00 5.445416300789587716e+00 5.445416300789587716e+00 5.445416300789587716e+00 5.445416300789587716e+00
-9.419205969848505333e+00 -7.398619714661850644e+00 -3.693552942156017593e+00 -2.456186225729612982e+00 -5.706421183537555009e-02 2.602327854797224838e+00 3.257978003194588634e+00 3.405397379124195378e+00 3.710362246443713374e+00 5.796483112390863113e+00 4.376897959820698958e+00 -9.083111967645572937e-01 7.967513281089696475e-01 2.815229353689349345e+00 5.457479800279227966e+00 5.457479800279227966e+00 5.457479800279227966e+00 5.457479800279227966e+00
-9.243953344861060017e+00 -6.174747489736652994e+00 -2.968530270264309934e+00 -1.563866501308959656e+00 8.900301205138778649e-01 3.141737720218211294e+00 3.208390293167723506e+00 3.262057898339119966e+00 4.316043300761922552e+00 6.347092392913591397e+00 6.140333967164430362e+00 1.549379432849274263e+00 7.424560228143632923e-01 2.825005816435386841e+00 5.650814719262344354e+00 5.650814719262344354e+00 5.650814719262344354e+00 5.650814719262344354e+00
-8.327373051193335485e+00 -5.036806749381530501e+00 -2.085520496117756917e+00 -5.740947023429151530e-01 1.804861889979304745e+00 3.245460294472485074e+00 3.374406268414686938e+00 3.424200155876547136e+00 4.298025924821694765e+00 5.003433916682443083e+00 4.689043906234756420e+00 4.837425042687004684e+00 4.138015276271352683e+00 3.167608672241738699e+00 5.677109007349365299e+00 5.677109007349365299e+00 5.677109007349365299e+00 5.677109007349365299e+00
-7.267369256478124484e+00 -4.685819581401021949e+00 -1.432346042979222078e+00 -3.876425397649578830e-01 2.330533817864197665e+00 2.804701835169403523e+00 3.577031006064661067e+00 3.961539481436874510e+00 4.225284934953306148e+00 3.288852182903702737e+00 3.267032658195864414e+00 3.219880356771565033e+00 4.057253763618970055e+00 5.227297573772913708e+00 5.764147433683762145e+00 5.764147433683762145e+00 5.764147433683762145e+00 5.764147433683762145e+00
-7.642191610929957690e+00 -4.848930233892682296e+00 -1.274665282038329961e+00 5.314308066132683583e-01 2.698924532192444659e+00 3.336034232699270241e+00 3.351416808577229123e+00 4.167096266732703391e+00 3.898947289992205079e+00 1.748270018571697504e+00 1.124827837783116902e+00 1.451877266037708392e+00 2.849786464466209424e+00 4.507887693729694334e+00 5.661547510616689038e+00 5.661547510616689038e+00 5.661547510616689038e+00 5.661547510616689038e+00
-7.967219093402501784e+00 -4.963059867225579680e+00 -1.380076223532028967e+00 4.410765300265622746e-01 2.762071613759707667e+00 3.303782407259083342e+00 3.311678244344848476e+00 4.227399625736058653e+00 3.187887769122219161e+00 1.435499619890984402e+00 -9.665585170333973464e-01 9.075445476103469744e-01 2.021326184512387325e+00 3.686497450833894796e+00 5.586179445354671813e+00 5.586179445354671813e+00 5.586179445354671813e+00 5.586179445354671813e+00
-7.820400864730276957e+00 -5.423887809078363986e+00 -2.101543500099432471e+00 3.396848998159893718e-01 2.748390677135815086e+00 3.243094625221476068e+00 3.282453886278082322e+00 4.234531762551045908e+00 3.041199558801360503e+00 1.366952732410125382e+00 -1.061130236583736064e+00 -1.350877978346838593e-02 1.290332086952983293e+00 3.441310036496253666e+00 5.528796877512513142e+00 5.528796877512513142e+00 5.528796877512513142e+00 5.528796877512513142e+00
-7.860302126748288210e+00 -6.202966702685094980e+00 -1.955377187629119717e+00 3.039203738779534536e-01 2.475143756853760646e+00 3.397589871845704490e+00 3.355217922950201270e+00 4.344790806980707742e+00 2.768083846251386593e+00 8.245471391294093566e-01 -2.848934651722857758e+00 -1.811508077488461321e+00 1.231241034866713768e+00 3.286012785717634888e+00 5.459230941362502421e+00 5.459230941362502421e+00 5.459230941362502421e+00 5.459230941362502421e+00
-7.984902428934724128e+00 -6.153941869049113222e+00 -1.907189037960993261e+00 -7.444552910004403889e-02 2.463659668524561308e+00 3.369919531169024651e+00 3.411927890472217673e+00 4.217373995219125149e+00 2.363459235197665542e+00 -1.094923552737516514e+00 -2.863957599530172704e+00 -1.704805154310346182e+00 1.271697658445832824e+00 3.569774103796778952e+00 5.605563601608426261e+00 5.605563601608426261e+00 5.605563601608426261e+00 5.605563601608426261e+00
-7.924271314686556877e+00 -6.709718086091562839e+00 -2.458536428195322365e+00 -1.075099020468234023e+00 2.139729962703334820e+00 3.292828758481798346e+00 3.374221656466576125e+00 3.958752488394664759e+00 2.094271192380011026e+00 -4.111946940043236687e+00 -3.223908846272633966e+00 -1.284530059069477259e+00 1.250838649925055002e+00 3.801070627463399632e+00 5.559877298111757682e+00 5.559877298111757682e+00 5.559877298111757682e+00 5.559877298111757682e+00
-8.117694871378805743e+00 -7.520394236679891264e+00 -3.104557099429542610e+00 -1.724893638696595399e+00 1.279507769766454972e+00 3.232756140797710120e+00 3.369282096485655131e+00 3.249660139681323834e+00 1.600839255731272948e+00 -4.405402136548988601e+00 -2.811409299057967992e+00 -8.758398272820597796e-01 1.589753303763045800e+00 3.766319341419107403e+00 5.479660538717935125e+00 5.479660538717935125e+00 5.479660538717935125e+00 5.479660538717935125e+00
-8.123461374961680193e+00 -7.610124572701072232e+00 -5.363253900624886938e+00 -1.656605210708825382e+00 1.969458904927511855e-01 2.601789601855646339e+00 3.172387211196671775e+00 2.932714701564359761e+00 1.120649269474767173e+00 -4.318980591736200303e+00 -2.197863065001735006e+00 1.168698068552371794e+00 1.961986511458374327e+00 4.219483582358169116e+00 5.414079673845682450e+00 5.414079673845682450e+00 5.414079673845682450e+00 5.414079673845682450e+00
-8.762350583753431010e+00 -7.674098982936737201e+00 -6.831135153712501129e+00 -2.723263627915354146e+00 -1.356209577598090021e+00 6.594351856811990764e-01 1.957914220681661543e+00 1.739255346088419252e+00 1.079820287667631717e+00 -1.636249153969311587e+00 -2.248368767393500001e+00 4.449596815121606985e-01 2.372346579557977009e+00 4.329426477905162329e+00 5.288255206021435839e+00 5.288255206021435839e+00 5.288255206021435839e+00 5.288255206021435839e+00
-9.025270090931696743e+00 -8.510966500963130343e+00 -7.483632349958206476e+00 -5.091436281825959753e+00 -2.043832280344507701e+00 -1.845283270262804587e+00 -1.784195780916520147e-01 4.392069125846176925e-01 4.247255844538468939e-01 -9.924428509384785047e-01 -2.495638478364420987e+00 -8.866570400828996945e-01 1.852344075500463205e+00 4.459859851457174784e+00 5.366205487552359266e+00 5.366205487552359266e+00 5.366205487552359266e+00 5.366205487552359266e+00
-9.257343503855649303e+00 -8.582710844667808203e+00 -8.038816267417132622e+00 -7.415287296632241620e+00 -5.823120193314052173e+00 -3.276428539678750695e+00 -2.488646168097417899e+00 -1.649413862772018957e+00 -6.296323910370582588e-01 -6.366370602290692959e-01 -3.350361746469388891e+00 -9.102474415103700700e-01 1.335315038081137384e+00 4.108718912648797961e+00 5.382002407015985312e+00 5.382002407015985312e+00 5.382002407015985312e+00 5.382002407015985312e+00
-1.039293699476581168e+01 -8.975939387352102727e+00 -8.805619974742592504e+00 -8.448124698119425346e+00 -7.699382597682614460e+00 -6.662640855555071795e+00 -5.513615626176163076e+00 -3.530405078055700585e+00 -3.242281277446304344e+00 -2.935779813870755817e+00 -1.878537257238109603e+00 -1.529831065737806473e+00 7.346249875603227952e-01 4.189553244268447330e+00 5.250539415725333114e+00 5.250539415725333114e+00 5.250539415725333114e+00 5.250539415725333114e+00
-1.043590161596448240e+01 -1.003913874018912900e+01 -9.656283264092301977e+00 -9.206520776255679550e+00 -8.872128207413938483e+00 -7.280499239451859950e+00 -5.745972154878031368e+00 -5.715937149985733434e+00 -5.003533265388688811e+00 -4.189519805689627674e+00 -2.857573557535691755e+00 -2.148721022248389012e+00 5.038691140912803235e-01 4.567106357999599631e+00 5.137357765161455703e+00 5.137357765161455703e+00 5.137357765161455703e+00 5.137357765161455703e+00
-1.058804580590964051e+01 -1.024982498551915810e+01 -9.848361729846175194e+00 -9.581936395487399949e+00 -9.236314123854278080e+00 -7.888946552854280370e+00 -6.007536598136445249e+00 -5.899917330729085307e+00 -5.100576815478691906e+00 -4.605639397980057836e+00 -2.808415910018285278e+00 -2.413575787409321549e+00 3.257034225245363235e-01 4.405164901477137462e+00 5.131797538162880201e+00 5.131797538162880201e+00 5.131797538162880201e+00 5.131797538162880201e+00
-1.058116437539800003e+01 -1.027577182308771064e+01 -1.001142744040690680e+01 -9.660337730757664332e+00 -9.353183920684006836e+00 -8.304466154688014967e+00 -6.112383227684466291e+00 -5.844833044755130658e+00 -5.132910759939743883e+00 -4.309265499007644884e+00 -2.761615596958217900e+00 -2.560590173536008152e+00 4.900491408798015036e-01 3.543487629413444751e+00 4.957820924510337512e+00 4.957820924510337512e+00 4.957820924510337512e+00 4.957820924510337512e+00
-1.052126602872567318e+01 -1.043305430397222899e+01 -9.925783788052440215e+00 -9.673235711113207458e+00 -9.385011235320115830e+00 -8.593192319024034020e+00 -6.264212081888439698e+00 -6.143134738505079184e+00 -5.314446930111831335e+00 -4.168167127291563467e+00 -3.319935473727215758e+00 -2.354296502903336474e+00 4.119152660208470484e-01 3.377661806865379202e+00 5.234365345288221505e+00 5.234365345288221505e+00 5.234365345288221505e+00 5.234365345288221505e+00
-1.051732805770489598e+01 -1.041839563570226801e+01 -9.971995845377886525e+00 -9.749443255546127673e+00 -9.399942960637750033e+00 -8.705968262993357243e+00 -6.813806469220271111e+00 -6.066666978576323643e+00 -5.569773237648192321e+00 -4.418567422755167229e+00 -3.347908919187243093e+00 -2.539363205090727327e+00 3.480885718900315062e-01 3.492801950454765603e+00 5.328552615876819942e+00 5.328552615876819942e+00 5.328552615876819942e+00 5.328552615876819942e+00
-1.061100347903389540e+01 -1.028609260839826511e+01 -9.978341676293311480e+00 -9.715503175885322307e+00 -9.404100075620572596e+00 -8.937287714249478654e+00 -7.035425373535766802e+00 -5.925737158365375734e+00 -5.918681949402917475e+00 -4.914259625258272202e+00 -3.145116856846277287e+00 -2.891985185814523796e+00 1.655422273083563267e-01 3.149265650014769768e+00 5.169309568761306650e+00 5.169309568761306650e+00 5.169309568761306650e+00 5.169309568761306650e+00
-1.060493678008071683e+01 -1.030622249163970849e+01 -1.003458082011025709e+01 -9.756352118213200697e+00 -9.423266954973172460e+00 -9.017215990748278287e+00 -7.467144539165667894e+00 -5.835752352860838599e+00 -5.675797643772090062e+00 -5.381672400928858124e+00 -2.904122106373471013e+00 -2.622355554400116695e+00 2.020707670419935598e-01 3.132591882011442674e+00 5.144433842861556805e+00 5.144433842861556805e+00 5.144433842861556805e+00 5.144433842861556805e+00
-1.073040197409581609e+01 -1.046243934694992994e+01 -1.003065730652771137e+01 -9.752826970735592127e+00 -9.469636928955139865e+00 -8.972323565016818492e+00 -7.740406501918046800e+00 -6.152535290997722228e+00 -5.872401039175173310e+00 -5.409774187692642400e+00 -3.551379274948474052e+00 -2.721115490834678852e+00 3.488665158793526899e-01 2.984125146092370340e+00 4.985190795746042625e+00 4.985190795746042625e+00 4.985190795746042625e+00 4.985190795746042625e+00
-1.074139562297081696e+01 -1.041239064145221782e+01 -1.003531756246780127e+01 -9.846655861411717225e+00 -9.512109912552757507e+00 -9.005924076575487547e+00 -7.909604396719485564e+00 -6.125184584823715639e+00 -5.896192551891669353e+00 -5.484910982332997342e+00 -3.481416205027800359e+00 -2.446928611820844424e+00 1.736613472199886876e-01 3.040939128012664305e+00 5.022810125263756476e+00 5.022810125263756476e+00 5.022810125263756476e+00 5.022810125263756476e+00
-1.071850590093027478e+01 -1.039611929684342506e+01 -1.002656941077602681e+01 -9.840122295739249125e+00 -9.516953984969310554e+00 -9.155517409346812130e+00 -8.033407750840105166e+00 -5.799464647302323250e+00 -5.968148006545273887e+00 -5.130348852941613913e+00 -3.246446084160073298e+00 -2.161987059762099150e+00 8.186230059656929292e-02 2.988370927317424375e+00 5.073530557723000989e+00 5.073530557723000989e+00 5.073530557723000989e+00 5.073530557723000989e+00
