-1.044680294919705332e+01 -1.030616607363440984e+01 -9.965886309607620674e+00 -9.654856133693190401e+00 -9.320614761006609683e+00 -8.959671827801106048e+00 -8.332021777367042858e+00 -7.259428580510792983e+00 -4.992215287931258239e+00 -2.323910424447610090e+00 -2.416599210988887858e+00 -3.897349265131565543e-01 7.698986096039419635e-01 1.811584752664147757e+00 5.127902535985875865e+00 5.127902535985875865e+00 5.127902535985875865e+00 5.127902535985875865e+00
-1.034820612064030954e+01 -1.009389989872518356e+01 -9.975752916542685256e+00 -9.814897872293773418e+00 -9.457492551338836151e+00 -8.914804957760267712e+00 -8.188723898970639681e+00 -6.825067941633837343e+00 -4.307967584271843009e+00 -2.460003832362249732e+00 -1.596253760190063709e+00 7.006548187424144203e-02 1.675061760482844386e+00 1.975136612221793708e+00 5.049022559581131553e+00 5.049022559581131553e+00 5.049022559581131553e+00 5.049022559581131553e+00
-1.028321896324629314e+01 -9.976186029237936737e+00 -9.800332090454853429e+00 -9.774275676422115922e+00 -9.555631374659714794e+00 -9.048906144154759801e+00 -8.107868549855158591e+00 -6.787162572720651710e+00 -3.540346150261549862e+00 -3.261137524578737068e+00 -6.995575712050347006e-01 3.758759208541800345e-01 1.097271433781580097e+00 1.962410655698197282e+00 4.705820173180168986e+00 4.705820173180168986e+00 4.705820173180168986e+00 4.705820173180168986e+00
-1.031441599729934211e+01 -1.027559565547738707e+01 -9.793055436099162847e+00 -9.261058402596059835e+00 -9.194005941527846559e+00 -9.037992584177821698e+00 -8.174183233704331641e+00 -6.456850320641677854e+00 -2.604722531935300012e+00 -3.133534240554090022e+00 -6.133302577425794322e-01 7.041083622239636686e-01 9.598271962305000571e-01 2.193779899134543410e+00 4.891971773219209396e+00 4.891971773219209396e+00 4.891971773219209396e+00 4.891971773219209396e+00
-1.051859566390689693e+01 -1.025157638504766311e+01 -9.851554714681547864e+00 -9.563912181160477033e+00 -9.016767838480578945e+00 -8.646487868498910601e+00 -8.142273486055595200e+00 -5.297771888618741265e+00 -2.592436782498372949e+00 -3.080126652112817442e+00 -3.947214158900732572e-01 3.595615435782209546e-01 1.853952198555968822e+00 2.307233172905692964e+00 4.789329029988389053e+00 4.789329029988389053e+00 4.789329029988389053e+00 4.789329029988389053e+00
-1.037498884164822499e+01 -9.934864749677105422e+00 -1.012055327603034627e+01 -9.860939082502083508e+00 -9.329394152850575495e+00 -8.575861674704713167e+00 -7.647160282506189510e+00 -4.076617264439708066e+00 -3.781742973524407248e+00 -1.830617347097974079e+00 2.767440743354481203e-01 3.025931707602795284e-01 1.428802813444252973e+00 2.143676466439671024e+00 4.433934939931912567e+00 4.433934939931912567e+00 4.433934939931912567e+00 4.433934939931912567e+00
-1.046147145677581314e+01 -1.026729856485307835e+01 -9.910915325530908149e+00 -9.735307112059246037e+00 -9.315031297905974839e+00 -8.538949688843175068e+00 -7.342645486935106547e+00 -2.958054569345613505e+00 -3.694545090817654032e+00 -5.361957735341448261e-01 1.025078440804904734e+00 1.604694422573635926e+00 1.601765550258275939e+00 3.339208191386360713e+00 4.373008746352237353e+00 4.373008746352237353e+00 4.373008746352237353e+00 4.373008746352237353e+00
-1.049228132213743869e+01 -1.007009183097537530e+01 -9.951325945815149510e+00 -9.732893901391307168e+00 -9.175298332207066920e+00 -8.248160217536673500e+00 -4.891079563618502490e+00 -2.466612101707092997e+00 -2.809190274750601901e+00 -1.029143651198387577e-01 1.519560469904377209e+00 2.010844483152355977e+00 1.791037780354264974e+00 4.349198248368196573e+00 5.168250163556365351e+00 5.168250163556365351e+00 5.168250163556365351e+00 5.168250163556365351e+00
-1.045297525651397308e+01 -1.013435609891562095e+01 -9.555348969100725398e+00 -9.059135999215891744e+00 -8.241754218349756300e+00 -6.912951898720997690e+00 -3.797827515806997845e+00 -4.199554505229769141e+00 -9.076675739447148672e-01 1.005555739023597184e+00 2.082782506270728362e+00 2.711348286295528709e+00 3.415081076399813842e+00 4.822804919075096564e+00 5.033443772439481378e+00 5.033443772439481378e+00 5.033443772439481378e+00 5.033443772439481378e+00
-1.041810392615113834e+01 -1.008085437203454582e+01 -9.529172750166820194e+00 -8.409737863270137836e+00 -7.421691602642404462e+00 -5.392645279786250967e+00 -2.444969502658548066e+00 -3.627847007347024366e+00 -7.766759904238562662e-02 2.083949552493200130e+00 3.025970981362224421e+00 3.495890617598803818e+00 4.938393293277557383e+00 4.968332792274806842e+00 5.253364763871168464e+00 5.253364763871168464e+00 5.253364763871168464e+00 5.253364763871168464e+00
-1.023130760461627098e+01 -9.484766652546902321e+00 -8.923542075867688439e+00 -8.460531377312653589e+00 -6.880191437860029957e+00 -3.971251701117065380e+00 -3.885763508150053003e+00 -1.437250109292595335e+00 1.132258100176198212e+00 3.038251491123433290e+00 3.033888468708712427e+00 4.584725214915884806e+00 2.759261840214616512e+00 2.222173670210116914e+00 5.455650519028613310e+00 5.455650519028613310e+00 5.455650519028613310e+00 5.455650519028613310e+00
-9.908766692066713233e+00 -9.004183863708203006e+00 -8.212796841415514137e+00 -7.698919328104732784e+00 -5.298932744822685059e+00 -2.625227616511089046e+00 -3.135466099829367081e+00 3.201805530167130959e-02 2.760120653668726831e+00 3.079821927218133304e+00 4.469685201869059377e+00 3.790018444032407174e+00 1.963499425127290587e+00 2.429053356465611824e+00 5.151696728077878262e+00 5.151696728077878262e+00 5.151696728077878262e+00 5.151696728077878262e+00
-9.472302806155578736e+00 -8.571433533577836883e+00 -7.851308555249769228e+00 -6.197041316524719790e+00 -4.108902791847100389e+00 -2.783161351083348833e+00 -2.369382752958421712e+00 1.448280667444789227e+00 3.217783505641399699e+00 4.073668777629868565e+00 4.714897698314684860e+00 1.964009264539722466e+00 5.663305205624347138e-01 2.411494355686045754e+00 5.083041702520180394e+00 5.083041702520180394e+00 5.083041702520180394e+00 5.083041702520180394e+00
-1.003788341096847248e+01 -7.790321373798192006e+00 -6.719726597674909208e+00 -5.024414521797781141e+00 -3.005202253164227066e+00 -3.515503210766756315e+00 -3.621757874928888676e-01 2.904262624459366116e+00 3.281059078996148237e+00 5.027900380211125508e+00 3.336840995818601385e+00 -1.977510554494281259e+00 4.205868568201044932e-01 2.561237892539161454e+00 4.937729698624517383e+00 4.937729698624517383e+00 4.937729698624517383e+00 4.937729698624517383e+00
-9.424136845735331391e+00 -7.588752096363663213e+00 -5.711220800926457564e+00 -4.237172614770853940e+00 -2.068820594325457840e+00 -2.499206650299747867e+00 2.481039396564505006e-01 3.034907051589492699e+00 3.561445589250286758e+00 5.574260329563342609e+00 4.446856803426193494e+00 -7.386461750037146556e-01 9.824429574328427117e-01 2.606374984322192390e+00 5.210780334414359949e+00 5.210780334414359949e+00 5.210780334414359949e+00 5.210780334414359949e+00
-9.038828291302587914e+00 -6.853982683926154174e+00 -4.941541104295929188e+00 -3.217067492958079367e+00 -1.667829534216218157e+00 -1.493612630461431667e+00 3.008641890915621175e+00 2.976217623807428048e+00 4.164069088261099338e+00 6.233370625212405258e+00 6.107439804543222550e+00 1.957288610380068405e+00 6.401614154053663075e-01 2.783693689932380089e+00 5.077883624397482976e+00 5.077883624397482976e+00 5.077883624397482976e+00 5.077883624397482976e+00
-8.562372688790437891e+00 -6.459711223106287648e+00 -4.289578759898424742e+00 -2.377972847078619445e+00 -2.007676778345177659e+00 -1.321672306815538100e-01 3.088324596520691578e+00 3.184868168957410983e+00 4.267113552421246681e+00 5.079368370078069184e+00 4.599294739449311997e+00 4.708792080211667397e+00 3.815802701536190167e+00 3.271822392361004361e+00 5.236393619443576064e+00 5.236393619443576064e+00 5.236393619443576064e+00 5.236393619443576064e+00
-7.813038256539386772e+00 -6.013945253337740660e+00 -4.034130596466686924e+00 -1.686122928780257491e+00 -1.776558233425782785e+00 6.896531096425376761e-01 3.489492166479720492e+00 3.885014105432561315e+00 4.059605288583371774e+00 3.260543154018036738e+00 3.322065912602226945e+00 3.187566775330077373e+00 3.931292583066128721e+00 5.122018545198600670e+00 5.028188608960046935e+00 5.028188608960046935e+00 5.028188608960046935e+00 5.028188608960046935e+00
-7.554315357694978417e+00 -6.037645682556709303e+00 -3.640011525663327419e+00 -1.958957273407646138e+00 -5.894769896011302635e-01 3.041285297459752179e+00 3.137821807385247741e+00 3.872995831725370763e+00 3.825296502645194607e+00 1.752045355055670939e+00 1.491055970304915990e+00 1.528925460226497002e+00 2.806231673487984413e+00 4.273781099380253856e+00 4.991085129932605113e+00 4.991085129932605113e+00 4.991085129932605113e+00 4.991085129932605113e+00
-8.046166889624588592e+00 -6.002368648921772021e+00 -3.352563187603124106e+00 -1.674902150038427351e+00 -1.824299453191668752e+00 2.958365056329461673e+00 3.021893266892424545e+00 4.044284320528765519e+00 3.040523572966800980e+00 1.489482123358305099e+00 6.116078282530721388e-01 9.283751689135998353e-01 1.993774447479323086e+00 3.611450727210923972e+00 5.008974051839762076e+00 5.008974051839762076e+00 5.008974051839762076e+00 5.008974051839762076e+00
-8.175977119360071654e+00 -6.104222390626168782e+00 -3.422490070144199592e+00 -1.400773958629448090e+00 -9.549214287775308341e-01 3.078335952128757214e+00 3.103390589001584932e+00 4.048096317602190908e+00 2.955485652232739291e+00 1.362022518333175114e+00 4.157446469163451619e-01 3.650959978622116964e-01 1.265653061409237168e+00 3.264991507033014884e+00 5.150682124271321882e+00 5.150682124271321882e+00 5.150682124271321882e+00 5.150682124271321882e+00
-8.175376036729833373e+00 -6.339264304335724631e+00 -3.506511385619780263e+00 -1.613014899045436268e+00 -1.052986342216591487e+00 3.134611880776104087e+00 3.209651460641477883e+00 4.105807904360369243e+00 2.783735017861608707e+00 1.149373787599746288e+00 -2.528906217409982560e+00 -1.591811479082278602e+00 1.174418434922763543e+00 3.161073864873635397e+00 5.017785414254430698e+00 5.017785414254430698e+00 5.017785414254430698e+00 5.017785414254430698e+00
-8.109550340142527958e+00 -6.841373747261667582e+00 -4.417818689982610181e+00 -2.963054425728848251e+00 -1.924132079943655871e+00 8.102153548092478896e-01 3.155780362140332862e+00 3.939356368815478682e+00 2.313414253424239675e+00 6.551211121625619693e-01 -2.663360178889162100e+00 -1.515609242838069193e+00 1.256575225615225833e+00 3.467846853404906948e+00 5.015698390345983526e+00 5.015698390345983526e+00 5.015698390345983526e+00 5.015698390345983526e+00
-8.094942601191268849e+00 -7.119975852430755481e+00 -5.051829810634829165e+00 -2.987890099860480930e+00 -1.532796876775027961e+00 -2.325742905834300989e-01 3.143836527572689832e+00 3.757590963464731981e+00 2.033114299251797874e+00 -2.897941393288843592e+00 -2.649676893132361322e+00 -1.273971212237403616e+00 1.270349250136934893e+00 3.664380582955426124e+00 4.904680489842217384e+00 4.904680489842217384e+00 4.904680489842217384e+00 4.904680489842217384e+00
-7.888581455104013429e+00 -7.143830294773541922e+00 -5.313314253532652742e+00 -3.611138799907253727e+00 -2.361204765943524908e+00 -1.025473117278278501e+00 1.185422133960196689e+00 2.987105947714267629e+00 1.910702828171526813e+00 -3.792794002710675016e+00 -2.119720948617366041e+00 -4.523457787428678545e-01 1.557607493115312325e+00 3.740553249494437793e+00 4.931440339977731568e+00 4.931440339977731568e+00 4.931440339977731568e+00 4.931440339977731568e+00
-8.401068281644979763e+00 -7.608703636417109450e+00 -6.142038138376280543e+00 -4.758669145154843072e+00 -2.998485863579682942e+00 -2.349460214002446978e+00 -6.145154278891771238e-01 2.746212682097511681e+00 1.356579997063338983e+00 -3.260688788857273313e+00 -2.079210434725344836e-01 1.030424699850786663e+00 1.884357070067374851e+00 4.162707286695427555e+00 5.344357692133424820e+00 5.344357692133424820e+00 5.344357692133424820e+00 5.344357692133424820e+00
-8.767370086905044602e+00 -7.683144521231500157e+00 -6.715067784608269363e+00 -5.416344441272578081e+00 -3.830711865576262642e+00 -2.095219651418703588e+00 -1.823767893436697429e+00 5.710504449862148224e-01 1.812695623030728287e+00 -4.825804039587090477e-01 3.694973750098645704e-01 3.493315509205042746e-01 2.182745797681196809e+00 4.705122998320367067e+00 5.090583914128258058e+00 5.090583914128258058e+00 5.090583914128258058e+00 5.090583914128258058e+00
-9.120660691306671453e+00 -8.225650466149716067e+00 -7.460278139538857545e+00 -6.181943702389028239e+00 -4.933164275944730726e+00 -3.721895137134586307e+00 -2.215553401250777377e+00 -1.258023884318644203e+00 1.357944286624045205e+00 1.213681963464821711e+00 4.072984561752003296e-01 4.570142526886696865e-01 1.861316116244705610e+00 4.736242571926953637e+00 4.957687204111380197e+00 4.957687204111380197e+00 4.957687204111380197e+00 4.957687204111380197e+00
-9.388239321531337112e+00 -8.489853367799456763e+00 -7.950984206532389464e+00 -7.294416084869414618e+00 -6.240354202107639026e+00 -4.867960849888694597e+00 -2.923079767050653643e+00 -1.939996936507748959e+00 2.778057554467416868e-01 1.074874635712273374e+00 6.030294081428708708e-01 4.892126704106022350e-01 1.264115025142069859e+00 4.103197182951544342e+00 4.847004524161586225e+00 4.847004524161586225e+00 4.847004524161586225e+00 4.847004524161586225e+00
-1.001265903688297243e+01 -9.028080952707828288e+00 -8.572938990401123505e+00 -8.128427882301572538e+00 -7.395349940710152836e+00 -6.512416855722605646e+00 -4.422481876287426950e+00 -2.049724070132160847e+00 -1.689017778170919692e+00 8.417686328207586444e-01 8.627050479431385144e-01 9.837716592529847093e-01 1.832136828998654765e-01 3.968512907103221021e+00 4.892581174174859271e+00 4.892581174174859271e+00 4.892581174174859271e+00 4.892581174174859271e+00
-1.028940455966525569e+01 -9.854417508826113448e+00 -9.327539221593877272e+00 -8.863822186715296425e+00 -8.303201011355705319e+00 -7.261277036586151645e+00 -5.599730271932385151e+00 -3.822325693463592522e+00 -1.401732683388623446e+00 -2.786164108649776816e-01 1.046686853007425144e+00 1.119521735966124254e+00 2.887306599832507592e-01 4.544586970843190521e+00 5.381179963218402307e+00 5.381179963218402307e+00 5.381179963218402307e+00 5.381179963218402307e+00
-1.037979720527707350e+01 -1.002319285051609477e+01 -9.559283697749838993e+00 -9.170197712672058188e+00 -8.655910697988817404e+00 -7.646435607950657243e+00 -6.377559477679668909e+00 -4.749018763607200988e+00 -2.685644883251943948e+00 -1.745791026217117015e+00 1.116677332681900836e+00 6.644466153500472316e-01 8.090364272105552423e-01 3.930252914969937450e+00 5.163382414002095189e+00 5.163382414002095189e+00 5.163382414002095189e+00 5.163382414002095189e+00
-1.035033764534117751e+01 -1.012415832749821121e+01 -9.734442338649021309e+00 -9.326345192070668588e+00 -8.860721426476549922e+00 -7.963058003876130719e+00 -6.630138450345279821e+00 -5.355034970111763215e+00 -3.713213593030404880e+00 -1.945456527160821736e+00 -2.123990990012641633e-01 9.327076720653143527e-01 5.324877401895546924e-01 2.974880163404491906e+00 5.030485703985212886e+00 5.030485703985212886e+00 5.030485703985212886e+00 5.030485703985212886e+00
-1.041993948315308316e+01 -1.013594396581179780e+01 -9.615585786338005647e+00 -9.451993205187829261e+00 -8.937408612478966674e+00 -8.115170815539169524e+00 -6.875445959333884360e+00 -5.617049533118467330e+00 -4.136988465065006615e+00 -2.848148804965958014e+00 -2.960575254706133030e+00 7.662561013515799546e-01 8.818676942518864637e-02 2.594769293498428109e+00 4.897588993968323479e+00 4.897588993968323479e+00 4.897588993968323479e+00 4.897588993968323479e+00
-1.046132236391273373e+01 -1.016589159003579645e+01 -9.897469258115657809e+00 -9.557099992072828343e+00 -9.043184627522272478e+00 -8.323020878816084434e+00 -7.000781260258788663e+00 -5.748253031790309109e+00 -4.791070879760781942e+00 -3.217003537223608767e+00 -2.396295314523051001e+00 1.731403747247091396e-01 -2.144026466141012721e-01 2.762408313901085322e+00 4.850062726927530932e+00 4.850062726927530932e+00 4.850062726927530932e+00 4.850062726927530932e+00
-1.048803019866046604e+01 -1.022021266761688807e+01 -9.890486088093357608e+00 -9.522755777923554987e+00 -9.137400133276962322e+00 -8.427381379278287454e+00 -7.192110692024747287e+00 -5.750343565721188099e+00 -5.209220840035841960e+00 -3.847505537499359640e+00 -1.781153554890718471e+00 -3.543043120221334719e-01 -1.016430729067010208e-01 2.284036761906690138e+00 5.411682370992496161e+00 5.411682370992496161e+00 5.411682370992496161e+00 5.411682370992496161e+00
-1.051507372766905490e+01 -1.023942860695372836e+01 -9.942977339882238752e+00 -9.615266648169136232e+00 -9.182552015577003957e+00 -8.582354797022418325e+00 -7.327173903219827089e+00 -5.780281045888369995e+00 -5.033603138638239827e+00 -3.371005102687214539e+00 -3.007836166121921284e+00 -1.224759221863523262e+00 5.784684940418305388e-01 2.352904784512347192e+00 5.357057981864211449e+00 5.357057981864211449e+00 5.357057981864211449e+00 5.357057981864211449e+00
-1.053103785780838031e+01 -1.027917041633701523e+01 -9.933660690749100297e+00 -9.584318474445948866e+00 -9.278575322041007212e+00 -8.636072558685906841e+00 -7.376751990161640293e+00 -5.848537164675940758e+00 -5.084143331619577211e+00 -3.767939857208977728e+00 -3.013393807054144613e+00 -2.317620647310549842e+00 2.813146311984887071e-01 2.222445730443110889e+00 5.103284203859047352e+00 5.103284203859047352e+00 5.103284203859047352e+00 5.103284203859047352e+00
-1.057930564652285099e+01 -1.024223101914862610e+01 -9.958725818416759523e+00 -9.602471869411031591e+00 -9.315342266943428484e+00 -8.703870451411138021e+00 -7.517063876385489785e+00 -5.847928623547188565e+00 -5.190892485856627658e+00 -3.753756434339434733e+00 -3.829232486264110058e+00 -1.585955222127281905e+00 -1.902056450941001509e-01 2.172400897652162932e+00 4.971315668391752318e+00 4.971315668391752318e+00 4.971315668391752318e+00 4.971315668391752318e+00
-1.059861742721968803e+01 -1.025944874881804481e+01 -9.984165328211158652e+00 -9.659267772528838947e+00 -9.334588023110091726e+00 -8.892757580659365502e+00 -7.592237906142884185e+00 -5.832785926940179166e+00 -5.248390148968486990e+00 -3.849177524202077816e+00 -4.114647696770801666e+00 -2.156570755628965053e+00 -8.565764066987067160e-01 2.126912160948434050e+00 4.768310307107656243e+00 4.768310307107656243e+00 4.768310307107656243e+00 4.768310307107656243e+00
