-1.049136826201072203e+01 -1.030640595034449092e+01 -9.944227694415472385e+00 -9.616468913260835194e+00 -9.326523169001582403e+00 -8.955319967693286642e+00 -8.375033444082593093e+00 -7.078349284445592637e+00 -3.606783384759985722e+00 -3.682101752445626541e+00 -1.930781003878176971e+00 -4.486064077400940819e-01 1.257261580133460788e+00 2.048287109300517272e+00 5.334531019132690233e+00 5.334531019132690233e+00 5.334531019132690233e+00 5.334531019132690233e+00
-1.044107831703140299e+01 -1.024534038986128515e+01 -1.000418090546377314e+01 -9.756781183711868977e+00 -9.400796504122892472e+00 -8.883853481669083507e+00 -8.098611571946978671e+00 -6.649619207920416386e+00 -3.383435074220173089e+00 -4.273763070274454456e+00 -1.676545057616143808e+00 -5.514206040305142942e-01 1.130638826056768131e+00 1.920246354524792753e+00 5.206361365622815818e+00 5.206361365622815818e+00 5.206361365622815818e+00 5.206361365622815818e+00
-1.016485506374153402e+01 -9.903767138986843577e+00 -9.885261006135342754e+00 -9.819060044700128387e+00 -9.574115493236798002e+00 -9.024552945832573059e+00 -8.091280352723920544e+00 -6.378764414777300829e+00 -3.021765602846715915e+00 -4.382324302786837933e+00 -7.104491532715153657e-01 -4.992830676343966712e-01 1.669070045899919252e+00 2.004897108284084073e+00 4.914687657764520878e+00 4.914687657764520878e+00 4.914687657764520878e+00 4.914687657764520878e+00
-1.044001174203092397e+01 -1.022317263890889372e+01 -9.705856802806991368e+00 -9.352251747070889465e+00 -9.304442266993625310e+00 -9.123891853489032755e+00 -8.090398310456690112e+00 -5.830733684541007378e+00 -2.323605813112469498e+00 -3.879399550321693368e+00 -2.059142145419456948e-01 -1.982093408658150424e-02 1.504840356353042141e+00 2.134013032843770308e+00 4.951241203027903381e+00 4.951241203027903381e+00 4.951241203027903381e+00 4.951241203027903381e+00
-1.051312186531179549e+01 -1.022692160732121280e+01 -9.947967868662175306e+00 -9.538946412754096826e+00 -8.964641678296445093e+00 -8.604478979555223006e+00 -7.924047382351003144e+00 -4.818634835786431481e+00 -2.598373387705269710e+00 -3.060206601194245479e+00 -1.382565562191585828e-02 1.362911781719124971e+00 1.477580168100637970e+00 2.329713537668161916e+00 4.804267567975163189e+00 4.804267567975163189e+00 4.804267567975163189e+00 4.804267567975163189e+00
-1.030571732790953909e+01 -1.018872652368317411e+01 -1.015785428415256320e+01 -9.834532518896066833e+00 -9.286426633748552817e+00 -8.451309836030828748e+00 -7.739939258108956111e+00 -3.446168030556951756e+00 -4.022107272643216547e+00 -1.479780279991454783e+00 1.749012676211643691e-01 1.418514162158943215e+00 1.614364158679843175e+00 2.097261103057896481e+00 4.487583902845159400e+00 4.487583902845159400e+00 4.487583902845159400e+00 4.487583902845159400e+00
-1.051774758660134168e+01 -1.023301382608581100e+01 -1.007648932695998667e+01 -9.770717775643785075e+00 -9.263536699313860368e+00 -8.442006837238796635e+00 -6.693193692017313623e+00 -2.802583809884951815e+00 -4.147856704240281189e+00 -5.798520536974737238e-01 8.586897735670901977e-01 1.861068159129581900e+00 1.677228035324244804e+00 3.101689138054210204e+00 4.378613309387560548e+00 4.378613309387560548e+00 4.378613309387560548e+00 4.378613309387560548e+00
-1.034353588088055176e+01 -1.013782678617883803e+01 -1.008239489164380132e+01 -9.681870207512115911e+00 -9.161634956486475190e+00 -8.222923377523038369e+00 -4.972077878573604615e+00 -3.465517980106838980e+00 -3.283689381856420564e+00 -1.970414004777983619e-01 1.797357370694451673e+00 1.980818289669528776e+00 1.858311850652210939e+00 4.268251885880742336e+00 5.124660205952598524e+00 5.124660205952598524e+00 5.124660205952598524e+00 5.124660205952598524e+00
-1.034733195176657716e+01 -1.000204022943527349e+01 -9.534130955912306860e+00 -9.274821897379633029e+00 -8.404079920521683178e+00 -7.034673167564465146e+00 -3.624264944613148742e+00 -4.352762443694638606e+00 -2.324586350559112002e+00 2.582867963607441975e-01 2.036942973139629576e+00 2.692570760700934596e+00 3.255801866770729802e+00 4.701887642485287344e+00 4.855728082375382115e+00 4.855728082375382115e+00 4.855728082375382115e+00 4.855728082375382115e+00
-1.055544042769420088e+01 -1.011419504783409096e+01 -9.324385060110994772e+00 -8.426891838479237506e+00 -7.429947957002966952e+00 -5.686168179676656109e+00 -2.386919307719789440e+00 -4.164388282747659709e+00 -5.157304470476979930e-01 1.815282132322672881e+00 2.748711303468104106e+00 3.377264337997459620e+00 4.869448889617552290e+00 4.968002662591600505e+00 5.251930672613174700e+00 5.251930672613174700e+00 5.251930672613174700e+00 5.251930672613174700e+00
-1.021357124843775921e+01 -9.603272809796173703e+00 -9.020375474627519097e+00 -8.374433917148108364e+00 -6.800518810779125900e+00 -4.154811042861472181e+00 -3.594492803957199722e+00 -2.736800776084487463e+00 2.432550287840407055e-01 2.728384370625572597e+00 2.967061026056391437e+00 4.547063750798700177e+00 3.059022752411856061e+00 2.304323632237025965e+00 5.292610771827484406e+00 5.292610771827484406e+00 5.292610771827484406e+00 5.292610771827484406e+00
-9.898949888738723502e+00 -9.102935862907862941e+00 -8.351577156925529266e+00 -8.037429908449604810e+00 -5.531138236684631337e+00 -2.759212404096562210e+00 -3.357203689805583036e+00 -1.340961416947685780e+00 1.362101929702829617e+00 3.175278828018719857e+00 4.333547391713659991e+00 3.732697968160264335e+00 2.073510840162402502e+00 2.461585299144732009e+00 5.245493322251562951e+00 5.245493322251562951e+00 5.245493322251562951e+00 5.245493322251562951e+00
-9.511454048529065730e+00 -8.685408610700726229e+00 -7.884558221181981352e+00 -6.541921701577002146e+00 -4.567056607774225618e+00 -3.183724250558285895e+00 -3.339240705957621014e+00 -7.493692123210840550e-03 3.253421173035932146e+00 3.983171325787626227e+00 4.626557610069946591e+00 2.144463503106143420e+00 4.810530903990836160e-01 2.389235034318043294e+00 5.202628145074442045e+00 5.202628145074442045e+00 5.202628145074442045e+00 5.202628145074442045e+00
-1.000578876018390595e+01 -8.067823605110305607e+00 -6.931785785929793775e+00 -5.341854508719163341e+00 -3.181270312474533402e+00 -2.353342376356134302e+00 -2.815044743125167059e+00 3.462178994792975417e-01 3.243351073709733523e+00 4.926747869353471643e+00 3.331552541802326850e+00 -1.982540768489386762e+00 3.661498375779282943e-01 2.513527766585633927e+00 4.832780062863044179e+00 4.832780062863044179e+00 4.832780062863044179e+00 4.832780062863044179e+00
-9.552650709210070090e+00 -7.629682937083999583e+00 -6.051573959424434435e+00 -4.817597922263441745e+00 -2.331209933372588861e+00 -3.167091664714212662e+00 -7.989800892044129910e-01 2.554679202847047303e+00 3.441317749758209921e+00 5.418368200941323209e+00 4.371135130098224408e+00 -9.505726646140949532e-01 9.879312416344213643e-01 2.472482776197757026e+00 5.345226693715676269e+00 5.345226693715676269e+00 5.345226693715676269e+00 5.345226693715676269e+00
-9.051278921129892296e+00 -7.062585249505016094e+00 -5.376818534630759316e+00 -4.021530230172077225e+00 -1.814069027182439342e+00 -2.519221652330382533e+00 5.095044557541416053e-01 2.935617848421817389e+00 4.008177526240391586e+00 6.111900041005188911e+00 5.898558903091565497e+00 1.926154551076711519e+00 6.715792764416161909e-01 2.683366837026776253e+00 5.245673702322352305e+00 5.245673702322352305e+00 5.245673702322352305e+00 5.245673702322352305e+00
-8.789218789181242997e+00 -6.551035401225488997e+00 -4.776142522029350523e+00 -3.294547455256783053e+00 -2.265092330877684912e+00 -2.131903793537064828e+00 1.997610927123184332e+00 3.319244666387999754e+00 4.183137351161436257e+00 5.119436251184096065e+00 4.551282461593736173e+00 4.610626276661646372e+00 3.459571649569453289e+00 3.170611041577918066e+00 5.163308234616952319e+00 5.163308234616952319e+00 5.163308234616952319e+00 5.163308234616952319e+00
-8.096790910335100122e+00 -6.382632577754280057e+00 -4.508037420761374925e+00 -2.487982435006086845e+00 -2.504541617527634045e+00 -1.514681102270463819e+00 3.398227572651896011e+00 3.859557807303140020e+00 3.981848049698830216e+00 3.229330979704065907e+00 3.206330427311645970e+00 3.147940502110918803e+00 3.873707592293264224e+00 5.080869839941105859e+00 5.095512988994045145e+00 5.095512988994045145e+00 5.095512988994045145e+00 5.095512988994045145e+00
-7.595457145655510445e+00 -6.249386751773553073e+00 -4.236317270371626975e+00 -2.169854525535924061e+00 -2.595237788230480014e+00 -4.062344805440633033e-01 2.818695980501700227e+00 3.777713033180694513e+00 3.723656813848475355e+00 1.778315882601400499e+00 1.549041654770034082e+00 1.587153527121841989e+00 2.728060454818945324e+00 4.278527241534681558e+00 4.809832043350683151e+00 4.809832043350683151e+00 4.809832043350683151e+00 4.809832043350683151e+00
-7.831716735859288292e+00 -6.092368408378356470e+00 -4.044153122384639865e+00 -1.715839256037104521e+00 -2.478860737296913364e+00 1.690484322445184040e-01 3.095546720934611695e+00 3.988848740687597427e+00 3.064542823384787340e+00 1.579439592121435698e+00 1.011741494791532414e+00 1.086640548751439228e+00 1.980103664363874971e+00 3.591060629420103290e+00 4.909926249839915435e+00 4.909926249839915435e+00 4.909926249839915435e+00 4.909926249839915435e+00
-8.239247104939128263e+00 -6.420070324436289333e+00 -4.186355131891724923e+00 -2.619251337486961262e+00 -1.748690752519783675e+00 -7.999109413532853319e-01 3.094231997650602750e+00 4.032001092033984158e+00 2.983233350597421563e+00 1.455788646749803572e+00 7.722968054142584915e-01 4.710228603789503032e-01 1.256696880638740854e+00 3.268541413945639018e+00 5.390162021337878251e+00 5.390162021337878251e+00 5.390162021337878251e+00 5.390162021337878251e+00
-8.131178862716195610e+00 -6.752668881408096624e+00 -4.191438831406918197e+00 -2.231750481279385134e+00 -2.056126457032380284e+00 -1.088792927915050779e+00 3.202545911702434189e+00 4.056466904797312978e+00 2.725834375474473603e+00 1.200234685279337299e+00 -1.747373690276699421e+00 -1.592156203373515710e+00 1.162411141699585038e+00 3.100486203754718062e+00 5.243900148358670243e+00 5.243900148358670243e+00 5.243900148358670243e+00 5.243900148358670243e+00
-8.190867846356193027e+00 -6.939118496782821666e+00 -4.786400450481934854e+00 -2.411444981103567642e+00 -1.722050292231209312e+00 -1.629558964512631380e+00 3.321442588580893140e+00 3.859571265863793066e+00 2.313590016374543090e+00 9.211170208273280480e-01 -2.423237284005763215e+00 -1.585668971581265740e+00 1.161412055325152792e+00 3.423749194125709661e+00 5.002744366000937859e+00 5.002744366000937859e+00 5.002744366000937859e+00 5.002744366000937859e+00
-8.157839823628650677e+00 -7.262791194257107286e+00 -5.332267765600262166e+00 -3.394678055958581631e+00 -1.805835767089259969e+00 -1.728078799151944844e+00 1.354191500491097155e+00 3.628997679806762022e+00 2.127831749600094469e+00 -2.126246231199362402e-01 -2.566001690711205097e+00 -1.203132911821520823e+00 1.205398410950256682e+00 3.693304311972617882e+00 4.894667745630223443e+00 4.894667745630223443e+00 4.894667745630223443e+00 4.894667745630223443e+00
-8.063157457845463227e+00 -7.165570059702620398e+00 -5.764830225318999801e+00 -4.182126087550710025e+00 -2.106069834566784316e+00 -1.703782059984554120e+00 -8.222306829270101813e-01 2.702013197862997096e+00 2.307016591989952126e+00 -3.664837066514182951e+00 -2.284771038830329282e+00 -4.787748965353018638e-01 1.468524430889319499e+00 3.727899981921565686e+00 4.881021175130228151e+00 4.881021175130228151e+00 4.881021175130228151e+00 4.881021175130228151e+00
-8.292178662595480532e+00 -7.819148358796915943e+00 -6.446280910877685066e+00 -4.923304312799050564e+00 -3.556031134854257481e+00 -1.813154601623113704e+00 -1.955946897168965304e+00 1.666140969195935684e+00 2.122842212733647038e+00 -3.023399025542986340e+00 8.644631463056660914e-02 1.038422783270987360e+00 1.858458902095901699e+00 4.186047541604482447e+00 5.484290335102691927e+00 5.484290335102691927e+00 5.484290335102691927e+00 5.484290335102691927e+00
-8.756386967605596539e+00 -7.826807478658350803e+00 -6.925538260261946633e+00 -5.678967521511733452e+00 -4.316857958531476136e+00 -2.405887544232238273e+00 -2.157400567076328990e+00 -4.936945176740020758e-01 1.568920135500202928e+00 -4.301473557512823509e-02 1.289254201487970986e-01 7.788478751617456952e-01 2.167660866903196037e+00 4.745834750724794660e+00 5.415639973166364030e+00 5.415639973166364030e+00 5.415639973166364030e+00 5.415639973166364030e+00
-9.093660965616797043e+00 -8.189296509118987544e+00 -7.432591236468587326e+00 -6.346263858633561128e+00 -5.273413861744040254e+00 -3.936400824927035913e+00 -1.888391663530772924e+00 -2.290558668828357902e+00 1.017464287297542125e+00 1.221635131531606966e+00 7.641830449442577056e-01 -3.665902690457485402e-01 1.703909366978362261e+00 4.853385976054828355e+00 5.269378100187140035e+00 5.269378100187140035e+00 5.269378100187140035e+00 5.269378100187140035e+00
-9.376871412247938409e+00 -8.494194431922865718e+00 -7.942872708198940757e+00 -7.189932020370020993e+00 -6.297866166886567640e+00 -5.057400145474479913e+00 -2.705553336873639747e+00 -2.499044548512884933e+00 1.697974037913770051e-02 1.403325427722214469e+00 9.489983119303168069e-01 6.793394025692364169e-01 9.454550333858108280e-01 4.073404620684629052e+00 5.002565665704739928e+00 5.002565665704739928e+00 5.002565665704739928e+00 5.002565665704739928e+00
-9.854410227531992916e+00 -8.973960612898434164e+00 -8.488261182218717948e+00 -7.973747674676923580e+00 -7.307143460242873090e+00 -6.352971543010306199e+00 -4.046578486720372680e+00 -2.057669942099132232e+00 -2.194213421458099944e+00 9.361793784697729492e-01 9.720372121552615097e-01 9.380084811087192609e-01 4.638934853147037574e-01 3.905867490891944627e+00 4.842076822442932027e+00 4.842076822442932027e+00 4.842076822442932027e+00 4.842076822442932027e+00
-1.019986573781928385e+01 -9.755962081925293461e+00 -9.284796828415716519e+00 -8.741104863111274881e+00 -8.193462391433307346e+00 -7.144591391182507856e+00 -5.011489873029313813e+00 -3.372316656235206711e+00 -2.630701187977338762e+00 3.251696951999770713e-01 1.108275338863733861e+00 9.649830958854863638e-01 1.680996524643568746e-01 4.422666744229473146e+00 5.475805640838284027e+00 5.475805640838284027e+00 5.475805640838284027e+00 5.475805640838284027e+00
-1.035906601653261561e+01 -1.001554493440718652e+01 -9.521054382479100298e+00 -9.106058503169045082e+00 -8.509220490522231728e+00 -7.547423800495972834e+00 -6.262983376143880676e+00 -3.055883441382939214e+00 -2.724480716782469614e+00 -1.466979324906918958e+00 9.255123834734526600e-01 9.202903097401310406e-01 8.238407102329836640e-01 3.099717250911211863e+00 5.587379797974067586e+00 5.587379797974067586e+00 5.587379797974067586e+00 5.587379797974067586e+00
-1.046893875720301281e+01 -1.010404227075598982e+01 -9.725723824587664268e+00 -9.258711139964802328e+00 -8.737961894534819862e+00 -7.836850923286386994e+00 -6.643516258926356777e+00 -4.920626874410380935e+00 -2.451026117578540386e+00 -2.537942020884712324e+00 8.012485078555093843e-01 8.794656659302498847e-01 6.953941833993453336e-01 2.762664657342708274e+00 5.441117924994840038e+00 5.441117924994840038e+00 5.441117924994840038e+00 5.441117924994840038e+00
-1.043778376742882230e+01 -1.014912508696237659e+01 -9.760922297979615081e+00 -9.384822259278625012e+00 -8.827940263654619812e+00 -8.012671304499292546e+00 -6.869894705974012972e+00 -5.517601584907842138e+00 -3.244479579061853691e+00 -2.774360879488408038e+00 1.356152727666072311e-01 1.025730332618749463e+00 7.463139072785018868e-01 2.606519364649960036e+00 5.294856052015633807e+00 5.294856052015633807e+00 5.294856052015633807e+00 5.294856052015633807e+00
-1.045548308392538317e+01 -1.014033383420965251e+01 -9.849219731184419402e+00 -9.451722585501917351e+00 -8.959379877643739221e+00 -8.237784159663576133e+00 -7.063422749661127042e+00 -5.657592735882325918e+00 -4.020680388832014174e+00 -2.192565928147029108e+00 -1.289062169161989235e+00 7.060081647391506232e-01 2.546816189355787241e-01 2.799375925808295307e+00 4.745044648785480490e+00 4.745044648785480490e+00 4.745044648785480490e+00 4.745044648785480490e+00
-1.053706420214501094e+01 -1.018682484151861800e+01 -9.846486906110095916e+00 -9.479991630544111203e+00 -9.057082247930056340e+00 -8.316848432412003334e+00 -7.226885495927347414e+00 -5.862560070457728756e+00 -4.230597869138509104e+00 -3.154957627950967680e+00 -2.688109875325746856e+00 2.753184959473390925e-01 6.285679224350010363e-01 2.324197082644917867e+00 5.467320946573847706e+00 5.467320946573847706e+00 5.467320946573847706e+00 5.467320946573847706e+00
-1.050704070198885631e+01 -1.018892802161588307e+01 -9.925319282356394268e+00 -9.560695832780380599e+00 -9.103973414976543665e+00 -8.515153948446030796e+00 -7.342659219656872516e+00 -5.863894069101304396e+00 -4.663827676110974707e+00 -3.540123231760168743e+00 -2.707691005581188914e+00 3.528047656728261483e-01 1.612784980849862881e-01 2.507602407608031214e+00 5.908165127574046771e+00 5.908165127574046771e+00 5.908165127574046771e+00 5.908165127574046771e+00
-1.050811944192349756e+01 -1.023121215720847488e+01 -9.905695863650770150e+00 -9.581170181316403855e+00 -9.187195961191381599e+00 -8.523886106042613875e+00 -7.391682528255056894e+00 -5.934925848919782254e+00 -5.090545026189843725e+00 -2.611515412144276738e+00 -3.041345055459515834e+00 -3.337328893576602673e-01 8.436539375416010067e-01 2.482903118466030623e+00 5.612857749802564911e+00 5.612857749802564911e+00 5.612857749802564911e+00 5.612857749802564911e+00
-1.058588453016315434e+01 -1.028286311100356798e+01 -9.957361339888061380e+00 -9.587557237302979374e+00 -9.254066113702085872e+00 -8.605024933446888014e+00 -7.499236629041823754e+00 -5.900657742474912482e+00 -5.230162307526848409e+00 -3.380941008376342261e+00 -2.746891281356835801e+00 -4.962528519247134673e-01 4.921174592260530445e-01 2.433127469891870120e+00 5.466595876823334699e+00 5.466595876823334699e+00 5.466595876823334699e+00 5.466595876823334699e+00
-1.063620841486913093e+01 -1.032378712758869455e+01 -9.986877100867820545e+00 -9.620014809622624341e+00 -9.340323304994706533e+00 -8.781975676266245756e+00 -7.494087882877531470e+00 -5.808384901855745852e+00 -5.391827319866695944e+00 -3.961500144551704850e+00 -1.866255740851590961e+00 -7.382622979852062617e-01 1.129465834281348502e-03 2.318226654485640026e+00 4.664330882413294965e+00 4.664330882413294965e+00 4.664330882413294965e+00 4.664330882413294965e+00
