-1.040105941805754597e+01 -1.028788421568596512e+01 -9.943168391585773591e+00 -9.626961469892210133e+00 -9.299267322034681982e+00 -8.978243796493135420e+00 -8.351685324884901007e+00 -7.254035657008362392e+00 -4.816930347341094709e+00 -2.441729154450002159e+00 -2.340691533170219607e+00 -2.038643502270816310e-02 5.851334610692949800e-01 1.823100279232563015e+00 5.236019835209773987e+00 5.236019835209773987e+00 5.236019835209773987e+00 5.236019835209773987e+00
-1.034343360903500653e+01 -1.015542953747705468e+01 -9.949671716790426501e+00 -9.781642420534081950e+00 -9.441649487489515380e+00 -8.885849357131103687e+00 -8.159984809345747436e+00 -6.744119341521927602e+00 -3.671705952974346765e+00 -2.672133879059662931e+00 -1.707564575265393181e+00 -5.533303252272758765e-02 1.431974524917900116e+00 1.948199423127902286e+00 5.250009256058765672e+00 5.250009256058765672e+00 5.250009256058765672e+00 5.250009256058765672e+00
-1.029272237961901126e+01 -9.921397020767589225e+00 -9.816632944230908819e+00 -9.862364039842637098e+00 -9.576090660169557012e+00 -9.043004131319172245e+00 -8.107711052694432041e+00 -6.696298521214929522e+00 -3.207056220248770906e+00 -3.415601104825520373e+00 -6.640525016215967913e-01 1.418277731824444388e-01 1.525446177944643544e+00 1.927112821186911962e+00 4.875244817388701080e+00 4.875244817388701080e+00 4.875244817388701080e+00 4.875244817388701080e+00
-1.044114622196877029e+01 -1.031370799742329147e+01 -9.716909218000182591e+00 -9.311184000575899233e+00 -9.171037851370071436e+00 -9.238839431564233706e+00 -8.157657139074455444e+00 -6.263645905466090902e+00 -3.075415008770502112e+00 -3.308501597387308646e+00 -2.040720610159862669e-01 5.634891666127017640e-01 1.270215653327277039e+00 2.139320136349072143e+00 4.831108840750477640e+00 4.831108840750477640e+00 4.831108840750477640e+00 4.831108840750477640e+00
-1.052892692160160948e+01 -1.029927773231630184e+01 -9.863109281002994777e+00 -9.576126822169085173e+00 -8.997589106070574161e+00 -8.659150713072598649e+00 -8.136104631455648217e+00 -5.002950737001288672e+00 -3.128416275603187913e+00 -3.146567404390923528e+00 1.242969867892201874e-02 6.006832281552696440e-01 1.723765569309491985e+00 2.312252854928909418e+00 4.773536250735297415e+00 4.773536250735297415e+00 4.773536250735297415e+00 4.773536250735297415e+00
-1.039327763316482489e+01 -1.002244942794961347e+01 -1.012291369870770907e+01 -9.822175738167199910e+00 -9.334679755039024585e+00 -8.534758305626816366e+00 -7.508838054927055694e+00 -3.913724947964119849e+00 -3.922666984092656683e+00 -1.664889294816963572e+00 3.086543953281953301e-01 8.764829733232215592e-01 1.667036667415123130e+00 2.138192209381829745e+00 4.459163891825321357e+00 4.459163891825321357e+00 4.459163891825321357e+00 4.459163891825321357e+00
-1.042339559143023209e+01 -1.023884892272203828e+01 -9.925020393951342612e+00 -9.764761019618296345e+00 -9.318858745493059814e+00 -8.513991827577438443e+00 -7.150840110198590338e+00 -2.640285593559055677e+00 -3.738178154256129204e+00 -4.101388886734156358e-01 7.792401119524398068e-01 1.712847443192139441e+00 1.603899635623996955e+00 3.278771817136454825e+00 4.231439494377719157e+00 4.231439494377719157e+00 4.231439494377719157e+00 4.231439494377719157e+00
-1.044923875287357262e+01 -1.008022763933043109e+01 -9.990644515729510289e+00 -9.719067211920132010e+00 -9.183733198336415882e+00 -8.306118788941041942e+00 -4.932497829066074146e+00 -2.702729721276583952e+00 -2.731798606336254043e+00 2.149458206302733709e-01 1.539275559102665669e+00 1.938859951103767632e+00 1.804728305922025378e+00 4.352005784440090785e+00 5.165606643129403430e+00 5.165606643129403430e+00 5.165606643129403430e+00 5.165606643129403430e+00
-1.038596361854002836e+01 -9.986303100979306180e+00 -9.512949756860958672e+00 -9.077506793765962811e+00 -8.321784568600444132e+00 -6.935251586743212293e+00 -3.700786495710640445e+00 -4.003708171315097708e+00 -1.576733958469798802e+00 1.135235442534323846e+00 2.115567143058937116e+00 2.658629193237168842e+00 3.353485279965969124e+00 4.801148091847721844e+00 5.137191668901335717e+00 5.137191668901335717e+00 5.137191668901335717e+00 5.137191668901335717e+00
-1.044639726934230595e+01 -1.006858371983427780e+01 -9.443605817567966909e+00 -8.442109499054335942e+00 -7.432182775251119367e+00 -5.550330204804096113e+00 -2.392165906915052265e+00 -3.717723328879327660e+00 -5.470488917033737575e-02 1.881299131154106519e+00 3.057586907535351450e+00 3.442768091190812285e+00 4.959530481840815241e+00 4.995080930975038136e+00 5.318759065174681666e+00 5.318759065174681666e+00 5.318759065174681666e+00 5.318759065174681666e+00
-1.027347187143973883e+01 -9.527029025148760155e+00 -8.990384364145636908e+00 -8.448683560549131499e+00 -6.968844347892252600e+00 -4.061496204146960665e+00 -3.571284226140670981e+00 -2.133067357998720048e+00 1.170476302039578975e+00 3.074979294358043180e+00 3.054522035133270030e+00 4.596488726734735408e+00 2.938404283479882917e+00 2.227007104928460990e+00 5.559320659585851310e+00 5.559320659585851310e+00 5.559320659585851310e+00 5.559320659585851310e+00
-9.896023838744106627e+00 -9.030165525119327796e+00 -8.276163189275463239e+00 -7.800635371840255239e+00 -5.420817697614052300e+00 -2.443062858988078290e+00 -2.767858985495971424e+00 3.646757327272134863e-02 2.553795684543044953e+00 3.110067331678526781e+00 4.477375825383319352e+00 3.741620387615994581e+00 1.948473101710085365e+00 2.510886092003071113e+00 5.369175929886310428e+00 5.369175929886310428e+00 5.369175929886310428e+00 5.369175929886310428e+00
-9.406212227616693511e+00 -8.581419108862998968e+00 -7.902068460784105852e+00 -6.300248096627579564e+00 -4.322611530267240987e+00 -2.959085231661399362e+00 -2.671716573802152439e+00 1.051396226102058851e+00 3.189423119552653674e+00 4.064498482869206342e+00 4.691420882112228519e+00 1.999742644829210159e+00 5.067667914725114686e-01 2.423424008910128880e+00 5.217407673651830891e+00 5.217407673651830891e+00 5.217407673651830891e+00 5.217407673651830891e+00
-1.002998370487347657e+01 -7.847492093540720859e+00 -6.741027190943621683e+00 -5.230644579710882702e+00 -3.135993987474936961e+00 -2.200500569821805197e+00 -1.540378264704620248e+00 2.459505827247483900e+00 3.305969591732224266e+00 5.005779826944356969e+00 3.266146887044401925e+00 -1.838278385317065444e+00 3.821688353439001151e-01 2.569649443594949734e+00 5.125196148846016264e+00 5.125196148846016264e+00 5.125196148846016264e+00 5.125196148846016264e+00
-9.422791322227936917e+00 -7.600992482134966366e+00 -5.792038254826689325e+00 -4.435237670958604994e+00 -2.062707593635757508e+00 -2.711462049973252686e+00 1.653170864627422076e-01 3.057129036339468087e+00 3.534676027404177745e+00 5.499745293385275957e+00 4.459553087689069883e+00 -9.122197696440128567e-01 9.872010527222685461e-01 2.491163331876031339e+00 5.237687686648333951e+00 5.237687686648333951e+00 5.237687686648333951e+00 5.237687686648333951e+00
-9.026782489277774602e+00 -6.868049578192890081e+00 -5.093359782463908303e+00 -3.585692837327179028e+00 -1.615967978122001769e+00 -1.820671814773367592e+00 2.247459906504911231e+00 2.973854784031464416e+00 4.149703213409241975e+00 6.300911398906854366e+00 6.023862988601528912e+00 1.930826368616906930e+00 8.205485849808241694e-01 2.772361016296060576e+00 5.198144854328370812e+00 5.198144854328370812e+00 5.198144854328370812e+00 5.198144854328370812e+00
-8.659896198909907028e+00 -6.461998599268917509e+00 -4.491467650139433943e+00 -2.558315658277677596e+00 -1.779142750396040640e+00 -8.592433650855626492e-01 3.138347398534681254e+00 3.349741779931107999e+00 4.218587559164567402e+00 5.093156623074033718e+00 4.584954730497679876e+00 4.719631955646619303e+00 3.837743217571533805e+00 3.213955517664721206e+00 5.337643861738878392e+00 5.337643861738878392e+00 5.337643861738878392e+00 5.337643861738878392e+00
-7.927116395469525401e+00 -6.110260505408338538e+00 -4.187618298170098896e+00 -1.759014879078102833e+00 -2.154729915942323881e+00 7.104816462933000176e-01 3.486201764969694139e+00 3.868590417140755466e+00 4.117670243343921399e+00 3.234494111927514570e+00 3.370939731857819588e+00 3.173447762171442754e+00 3.942312311032955208e+00 5.156453381761829213e+00 5.314465312906420991e+00 5.314465312906420991e+00 5.314465312906420991e+00 5.314465312906420991e+00
-7.439114919760250189e+00 -6.015158870250698619e+00 -3.998517599599328953e+00 -1.658130046152482162e+00 -1.588118929698288717e+00 2.227255868198446453e+00 3.120461540960217661e+00 3.836850212433039253e+00 3.776657786588754728e+00 1.770681449563192622e+00 1.520933673364925021e+00 1.559920819036618056e+00 2.814542516482275492e+00 4.285984423369272989e+00 5.113200628791342517e+00 5.113200628791342517e+00 5.113200628791342517e+00 5.113200628791342517e+00
-7.919067705932551604e+00 -6.087324903372016038e+00 -3.689942454463991162e+00 -2.470538518525923877e+00 -1.585901982537382793e+00 2.514361254071880936e+00 3.037710393480395954e+00 4.039381426095519423e+00 3.074302361370135017e+00 1.534142164663608643e+00 7.260355739690425025e-01 9.882708353711702198e-01 1.994924595018215951e+00 3.636698990216034488e+00 5.342219511281744992e+00 5.342219511281744992e+00 5.342219511281744992e+00 5.342219511281744992e+00
-8.181609096002155468e+00 -6.196297364361906368e+00 -3.823331634198374740e+00 -1.532853980912375125e+00 -1.460154065291279224e+00 2.332694877376682463e+00 3.115102756921902305e+00 4.014183032030660847e+00 2.986641050603835446e+00 1.406813875343592368e+00 5.667474258530111886e-01 3.931988666772436858e-01 1.275096743980602243e+00 3.343531252979251356e+00 5.263648787795411010e+00 5.263648787795411010e+00 5.263648787795411010e+00 5.263648787795411010e+00
-8.031547163787742249e+00 -6.234064523911506228e+00 -3.810966737468872267e+00 -1.784093059636078005e+00 -1.251593254429947066e+00 2.461915421844943719e+00 3.178319867618712102e+00 4.085661177013565570e+00 2.785931126427724891e+00 1.179425728842211418e+00 -2.560084370555804512e+00 -1.548146503301158328e+00 1.196922850669349003e+00 3.187652519063684853e+00 5.224105955475451424e+00 5.224105955475451424e+00 5.224105955475451424e+00 5.224105955475451424e+00
-8.067680874418524439e+00 -6.876070765129394857e+00 -4.588108387352641593e+00 -2.774819553714730436e+00 -1.677103248881849584e+00 9.012067346390992828e-01 3.151049876016573936e+00 3.944291409332701726e+00 2.334480544904390165e+00 7.932838988782611178e-01 -2.541327756312623087e+00 -1.548493367162262713e+00 1.223768606306576023e+00 3.498195433690297840e+00 5.377843033460663946e+00 5.377843033460663946e+00 5.377843033460663946e+00 5.377843033460663946e+00
-8.034574544624550896e+00 -7.159227421155363480e+00 -4.972325876496970665e+00 -2.842698232068237907e+00 -1.430131085116874923e+00 -9.420825867305127055e-01 3.171511703766297430e+00 3.734840969571028069e+00 2.050746943233003883e+00 -2.012539678818543898e+00 -2.655857440414742143e+00 -1.219188277644784435e+00 1.247490561210321980e+00 3.731352119514953714e+00 5.259754695926527113e+00 5.259754695926527113e+00 5.259754695926527113e+00 5.259754695926527113e+00
-7.933234658493815594e+00 -7.108291450391993394e+00 -5.516851671604538154e+00 -3.923260319415523778e+00 -2.862673184964377171e+00 -1.551071475762382024e+00 9.391259906839831695e-01 2.971468054341876552e+00 1.921499213770321290e+00 -3.730053279765222385e+00 -2.397374788451156924e+00 -4.850537985328260970e-01 1.463379227670042582e+00 3.736223719655419551e+00 5.423726306483017012e+00 5.423726306483017012e+00 5.423726306483017012e+00 5.423726306483017012e+00
-8.304697162185279424e+00 -7.684322435034701471e+00 -6.394732737539500889e+00 -4.843959524622543533e+00 -3.024758802043719719e+00 -2.059550278641798293e+00 -8.844606679729978271e-01 2.369628961011248869e+00 1.473492909661663575e+00 -3.260467375782308608e+00 -1.456754706223400420e-01 1.017730397988796831e+00 1.848661466922272734e+00 4.143281321258057481e+00 5.373887773811826030e+00 5.373887773811826030e+00 5.373887773811826030e+00 5.373887773811826030e+00
-8.718772981365781050e+00 -7.717934338856863974e+00 -6.769830238014708179e+00 -5.431725969829482636e+00 -4.086383881195773782e+00 -2.509776436076916806e+00 -2.032903042416785322e+00 2.495001265435186077e-01 1.839161229209288706e+00 -3.255670013869798041e-01 4.298635787060320346e-01 3.110120209093393817e-01 2.195874955851096821e+00 4.649233675426296841e+00 5.289609888942488070e+00 5.289609888942488070e+00 5.289609888942488070e+00 5.289609888942488070e+00
-9.050933946721784196e+00 -8.234611033875316011e+00 -7.396489469831209362e+00 -6.264973794797400686e+00 -5.043162201414395085e+00 -3.854499933018397329e+00 -1.857179240265605991e+00 -1.515235216024513720e+00 1.167913932999387283e+00 1.405294849654482148e+00 4.204715188320312103e-01 3.813762396190829018e-01 1.861366212256643227e+00 4.760391392261982269e+00 5.250067056622523154e+00 5.250067056622523154e+00 5.250067056622523154e+00 5.250067056622523154e+00
-9.335325396039360513e+00 -8.489296779794740289e+00 -7.937755341264995934e+00 -7.260556834706818563e+00 -6.213512958988482993e+00 -4.956259675183043001e+00 -2.740346073249140257e+00 -2.065034850098424801e+00 -3.284635275968034174e-03 9.899290153559899830e-01 8.907537252036585862e-01 4.795128878443674081e-01 1.184096177526162919e+00 4.103786709063558469e+00 5.176065347825071328e+00 5.176065347825071328e+00 5.176065347825071328e+00 5.176065347825071328e+00
-9.918608215752799495e+00 -8.963372642934421819e+00 -8.538499596272753678e+00 -8.066739818118213279e+00 -7.346208453641363434e+00 -6.432683907058029504e+00 -4.487792461451176607e+00 -2.259188320096491509e+00 -1.857860149821827900e+00 7.212311801490141061e-01 1.069760904643604071e+00 9.739222616721002757e-01 9.709421377327430436e-02 3.927184989676586913e+00 5.355575503624313782e+00 5.355575503624313782e+00 5.355575503624313782e+00 5.355575503624313782e+00
-1.029657472706772836e+01 -9.808360351836942215e+00 -9.304978195934456409e+00 -8.820128196663436171e+00 -8.263347900011131841e+00 -7.212050630501450676e+00 -5.523593020158544142e+00 -3.265860836307389548e+00 -2.322806100359033010e+00 -2.573280087879241673e-01 9.869603788342883322e-01 1.123161411190848780e+00 2.837839570530504840e-01 4.350586620348484423e+00 5.439391707278858235e+00 5.439391707278858235e+00 5.439391707278858235e+00 5.439391707278858235e+00
-1.036221382526231061e+01 -1.001094578528177692e+01 -9.557696732338147427e+00 -9.141415434354938085e+00 -8.571535952998086572e+00 -7.647749391552263631e+00 -6.339443608602501001e+00 -4.116146432014407885e+00 -2.761114017625273309e+00 -2.118601126243985444e+00 8.630741554326069043e-01 9.496551331633160675e-01 7.867874929018291441e-01 3.826434070938637078e+00 5.355113822409523827e+00 5.355113822409523827e+00 5.355113822409523827e+00 5.355113822409523827e+00
-1.037253210918758484e+01 -1.010027544532642629e+01 -9.715512209210437788e+00 -9.295761371968696452e+00 -8.800931551031004219e+00 -7.892725868254320432e+00 -6.633529314862549597e+00 -5.298350230756428303e+00 -3.281645368750777614e+00 -2.501578084067753949e+00 -5.950138947851573573e-02 1.150088452223890556e+00 5.448847971720498506e-01 2.868851491449380120e+00 5.315570990089565129e+00 5.315570990089565129e+00 5.315570990089565129e+00 5.315570990089565129e+00
-1.042264706314652933e+01 -1.012924518731184165e+01 -9.673612625673809973e+00 -9.424482150672030656e+00 -8.932136819002238326e+00 -8.067718135135940827e+00 -6.857083490748033583e+00 -5.586499093996389220e+00 -3.951932457562049361e+00 -2.418609023719958007e+00 -1.739549745220505539e+00 7.668411177581563321e-01 3.834947198713788974e-01 2.619677220643698234e+00 5.276028157769603766e+00 5.276028157769603766e+00 5.276028157769603766e+00 5.276028157769603766e+00
-1.044059661510263481e+01 -1.013251594373695319e+01 -9.869874513189882848e+00 -9.489752611212026068e+00 -9.036872580978080549e+00 -8.275707547160038757e+00 -7.025644105464376565e+00 -5.729022749368816392e+00 -4.794594224741206112e+00 -2.418860921068958447e+00 -2.208801959241348811e+00 2.160174466450670849e-01 5.636918637642088781e-01 2.769271305265785799e+00 5.256827579883422530e+00 5.256827579883422530e+00 5.256827579883422530e+00 5.256827579883422530e+00
-1.049388362332276614e+01 -1.018680061523554414e+01 -9.833203564572039923e+00 -9.502469718827271095e+00 -9.129614440123107855e+00 -8.407511112466606207e+00 -7.169761745894142280e+00 -5.767526324319777409e+00 -5.099140216121284652e+00 -3.088744359678541329e+00 -2.524911052987063087e+00 -2.402349932819102321e-02 3.560188890978056575e-01 2.358155181545166457e+00 5.504895640745893104e+00 5.504895640745893104e+00 5.504895640745893104e+00 5.504895640745893104e+00
-1.049976392030237804e+01 -1.020998666658559273e+01 -9.921643479708420088e+00 -9.580549922922539707e+00 -9.158559489012386479e+00 -8.576767539195254031e+00 -7.326974297317224938e+00 -5.818214678225949399e+00 -4.980483588761764224e+00 -3.361422614049516699e+00 -2.334001722748313856e+00 -5.698725329685753183e-01 1.617103905946020159e-01 2.344550477868896365e+00 5.465352808425934406e+00 5.465352808425934406e+00 5.465352808425934406e+00 5.465352808425934406e+00
-1.052348291939479097e+01 -1.027281661663044154e+01 -9.912035525330345820e+00 -9.591191948406690315e+00 -9.248560791738015041e+00 -8.592712717643331999e+00 -7.370248742564350586e+00 -5.899726703399432282e+00 -5.090770230304157096e+00 -3.186284352120276608e+00 -3.114072583586489529e+00 -1.578903543122541553e+00 3.099975458822557539e-01 2.230937632880067412e+00 5.381074923556596445e+00 5.381074923556596445e+00 5.381074923556596445e+00 5.381074923556596445e+00
-1.058685760808159948e+01 -1.025327021234514824e+01 -9.940028789359619310e+00 -9.623669067076672690e+00 -9.263286925009184714e+00 -8.689684907323766083e+00 -7.582667184763597135e+00 -5.915848747975459787e+00 -5.158592960700907781e+00 -3.682952170061558839e+00 -3.457097622797613568e+00 -1.778586860132125747e+00 -1.355726423647541368e-01 2.254892737406767100e+00 5.343130871898317480e+00 5.343130871898317480e+00 5.343130871898317480e+00 5.343130871898317480e+00
-1.060149775293609054e+01 -1.027009096926304466e+01 -9.977076089596149444e+00 -9.636166475062484693e+00 -9.302364153734082208e+00 -8.870140872211946359e+00 -7.573118926740736612e+00 -5.884871622287369597e+00 -5.211915677994205964e+00 -3.776627531332775511e+00 -3.807408669469684703e+00 -2.186603826745558088e+00 -4.817335941477303152e-01 2.368948978881090017e+00 5.090499138386389788e+00 5.090499138386389788e+00 5.090499138386389788e+00 5.090499138386389788e+00
