-1.052840832888431066e+01 -1.023370310029182484e+01 -9.968467191115305326e+00 -9.615770142306493184e+00 -9.290600714408181915e+00 -8.949386777676217264e+00 -8.188144003384097758e+00 -6.514807847947219344e+00 -4.025505880467661335e+00 -3.810372225577679739e+00 -2.486469549060003725e+00 -4.761657882272879450e-01 1.625244657412077132e+00 2.117729827152254440e+00 5.556281696271982540e+00 5.556281696271982540e+00 5.556281696271982540e+00 5.556281696271982540e+00
-1.045103134626425856e+01 -1.015593717882051372e+01 -9.995337524545133689e+00 -9.761889881119930834e+00 -9.365968310584324996e+00 -8.832185492150554040e+00 -7.933915965311545193e+00 -5.943292294244892915e+00 -4.241347192184610648e+00 -4.273412920422653194e+00 -1.662574567164711192e+00 1.009914456237177710e-01 1.661397045756151325e+00 2.083836871253170298e+00 5.493692231267140791e+00 5.493692231267140791e+00 5.493692231267140791e+00 5.493692231267140791e+00
-1.026197167932144083e+01 -9.817646142220894490e+00 -9.964608593160871663e+00 -9.857352074653359608e+00 -9.512550730383802389e+00 -8.921837444609971968e+00 -7.904287949915662637e+00 -5.564863363291555842e+00 -2.946733011379852218e+00 -3.719640532081024631e+00 -9.062655428189964057e-01 4.084392476005221928e-02 2.167899301936913492e+00 2.097044746622235500e+00 5.743766034383629204e+00 5.743766034383629204e+00 5.743766034383629204e+00 5.743766034383629204e+00
-1.041560671518357850e+01 -1.017719112576828344e+01 -9.678157310573393346e+00 -9.390576061954069687e+00 -9.379275985963682061e+00 -8.995051495499001959e+00 -7.733550650498249190e+00 -4.556039119901019063e+00 -2.899912452549051611e+00 -2.318627042727523069e+00 -7.468982493212386053e-01 3.720408857235884548e-01 2.177463875740327293e+00 2.128223658273479479e+00 5.102693611430820120e+00 5.102693611430820120e+00 5.102693611430820120e+00 5.102693611430820120e+00
-1.051448480215167258e+01 -1.019962862745908438e+01 -9.959342623731476607e+00 -9.456610089983614742e+00 -8.937350931708264667e+00 -8.579916901950449315e+00 -7.083122769555745712e+00 -4.146511536022634559e+00 -3.424935279068966665e+00 -3.376426422277251316e+00 -6.313273976780151564e-01 1.325908640792133220e+00 1.723685390826775077e+00 2.363024080142197114e+00 5.053170018653349693e+00 5.053170018653349693e+00 5.053170018653349693e+00 5.053170018653349693e+00
-1.022666506781950346e+01 -1.012322327389505006e+01 -1.017726505856082575e+01 -9.789110874439932886e+00 -9.198172409318519982e+00 -8.230049670740703149e+00 -6.538822363667753379e+00 -4.982489641510530198e+00 -3.950425604110986200e+00 -2.245573662456240793e+00 -4.246683711391618377e-01 1.374582465904194528e+00 1.597094430636371465e+00 2.150123476114100374e+00 4.650809642829139889e+00 4.650809642829139889e+00 4.650809642829139889e+00 4.650809642829139889e+00
-1.051631744364331844e+01 -1.019010005231794302e+01 -1.004883496042899083e+01 -9.680643022199051373e+00 -9.178624748951346390e+00 -8.234773163194930135e+00 -5.253992312418091615e+00 -5.235772425373174777e+00 -3.504079570335883798e+00 -1.227713917548520772e+00 7.856492751772488070e-01 1.871374471740597345e+00 1.734479811573589769e+00 2.985910095805336173e+00 4.460092057243962849e+00 4.460092057243962849e+00 4.460092057243962849e+00 4.460092057243962849e+00
-1.039399537196849899e+01 -1.024690280176561430e+01 -1.009482222024700171e+01 -9.625389381102440467e+00 -9.077558535782941362e+00 -7.909630692435858812e+00 -4.114853752422730437e+00 -4.750985245080950214e+00 -3.219690119580824295e+00 -1.044864968467505317e+00 1.299169643875141444e+00 2.001313967981458664e+00 1.906030166794568936e+00 4.275639947214899372e+00 5.550931948865579280e+00 5.550931948865579280e+00 5.550931948865579280e+00 5.550931948865579280e+00
-1.049625925368771462e+01 -9.987634427671904902e+00 -9.635895285099021379e+00 -9.528896967285477970e+00 -8.430646890904334612e+00 -6.898270136092127913e+00 -3.688077117453081311e+00 -4.909310369500323290e+00 -1.951248831794758498e+00 -2.619485380991316559e-01 1.877837077228975637e+00 2.586401511259806441e+00 3.223366658210051749e+00 4.672345171274726816e+00 5.584416048544110112e+00 5.584416048544110112e+00 5.584416048544110112e+00 5.584416048544110112e+00
-1.056887867115153412e+01 -1.010494394856905487e+01 -9.329048098608984319e+00 -8.425024434575902887e+00 -7.586606499552205563e+00 -5.524944680264676222e+00 -2.605954626748957725e+00 -3.920924119121502738e+00 -1.066229877989596231e+00 5.962991886388683271e-01 2.691466592603839469e+00 3.322376096074887375e+00 4.887760918111089481e+00 4.917438124441143366e+00 5.757332876663735277e+00 5.757332876663735277e+00 5.757332876663735277e+00 5.757332876663735277e+00
-1.029309064968435372e+01 -9.684177135102634892e+00 -8.934272132722309578e+00 -8.456212242763838205e+00 -6.783113581008866966e+00 -4.345236817321748823e+00 -3.790370143921369284e+00 -2.514466638547603328e+00 -1.440101168557098577e-01 1.978838859939576533e+00 2.822707476363762069e+00 4.501863486937286218e+00 3.073322847299369442e+00 2.195840374405680251e+00 5.795414962241091317e+00 5.795414962241091317e+00 5.795414962241091317e+00 5.795414962241091317e+00
-9.939838037096428991e+00 -9.160279400825436014e+00 -8.617342353832668778e+00 -7.755510032185076952e+00 -6.059551069026267278e+00 -3.105478961767305091e+00 -3.860756167314381759e+00 -2.216083206886642287e+00 4.559641302362700821e-01 3.099391607702130180e+00 4.424739502315312656e+00 3.737473711044699609e+00 2.024305655855672459e+00 2.452755667887954516e+00 5.884033484739402020e+00 5.884033484739402020e+00 5.884033484739402020e+00 5.884033484739402020e+00
-9.545989546968725037e+00 -8.815544890464927619e+00 -7.931626560364994916e+00 -6.782746244242234823e+00 -4.971598681950487375e+00 -2.393520504733888554e+00 -3.966242616931974663e+00 -7.766223705364352359e-01 1.515480367082447710e+00 3.863460383844268264e+00 4.491677442567306500e+00 2.068325819102712959e+00 1.486312711178138679e+00 2.379989905620497836e+00 5.607359938207167716e+00 5.607359938207167716e+00 5.607359938207167716e+00 5.607359938207167716e+00
-9.901922279312122654e+00 -8.196460638106254137e+00 -7.247922800560205658e+00 -5.783169498141712772e+00 -3.899833563828680738e+00 -2.045321945748385328e+00 -3.096234438634333230e+00 5.103919102899737159e-02 3.170335386872908057e+00 4.879635667987530567e+00 3.241105174583916337e+00 -1.966080340653580061e+00 3.903296283528615018e-01 2.464664694794643562e+00 5.463761934932219511e+00 5.463761934932219511e+00 5.463761934932219511e+00 5.463761934932219511e+00
-9.728736716744881718e+00 -7.769968541187921574e+00 -6.357408698578133510e+00 -4.859622557248824748e+00 -2.701663702865866767e+00 -1.980450993488363842e+00 -2.296581447191665681e+00 8.953731421940113178e-01 3.316560017667451454e+00 5.436554105653690350e+00 4.337614860192726240e+00 -1.085916164587369614e+00 9.927672832576368567e-01 2.406627412335687666e+00 5.557274965974161596e+00 5.557274965974161596e+00 5.557274965974161596e+00 5.557274965974161596e+00
-9.048635391678372386e+00 -7.340356655004589115e+00 -5.718328863981735566e+00 -3.906429389848946165e+00 -3.260514502634777489e+00 -2.218285426328921339e+00 -1.730859174255580335e+00 2.505424699407074574e+00 3.970987308236201496e+00 6.010021241811286608e+00 5.857371345417151431e+00 1.963216484159376218e+00 7.092923410107976334e-01 2.654487516602187736e+00 5.534112822943812127e+00 5.534112822943812127e+00 5.534112822943812127e+00 5.534112822943812127e+00
-8.837359856772081912e+00 -6.867047420978818373e+00 -5.116136648906616458e+00 -3.259760281790266223e+00 -3.499228477482221322e+00 -2.854068540692551004e+00 -6.108252906567029905e-01 3.263733531769289264e+00 4.126663346769704255e+00 4.984304912378489938e+00 4.519279025692656049e+00 4.489994700233449265e+00 3.477195780867273989e+00 3.204081190848624416e+00 5.567155220535978444e+00 5.567155220535978444e+00 5.567155220535978444e+00 5.567155220535978444e+00
-8.258892650634619415e+00 -6.613430197087978080e+00 -4.991161555427845897e+00 -2.816655297179774475e+00 -2.584593015971714092e+00 -3.180101974868699166e+00 4.833463952887204207e-02 3.815240895675526378e+00 3.870995017284601047e+00 3.140629538440693924e+00 3.205479232385919808e+00 3.093383482611348434e+00 3.852857787020295355e+00 5.028923034394026104e+00 5.685329493735066464e+00 5.685329493735066464e+00 5.685329493735066464e+00 5.685329493735066464e+00
-7.763138328708363289e+00 -6.616476501761358264e+00 -4.766217686775439333e+00 -2.792732510540087976e+00 -1.829796228191880036e+00 -1.831723571012018770e+00 7.754539280692080983e-01 3.679714714235053030e+00 3.615994967741993804e+00 1.793801088362150242e+00 1.629222736932197879e+00 1.676612438428882079e+00 2.664252716894008444e+00 4.248244720026336019e+00 5.317293522756957103e+00 5.317293522756957103e+00 5.317293522756957103e+00 5.317293522756957103e+00
-7.854181908818315350e+00 -6.442200418117455030e+00 -4.854941534367239520e+00 -2.920726341558599337e+00 -1.372271419408588766e+00 -3.714938073425869680e-01 2.197864867271430711e+00 3.883831196429996524e+00 3.008468302638464209e+00 1.599654611187608211e+00 1.191387178834842464e+00 1.226007748537324415e+00 1.915941609535722456e+00 3.619019348985346163e+00 5.406722059525391977e+00 5.406722059525391977e+00 5.406722059525391977e+00 5.406722059525391977e+00
-8.163389531832876855e+00 -6.415658363864144675e+00 -4.823261071728802030e+00 -2.893557680128993503e+00 -1.471398407732465774e+00 -9.365728325315351988e-02 3.093916203425604916e+00 3.899101565667892899e+00 2.864004861834321236e+00 1.517605979134257765e+00 9.357754321694636834e-01 7.446977062009005888e-01 1.275907607856014536e+00 3.203445322089447878e+00 5.394426872565629694e+00 5.394426872565629694e+00 5.394426872565629694e+00 5.394426872565629694e+00
-8.179743057429032405e+00 -6.933572185275235888e+00 -4.811818727311557353e+00 -2.745006256072180850e+00 -1.779770334162598333e+00 -4.626445105995259377e-01 1.769611580237559156e+00 3.970153365368394915e+00 2.662313109638437592e+00 1.358822301620850714e+00 -9.051172760313098697e-01 -1.592221282184775877e+00 1.165772131029832570e+00 3.042063688439568203e+00 5.371264729535274896e+00 5.371264729535274896e+00 5.371264729535274896e+00 5.371264729535274896e+00
-8.234568917678423361e+00 -7.034052122677689312e+00 -5.334423690224439518e+00 -3.000550791980290288e+00 -2.517783467990530877e+00 -1.296956366342217004e+00 3.906877831380136668e-01 3.784044197652120189e+00 2.213027217415656445e+00 1.119315756481163326e+00 -2.340425064437880565e+00 -1.493990914927506575e+00 1.146200145185252151e+00 3.386385419554146736e+00 5.422159261050289558e+00 5.422159261050289558e+00 5.422159261050289558e+00 5.422159261050289558e+00
-8.155686171121782735e+00 -7.365581901999898484e+00 -5.631321392969246276e+00 -3.895917920041871430e+00 -2.096855473727453401e+00 -1.491148110001693006e+00 -1.286736449064816767e+00 3.447374476492047535e+00 2.087097106175364480e+00 8.479419662434790617e-01 -2.484519615757053934e+00 -1.219001874864268142e+00 1.202122212736031148e+00 3.629939454582832514e+00 5.452517444159147075e+00 5.452517444159147075e+00 5.452517444159147075e+00 5.452517444159147075e+00
-8.201726692001008345e+00 -7.283630409272220163e+00 -6.074885343801311066e+00 -4.662046301577232654e+00 -2.972481150134933081e+00 -1.676201037905650892e+00 -1.686501601053488786e+00 9.382430104520658176e-01 2.371201055425703252e+00 -3.445590273236685430e+00 -2.302399860145669663e+00 -6.966925756137829495e-01 1.462176316154954137e+00 3.741046080731107004e+00 5.274301300867088038e+00 5.274301300867088038e+00 5.274301300867088038e+00 5.274301300867088038e+00
-8.307098601236102553e+00 -7.726606644414776959e+00 -6.338040335775037448e+00 -5.229887303818617106e+00 -3.978920356703150585e+00 -2.119498822795607751e+00 -2.465772291337442468e+00 -1.625051776594954034e-01 2.240736289345431675e+00 -2.818396922018338913e+00 2.261346045308257613e-01 1.068747063133643982e+00 1.800859877518858232e+00 4.191386727703362958e+00 5.250377984960503674e+00 5.250377984960503674e+00 5.250377984960503674e+00 5.250377984960503674e+00
-8.771098819151498915e+00 -7.870964355778257371e+00 -6.829379451355928055e+00 -5.787342000492484040e+00 -4.652542198625832626e+00 -3.196774296706085039e+00 -1.982174539474543140e+00 -2.023544009748046602e+00 1.333125276516301527e+00 1.290079947310127872e+00 2.489968488346107345e-01 8.794251706185218787e-01 2.114034460907265878e+00 4.760409335144229814e+00 5.231578779157086245e+00 5.231578779157086245e+00 5.231578779157086245e+00 5.231578779157086245e+00
-9.136242884529329089e+00 -8.218633956640816862e+00 -7.339039871906168244e+00 -6.379358827182390002e+00 -5.410558854098249881e+00 -4.292186332694044815e+00 -2.217666064031673656e+00 -2.800040732018297618e+00 3.480927786539300683e-03 1.542655267045404788e+00 1.058059191661478327e+00 3.596322280344506073e-01 1.678370620665214918e+00 4.883132652898901860e+00 5.208416636126731447e+00 5.208416636126731447e+00 5.208416636126731447e+00 5.208416636126731447e+00
-9.421788085227982279e+00 -8.524911245649292368e+00 -7.839794781489138664e+00 -7.182653992431918155e+00 -6.376470162621536986e+00 -5.210507886300218772e+00 -2.704391171002466621e+00 -2.546451595065760465e+00 -1.932807348624693500e+00 1.454464675754762792e+00 1.272784922410945319e+00 9.384626164168758944e-01 9.938446459683543122e-01 4.070553864399540700e+00 5.194661968747727343e+00 5.194661968747727343e+00 5.194661968747727343e+00 5.194661968747727343e+00
-9.769159150448416540e+00 -8.960721979186658359e+00 -8.415187328486013030e+00 -7.934001629082732876e+00 -7.294283665005663941e+00 -6.388099050579512550e+00 -3.947511845489720450e+00 -2.963353772558217525e+00 -2.485083190134689257e+00 6.464594323867809411e-01 1.326078267038285574e+00 1.126386433744833493e+00 2.928577378362798855e-01 3.900539048593597347e+00 5.100186672973618940e+00 5.100186672973618940e+00 5.100186672973618940e+00 5.100186672973618940e+00
-1.017153361682296797e+01 -9.738679402708086741e+00 -9.237681687158943333e+00 -8.654636629150411764e+00 -8.080587829979934966e+00 -7.084439664552969695e+00 -5.040642448664693909e+00 -2.488532831677281010e+00 -3.330926248676683521e+00 1.546270339928925153e-01 1.342470792580319650e+00 1.198524277615161671e+00 6.527950533023177959e-01 4.606094614119784048e+00 5.110455713326032878e+00 5.110455713326032878e+00 5.110455713326032878e+00 5.110455713326032878e+00
-1.036411701760065007e+01 -9.987275046006223178e+00 -9.470881975836446642e+00 -9.035564258199746845e+00 -8.448926390321656044e+00 -7.456627173480445236e+00 -6.114840248809575662e+00 -2.650478373445949831e+00 -3.329850266947423698e+00 -1.334799335198048942e+00 1.246034581650299788e+00 1.238345310210186234e+00 8.990277480890458417e-01 2.931968469423420487e+00 5.091892828778890490e+00 5.091892828778890490e+00 5.091892828778890490e+00 5.091892828778890490e+00
-1.046098224736644156e+01 -1.011005552837239740e+01 -9.693525796573714715e+00 -9.238168791650194223e+00 -8.698110164374174502e+00 -7.795137034577853008e+00 -6.570345692232275603e+00 -3.622611095096990308e+00 -2.797172092746652794e+00 -2.868145464037148873e+00 9.566249402092994458e-01 1.262572363509247175e+00 9.453001993235944367e-01 2.179021263511354167e+00 5.068730685748550790e+00 5.068730685748550790e+00 5.068730685748550790e+00 5.068730685748550790e+00
-1.048044597825394852e+01 -1.011459414042107419e+01 -9.784486487201096594e+00 -9.359979796006779651e+00 -8.785496697652128262e+00 -7.996448612380289589e+00 -6.816137045185535648e+00 -4.967331015965697816e+00 -2.265972042780759033e+00 -3.648412856923084036e+00 3.819665501815217024e-01 1.210117184234838383e+00 9.660755289075152463e-01 2.339548668254750829e+00 5.045568542718195104e+00 5.045568542718195104e+00 5.045568542718195104e+00 5.045568542718195104e+00
-1.047556213220529386e+01 -1.016494536828640527e+01 -9.884216110596865335e+00 -9.460405792806398040e+00 -8.924198345693765688e+00 -8.188628208126777608e+00 -7.094550424483315965e+00 -5.315059894735533419e+00 -2.757046683279845478e+00 -3.771055326413239595e+00 -6.430108646973443920e-02 1.118661496814729261e+00 9.075814448844372606e-01 2.686455784773089661e+00 4.960500722595423184e+00 4.960500722595423184e+00 4.960500722595423184e+00 4.960500722595423184e+00
-1.051401336278169296e+01 -1.016147102764593946e+01 -9.869447568383877822e+00 -9.516432060868190490e+00 -9.028939830291630386e+00 -8.266089206182163807e+00 -7.179977014341688779e+00 -5.839196501849240661e+00 -3.200520335928901616e+00 -4.594034401180164373e+00 -1.212539423490334611e+00 9.980671204159162757e-01 9.606736678991032452e-01 2.254915708449705569e+00 4.962491280883805977e+00 4.962491280883805977e+00 4.962491280883805977e+00 4.962491280883805977e+00
-1.052629605564635895e+01 -1.021578958916538937e+01 -9.874723662545219938e+00 -9.554738542444592753e+00 -9.082951835442521826e+00 -8.457692525135035666e+00 -7.384818835935071490e+00 -5.962846480649443670e+00 -3.212921865523780784e+00 -3.118183256103183698e+00 -3.035496261934197193e+00 7.080594863429524599e-01 9.675350783333558358e-01 2.355703291189523263e+00 4.942799402749372462e+00 4.942799402749372462e+00 4.942799402749372462e+00 4.942799402749372462e+00
-1.055886098728486999e+01 -1.023360381742771708e+01 -9.922280283591842220e+00 -9.578141525539097145e+00 -9.168447484022735239e+00 -8.484894343213301937e+00 -7.436907672583064510e+00 -6.041491337214832669e+00 -3.844266867903149087e+00 -3.567409692233599383e+00 -3.358209657970525619e+00 2.985793315499835621e-01 8.981841312835503466e-01 2.387513526904348371e+00 4.929044735370375463e+00 4.929044735370375463e+00 4.929044735370375463e+00 4.929044735370375463e+00
-1.059316153678414985e+01 -1.027294815849366394e+01 -1.000251357805617403e+01 -9.611393479973195042e+00 -9.231007584316303749e+00 -8.533405427562026802e+00 -7.547941458224508793e+00 -6.025083761343237754e+00 -4.214597455384591740e+00 -3.541044014505303927e+00 -3.558157880243744575e+00 -6.964216163493391898e-02 6.713678738032025084e-01 2.446916669250302601e+00 4.905882592340007342e+00 4.905882592340007342e+00 4.905882592340007342e+00 4.905882592340007342e+00
-1.061532112120892357e+01 -1.030868936750815834e+01 -9.989798502989135187e+00 -9.646858917565841907e+00 -9.318637141471317165e+00 -8.725260694473528034e+00 -7.579123576464092515e+00 -6.074929874280862840e+00 -4.884083156216010302e+00 -3.340325873184931016e+00 -3.548900254337248761e+00 -3.183852323086420744e-01 6.291109270754722260e-01 2.562166473490468555e+00 4.806016095524085152e+00 4.806016095524085152e+00 4.806016095524085152e+00 4.806016095524085152e+00
