-1.056013768486975657e+01 -1.023050841420046275e+01 -9.970787360287269863e+00 -9.612395533185027929e+00 -9.299439915708120452e+00 -8.942162719030479323e+00 -8.218792233268390035e+00 -6.565405130087929031e+00 -3.948260476433460120e+00 -3.848973513349446041e+00 -2.491218064570141166e+00 -3.315967275432407102e-01 1.485355826169826532e+00 2.098357587081144615e+00 5.483100361796672928e+00 5.483100361796672928e+00 5.483100361796672928e+00 5.483100361796672928e+00
-1.043568750541272117e+01 -1.012688152473043601e+01 -9.994661581620221114e+00 -9.760576169947867697e+00 -9.386075752794706517e+00 -8.841911528392524033e+00 -7.963713275693629967e+00 -6.004076659752414002e+00 -4.112780066026227033e+00 -4.242954737421547051e+00 -1.758442445886336136e+00 1.192629401372770209e-01 1.750783603816697953e+00 2.067653682631722223e+00 5.346400871728998361e+00 5.346400871728998361e+00 5.346400871728998361e+00 5.346400871728998361e+00
-1.034494804244400257e+01 -9.890847595140080273e+00 -9.924131414103595006e+00 -9.879083093427958318e+00 -9.502836929304043778e+00 -8.922872243073618037e+00 -7.927503315639952142e+00 -5.717319634479401280e+00 -2.878019785450892432e+00 -3.715455191969407878e+00 -9.566981850969766832e-01 1.982507663085732452e-01 2.158942999505423010e+00 2.098780438537500181e+00 5.702953604879230198e+00 5.702953604879230198e+00 5.702953604879230198e+00 5.702953604879230198e+00
-1.041861366177205817e+01 -1.016766119725757633e+01 -9.697701890852206574e+00 -9.407869026568974391e+00 -9.376244849510896984e+00 -9.029894816400897639e+00 -7.803194716050141366e+00 -4.681209674419694267e+00 -2.797078541839576715e+00 -2.484349064031463161e+00 -6.519417043563675573e-01 5.392239552776791900e-01 2.180666000131080473e+00 2.115606219068611793e+00 5.001242531469173969e+00 5.001242531469173969e+00 5.001242531469173969e+00 5.001242531469173969e+00
-1.052121970766280867e+01 -1.020774853841521157e+01 -9.961646259778294876e+00 -9.476180392703311028e+00 -8.926018471262869625e+00 -8.586620062888350446e+00 -7.157573285212317060e+00 -4.069984311520677522e+00 -3.475163275556990783e+00 -3.477110989963122289e+00 -6.464489438064120463e-01 1.226442661555827485e+00 1.683413524497162861e+00 2.335984604060706182e+00 4.989210710775195068e+00 4.989210710775195068e+00 4.989210710775195068e+00 4.989210710775195068e+00
-1.025943728848934455e+01 -1.015728149228414878e+01 -1.016159780069446583e+01 -9.782969279374921001e+00 -9.216869628007650306e+00 -8.271839637496929853e+00 -6.696334498368020860e+00 -4.849316468470711072e+00 -3.979034013717451579e+00 -2.276144513027344551e+00 -1.999248668488742831e-01 1.359411070826191725e+00 1.604227700108419530e+00 2.132858379550850003e+00 4.616972200544244842e+00 4.616972200544244842e+00 4.616972200544244842e+00 4.616972200544244842e+00
-1.049081490675652439e+01 -1.020087779153735319e+01 -1.003167172695414777e+01 -9.701186166642369102e+00 -9.202468035314943506e+00 -8.262066543529684282e+00 -5.277455402564523723e+00 -5.072946107127946469e+00 -3.575518602712403737e+00 -1.400594606089810901e+00 8.299538513157365127e-01 1.891626235147334967e+00 1.740550459382293802e+00 3.008364265352835965e+00 4.446484805497333603e+00 4.446484805497333603e+00 4.446484805497333603e+00 4.446484805497333603e+00
-1.037791346986995400e+01 -1.021072036170844299e+01 -1.008074219889073220e+01 -9.635670760736987361e+00 -9.101219734384894622e+00 -7.955051391142584194e+00 -4.042148569170571193e+00 -4.631828307192060734e+00 -3.090386439746378944e+00 -8.425191643308345135e-01 1.206887885402592619e+00 1.962240456271211908e+00 1.905703344432109425e+00 4.279167352303802296e+00 5.388086837881895796e+00 5.388086837881895796e+00 5.388086837881895796e+00 5.388086837881895796e+00
-1.043714282275084670e+01 -1.000044551915372004e+01 -9.619433886479368923e+00 -9.513512950940503643e+00 -8.426540117036230626e+00 -6.875779100206766969e+00 -3.663335653719207663e+00 -4.814993194477795946e+00 -2.160412004057869595e+00 -4.199013418037327861e-01 1.954734780056228693e+00 2.602834605243856458e+00 3.231194434994637987e+00 4.675780633865374014e+00 5.590892292793128604e+00 5.590892292793128604e+00 5.590892292793128604e+00 5.590892292793128604e+00
-1.059787061763063321e+01 -1.011785493138090786e+01 -9.244528054591928168e+00 -8.438771261493728915e+00 -7.543797617263223287e+00 -5.537317718580225367e+00 -2.567758568014685938e+00 -3.998065493286099059e+00 -8.883997383479291798e-01 6.619935211529687225e-01 2.709553954803352482e+00 3.349343728080357963e+00 4.876365858656285468e+00 4.933974729957010474e+00 5.604227125061362003e+00 5.604227125061362003e+00 5.604227125061362003e+00 5.604227125061362003e+00
-1.028198689544301203e+01 -9.696568986396668421e+00 -8.963492105940661148e+00 -8.477884273005189542e+00 -6.771844428094244250e+00 -4.260492506983066363e+00 -3.741710537647922941e+00 -2.300945051377573769e+00 -7.914336902332014256e-02 2.075601549727959405e+00 2.817301155121523237e+00 4.524239570141288524e+00 3.057323082178698748e+00 2.209498044543531048e+00 5.635970211995442014e+00 5.635970211995442014e+00 5.635970211995442014e+00 5.635970211995442014e+00
-9.929991192963774083e+00 -9.173678934550565600e+00 -8.525563258751036599e+00 -7.818780257559537539e+00 -5.897141932584956336e+00 -3.052476417805208619e+00 -3.693385993915883070e+00 -2.344671770642204223e+00 5.071787985670572763e-01 3.137731068381507171e+00 4.376291003060701179e+00 3.708552170695016859e+00 2.035503891768256857e+00 2.482991575278261642e+00 5.718226155195773153e+00 5.718226155195773153e+00 5.718226155195773153e+00 5.718226155195773153e+00
-9.549546736673191205e+00 -8.807222839341466880e+00 -7.923717277312340102e+00 -6.720663705230021989e+00 -4.974820109123122336e+00 -2.354567864504998553e+00 -4.036509517661145630e+00 -6.249643682616519147e-01 1.653290751224378186e+00 3.881389807784299428e+00 4.513427900870404130e+00 2.056081916404727483e+00 9.461987346664142429e-01 2.371032897494186997e+00 5.570160755731583535e+00 5.570160755731583535e+00 5.570160755731583535e+00 5.570160755731583535e+00
-9.904059796615973355e+00 -8.161975813443438810e+00 -7.213220212703273404e+00 -5.755980657574236936e+00 -3.702795162642164239e+00 -2.032341867870713692e+00 -2.963762835505538096e+00 1.962385942802415406e-01 3.216136079179904961e+00 4.845499598877061054e+00 3.237267732334903947e+00 -1.941613484726363748e+00 4.149433246765343863e-01 2.447720829070784809e+00 5.559589701141279150e+00 5.559589701141279150e+00 5.559589701141279150e+00 5.559589701141279150e+00
-9.724538571279001786e+00 -7.749684267305154250e+00 -6.312254947969121233e+00 -4.829968210433385423e+00 -2.726017306307276122e+00 -2.064224720929741519e+00 -2.110145570073702626e+00 1.203473666807941100e+00 3.342502818128224362e+00 5.437464223045342493e+00 4.329515382554090408e+00 -1.026585626399294515e+00 9.898211074715790314e-01 2.438172655822985035e+00 5.514141468518189093e+00 5.514141468518189093e+00 5.514141468518189093e+00 5.514141468518189093e+00
-9.020067198412352383e+00 -7.287555972965886752e+00 -5.689442104301644321e+00 -3.835772774010622221e+00 -3.295424510334600932e+00 -2.272389302674830525e+00 -1.395550424563433589e+00 2.663141817551135215e+00 3.962402419128202347e+00 5.985127338157694155e+00 5.841203658464197090e+00 1.946033809874970544e+00 7.327171713265936415e-01 2.635661905944745698e+00 5.489169612184787717e+00 5.489169612184787717e+00 5.489169612184787717e+00 5.489169612184787717e+00
-8.875105539352714956e+00 -6.840079390372413748e+00 -5.111066739755322885e+00 -3.074329465050659849e+00 -3.357672010867553958e+00 -2.772219992806912003e+00 -4.947881767461926317e-01 3.298268438084906773e+00 4.123342756822629518e+00 5.003555565237426173e+00 4.511364829804200838e+00 4.542109195837304547e+00 3.534569982322951276e+00 3.128647729686536927e+00 5.487946153297518670e+00 5.487946153297518670e+00 5.487946153297518670e+00 5.487946153297518670e+00
-8.261999731906676914e+00 -6.594078322616216070e+00 -4.937988233646063208e+00 -2.944888665505981606e+00 -2.511612415802568332e+00 -3.114862092957166873e+00 9.909822200387466418e-02 3.804251746831532444e+00 3.881354105471818805e+00 3.168492851469515870e+00 3.201231630460467770e+00 3.111849242494739265e+00 3.879029377434072057e+00 5.045311215001127891e+00 5.566729885597016647e+00 5.566729885597016647e+00 5.566729885597016647e+00 5.566729885597016647e+00
-7.740886033972985913e+00 -6.588895717276844977e+00 -4.753460029231531436e+00 -2.900637684205314759e+00 -1.708475124933716227e+00 -2.116979865304819075e+00 9.908015833965042596e-01 3.721057791715241869e+00 3.659370127823944330e+00 1.789422846057872940e+00 1.633412586043145875e+00 1.678405192245622679e+00 2.712463720284143065e+00 4.254998164659745008e+00 5.426873793704844573e+00 5.426873793704844573e+00 5.426873793704844573e+00 5.426873793704844573e+00
-7.825522479457132974e+00 -6.396229680220823610e+00 -4.833499522553214689e+00 -2.801998453799773969e+00 -1.230152780001643853e+00 -5.040242304963444830e-01 2.497321377852857793e+00 3.889316834034051151e+00 3.012274167211367093e+00 1.590765152881198796e+00 1.176342853637154295e+00 1.214498672309577643e+00 1.932368000404699249e+00 3.607696822550618077e+00 5.457671678289849559e+00 5.457671678289849559e+00 5.457671678289849559e+00 5.457671678289849559e+00
-8.312270701962395592e+00 -6.470440035335840889e+00 -4.677484919670686025e+00 -2.628511416841642578e+00 -1.404159024139126855e+00 -3.623476587753810541e-01 3.175731166135892902e+00 3.931827578526194689e+00 2.907151007372897666e+00 1.503224358299988239e+00 9.077583355305638424e-01 6.878070123499822053e-01 1.280777479280799325e+00 3.223283118824014970e+00 5.430241610335186486e+00 5.430241610335186486e+00 5.430241610335186486e+00 5.430241610335186486e+00
-8.179120938741165858e+00 -6.933828004065441419e+00 -4.764683865384764516e+00 -2.601568468576087589e+00 -1.897027218382157265e+00 -1.196146434301845973e+00 1.628155914692930084e+00 3.958864756972604759e+00 2.674750461973487869e+00 1.354506477515821761e+00 -1.702588996294178703e+00 -1.572069067585514457e+00 1.183240810319161618e+00 3.067196411636664344e+00 5.405269754001783333e+00 5.405269754001783333e+00 5.405269754001783333e+00 5.405269754001783333e+00
-8.236964940462335960e+00 -7.000732914623004177e+00 -5.248995041472646506e+00 -2.971842036085252214e+00 -2.290405407684699135e+00 -1.509990919894692141e+00 2.116546966541831831e-01 3.805942619422114426e+00 2.260897520845275732e+00 1.103951600787222320e+00 -2.358641815259505226e+00 -1.472824988202251273e+00 1.155395123398916146e+00 3.396412618395691307e+00 5.399422575884537778e+00 5.399422575884537778e+00 5.399422575884537778e+00 5.399422575884537778e+00
-8.170052166210325595e+00 -7.371815791846819010e+00 -5.525871074087097767e+00 -3.756302665110319960e+00 -2.089918469218658981e+00 -1.459263271131812756e+00 -1.239744361958089014e+00 3.494144309411273408e+00 2.104045452500615809e+00 6.729251275243638419e-01 -2.473964338196461554e+00 -1.066166456202880530e+00 1.200373741122111371e+00 3.643271609674578748e+00 5.400821760263786686e+00 5.400821760263786686e+00 5.400821760263786686e+00 5.400821760263786686e+00
-8.193887710281508419e+00 -7.293325478947769724e+00 -6.043218920119014292e+00 -4.643470803415621795e+00 -2.943054750432491762e+00 -1.451818713392841520e+00 -1.720101214059877925e+00 1.372360882102393154e+00 2.437508635274578506e+00 -3.309104271239134754e+00 -2.228975973681406320e+00 -5.390921423964646353e-01 1.457421821938491568e+00 3.725847620235698265e+00 5.427285501054116779e+00 5.427285501054116779e+00 5.427285501054116779e+00 5.427285501054116779e+00
-8.321051246697313886e+00 -7.755340955453407403e+00 -6.382070074050033348e+00 -5.183379887949849163e+00 -3.943108115717373074e+00 -1.993578437149752469e+00 -2.270337738602197675e+00 2.035919429559174265e-01 2.255956681766491556e+00 -2.842570739973172778e+00 2.381142734530899419e-01 1.032607220278682902e+00 1.806869241339347676e+00 4.194234701047011349e+00 5.399323322706903738e+00 5.399323322706903738e+00 5.399323322706903738e+00 5.399323322706903738e+00
-8.757333259493867317e+00 -7.868049636984649098e+00 -6.827918426238180238e+00 -5.783566317412795144e+00 -4.651855143779231483e+00 -3.040409887460676863e+00 -2.538849398430897963e+00 -1.916443916191393537e+00 1.397836978309572098e+00 1.118154257297986121e+00 2.392402408436590799e-01 8.928634930574343986e-01 2.133470024896441330e+00 4.775178183984923663e+00 5.346341752152177662e+00 5.346341752152177662e+00 5.346341752152177662e+00 5.346341752152177662e+00
-9.116314282431265070e+00 -8.204259220748921777e+00 -7.306754864747555978e+00 -6.376980848808628366e+00 -5.392366849625386038e+00 -4.261633746763536124e+00 -2.123337378994283764e+00 -2.623159113358928707e+00 2.889011225573465125e-01 1.572973800925311139e+00 1.022070045102544622e+00 4.451772376349966143e-01 1.726552163383550553e+00 4.903961468809413304e+00 5.321369895818773621e+00 5.321369895818773621e+00 5.321369895818773621e+00 5.321369895818773621e+00
-9.415217264998249291e+00 -8.524785628630564105e+00 -7.842443836034233229e+00 -7.185368049991907924e+00 -6.378561053728838637e+00 -5.183547556036686821e+00 -2.655719138591170037e+00 -2.894887006276000374e+00 -1.476161255111163140e+00 1.418189684989070276e+00 1.305851446377496172e+00 8.937262853066898494e-01 9.923964212863237710e-01 4.065588514403375875e+00 5.288206154788563929e+00 5.288206154788563929e+00 5.288206154788563929e+00 5.288206154788563929e+00
-9.792436719662283906e+00 -8.948954035307853161e+00 -8.432385243660244001e+00 -7.955853212389195406e+00 -7.302003797936448493e+00 -6.377999635225147124e+00 -4.020549062017470199e+00 -2.285471299657166888e+00 -2.329931697069310470e+00 7.060516347086392974e-01 1.335074827635448491e+00 1.141784055537230058e+00 1.069965573355300958e-01 3.904783367183364717e+00 5.233101980394418540e+00 5.233101980394418540e+00 5.233101980394418540e+00 5.233101980394418540e+00
-1.019674135871374077e+01 -9.754799967673854155e+00 -9.244462346024636901e+00 -8.695849084777076854e+00 -8.115871144485568678e+00 -7.103453045052689596e+00 -5.049192692766858670e+00 -2.222710985601752398e+00 -3.172614924436240713e+00 3.279572030253689596e-01 1.256562546643029021e+00 1.210445337203374550e+00 5.731339078483858041e-01 4.491583604368369009e+00 5.339466915921894596e+00 5.339466915921894596e+00 5.339466915921894596e+00 5.339466915921894596e+00
-1.037380435411353297e+01 -9.973936441378263851e+00 -9.483151673471803988e+00 -9.055409510505407766e+00 -8.470392959290448331e+00 -7.486107875423254399e+00 -6.130931615527736689e+00 -2.803360659755776751e+00 -3.258756714029816592e+00 -1.381388844255887705e+00 1.228698337257194684e+00 1.232393831325033107e+00 8.689408225276507025e-01 2.927259772271059823e+00 5.287413750302571991e+00 5.287413750302571991e+00 5.287413750302571991e+00 5.287413750302571991e+00
-1.044987728833711671e+01 -1.010172368778916763e+01 -9.687600991981106802e+00 -9.258327072636310717e+00 -8.698666418732891259e+00 -7.830538961067036396e+00 -6.575438068949225112e+00 -3.765425043888071865e+00 -2.988442364163751641e+00 -2.824186412277360780e+00 8.943491561776040211e-01 1.247858340537726152e+00 9.275943379870787986e-01 2.248007663320929161e+00 5.262441893969172391e+00 5.262441893969172391e+00 5.262441893969172391e+00 5.262441893969172391e+00
-1.045830720631245825e+01 -1.013726497176824459e+01 -9.763656449791756842e+00 -9.369599923546884312e+00 -8.793563037367029267e+00 -7.980775332640018149e+00 -6.829803089654637560e+00 -4.987145566537829922e+00 -2.748822089881063579e+00 -3.468781173561096054e+00 4.168660024355655969e-01 1.157149411394382987e+00 9.425210833638149044e-01 2.360308789876909064e+00 5.237470037635766573e+00 5.237470037635766573e+00 5.237470037635766573e+00 5.237470037635766573e+00
-1.047140711594839679e+01 -1.016930024231801255e+01 -9.867634969623773955e+00 -9.451120749056961756e+00 -8.932546734476055406e+00 -8.222181749027358322e+00 -7.088790629329334791e+00 -5.317309504029570810e+00 -2.581435099942037681e+00 -3.583459268640612816e+00 4.383015940818309197e-04 1.052610402603728623e+00 8.203956399073033534e-01 2.704578983539834169e+00 5.174173978544814645e+00 5.174173978544814645e+00 5.174173978544814645e+00 5.174173978544814645e+00
-1.051148994050426566e+01 -1.016844062286304151e+01 -9.858141242543496219e+00 -9.494463117060762514e+00 -9.038408644406054293e+00 -8.278713990533413281e+00 -7.184117511349020546e+00 -5.811055231674384203e+00 -3.351069394909117705e+00 -3.755215455288984927e+00 -1.525959498443249629e+00 1.004645771040275415e+00 9.783852388255809274e-01 2.215620145984949829e+00 5.248016305963592920e+00 5.248016305963592920e+00 5.248016305963592920e+00 5.248016305963592920e+00
-1.049581719109982814e+01 -1.018417395996492125e+01 -9.874712331175707902e+00 -9.535956745056473949e+00 -9.085609123839416768e+00 -8.463853864677151506e+00 -7.358228774920805293e+00 -5.945120840310895716e+00 -3.302385849401962226e+00 -3.072689421667227805e+00 -2.802297891730996415e+00 7.284562250731000388e-01 9.536012666205890831e-01 2.396120486594793597e+00 5.236677633149779965e+00 5.236677633149779965e+00 5.236677633149779965e+00 5.236677633149779965e+00
-1.053558558055182992e+01 -1.023018731505779755e+01 -9.899954544339545137e+00 -9.565310691871808046e+00 -9.160897412036712595e+00 -8.473437144019200673e+00 -7.445105459967708228e+00 -6.051597913953209229e+00 -3.891554420087393495e+00 -3.360198902221423811e+00 -3.531256864232580561e+00 3.014906239098467666e-01 8.159834899531325236e-01 2.388911673064250785e+00 5.203513892119574713e+00 5.203513892119574713e+00 5.203513892119574713e+00 5.203513892119574713e+00
-1.056076915712364084e+01 -1.026571700528786657e+01 -9.974446721641731628e+00 -9.598428073825404638e+00 -9.242376351583978078e+00 -8.541630238541358722e+00 -7.543641219553534505e+00 -6.021076805679156152e+00 -4.502870976699992589e+00 -3.303965672656242081e+00 -3.616458385228132677e+00 3.812263461893457966e-02 6.475792386929100086e-01 2.444123953232271163e+00 5.178542035786168007e+00 5.178542035786168007e+00 5.178542035786168007e+00 5.178542035786168007e+00
-1.059523488382340695e+01 -1.029267978111090365e+01 -9.988294748539214396e+00 -9.640097959572514696e+00 -9.323054494419881877e+00 -8.726615376577729677e+00 -7.583922778457692360e+00 -6.044439462350592152e+00 -5.035403158243592081e+00 -3.232203376150343033e+00 -4.083375169542277305e+00 -2.683159079851618056e-01 4.285195284204452726e-01 2.574846204160866403e+00 5.057108318257860446e+00 5.057108318257860446e+00 5.057108318257860446e+00 5.057108318257860446e+00
