-1.040874165784584626e+01 -1.027625026450938428e+01 -9.930723386200796199e+00 -9.612728814082371898e+00 -9.300202685750118548e+00 -8.948586982644920695e+00 -8.327069440035980818e+00 -7.261417782946017141e+00 -4.975254645836838741e+00 -2.368846066082339163e+00 -2.486419458583334130e+00 -3.134760937404473258e-01 7.049315055200904290e-01 1.790473278875388763e+00 5.088939234381939514e+00 5.088939234381939514e+00 5.088939234381939514e+00 5.088939234381939514e+00
-1.032349282853075678e+01 -1.004806264536325955e+01 -9.932614576440466081e+00 -9.774311672221193348e+00 -9.433129126860707814e+00 -8.880864132698823354e+00 -8.138160663691243357e+00 -6.827085743073410207e+00 -4.307234581128622786e+00 -2.361682344232901354e+00 -1.657901191242255212e+00 -6.412113015212901612e-02 1.685930840440042378e+00 1.934839642133184379e+00 5.017015591085733917e+00 5.017015591085733917e+00 5.017015591085733917e+00 5.017015591085733917e+00
-1.026585331019129654e+01 -9.946645018148295492e+00 -9.778295777478630768e+00 -9.758661855623920189e+00 -9.574505471063105233e+00 -9.060483635770797406e+00 -8.110387779706671907e+00 -6.786837620019916528e+00 -3.550075354424226504e+00 -3.240698781873554868e+00 -6.824672105006422962e-01 1.410232783303700943e-01 1.118117046544374160e+00 1.939180640577879533e+00 4.687889870200010911e+00 4.687889870200010911e+00 4.687889870200010911e+00 4.687889870200010911e+00
-1.041262997726527928e+01 -1.026137068481446590e+01 -9.791552786560853150e+00 -9.282840647715351778e+00 -9.161579992559847341e+00 -9.054025908077724338e+00 -8.161083361490927501e+00 -6.424098607161793595e+00 -2.657351171528904654e+00 -3.169627265521810067e+00 -5.629908057172436919e-01 8.583412283572252610e-01 1.049698435090488768e+00 2.161557088581079089e+00 4.854648261640717166e+00 4.854648261640717166e+00 4.854648261640717166e+00 4.854648261640717166e+00
-1.052327417218034711e+01 -1.024453687558197146e+01 -9.866112099072022801e+00 -9.564478678771269671e+00 -8.973119459782232354e+00 -8.640175565011027459e+00 -8.106338274030813196e+00 -5.270764994092804301e+00 -2.572803852645826783e+00 -3.018890386239892809e+00 -3.478479074013768324e-01 3.757583773837703256e-01 1.830978877725022436e+00 2.311481595745466855e+00 4.857880472888819412e+00 4.857880472888819412e+00 4.857880472888819412e+00 4.857880472888819412e+00
-1.036083351427710753e+01 -9.984644441251688818e+00 -1.012426707474391563e+01 -9.841076668599900046e+00 -9.299730656069179702e+00 -8.552836557591987798e+00 -7.578267029145307809e+00 -4.086141901185819769e+00 -3.731373177345848280e+00 -1.328044421982434553e+00 1.441826286618745623e-02 3.100571074613087119e-01 1.428217745430892638e+00 2.140316189873325392e+00 4.457512168145044029e+00 4.457512168145044029e+00 4.457512168145044029e+00 4.457512168145044029e+00
-1.040763283399097361e+01 -1.023217066239530837e+01 -9.882807349266892416e+00 -9.732753877198803139e+00 -9.281350777643661232e+00 -8.511358655636689363e+00 -7.284846179263026578e+00 -2.970841410093641777e+00 -3.666156688509605299e+00 -5.246273573247346445e-01 1.317931486030495591e+00 1.577783286695807030e+00 1.592723136463910949e+00 3.323971773296546139e+00 4.276177975934123410e+00 4.276177975934123410e+00 4.276177975934123410e+00 4.276177975934123410e+00
-1.045492067743178666e+01 -1.005139728914370778e+01 -9.948848795640667930e+00 -9.704625123517162777e+00 -9.162865964549608222e+00 -8.263592857749676668e+00 -4.904862852207553026e+00 -2.437976874145867168e+00 -2.779325454796335304e+00 -1.361059077422987762e-01 1.510278605247818096e+00 1.990897940519254616e+00 1.765345140294853676e+00 4.349698709517218376e+00 5.033777282744233972e+00 5.033777282744233972e+00 5.033777282744233972e+00 5.033777282744233972e+00
-1.043193860494559821e+01 -1.012622821280566754e+01 -9.548738599084865442e+00 -9.040528783448175787e+00 -8.229547199281759262e+00 -6.900767791075869795e+00 -3.819196739578366362e+00 -4.095796436386367034e+00 -9.352058719531708419e-01 1.263435149435245597e+00 2.043018909571124642e+00 2.708714436336263631e+00 3.382034324720281315e+00 4.748414081544543919e+00 5.002777247163889385e+00 5.002777247163889385e+00 5.002777247163889385e+00 5.002777247163889385e+00
-1.041540991768790114e+01 -1.005658470867456700e+01 -9.474885723212347344e+00 -8.433178694972482958e+00 -7.406451478060706251e+00 -5.376557059286567686e+00 -2.511300783244286627e+00 -3.584967835356932753e+00 4.001823189196758446e-02 2.036332581321832258e+00 3.075596514631284695e+00 3.481770523698286102e+00 4.951734626550322815e+00 4.978702569797495592e+00 5.283364684595349914e+00 5.283364684595349914e+00 5.283364684595349914e+00 5.283364684595349914e+00
-1.022158480132587854e+01 -9.433864581708490959e+00 -8.908197677068583786e+00 -8.425047611138177572e+00 -6.840287782722004550e+00 -3.949114169125990337e+00 -3.878850201110827456e+00 -1.548606077211172938e+00 1.435268042323933235e+00 3.090850761819795345e+00 3.030195582370878160e+00 4.573830744255300118e+00 2.810221233877920888e+00 2.224407452335495972e+00 5.281364521723145522e+00 5.281364521723145522e+00 5.281364521723145522e+00 5.281364521723145522e+00
-9.899961511833696548e+00 -8.983217463083585486e+00 -8.202563612270109772e+00 -7.689001439361575763e+00 -5.255009812422308357e+00 -2.654361474024330647e+00 -2.938218197457147074e+00 8.805880839575341845e-03 2.832199291641984029e+00 3.081953461965222907e+00 4.413359901724814627e+00 3.771498660061447072e+00 1.928485414203594761e+00 2.524757090756167610e+00 5.134538045418621799e+00 5.134538045418621799e+00 5.134538045418621799e+00 5.134538045418621799e+00
-9.390729447615488112e+00 -8.496683168481480308e+00 -7.840236115476580281e+00 -6.196892216645953688e+00 -4.116951641035657694e+00 -2.653940894678535223e+00 -2.391167138793287350e+00 1.444485227360739144e+00 3.237452122322065140e+00 4.047500825659909651e+00 4.703649759622815729e+00 1.975298638628919523e+00 5.082665775224273208e-01 2.393502437952255590e+00 5.008026986862934571e+00 5.008026986862934571e+00 5.008026986862934571e+00 5.008026986862934571e+00
-9.987547646780829069e+00 -7.750762241013843479e+00 -6.677372254479752911e+00 -5.016785048407387926e+00 -3.031366549266051535e+00 -3.467950646887445476e+00 -3.608388251126739554e-01 2.983602230243755038e+00 3.275002780862536156e+00 5.001060562019290501e+00 3.287634319039984376e+00 -1.963101924865595649e+00 3.550912938358978255e-01 2.590357771241847296e+00 5.010190348140836747e+00 5.010190348140836747e+00 5.010190348140836747e+00 5.010190348140836747e+00
-9.374407177145512193e+00 -7.544727506344353074e+00 -5.670102981736708792e+00 -4.216529923971688021e+00 -2.060224041068653200e+00 -2.539544603273204526e+00 1.578184135657366427e-01 3.093723488112801068e+00 3.532768854999810415e+00 5.519563658656597482e+00 4.467390012570754187e+00 -8.676650205783084102e-01 9.708465812807738349e-01 2.574622990931167088e+00 5.305823607527901942e+00 5.305823607527901942e+00 5.305823607527901942e+00 5.305823607527901942e+00
-9.001100108558807378e+00 -6.815691864247585663e+00 -4.933831484626579389e+00 -3.221450922131714467e+00 -1.658420055077948652e+00 -1.483665446359597073e+00 2.970939454747124397e+00 2.985617211610323896e+00 4.185263495572107750e+00 6.222421948868168684e+00 6.053484274097979068e+00 1.914467000245360762e+00 5.850443077037135176e-01 2.740612281570333320e+00 5.276693042979759163e+00 5.276693042979759163e+00 5.276693042979759163e+00 5.276693042979759163e+00
-8.594336865334600617e+00 -6.432288841020166181e+00 -4.240105341910892278e+00 -2.365311598431000029e+00 -2.084852868628046973e+00 -1.058418703843227587e-01 3.193133668508679968e+00 3.243599161739209258e+00 4.251840351116225492e+00 5.094551680857239973e+00 4.604664940990151223e+00 4.752583991800180208e+00 4.178416262223366040e+00 3.184215597868558678e+00 5.286841225349697915e+00 5.286841225349697915e+00 5.286841225349697915e+00 5.286841225349697915e+00
-7.839827936976917044e+00 -6.004613421448325994e+00 -3.979834409118204963e+00 -1.705477023109195134e+00 -1.820596378326402087e+00 6.637455950841902874e-01 3.527745316673053022e+00 3.863379846348232949e+00 4.099358928672896418e+00 3.267833581560299017e+00 3.376587356925661698e+00 3.189241589134683252e+00 3.917263728821264834e+00 5.142972469410403313e+00 5.156362101807867582e+00 5.156362101807867582e+00 5.156362101807867582e+00 5.156362101807867582e+00
-7.565028969458046149e+00 -5.995342663165097008e+00 -3.641470678266014005e+00 -1.580263192530713345e+00 -8.584479480850621957e-01 2.992770698010776886e+00 3.114764136110320436e+00 3.889489885156017124e+00 3.784213738215897127e+00 1.740686307036325875e+00 1.492343879953725194e+00 1.532252258416084478e+00 2.797984620201194872e+00 4.265268074906485296e+00 5.043054340237743460e+00 5.043054340237743460e+00 5.043054340237743460e+00 5.043054340237743460e+00
-7.951319649393139954e+00 -6.045752014774837590e+00 -3.367877210816403899e+00 -1.790046446159358595e+00 -1.722769338757407676e+00 2.975147984900823772e+00 3.028471304802591746e+00 4.009795486259403852e+00 3.050853304254566911e+00 1.502948773262237081e+00 6.059524592217748751e-01 9.356102400592840596e-01 1.988943676891031576e+00 3.607785881062082645e+00 5.256765290472587004e+00 5.256765290472587004e+00 5.256765290472587004e+00 5.256765290472587004e+00
-8.135819113195100982e+00 -6.085540797968012505e+00 -3.371653066411626209e+00 -1.422937542794152410e+00 -9.773577890973375037e-01 3.080367061072816437e+00 3.101580217347253310e+00 4.037867911821779288e+00 2.935651469889284382e+00 1.386820698930398610e+00 4.768864965279387413e-01 4.156914515787842879e-01 1.254373242178539183e+00 3.325327850143080077e+00 5.318851490432178863e+00 5.318851490432178863e+00 5.318851490432178863e+00 5.318851490432178863e+00
-7.976417162182453779e+00 -6.191583256327650275e+00 -3.460155604492461290e+00 -1.610663656941980326e+00 -9.426058302655757615e-01 3.145790105801169467e+00 3.194703920821515553e+00 4.136964926861344871e+00 2.753634560167592671e+00 1.131656250413168419e+00 -2.573918046020166273e+00 -1.562001496392567468e+00 1.171675683156507830e+00 3.154235820017961434e+00 5.289720925884036973e+00 5.289720925884036973e+00 5.289720925884036973e+00 5.289720925884036973e+00
-8.053189922261658751e+00 -6.914349923692526545e+00 -4.434756981295505440e+00 -2.917224224790834874e+00 -1.819210227694740389e+00 9.301600304316369749e-01 3.154959063239846095e+00 3.948425507561125425e+00 2.313532040925702749e+00 7.218921631480973433e-01 -2.531983908175611919e+00 -1.589123674471610403e+00 1.189873918776303219e+00 3.455363271635182976e+00 5.240315316364510423e+00 5.240315316364510423e+00 5.240315316364510423e+00 5.240315316364510423e+00
-8.052384506654448160e+00 -7.137073215655583169e+00 -5.052219507365692586e+00 -2.815629245736094521e+00 -1.625244115639050912e+00 -4.342923513870137198e-01 3.163186056979670369e+00 3.765845239825998281e+00 2.039257158465256126e+00 -2.870750239246718127e+00 -2.676269715954109785e+00 -1.330233785873181418e+00 1.259871867335353279e+00 3.665021310290329293e+00 5.178186158197120470e+00 5.178186158197120470e+00 5.178186158197120470e+00 5.178186158197120470e+00
-7.904596425743934951e+00 -7.103230033381167985e+00 -5.349657045769980357e+00 -3.696793426360018398e+00 -2.460344878395502199e+00 -1.106246668777951969e+00 1.292316217273492551e+00 2.981765230039362002e+00 1.932851846226305348e+00 -3.779080242569277104e+00 -2.450908841480483158e+00 -4.796508714104558146e-01 1.501443795265602787e+00 3.748796951318291271e+00 5.284243124143368497e+00 5.284243124143368497e+00 5.284243124143368497e+00 5.284243124143368497e+00
-8.328957792049509479e+00 -7.584657867774708961e+00 -6.185918275107143316e+00 -4.701332196543730468e+00 -3.058291316705552543e+00 -2.319479960772745208e+00 -8.598335890025303740e-01 2.744656659626771411e+00 1.310627562495005005e+00 -3.305035629367099936e+00 -1.552874170455655622e-01 1.028614466987173959e+00 1.872136748584360522e+00 4.199851466157275226e+00 5.392746079013596372e+00 5.392746079013596372e+00 5.392746079013596372e+00 5.392746079013596372e+00
-8.752714408367875620e+00 -7.629746729230143742e+00 -6.680137385128064764e+00 -5.362490598262724895e+00 -3.889888519446877968e+00 -2.235263065882144851e+00 -1.666316384916046500e+00 5.562588403314742136e-01 1.818669979243710655e+00 -4.304267122002424228e-01 3.719506960012187724e-01 3.420611994508134801e-01 2.158200365357885619e+00 4.672049397542194171e+00 5.331879373336454009e+00 5.331879373336454009e+00 5.331879373336454009e+00 5.331879373336454009e+00
-9.005670725401497378e+00 -8.304620239894838107e+00 -7.469987169884411138e+00 -6.154019289566568851e+00 -4.937795982249538973e+00 -3.705940702919447549e+00 -2.189096394625066111e+00 -1.375636812791880104e+00 1.551929055515766320e+00 1.223952528703657228e+00 4.129535005677753556e-01 3.138186567707809127e-01 1.882664646955025001e+00 4.753024861971756110e+00 5.302748808788312118e+00 5.302748808788312118e+00 5.302748808788312118e+00 5.302748808788312118e+00
-9.338457379933457148e+00 -8.470762759648259532e+00 -7.893346009760041859e+00 -7.264079565543443806e+00 -6.217946301165805600e+00 -4.867001958207247903e+00 -2.936676980852098495e+00 -1.769057441363183436e+00 3.426526643464589128e-01 1.068990593062587147e+00 6.504811095922613529e-01 4.175661785905405154e-01 1.243002452897631782e+00 4.103345373206711777e+00 5.254424733010683468e+00 5.254424733010683468e+00 5.254424733010683468e+00 5.254424733010683468e+00
-9.979962294907389619e+00 -9.006656428328792430e+00 -8.573975279163628116e+00 -8.073782104096373757e+00 -7.394511249889158755e+00 -6.498558260017530230e+00 -4.394307315188984653e+00 -2.204575940594191596e+00 -1.643973613980624693e+00 9.417511397027016340e-01 8.462667304984083927e-01 9.528742668770955326e-01 1.022070758735971474e-01 3.958739161996936318e+00 5.314258939919339397e+00 5.314258939919339397e+00 5.314258939919339397e+00 5.314258939919339397e+00
-1.028277578071581466e+01 -9.820933951860627786e+00 -9.323327565847748133e+00 -8.845620672999690015e+00 -8.280750945367005400e+00 -7.253657448072684311e+00 -5.602558326728249938e+00 -3.828997307461846855e+00 -1.472181138747622908e+00 -4.084340834879771065e-01 1.066860690752084562e+00 1.099169387822389377e+00 1.176505741476825684e-01 4.222138918935202767e+00 5.428762243502063711e+00 5.428762243502063711e+00 5.428762243502063711e+00 5.428762243502063711e+00
-1.037770244897925132e+01 -1.000770008301315350e+01 -9.554898452841744216e+00 -9.153373660942749623e+00 -8.608985767081337670e+00 -7.673799755224232300e+00 -6.371362135828284146e+00 -4.763847751685728049e+00 -2.775712348115773942e+00 -1.754744897073925669e+00 1.366334601404495253e+00 6.923998333874931133e-01 8.141216018962068590e-01 3.942351559189321009e+00 5.374037820788872821e+00 5.374037820788872821e+00 5.374037820788872821e+00 5.374037820788872821e+00
-1.034099298724180827e+01 -1.010506974637317512e+01 -9.718092125348231747e+00 -9.307459932529283719e+00 -8.835093778606085024e+00 -7.925895917176667638e+00 -6.651315896427026253e+00 -5.354859616140389633e+00 -3.759477103445214574e+00 -2.028254725062256458e+00 -1.900799715469621287e-01 9.321209408275900055e-01 4.869133606081136323e-01 2.945645614956452274e+00 5.344907256240730042e+00 5.344907256240730042e+00 5.344907256240730042e+00 5.344907256240730042e+00
-1.040898836521461490e+01 -1.010493494775839096e+01 -9.577256822678151593e+00 -9.440037450397149144e+00 -8.964992791028091546e+00 -8.080269183855810056e+00 -6.861356062462418137e+00 -5.613357790035216510e+00 -4.153181889604212529e+00 -2.786179004853212238e+00 -2.888448294181598541e+00 8.149736648874009726e-01 -3.111413663648796707e-02 2.579765014930067046e+00 5.315776691692586375e+00 5.315776691692586375e+00 5.315776691692586375e+00 5.315776691692586375e+00
-1.044724452467800546e+01 -1.014116867505841491e+01 -9.852562919876383773e+00 -9.513605383032802010e+00 -9.034786317013590917e+00 -8.306004991091024081e+00 -6.995913041982165126e+00 -5.756638564744911868e+00 -4.784567299339950175e+00 -3.228378399847401159e+00 -2.367531590386768414e+00 1.864838264781145671e-01 -7.969794067537179505e-03 2.795041741965687887e+00 5.330754221042408147e+00 5.330754221042408147e+00 5.330754221042408147e+00 5.330754221042408147e+00
-1.051824281728615240e+01 -1.018491580188881507e+01 -9.869959625235354750e+00 -9.529769224408424222e+00 -9.122303530273288885e+00 -8.429631026881363454e+00 -7.183800190077849201e+00 -5.764157597143447553e+00 -5.186816651608081585e+00 -3.734586697048897896e+00 -1.933315783107194097e+00 -1.690848733000568926e-01 -2.279535895390581157e-01 2.279480085157831848e+00 5.463699406937453595e+00 5.463699406937453595e+00 5.463699406937453595e+00 5.463699406937453595e+00
-1.049667683497606774e+01 -1.022566534574187358e+01 -9.916257714985569294e+00 -9.611520561146223329e+00 -9.160870211198190560e+00 -8.609450738564270011e+00 -7.325216699539526921e+00 -5.804181702445480262e+00 -5.025376395247417527e+00 -3.429091790998546330e+00 -2.906695258585988206e+00 -1.128765714234791329e+00 6.421128752824588615e-01 2.348306623141052540e+00 5.447932409370290330e+00 5.447932409370290330e+00 5.447932409370290330e+00 5.447932409370290330e+00
-1.051599161091761658e+01 -1.027218973004227642e+01 -9.919404292237137710e+00 -9.579207872010828240e+00 -9.245853136494822877e+00 -8.627306495473479941e+00 -7.355319085205669793e+00 -5.854754245452279626e+00 -5.082960220778018012e+00 -3.752314284411320422e+00 -3.091607739643754016e+00 -2.311638654082432076e+00 3.032361010397864320e-01 2.216436642948779845e+00 5.387065703693148855e+00 5.387065703693148855e+00 5.387065703693148855e+00 5.387065703693148855e+00
-1.059952258254993929e+01 -1.022860259573469222e+01 -9.940170430668745283e+00 -9.570907040305652203e+00 -9.277767530126585172e+00 -8.720048844961809209e+00 -7.518548550776733563e+00 -5.874325537905565220e+00 -5.145831778502924614e+00 -3.815399912069901589e+00 -3.867272702562163822e+00 -1.651968649475601847e+00 -3.902812058989644228e-01 2.164301777099247204e+00 5.361493141585111033e+00 5.361493141585111033e+00 5.361493141585111033e+00 5.361493141585111033e+00
-1.061377362304041583e+01 -1.023394463144483346e+01 -9.951517519812551171e+00 -9.620665382747965566e+00 -9.312167696065714040e+00 -8.886761356257803612e+00 -7.590396049504647635e+00 -5.855496077086199236e+00 -5.257612236738952838e+00 -3.853295615068165425e+00 -4.132034001455526351e+00 -2.246570699506114543e+00 -9.216915582231659521e-01 2.091898807717119446e+00 5.196852607304196958e+00 5.196852607304196958e+00 5.196852607304196958e+00 5.196852607304196958e+00
