-1.042694661989315108e+01 -1.032231896709699370e+01 -9.981434800340762692e+00 -9.671934913652997068e+00 -9.335170978948331921e+00 -8.969123855847472626e+00 -8.331549885276368528e+00 -7.246128979393185787e+00 -4.978543218553645566e+00 -2.302116639502845175e+00 -2.395938996866723958e+00 -3.925861426192135961e-01 9.544632133141677244e-01 1.823858141335567229e+00 5.137282347657213144e+00 5.137282347657213144e+00 5.137282347657213144e+00 5.137282347657213144e+00
-1.033297763045913342e+01 -1.010599078592146860e+01 -9.991673637105748185e+00 -9.823544692074072771e+00 -9.471604537021669046e+00 -8.932073205120694581e+00 -8.207270286056552067e+00 -6.832971902447837920e+00 -4.307256358686520237e+00 -2.513041217249300630e+00 -1.668847020183059193e+00 1.103489175693125879e-02 1.548339562149041670e+00 1.994383564079775795e+00 5.060630674740731472e+00 5.060630674740731472e+00 5.060630674740731472e+00 5.060630674740731472e+00
-1.030105701372104221e+01 -9.992622682187683125e+00 -9.807844894251410039e+00 -9.777436637702237476e+00 -9.564215882595778595e+00 -9.043682418792222677e+00 -8.111024251606432145e+00 -6.794472006448508239e+00 -3.520539088461033472e+00 -3.247428416049571887e+00 -7.636320756401486776e-01 3.032165579233453423e-01 1.035305831823390754e+00 1.983677326704606836e+00 4.825251868871057503e+00 4.825251868871057503e+00 4.825251868871057503e+00 4.825251868871057503e+00
-1.027788856547869223e+01 -1.028482090232026991e+01 -9.801849600289138209e+00 -9.263437816161147254e+00 -9.208533786198850990e+00 -9.040218731556738163e+00 -8.195437535799229067e+00 -6.476795126181993822e+00 -2.588910928569760017e+00 -3.098745022890764922e+00 -5.348470892897008166e-01 5.291938498631236776e-01 8.793176639673482287e-01 2.203960716737620285e+00 4.894542803469770220e+00 4.894542803469770220e+00 4.894542803469770220e+00 4.894542803469770220e+00
-1.051513812032734485e+01 -1.025890573582643839e+01 -9.867419670558307487e+00 -9.563396465452632000e+00 -9.043118767153062620e+00 -8.650258246340216672e+00 -8.159723550493801270e+00 -5.327227666694573927e+00 -2.647572138854507706e+00 -3.122105128747899361e+00 -3.323102618391400309e-01 3.529898480106662961e-01 1.872964324958734883e+00 2.317367125158022567e+00 4.745660393075105787e+00 4.745660393075105787e+00 4.745660393075105787e+00 4.745660393075105787e+00
-1.037778914249414974e+01 -9.954305723246054782e+00 -1.013195373073557626e+01 -9.865571782860763861e+00 -9.340374397626005631e+00 -8.588934469275379513e+00 -7.668137963721112449e+00 -4.042845146362769704e+00 -3.808343048796968944e+00 -2.004921721829881598e+00 3.831776586590026623e-01 3.033788148973965981e-01 1.417192848504699842e+00 2.145920998806501778e+00 4.433103368781894815e+00 4.433103368781894815e+00 4.433103368781894815e+00 4.433103368781894815e+00
-1.047109722678543875e+01 -1.028318381524269753e+01 -9.921808461386939726e+00 -9.740131297439312164e+00 -9.335854663489834948e+00 -8.545153508772575179e+00 -7.362002505212036141e+00 -2.921236317940377969e+00 -3.712616655754882089e+00 -5.093854491673197593e-01 8.484902704958466879e-01 1.618413593787724647e+00 1.605277467669281810e+00 3.345096964583491150e+00 4.371079960278851040e+00 4.371079960278851040e+00 4.371079960278851040e+00 4.371079960278851040e+00
-1.050313418127176135e+01 -1.008696530250546886e+01 -9.968927214491170474e+00 -9.746282842867495688e+00 -9.172140807995237566e+00 -8.242068170498292545e+00 -4.877116697833174364e+00 -2.572318579690162199e+00 -2.863183366288920784e+00 -5.765215894424427501e-03 1.520181900312445933e+00 2.023545230849407073e+00 1.801329617246323789e+00 4.349906895552239305e+00 5.219472390221111979e+00 5.219472390221111979e+00 5.219472390221111979e+00 5.219472390221111979e+00
-1.045561509907259712e+01 -1.014489329418257313e+01 -9.557667131739684407e+00 -9.069195704715367512e+00 -8.242998926091990697e+00 -6.925985912504620146e+00 -3.755523903720967116e+00 -4.207819363877383978e+00 -9.741984896328751420e-01 9.996736399472939683e-01 2.089390548489530541e+00 2.707997781150221606e+00 3.405601227404325027e+00 4.830309029459628256e+00 5.078384712977532800e+00 5.078384712977532800e+00 5.078384712977532800e+00 5.078384712977532800e+00
-1.042722964736798019e+01 -1.008641057738891789e+01 -9.538033928691007191e+00 -8.410750125062154581e+00 -7.428565698494684177e+00 -5.398105488922818829e+00 -2.406510849536999785e+00 -3.632503302616183483e+00 -5.270709742601280973e-02 2.100467445430248770e+00 3.027167269344244627e+00 3.499624365540431103e+00 4.937047950336313384e+00 4.965924108219200050e+00 5.216973183719669116e+00 5.216973183719669116e+00 5.216973183719669116e+00 5.216973183719669116e+00
-1.022972165320243221e+01 -9.496782896356389614e+00 -8.927742203374036123e+00 -8.450480100125547622e+00 -6.893507202349974605e+00 -3.958918339612135462e+00 -3.911100455589761715e+00 -1.398565115240344880e+00 1.052969452679568541e+00 3.030988334345993795e+00 3.059883030917558422e+00 4.604634009576707321e+00 2.748637954124086846e+00 2.224898334005535272e+00 5.534003090011978543e+00 5.534003090011978543e+00 5.534003090011978543e+00 5.534003090011978543e+00
-9.904000663386362646e+00 -9.010226902808968319e+00 -8.218023289931252862e+00 -7.703601751063637870e+00 -5.292817261299536113e+00 -2.563592773368749356e+00 -3.233038992187228899e+00 1.121574984181958612e-01 2.775207547271086650e+00 3.081532299549038623e+00 4.484050621644602330e+00 3.789778135014253202e+00 1.989293287647816211e+00 2.411837906873254944e+00 5.195816247465518067e+00 5.195816247465518067e+00 5.195816247465518067e+00 5.195816247465518067e+00
-9.495475746363007730e+00 -8.585817265157807299e+00 -7.848550589767943286e+00 -6.197046600255681881e+00 -4.079360070682053419e+00 -2.935427002858704171e+00 -2.361386024119257243e+00 1.535598390346548658e+00 3.218732617961117981e+00 4.099891923949956940e+00 4.734507458566130644e+00 1.964264438713156258e+00 5.782547991221197448e-01 2.406698622500039075e+00 5.110093025747080908e+00 5.110093025747080908e+00 5.110093025747080908e+00 5.110093025747080908e+00
-1.006269657451522903e+01 -7.803006776351814722e+00 -6.719570256608903058e+00 -5.021296595754757064e+00 -2.932826349754587447e+00 -3.450347814055286122e+00 -2.872220987505910705e-01 2.893355840371696353e+00 3.296643214668395494e+00 5.036466107797209268e+00 3.336530404349741019e+00 -1.949151938640852677e+00 4.413007663473798026e-01 2.557349885715157534e+00 4.985740679030881140e+00 4.985740679030881140e+00 4.985740679030881140e+00 4.985740679030881140e+00
-9.429530145791320095e+00 -7.593425796136124006e+00 -5.713289715937081681e+00 -4.220130526010832384e+00 -2.043795257098933060e+00 -2.494136373939445317e+00 3.906607282419014560e-01 3.030569558614285341e+00 3.573134619366352460e+00 5.595973438863214966e+00 4.441196854184888743e+00 -7.398949410024462381e-01 9.795793303099270544e-01 2.602945931881484043e+00 5.163339959489271713e+00 5.163339959489271713e+00 5.163339959489271713e+00 5.163339959489271713e+00
-9.038007628164731244e+00 -6.862339745094123700e+00 -4.933469792857913205e+00 -3.187394752830122968e+00 -1.726581091123593037e+00 -1.480399419674233163e+00 3.021872331122231081e+00 2.981662608710294649e+00 4.173911714700619058e+00 6.227670459550361137e+00 6.099491682672397275e+00 1.971536422518803233e+00 6.630406256164478318e-01 2.775919714463312093e+00 5.019418798158318040e+00 5.019418798158318040e+00 5.019418798158318040e+00 5.019418798158318040e+00
-8.576057356941650056e+00 -6.465281720559594270e+00 -4.286757665966787201e+00 -2.345997266078664101e+00 -2.099149711032127552e+00 -1.374039931986605900e-01 3.076974553281923708e+00 3.198636435414647927e+00 4.272228369487573119e+00 5.069317665591720257e+00 4.595098220152483037e+00 4.687681594679371955e+00 3.647096205085302412e+00 3.295323449430891394e+00 5.224259921889123248e+00 5.224259921889123248e+00 5.224259921889123248e+00 5.224259921889123248e+00
-7.800432266966175199e+00 -6.006954167851658255e+00 -4.021165133666128710e+00 -1.690841310541194353e+00 -1.794622752404316124e+00 9.841034378570888697e-01 3.499054882495749919e+00 3.888296443932207413e+00 4.054404837220530133e+00 3.264612211312981405e+00 3.305778118640440688e+00 3.183923499987424410e+00 3.939212033181043182e+00 5.117113689391503684e+00 5.040021994860758525e+00 5.040021994860758525e+00 5.040021994860758525e+00 5.040021994860758525e+00
-7.542983872550593993e+00 -6.054678272921888649e+00 -3.586427257220582643e+00 -2.014001409420717703e+00 -4.336947790085914356e-01 3.049747710171221815e+00 3.154544658279000213e+00 3.873698392814898472e+00 3.846392441864275202e+00 1.754233961864797298e+00 1.486866047627576348e+00 1.532922150071701406e+00 2.807068117085019576e+00 4.284142510392009662e+00 5.048406773828708616e+00 5.048406773828708616e+00 5.048406773828708616e+00 5.048406773828708616e+00
-8.098738980173802560e+00 -5.983359071667501361e+00 -3.343680023002715718e+00 -1.644589748533356488e+00 -1.822206586818476470e+00 2.982727572439432429e+00 3.038262644963321435e+00 4.065915165615797910e+00 3.051219015203488816e+00 1.498924100072987375e+00 5.797643323467297494e-01 9.229913568684123826e-01 2.001127912077295345e+00 3.615596935899564102e+00 4.982055337555517660e+00 4.982055337555517660e+00 4.982055337555517660e+00 4.982055337555517660e+00
-8.185818100973616396e+00 -6.107157369080373321e+00 -3.416081880306699681e+00 -1.398706404342231258e+00 -1.014425247536195673e+00 3.090155678633374592e+00 3.113493012319560993e+00 4.046914355554451781e+00 2.973793599579608760e+00 1.353968496271694910e+00 3.208036794790242174e-01 3.386128028515542621e-01 1.273428515474295031e+00 3.261309645132860702e+00 5.101905990332631369e+00 5.101905990332631369e+00 5.101905990332631369e+00 5.101905990332631369e+00
-8.207119100695024372e+00 -6.400714549893733007e+00 -3.522743074944590713e+00 -1.577045275501251176e+00 -9.846982682116574015e-01 3.131233924218985720e+00 3.223423986354600590e+00 4.100598577269597200e+00 2.793692890915889571e+00 1.148499369075235643e+00 -2.531961743681881316e+00 -1.629677568076625782e+00 1.179625296759507558e+00 3.170125145797003885e+00 4.957984829001663485e+00 4.957984829001663485e+00 4.957984829001663485e+00 4.957984829001663485e+00
-8.115903145205621172e+00 -6.859574244132197407e+00 -4.370270093722937510e+00 -2.985530419802092883e+00 -1.919182382670272524e+00 1.191934197678439888e+00 3.186268504973147841e+00 3.951044005831469974e+00 2.312665547919217079e+00 6.122548018134839065e-01 -2.700105904767493570e+00 -1.500295881745502102e+00 1.261898893704932245e+00 3.477919526636518377e+00 5.034458801032231534e+00 5.034458801032231534e+00 5.034458801032231534e+00 5.034458801032231534e+00
-8.097438796708754438e+00 -7.112489437734578424e+00 -5.040571379832605281e+00 -3.035686961896642888e+00 -1.539613805237947330e+00 -5.543937798140326223e-02 3.138076516664070059e+00 3.763423949041887706e+00 2.053791422270174305e+00 -2.896222651012465121e+00 -2.670010510399147385e+00 -1.272900371989557300e+00 1.275168083578663181e+00 3.697930409669435647e+00 4.929583154617450447e+00 4.929583154617450447e+00 4.929583154617450447e+00 4.929583154617450447e+00
-7.874610460021552960e+00 -7.144130597872300648e+00 -5.302860884123169249e+00 -3.545461518677695878e+00 -2.199308932324459676e+00 -1.136075555567435558e+00 1.535241220164425435e+00 3.004249343632627856e+00 1.929174316433573955e+00 -3.817483210746029698e+00 -2.072896931690859645e+00 -4.301383565783908902e-01 1.571281354983114387e+00 3.745967542422696361e+00 4.904108160234718738e+00 4.904108160234718738e+00 4.904108160234718738e+00 4.904108160234718738e+00
-8.420160088057516035e+00 -7.627104704696101578e+00 -6.140860169747202058e+00 -4.751500391010653246e+00 -2.947440021181475522e+00 -2.332293150709778384e+00 -3.648205208085434359e-01 2.760517442145728140e+00 1.368262770400018535e+00 -3.279413200025424580e+00 -2.222640088950574577e-01 1.030804344061819311e+00 1.891160192206512658e+00 4.140631237430723033e+00 5.316027550006564795e+00 5.316027550006564795e+00 5.316027550006564795e+00 5.316027550006564795e+00
-8.771658844361260421e+00 -7.729679092798718010e+00 -6.742760383833300786e+00 -5.439192871005978702e+00 -3.801697732853834388e+00 -2.036196732818650545e+00 -1.909517100167536841e+00 7.736185715567051036e-01 1.815140439433478248e+00 -4.585292823336119539e-01 3.474082846375847744e-01 3.481741696240346906e-01 2.194682152834114497e+00 4.703558666074331818e+00 5.040472021175967043e+00 5.040472021175967043e+00 5.040472021175967043e+00 5.040472021175967043e+00
-9.157721738052069682e+00 -8.212652224381255195e+00 -7.467487231933946923e+00 -6.215332518894335578e+00 -4.927706233461356611e+00 -3.682657179621760424e+00 -2.265439972203505903e+00 -1.146015827740475945e+00 1.310714075828160130e+00 1.221189943362392505e+00 3.563406691279962790e-01 4.730242382859295991e-01 1.848836341536321815e+00 4.739164919702433032e+00 4.896550859845012482e+00 4.896550859845012482e+00 4.896550859845012482e+00 4.896550859845012482e+00
-9.406155465279205430e+00 -8.527313898394970337e+00 -7.973663360129703115e+00 -7.307551016277613165e+00 -6.246441037649512751e+00 -4.845302745264262079e+00 -2.860446583784615360e+00 -2.055362651164029497e+00 2.970820201434423158e-01 1.021566081474549748e+00 5.390218990016946154e-01 4.463405463661093142e-01 1.271480589877344913e+00 4.103671053561116722e+00 4.823324238716027779e+00 4.823324238716027779e+00 4.823324238716027779e+00 4.823324238716027779e+00
-1.003817335117726728e+01 -9.040016764215806688e+00 -8.574405058390055956e+00 -8.146229677072792441e+00 -7.402203932166548483e+00 -6.513901382578817234e+00 -4.439577743518910324e+00 -2.097854595965528368e+00 -1.787330307221895120e+00 9.533006810637125739e-01 8.318471768807902400e-01 9.491876692216498768e-01 2.118633650167487115e-01 3.983679928599124231e+00 4.868114206379185127e+00 4.868114206379185127e+00 4.868114206379185127e+00 4.868114206379185127e+00
-1.029854787804554128e+01 -9.875207428785302000e+00 -9.340169818825284409e+00 -8.887576457136466601e+00 -8.321000401873339669e+00 -7.270141125727252351e+00 -5.601137747479003615e+00 -3.793205367409531625e+00 -1.552474351151623244e+00 -3.334404427030822071e-01 1.042846172030861274e+00 1.146161924820150668e+00 3.675589184703401679e-01 4.632014541279458442e+00 5.361032409893394579e+00 5.361032409893394579e+00 5.361032409893394579e+00 5.361032409893394579e+00
-1.038819683867877863e+01 -1.003655134168356078e+01 -9.567417252634779601e+00 -9.180461486473291188e+00 -8.671480003044166551e+00 -7.654413034358115375e+00 -6.383049517638470505e+00 -4.744254426483230702e+00 -2.661740072556750381e+00 -1.830697938723000462e+00 9.510523989273587109e-01 5.327657393256858276e-01 8.006279190567417992e-01 3.955418249913160711e+00 5.122959213350279484e+00 5.122959213350279484e+00 5.122959213350279484e+00 5.122959213350279484e+00
-1.035907500928195191e+01 -1.013801645874866608e+01 -9.747046139452720581e+00 -9.341555663393855014e+00 -8.879066702225326679e+00 -7.991115173765884094e+00 -6.630303945711472302e+00 -5.355875586954475409e+00 -3.683420672573267662e+00 -1.931549614879205512e+00 -4.703694154138409189e-01 8.652365806655148983e-01 5.748241714026035565e-01 2.989820256798294995e+00 4.979038052019319593e+00 4.979038052019319593e+00 4.979038052019319593e+00 4.979038052019319593e+00
-1.044213048259144827e+01 -1.015428837526164685e+01 -9.641086774519385116e+00 -9.459499654498607413e+00 -8.936599919724901753e+00 -8.140057119550668574e+00 -6.868776421058679915e+00 -5.621484488564457038e+00 -4.134823058883284830e+00 -2.890222819490025685e+00 -2.995109146230675368e+00 6.662493425539401937e-01 1.783518068222885444e-01 2.600308326280626581e+00 4.835116890688352598e+00 4.835116890688352598e+00 4.835116890688352598e+00 4.835116890688352598e+00
-1.046416103385439200e+01 -1.017938137816027933e+01 -9.918324598711338425e+00 -9.570084222756374714e+00 -9.056736910192185519e+00 -8.343662528659605115e+00 -7.008470750901833135e+00 -5.747872090736141359e+00 -4.821969939806511007e+00 -3.232312709864844535e+00 -2.463104304530197464e+00 3.733748918105474213e-02 -2.425873634037148674e-01 2.735296008013004432e+00 4.739889303721179559e+00 4.739889303721179559e+00 4.739889303721179559e+00 4.739889303721179559e+00
-1.048800349786773012e+01 -1.022974925567505977e+01 -9.900051531039474995e+00 -9.529622140744825387e+00 -9.151669691526882033e+00 -8.444681274208768684e+00 -7.196958254722619408e+00 -5.751640735065880250e+00 -5.234821760689758463e+00 -3.842411252880891581e+00 -1.828164245864527082e+00 -4.528386381166920605e-01 8.047860650879784528e-04 2.289420929588493969e+00 5.399452832650355916e+00 5.399452832650355916e+00 5.399452832650355916e+00 5.399452832650355916e+00
-1.052681979837272053e+01 -1.024911795556827343e+01 -9.950479758417497322e+00 -9.624400794212993659e+00 -9.196713759222992834e+00 -8.596021697675793050e+00 -7.334464928908562165e+00 -5.767376704869779935e+00 -5.045053668005101244e+00 -3.348131717442110133e+00 -3.066108476883075529e+00 -1.352484030077830468e+00 5.104912300917535672e-01 2.360147821239323651e+00 5.337080773024226232e+00 5.337080773024226232e+00 5.337080773024226232e+00 5.337080773024226232e+00
-1.054158952063933086e+01 -1.028288179527557489e+01 -9.940664126590702310e+00 -9.600419774275156470e+00 -9.293567138146725526e+00 -8.655494019195835165e+00 -7.392988988897323033e+00 -5.840351139864945473e+00 -5.091482731546235208e+00 -3.778771517298267213e+00 -2.950565553691637977e+00 -2.287308031338494363e+00 3.168891703831934192e-01 2.234722383798916301e+00 5.061525244193628481e+00 5.061525244193628481e+00 5.061525244193628481e+00 5.061525244193628481e+00
-1.058003956291938508e+01 -1.025781445536660108e+01 -9.971637083802155743e+00 -9.624013429981642886e+00 -9.328971867093875048e+00 -8.714437245043264113e+00 -7.525926839842281169e+00 -5.838877870668898851e+00 -5.200960406593782892e+00 -3.744423982680801899e+00 -3.837346480332591625e+00 -1.655919566170789059e+00 -1.026126523163068127e-01 2.180552726860402579e+00 4.886846910260985943e+00 4.886846910260985943e+00 4.886846910260985943e+00 4.886846910260985943e+00
-1.060957840472494595e+01 -1.028406393675460606e+01 -1.000458504458710962e+01 -9.682923377549862209e+00 -9.350240960642548060e+00 -8.907581189085206574e+00 -7.591232140798248373e+00 -5.830145942567712680e+00 -5.261084206230380644e+00 -3.828395880925683947e+00 -4.096792418515675216e+00 -2.076679406402010208e+00 -8.525425232228801553e-01 2.149997435879807739e+00 4.796198718148701801e+00 4.796198718148701801e+00 4.796198718148701801e+00 4.796198718148701801e+00
