-1.035951659858260143e+01 -1.035091439452915552e+01 -9.987581266981161221e+00 -9.665589257636991505e+00 -9.386293792148926229e+00 -8.968976306471908799e+00 -8.369052091046809139e+00 -7.239197108349731735e+00 -4.843563168018253151e+00 -2.753032725796936919e+00 -1.987717449254508439e+00 -1.062068345456272933e+00 5.673707700205734561e-01 1.869821463530341177e+00 4.949106910854155217e+00 4.949106910854155217e+00 4.949106910854155217e+00 4.949106910854155217e+00
-1.040981879848305880e+01 -1.010807281765636745e+01 -1.001023693550713567e+01 -9.839584223430218657e+00 -9.470805718295713049e+00 -8.956208348753785131e+00 -8.208461612154126286e+00 -6.914011315451292994e+00 -4.499271049748603701e+00 -2.526722505125811313e+00 -2.522413798957250819e+00 -2.369080841514748514e-01 7.344890564269029865e-01 2.008073620256738412e+00 4.873681606586199422e+00 4.873681606586199422e+00 4.873681606586199422e+00 4.873681606586199422e+00
-1.040114037757883381e+01 -1.009258809354784958e+01 -9.730271959286687533e+00 -9.766577612218958038e+00 -9.667014844908905502e+00 -9.166991215349268529e+00 -8.134172829451820519e+00 -6.902787965197152431e+00 -3.709790278343024994e+00 -2.442264158320484491e+00 -2.313338008539422397e+00 2.283534012294291538e-02 5.715724210190897131e-02 2.029438852912009317e+00 5.120479122019304441e+00 5.120479122019304441e+00 5.120479122019304441e+00 5.120479122019304441e+00
-1.029806213913674995e+01 -1.025836545155642554e+01 -9.862631983613717068e+00 -9.278902042874594969e+00 -9.187093041850815212e+00 -9.175130196827524287e+00 -8.229282386443966146e+00 -6.695351209961764027e+00 -2.965737058839674312e+00 -2.713170583219593368e+00 -8.535463681951002135e-01 8.915168458927376360e-02 9.992778018932236828e-01 2.264387708431240043e+00 4.824543095346465194e+00 4.824543095346465194e+00 4.824543095346465194e+00 4.824543095346465194e+00
-1.054611011427275891e+01 -1.033213943573185745e+01 -9.950586499816747477e+00 -9.592520070687033495e+00 -9.071400302170570029e+00 -8.671348040669549562e+00 -8.162308948487270399e+00 -5.824765840823140195e+00 -2.713830081287540885e+00 -3.227682815792099369e+00 -2.879908349343028862e-01 2.973635742739537124e-01 1.751810267330402571e+00 2.396659326860461903e+00 4.738652671222313373e+00 4.738652671222313373e+00 4.738652671222313373e+00 4.738652671222313373e+00
-1.040219561538516224e+01 -1.004579647528898256e+01 -1.018089871829726789e+01 -9.945041901215093461e+00 -9.412003299547897939e+00 -8.671875457224508921e+00 -7.767543234177274769e+00 -4.555025248575329755e+00 -3.152675400197108235e+00 -2.073793973117949996e+00 -3.128328186419578327e-01 1.554732739740148362e-01 1.252673842525105385e+00 2.176737585973465894e+00 4.432243266882732513e+00 4.432243266882732513e+00 4.432243266882732513e+00 4.432243266882732513e+00
-1.038597702749577145e+01 -1.021332632383773031e+01 -1.008188476502461484e+01 -9.865985208006335938e+00 -9.367532204589114286e+00 -8.614429503812075950e+00 -7.541424067830483580e+00 -3.233896643032514895e+00 -3.628625916633177795e+00 -5.164390000749243814e-01 4.941245430417441353e-01 1.907747072997194593e+00 1.616841169398387290e+00 3.315587424428690255e+00 4.285673332657879087e+00 4.285673332657879087e+00 4.285673332657879087e+00 4.285673332657879087e+00
-1.051632417551602927e+01 -1.008072069330465048e+01 -1.001331763597859137e+01 -9.804119617397404340e+00 -9.302364106993664450e+00 -8.276380135813196759e+00 -5.398836154466605919e+00 -2.542702241767988092e+00 -2.844595975440020297e+00 -6.118762904352882670e-02 1.509563812139396610e+00 2.046153775030743027e+00 1.805694674074437511e+00 4.404690830370236121e+00 5.559558702233752925e+00 5.559558702233752925e+00 5.559558702233752925e+00 5.559558702233752925e+00
-1.040585494753783991e+01 -1.028048773354971601e+01 -9.558858659725421703e+00 -9.132401721901958425e+00 -8.215385864132715099e+00 -6.955613765037117702e+00 -3.530417097363381718e+00 -3.507594874321095180e+00 -8.911829039731449242e-01 9.727353539470806609e-01 2.072665961175503391e+00 2.744033300698614397e+00 3.444282782605089466e+00 4.826777720038927910e+00 5.612021959649608149e+00 5.612021959649608149e+00 5.612021959649608149e+00 5.612021959649608149e+00
-1.033147733216869213e+01 -1.001659961736598525e+01 -9.515936439232600463e+00 -8.437980983116286637e+00 -7.428158502364485827e+00 -5.232055780709057302e+00 -2.594216614502870222e+00 -3.311692160530606444e+00 -7.400979017812187033e-02 2.134801769472621125e+00 3.014019441826023105e+00 3.497755163971564052e+00 4.979753477872688627e+00 4.940246696922036662e+00 5.215602916774115805e+00 5.215602916774115805e+00 5.215602916774115805e+00 5.215602916774115805e+00
-1.024282478245507733e+01 -9.447730598365406962e+00 -8.835942546255015628e+00 -8.530905519682367100e+00 -6.780178506286832274e+00 -3.411036029248359025e+00 -3.871493441375763567e+00 -1.098915546293712353e+00 1.450567524086782800e+00 3.098700856215824473e+00 3.091543716976775436e+00 4.633326273194717793e+00 3.000838830960847581e+00 2.230090515264102180e+00 5.431065387889024265e+00 5.431065387889024265e+00 5.431065387889024265e+00 5.431065387889024265e+00
-9.899168929659959204e+00 -9.051289933852290304e+00 -8.207967949279009190e+00 -7.594904997563938664e+00 -4.986256170142715050e+00 -2.499717845644011227e+00 -3.095788817965119843e+00 6.999786269267394001e-02 2.974486760209371639e+00 3.162063765551972772e+00 4.452979274327277359e+00 3.790140458048687044e+00 1.771198030530572121e+00 2.483704613633727298e+00 5.236703901745922707e+00 5.236703901745922707e+00 5.236703901745922707e+00 5.236703901745922707e+00
-9.547126939657118783e+00 -8.502528007761771534e+00 -7.636800493698318704e+00 -6.096974095319367848e+00 -3.353041779740136619e+00 -3.637662008315842410e+00 -1.026227545129763996e+00 2.560969230711638289e+00 3.282058019295296170e+00 4.073026690587905563e+00 4.722641025999062769e+00 4.674537228456869253e-01 4.416041139271427163e-01 2.394815846255425207e+00 5.100705214486049854e+00 5.100705214486049854e+00 5.100705214486049854e+00 5.100705214486049854e+00
-1.010342084604666013e+01 -7.916641715572128923e+00 -6.486299793535874159e+00 -4.704729855894989932e+00 -2.156445211934900463e+00 -2.749475292710974905e+00 4.083275875032986169e-01 3.102439896035272149e+00 3.396066315816796077e+00 5.025499768756579222e+00 3.410774449298531685e+00 -1.970152011530735825e+00 3.763785728249245954e-01 2.625113052520230639e+00 6.086891253521958589e+00 6.086891253521958589e+00 6.086891253521958589e+00 6.086891253521958589e+00
-9.395934764674846562e+00 -7.531786079890113506e+00 -5.541723002649396435e+00 -3.386822775858644441e+00 -3.191194367491937633e+00 -1.204512511490285931e+00 2.512016289778955080e+00 3.154366206870637512e+00 3.591805786803340617e+00 5.636639309127707165e+00 4.528473971023656119e+00 -9.006713078172230436e-01 9.499819862558134265e-01 2.561978010948322559e+00 5.705156189825066448e+00 5.705156189825066448e+00 5.705156189825066448e+00 5.705156189825066448e+00
-9.132380886629256622e+00 -6.880252893512338375e+00 -4.552100614411138224e+00 -2.214354869602953357e+00 -2.789970549149125567e+00 1.723793231028464823e-01 3.050415731435123234e+00 3.062447879011541474e+00 4.166317892779312970e+00 6.186083979001489652e+00 6.111698115069311932e+00 1.928130460242472921e+00 6.172299535628941181e-01 2.787098206844115467e+00 5.702667395465249811e+00 5.702667395465249811e+00 5.702667395465249811e+00 5.702667395465249811e+00
-8.708101966417832074e+00 -6.248312519716975544e+00 -3.870567220922953577e+00 -2.094904428078813385e+00 -1.922253161936326560e+00 1.844234526141931507e+00 3.214139401399997098e+00 3.293222906317908372e+00 4.221403808516204670e+00 5.146519609719762300e+00 4.685785120011445315e+00 4.784607390045726660e+00 3.721668711757640580e+00 3.343990926479425418e+00 5.731311820347610109e+00 5.731311820347610109e+00 5.731311820347610109e+00 5.731311820347610109e+00
-7.777935688886030263e+00 -5.832688499729831832e+00 -3.368133403113446889e+00 -1.796997324290259268e+00 -5.343574927330794200e-01 2.657969337408740085e+00 3.547287670258993941e+00 3.916055927028129435e+00 4.094621293810463136e+00 3.291224038888892700e+00 3.367150473237495056e+00 3.227815716081509301e+00 4.038189750857241300e+00 5.273043296541404246e+00 5.435899824607158592e+00 5.435899824607158592e+00 5.435899824607158592e+00 5.435899824607158592e+00
-7.480570660199838962e+00 -5.873568921425734501e+00 -2.993894082354174646e+00 -2.110655134758871121e+00 1.951321762741531907e-01 3.137148911111564686e+00 3.160735184647317730e+00 3.947167499250684664e+00 3.809422308100975929e+00 1.838841751428764049e+00 1.451355055206081657e+00 1.523727587954258667e+00 2.835986389016230458e+00 4.390744644089330961e+00 6.034353199977132043e+00 6.034353199977132043e+00 6.034353199977132043e+00 6.034353199977132043e+00
-8.138780601252458169e+00 -5.821388985462007781e+00 -2.975143179971598606e+00 -2.107400871537107534e+00 4.798071167917494773e-01 3.060877440648815284e+00 3.120478203817604435e+00 4.058067252344660147e+00 3.174007251724606071e+00 1.561970188818293526e+00 -6.325068865735679335e-02 8.982259718201870413e-01 2.012528647586993458e+00 3.676575204016481191e+00 6.152778540309197020e+00 6.152778540309197020e+00 6.152778540309197020e+00 6.152778540309197020e+00
-8.104273017818668379e+00 -5.888519499350513442e+00 -3.050813264898704524e+00 -1.437065297868894920e+00 7.802689368891490007e-01 3.126268053879120323e+00 3.191601596351871351e+00 4.113948320496118249e+00 3.035209284347248460e+00 1.500261775744926140e+00 8.549471330842131622e-02 1.872015517217148761e-01 1.274373608634535193e+00 3.338133707671370409e+00 6.120348890504398121e+00 6.120348890504398121e+00 6.120348890504398121e+00 6.120348890504398121e+00
-8.152849289853596915e+00 -6.271263991303978713e+00 -3.236834346359730219e+00 -1.726639789263768154e+00 1.904981846181852123e-01 3.187912926317885365e+00 3.233477858481689893e+00 4.172067691803152734e+00 2.798866121470475310e+00 1.187994202022028212e+00 -2.620988743502265184e+00 -1.685515050312024421e+00 1.224498187211714217e+00 3.179068170747353594e+00 6.032171157539782058e+00 6.032171157539782058e+00 6.032171157539782058e+00 6.032171157539782058e+00
-8.111527945878641788e+00 -6.875035033892908487e+00 -4.065322987886317740e+00 -2.204249456927535711e+00 -5.706318285318542349e-01 3.178674427999658825e+00 3.211289970923752346e+00 4.022435308761246553e+00 2.369666056051758396e+00 4.819960410944506002e-01 -2.681924717029559702e+00 -1.627031690540763353e+00 1.246837417393465541e+00 3.464872110816020978e+00 6.024259717607153952e+00 6.024259717607153952e+00 6.024259717607153952e+00 6.024259717607153952e+00
-8.104841486855788091e+00 -7.014986295917605474e+00 -4.827011034886130147e+00 -2.347952418920747242e+00 -1.507315830384267752e+00 1.757937573466120895e+00 3.213125723810777767e+00 3.759306300963607406e+00 2.163769700438083810e+00 -3.718791759144761233e+00 -2.835209533151830108e+00 -1.278906039280598206e+00 1.328147385836282890e+00 3.719986626639918192e+00 5.941014234866582200e+00 5.941014234866582200e+00 5.941014234866582200e+00 5.941014234866582200e+00
-7.884947225803112580e+00 -7.060709938004817943e+00 -5.341031404330886190e+00 -3.236791823092300291e+00 -1.738363779897780681e+00 2.251200099706474056e-01 3.196617308394602119e+00 3.010126567097857198e+00 2.027904183744639433e+00 -4.090833486900156579e+00 -2.567655461151964413e+00 -7.526286176711036724e-01 1.547897602527181560e+00 3.701699875898037728e+00 6.611859981552555610e+00 6.611859981552555610e+00 6.611859981552555610e+00 6.611859981552555610e+00
-8.386176683611784810e+00 -7.614692462003901596e+00 -6.239278130132257516e+00 -4.281496610350453480e+00 -2.417964532555744839e+00 -1.260321136453550928e+00 8.378942102908488732e-01 2.788222938680390950e+00 1.426695044324402639e+00 -3.637460085891975226e+00 -1.553283102535755189e+00 1.124894664865256244e+00 1.890018534298038455e+00 4.166890013360421641e+00 6.639401057867734934e+00 6.639401057867734934e+00 6.639401057867734934e+00 6.639401057867734934e+00
-8.868938780225803953e+00 -7.829742139181607108e+00 -6.804695580945408828e+00 -5.355983100782726325e+00 -3.592808167747939763e+00 -2.129125375472100679e+00 -8.216174981250291554e-01 4.561238410955095191e-01 1.690401257688074033e+00 -5.945543347107551391e-01 -3.782665855772364694e-01 1.122413705343332790e-01 2.204011446330087054e+00 4.544215152435582716e+00 6.547580203523120090e+00 6.547580203523120090e+00 6.547580203523120090e+00 6.547580203523120090e+00
-9.128230238124814377e+00 -8.335003468004769545e+00 -7.529576651685999877e+00 -6.143831772796830570e+00 -4.645635307970908734e+00 -3.266404387151480737e+00 -1.837738571444423208e+00 -5.535167512759278097e-01 -2.143362171127842497e-01 1.555337651499064222e+00 -1.259394527641757300e-01 4.069433571761406077e-01 1.828240862635305941e+00 4.675610558512768300e+00 6.642486786798924570e+00 6.642486786798924570e+00 6.642486786798924570e+00 6.642486786798924570e+00
-9.374583184346013454e+00 -8.515303316300148140e+00 -7.965793817069801719e+00 -7.350979453720011492e+00 -6.162851288444521458e+00 -4.537280594202634632e+00 -2.642861402912910052e+00 -1.752566928384069689e+00 -7.151986436057649055e-01 3.983270586239672229e-01 4.908241047045305838e-01 1.341342489276899086e-02 1.403256761218171444e+00 4.091792712488206973e+00 5.830732932743454278e+00 5.830732932743454278e+00 5.830732932743454278e+00 5.830732932743454278e+00
-1.005113549254839000e+01 -9.006359819048549653e+00 -8.652812628454448429e+00 -8.222869390206707152e+00 -7.445529918801685909e+00 -6.576414460313142030e+00 -4.356524399552892390e+00 -2.233390148824369259e+00 -1.868367109559252226e+00 -6.282592706085285972e-01 1.143439902583466505e+00 5.629955140052232965e-01 -3.415744609158201106e-01 4.023515874951450577e+00 7.076579401813200221e+00 7.076579401813200221e+00 7.076579401813200221e+00 7.076579401813200221e+00
-1.035276173047317805e+01 -9.930836539764737125e+00 -9.475796985863484068e+00 -9.013055978990733408e+00 -8.458229839378770265e+00 -7.318111192493347517e+00 -5.651450231620978926e+00 -3.515345602990414431e+00 -2.435331164530672332e+00 -1.582938037516037788e+00 -1.987384811563600584e-01 1.156863502941837041e+00 3.031686448537354028e-01 4.420912372398210444e+00 7.125661101192850566e+00 7.125661101192850566e+00 7.125661101192850566e+00 7.125661101192850566e+00
-1.038118476029736037e+01 -1.007927449355035776e+01 -9.624831479692801395e+00 -9.255738935831679726e+00 -8.767863618402909509e+00 -7.771829740714411017e+00 -6.401347424694737498e+00 -4.696944035366707126e+00 -2.822689307942329418e+00 -2.488879279658601007e+00 -1.246146442807313459e+00 9.053317833154822525e-01 6.659188640296721529e-01 4.000212852754076565e+00 6.918618158958070197e+00 6.918618158958070197e+00 6.918618158958070197e+00 6.918618158958070197e+00
-1.043335542806819483e+01 -1.019418587465956350e+01 -9.802243649212334375e+00 -9.424837336491712847e+00 -9.021786776532817242e+00 -8.074983265774672958e+00 -6.669149338530451665e+00 -5.481704374656692025e+00 -3.703054764992531389e+00 -2.900234282613988412e+00 -2.411904046250058276e+00 -2.774822960572498678e-02 3.070449648044202284e-01 3.089900902250392711e+00 6.408293287139151140e+00 6.408293287139151140e+00 6.408293287139151140e+00 6.408293287139151140e+00
-1.051370488175898821e+01 -1.019272861714253864e+01 -9.876676024589890801e+00 -9.531313123403442944e+00 -9.042684117811658595e+00 -8.250835128785158901e+00 -6.908686885904735675e+00 -5.692138593914284783e+00 -4.149430980074260589e+00 -2.648604888623678377e+00 -2.299843068698442572e+00 -5.288106870783660929e-01 2.691618337947306316e-01 2.738988075626689778e+00 5.744445090878217641e+00 5.744445090878217641e+00 5.744445090878217641e+00 5.744445090878217641e+00
-1.048324218164714949e+01 -1.020706187142477894e+01 -9.950091884574792545e+00 -9.578681473529028878e+00 -9.146068102341910588e+00 -8.446657873519285431e+00 -7.105448559405235009e+00 -5.831151852077918640e+00 -5.210685417274421027e+00 -3.553159264312726329e+00 -2.063705849550427907e+00 -7.433168441243565017e-01 -1.546198800641111482e-01 2.662352405823581236e+00 6.026070423292630096e+00 6.026070423292630096e+00 6.026070423292630096e+00 6.026070423292630096e+00
-1.058013464421572891e+01 -1.025209187972928859e+01 -9.935476799096591094e+00 -9.573524355895958848e+00 -9.229527660263524780e+00 -8.537942584612922658e+00 -7.250281426147691555e+00 -5.784772237776084403e+00 -5.572358050171111188e+00 -3.962882553774585759e+00 -2.554240461252413219e+00 -9.537548036184471112e-01 2.032400293673958247e-01 2.225177025326459557e+00 6.312993786908936755e+00 6.312993786908936755e+00 6.312993786908936755e+00 6.312993786908936755e+00
-1.054803171357436220e+01 -1.026972534379186186e+01 -1.001622497031000947e+01 -9.672529266681175741e+00 -9.253425128788641985e+00 -8.722019292625503795e+00 -7.423360110938214795e+00 -5.767037715265461273e+00 -5.222287383877827871e+00 -3.720666266908144504e+00 -2.729457247236806161e+00 -1.997401343191351319e+00 -1.221040615355995229e-01 2.277851893607084399e+00 5.898824273698528131e+00 5.898824273698528131e+00 5.898824273698528131e+00 5.898824273698528131e+00
-1.058889308917897587e+01 -1.031740412775045534e+01 -1.002311886283467146e+01 -9.653172643920495233e+00 -9.327480561785677082e+00 -8.711139747561890800e+00 -7.455947011962871684e+00 -5.863282269274446179e+00 -5.202040831472924509e+00 -3.907089604900522595e+00 -4.031173338629299607e+00 -1.746382364708538137e+00 -5.145469550120739255e-01 2.124969245457276834e+00 5.297198524454771906e+00 5.297198524454771906e+00 5.297198524454771906e+00 5.297198524454771906e+00
-1.061404294226259104e+01 -1.030342994862473560e+01 -1.000241801187518753e+01 -9.651121038442482813e+00 -9.362210279793899304e+00 -8.776518418908143104e+00 -7.616340045670114023e+00 -5.865145407637280428e+00 -5.268555018788918076e+00 -3.731816176948822505e+00 -3.937850276940723759e+00 -2.324827685702645752e+00 -6.448685899101084251e-01 2.259543424867295425e+00 5.641173150543468573e+00 5.641173150543468573e+00 5.641173150543468573e+00 5.641173150543468573e+00
-1.066710627110328957e+01 -1.034314909686946393e+01 -1.002291506342404581e+01 -9.701650656918083371e+00 -9.395689724292864753e+00 -8.945070726838977748e+00 -7.592267773547306753e+00 -5.725742082954397461e+00 -5.350384704310956252e+00 -3.641589599254428933e+00 -4.117053998149002858e+00 -1.886840158374706089e+00 -5.555741308148522961e-01 2.255720629110687270e+00 5.315782162458869919e+00 5.315782162458869919e+00 5.315782162458869919e+00 5.315782162458869919e+00
