-1.034603671843654560e+01 -1.040011228646639552e+01 -1.001209567880503570e+01 -9.642127533146579665e+00 -9.314950530199300971e+00 -9.004334311323216156e+00 -8.280795123931934398e+00 -7.314126906989263155e+00 -4.611939878113366476e+00 -3.744148407875079521e+00 -3.103358932724106012e+00 -2.606956322993513986e+00 -7.783408169079364392e-01 1.872570361399338967e+00 5.412365383543096264e+00 5.412365383543096264e+00 5.412365383543096264e+00 5.412365383543096264e+00
-1.035887376594687126e+01 -1.029948886935682140e+01 -1.018263488522890725e+01 -1.003177349547851094e+01 -9.579410262714246116e+00 -8.939254863685652808e+00 -8.255103363289972407e+00 -7.022009474267245643e+00 -4.725477890086788868e+00 -2.220608671058101002e+00 -2.066210535565047746e+00 -1.238874114279398420e+00 -7.806212030914915223e-01 2.127281198301521847e+00 5.532105791907675041e+00 5.532105791907675041e+00 5.532105791907675041e+00 5.532105791907675041e+00
-1.030239349599093757e+01 -1.011087027051921439e+01 -9.766537120642478698e+00 -9.696591058964255438e+00 -9.743093108926181856e+00 -9.218011016965991899e+00 -8.158817033105155048e+00 -6.965709580075433394e+00 -4.681627597701339738e+00 -2.033845983514142475e+00 -3.055138725178956349e+00 -4.329634550011301486e-01 -1.312710289323595070e-01 2.157779935547560424e+00 5.742143594561445852e+00 5.742143594561445852e+00 5.742143594561445852e+00 5.742143594561445852e+00
-1.035934816215762666e+01 -1.020450109955898910e+01 -9.947370364027094070e+00 -9.285411163546376301e+00 -9.199938823918346387e+00 -9.222196389482213874e+00 -8.323644536350393253e+00 -6.795125034355487870e+00 -3.667407919936692018e+00 -1.837625791375695483e+00 -2.261460003878462910e+00 3.428230885631697311e-02 6.977128934185131692e-01 2.317016449414691426e+00 5.737092438043032594e+00 5.737092438043032594e+00 5.737092438043032594e+00 5.737092438043032594e+00
-1.056121066869565084e+01 -1.031424500829871960e+01 -9.987378110963106792e+00 -9.633633655026947906e+00 -9.094267955526255776e+00 -8.708767481373598685e+00 -8.280465928888053995e+00 -6.450947311328725675e+00 -2.717373713977388139e+00 -2.750173480580206054e+00 -5.918744691522177526e-01 3.847113915110446647e-01 1.226311650384779295e+00 2.425905753864275205e+00 5.617019703238566919e+00 5.617019703238566919e+00 5.617019703238566919e+00 5.617019703238566919e+00
-1.048438301619125923e+01 -9.954649592255934820e+00 -1.026688860899673905e+01 -1.001441876791922603e+01 -9.446945282484589868e+00 -8.716192593037737524e+00 -7.848943128100068556e+00 -5.502430452250621329e+00 -2.688598293255738181e+00 -2.811398364140187400e+00 -2.368458283256903996e-01 9.756115525971689184e-01 1.113967677363164155e+00 2.165490670563841924e+00 5.850658377556358758e+00 5.850658377556358758e+00 5.850658377556358758e+00 5.850658377556358758e+00
-1.036356387563734849e+01 -1.047300803727705798e+01 -1.001719546773048819e+01 -9.723047719348169693e+00 -9.433385043281024451e+00 -8.714580826323516050e+00 -7.699483666422167971e+00 -3.612546025276851314e+00 -2.673700990757911455e+00 -1.575082940157706224e+00 -2.833856284890937105e-01 1.379416323932061372e+00 1.534056260230400870e+00 3.325652504587191416e+00 5.884868064831557888e+00 5.884868064831557888e+00 5.884868064831557888e+00 5.884868064831557888e+00
-1.065502562462476988e+01 -1.015978532010072399e+01 -9.998656307925571696e+00 -9.991950481065000389e+00 -9.321920196641320544e+00 -8.341027526458987040e+00 -6.130912925058471963e+00 -2.760539377314152443e+00 -2.749677466232850698e+00 -1.446477581214803687e-01 9.979549669907319398e-01 2.108822578802320713e+00 1.799888545187984912e+00 4.323676241406411158e+00 5.991585272750677760e+00 5.991585272750677760e+00 5.991585272750677760e+00 5.991585272750677760e+00
-1.060749281046562942e+01 -1.028757772041823415e+01 -9.682542479129086388e+00 -9.118858618217622336e+00 -8.171299907452755917e+00 -7.072143652939417713e+00 -3.404414961993439626e+00 -3.057108052489572625e+00 -7.324718407028939504e-01 6.916916283655311082e-01 2.168818950533550893e+00 2.767421736486952444e+00 3.394529409855496560e+00 4.767011385406679125e+00 6.269886480235314252e+00 6.269886480235314252e+00 6.269886480235314252e+00 6.269886480235314252e+00
-1.011518617792812336e+01 -9.919998971272759647e+00 -9.580743158187871700e+00 -8.523535028417533965e+00 -7.382165834418614736e+00 -4.936696823588408556e+00 -2.980830605048826243e+00 -2.090986198447889688e+00 1.110332440070086468e-01 2.120580347878472161e+00 3.063874344282742523e+00 3.455970183607308677e+00 4.931132365757569858e+00 4.947895815477057369e+00 6.265415473753018105e+00 6.265415473753018105e+00 6.265415473753018105e+00 6.265415473753018105e+00
-1.013247309850679834e+01 -9.513785678988806893e+00 -8.696489433196795460e+00 -8.590630774379398815e+00 -6.753082636171289010e+00 -2.850112010446994137e+00 -2.929917005461383894e+00 2.174116117098715828e-01 2.113775343745598168e+00 3.078906047098429521e+00 3.066929563934864156e+00 4.603946052602660544e+00 2.768303474047348445e+00 2.330193291238218833e+00 6.628784281498909081e+00 6.628784281498909081e+00 6.628784281498909081e+00 6.628784281498909081e+00
-9.796902160811050919e+00 -9.010429153742300912e+00 -8.081370486419984900e+00 -7.427503095221300811e+00 -4.401030905343938038e+00 -2.740155638347330669e+00 -1.564912645714769068e+00 9.613068636722782445e-01 2.981203777446859604e+00 3.183852738058186027e+00 4.493686496726754243e+00 3.735872996985250882e+00 6.378754693309027779e-01 2.512875638726124183e+00 6.475570436467272373e+00 6.475570436467272373e+00 6.475570436467272373e+00 6.475570436467272373e+00
-9.601333244395780397e+00 -8.473151858393469738e+00 -7.442134629681250502e+00 -5.795363278199717527e+00 -2.495469423692584066e+00 -3.304582648023342895e+00 2.435586819140979076e-01 3.077627742521002574e+00 3.274647971377858013e+00 4.103341911066499925e+00 4.748096769230887304e+00 -1.517924609359566912e-01 5.272069602406873612e-01 2.459522504080111638e+00 6.627063426940977386e+00 6.627063426940977386e+00 6.627063426940977386e+00 6.627063426940977386e+00
-1.009901445705925482e+01 -7.927986890572297440e+00 -6.309231577950603409e+00 -3.494249554392117929e+00 -2.714032394900442569e+00 -1.026504823700691071e+00 1.566047538167199660e+00 3.143661920694370338e+00 3.315929380870606735e+00 5.022068869585623929e+00 3.313263025210220203e+00 -1.887505666659953008e+00 4.086075897330846418e-01 2.604309210933098750e+00 6.784423590204811561e+00 6.784423590204811561e+00 6.784423590204811561e+00 6.784423590204811561e+00
-9.402396570280233234e+00 -7.368783097784101344e+00 -4.897200417599657740e+00 -2.505539019202704942e+00 -2.184725091864759605e+00 3.699172645319663277e-01 3.154873881480985798e+00 3.235098729519766181e+00 3.590853170089853386e+00 5.627807859674707203e+00 4.475989046077055278e+00 -8.637428726894087472e-01 9.866188827761183111e-01 2.702802153379452399e+00 6.674907455603518613e+00 6.674907455603518613e+00 6.674907455603518613e+00 6.674907455603518613e+00
-9.142499321819782310e+00 -6.921050775364482099e+00 -3.677533370147160863e+00 -2.361601813981758724e+00 -6.451172284824144842e-01 2.183934513499731445e+00 3.046078095219426185e+00 3.090880265038320474e+00 4.193107265009919260e+00 6.294833354102208567e+00 6.013327207350376291e+00 1.947033119039429216e+00 7.698064391130576833e-01 2.762480610886294929e+00 6.923592599892073984e+00 6.923592599892073984e+00 6.923592599892073984e+00 6.923592599892073984e+00
-8.714585314332264687e+00 -5.845085147307721662e+00 -2.764052040633893981e+00 -2.187923295642159260e+00 -9.001542276228419182e-02 3.063629727498179189e+00 3.271434756031262658e+00 3.300155209411044233e+00 4.217916549413217808e+00 5.031499322743433922e+00 4.561221261176354957e+00 4.719051063003083968e+00 4.185255661391667381e+00 3.304886636904925012e+00 6.506298304155585299e+00 6.506298304155585299e+00 6.506298304155585299e+00 6.506298304155585299e+00
-7.712936365607141020e+00 -5.501885711214949737e+00 -2.563598809255103639e+00 -2.122535041444581161e+00 4.275411083584240712e-01 2.678797230360809856e+00 3.533614727673077383e+00 3.849611188407938922e+00 4.085715102822443434e+00 3.227141520236208816e+00 3.249408488282209184e+00 3.138867813275877161e+00 3.976479067610422469e+00 5.152171737618997938e+00 6.882500890067578148e+00 6.882500890067578148e+00 6.882500890067578148e+00 6.882500890067578148e+00
-7.518442427865491773e+00 -5.626024233357146187e+00 -2.219296513530790271e+00 -1.652548765108327933e+00 9.820120594793666502e-01 3.168420577119236192e+00 3.186436064471371843e+00 3.907941952935361840e+00 3.852913202706911733e+00 1.761886593363327425e+00 1.288145487125393451e+00 1.414063564079556468e+00 2.744393477504648793e+00 4.351267015633679236e+00 6.744405927224613961e+00 6.744405927224613961e+00 6.744405927224613961e+00 6.744405927224613961e+00
-8.245362620269899523e+00 -5.728224998142129820e+00 -2.238371454037983099e+00 -1.314240380342131864e+00 1.563937405126573088e+00 3.125832733762238025e+00 3.186743344334288963e+00 4.099480947942192977e+00 3.152200036118792958e+00 1.523868180597607536e+00 -9.427399067689231638e-01 7.980780576523722747e-01 1.929748310914951581e+00 3.608538912670514520e+00 6.550539519216199480e+00 6.550539519216199480e+00 6.550539519216199480e+00 6.550539519216199480e+00
-8.082719498570508421e+00 -6.399560473643385095e+00 -3.102901100321435290e+00 -1.903633055962506537e+00 1.482831256697300759e+00 3.172944883222895474e+00 3.210147467274988564e+00 4.100695302945993603e+00 3.087644182616852806e+00 1.436814925513507646e+00 -9.181183994139330284e-01 4.149754411270828447e-02 1.237422274829302227e+00 3.321754634647600124e+00 7.075316464901375113e+00 7.075316464901375113e+00 7.075316464901375113e+00 7.075316464901375113e+00
-8.084715159263826223e+00 -6.650243716671760730e+00 -3.070922094007926262e+00 -2.029846852672326563e+00 7.371213185569264192e-01 3.241169513511811040e+00 3.270212760026143251e+00 4.180461111125419293e+00 2.732417984381065867e+00 1.134441207307207211e+00 -2.841308430648100902e+00 -1.743840664555535547e+00 1.202968693788531329e+00 3.164741720025912475e+00 6.956683111621062565e+00 6.956683111621062565e+00 6.956683111621062565e+00 6.956683111621062565e+00
-8.061079383100695495e+00 -6.724159336706967416e+00 -3.582592435859964120e+00 -2.193414601852651913e+00 6.182304846078409133e-01 3.247577340119006450e+00 3.283789155183181485e+00 4.065133670709551339e+00 2.381892707552834665e+00 -1.255228353579085798e+00 -2.746297348719046738e+00 -1.674658839379963071e+00 1.207802678003421448e+00 3.450219039176820601e+00 7.024711215031994804e+00 7.024711215031994804e+00 7.024711215031994804e+00 7.024711215031994804e+00
-8.113481232745547445e+00 -7.154641872250526724e+00 -4.369618266231054982e+00 -1.437777906750894674e+00 -1.048555802303854090e-01 2.480748546688411604e+00 3.201093112002920016e+00 3.788855512334210918e+00 2.109852660498417798e+00 -4.031733286261372839e+00 -2.785580154625749927e+00 -1.374443488795255686e+00 1.269567926513393452e+00 3.674000812959413942e+00 7.014708467347307241e+00 7.014708467347307241e+00 7.014708467347307241e+00 7.014708467347307241e+00
-7.915602307628493151e+00 -7.196680728094289492e+00 -4.982628330774481640e+00 -2.190179260312516529e+00 -1.194984664178966982e+00 6.772712634257755937e-01 3.241786130938881350e+00 3.080298591114640772e+00 1.959517312015648383e+00 -4.412208147178398931e+00 -2.795046598762680023e+00 -6.239119674908705226e-01 1.537775134263820398e+00 3.674108207483259392e+00 7.150929884164986206e+00 7.150929884164986206e+00 7.150929884164986206e+00 7.150929884164986206e+00
-8.386578260674426133e+00 -7.589074098459230200e+00 -6.140620451284194203e+00 -3.249005165202843770e+00 -1.256340428439808532e+00 -1.458510171101841557e+00 1.441533446526866546e+00 2.789984019524803127e+00 1.256308493315070329e+00 -4.103395883018626122e+00 -2.128307028486000618e+00 1.133299422711041338e+00 1.872181698318728715e+00 4.077476555355341148e+00 7.429054091460059794e+00 7.429054091460059794e+00 7.429054091460059794e+00 7.429054091460059794e+00
-8.902887556694675908e+00 -7.843694678197956627e+00 -6.836843232502619827e+00 -4.917706407641746935e+00 -2.139183822621549158e+00 -2.353690291417315006e+00 -4.686205089655906542e-01 1.565270410387577860e+00 2.001761341307908726e+00 -1.577312770923853913e+00 -1.458868433082730842e+00 5.441034359724131741e-01 2.127879567064907107e+00 4.295873877510895333e+00 7.038592002783287782e+00 7.038592002783287782e+00 7.038592002783287782e+00 7.038592002783287782e+00
-9.145260038629672295e+00 -8.444565193981610207e+00 -7.538269556077768385e+00 -5.924215565312474396e+00 -3.822466668635333242e+00 -2.465958202577971825e+00 -2.124081615117444866e+00 4.670911013771339437e-02 1.209255371908545929e+00 1.456207540684445467e+00 -1.516161993876894432e+00 -4.930640321253406677e-01 1.788048834137147658e+00 4.356750164842957851e+00 7.735784840003280038e+00 7.735784840003280038e+00 7.735784840003280038e+00 7.735784840003280038e+00
-9.375429282545242771e+00 -8.551225786183742628e+00 -8.096310207194401087e+00 -7.385261593229909494e+00 -5.976581283757247398e+00 -3.803166248935693439e+00 -2.841599189663896574e+00 -2.235673266557452799e+00 8.554200330223625526e-02 9.172453103906617056e-01 -1.411316104902101021e+00 -7.931873613716153293e-03 1.545113977402001515e+00 4.062387902979747167e+00 7.407594485664621864e+00 7.407594485664621864e+00 7.407594485664621864e+00 7.407594485664621864e+00
-1.018932436949745934e+01 -9.061209517805558278e+00 -8.720370583565843603e+00 -8.321929848189626000e+00 -7.439518340995365797e+00 -6.703586070566996291e+00 -3.835233851012132433e+00 -2.683336070816430663e+00 -2.556907180731725404e+00 -1.674090525891062109e-01 2.794727971357316432e-01 7.649269591980448202e-02 9.419522612506385784e-01 4.023228910660716195e+00 7.252012157820926674e+00 7.252012157820926674e+00 7.252012157820926674e+00 7.252012157820926674e+00
-1.042897490335515087e+01 -1.001474665953910836e+01 -9.546975361107648439e+00 -9.157753494808806849e+00 -8.791747275493555946e+00 -7.487729702251161079e+00 -5.798317233830452722e+00 -3.502083352673073691e+00 -2.746811791471082120e+00 -3.143891083515691243e+00 -1.567384729668762910e-01 1.686616823217839956e-01 -1.005040831003248258e-01 4.278834508464701258e+00 7.430645396905969591e+00 7.430645396905969591e+00 7.430645396905969591e+00 7.430645396905969591e+00
-1.058005190105903637e+01 -1.020359350989849290e+01 -9.754344620610645222e+00 -9.458370385467468111e+00 -9.089498384987704682e+00 -7.955438433666182974e+00 -6.252867867988667783e+00 -5.563222529786584047e+00 -2.842558622233257282e+00 -3.241452195821485915e+00 -2.355332653012235156e+00 -1.403901279604793939e-01 -8.227408357594085953e-01 4.071100242275853986e+00 7.603529276644928281e+00 7.603529276644928281e+00 7.603529276644928281e+00 7.603529276644928281e+00
-1.050341645592055784e+01 -1.035074553012793608e+01 -9.955220294255401114e+00 -9.599589470763742582e+00 -9.235659577830206857e+00 -8.262904250125483685e+00 -6.626596203506953664e+00 -5.676965267911135982e+00 -4.433553068622027915e+00 -2.977031070999748508e+00 -2.858537781616333540e+00 -3.815310305230645294e-01 -5.027956053124265079e-01 3.085267945334859263e+00 7.280656794921197772e+00 7.280656794921197772e+00 7.280656794921197772e+00 7.280656794921197772e+00
-1.051954093658899225e+01 -1.025177793676657068e+01 -1.003521438004349164e+01 -9.693791562902880798e+00 -9.257736031617703532e+00 -8.431527791673127936e+00 -6.881029483379663247e+00 -5.799793905866991395e+00 -5.232304663156404523e+00 -2.474429132462068637e+00 -2.611537922613948126e+00 -8.424082342192311668e-01 -5.065495128220866006e-01 2.718115494533556387e+00 7.666106450542966577e+00 7.666106450542966577e+00 7.666106450542966577e+00 7.666106450542966577e+00
-1.052667551450577754e+01 -1.029994412134549187e+01 -1.004029507815756972e+01 -9.746525550490064305e+00 -9.340534670907347348e+00 -8.632581284822055778e+00 -7.180851381695367408e+00 -5.839130504258832843e+00 -5.625164640416255857e+00 -2.973345807284275999e+00 -1.542009741732193184e+00 -2.537557104901325467e+00 -4.384528829263685257e-01 2.479688474801877263e+00 8.043666772070064752e+00 8.043666772070064752e+00 8.043666772070064752e+00 8.043666772070064752e+00
-1.058668151485703746e+01 -1.028258935240646466e+01 -9.972112426591763779e+00 -9.658919418097756449e+00 -9.342282302664690619e+00 -8.718872181685064504e+00 -7.355630460571314089e+00 -5.894161348821951307e+00 -5.822338389634156286e+00 -3.803200399111052565e+00 -2.342626838390833299e+00 -3.100428211706987458e+00 -1.092751794855381542e+00 2.099013038168176415e+00 7.404865412396523183e+00 7.404865412396523183e+00 7.404865412396523183e+00 7.404865412396523183e+00
-1.060612066270073228e+01 -1.028944771907764277e+01 -1.006952272288961936e+01 -9.741607591001258726e+00 -9.345912922438714077e+00 -8.842972554094570725e+00 -7.531440808817706056e+00 -5.714288724599581037e+00 -5.462731754151963770e+00 -3.697683961237069994e+00 -3.563396802147595022e+00 -2.329298942167442377e+00 -5.880015152674391565e-01 2.407664408558805036e+00 7.841797838341030058e+00 7.841797838341030058e+00 7.841797838341030058e+00 7.841797838341030058e+00
-1.065077552414315853e+01 -1.039793249434979217e+01 -1.002119567670058764e+01 -9.720847229532079581e+00 -9.413802682189134075e+00 -8.855694871534099732e+00 -7.538958828164108894e+00 -5.917613898709241482e+00 -5.394074943354833174e+00 -3.269379251812961407e+00 -4.649218743436711598e+00 -2.363566164483056564e+00 -3.831442456004733876e-01 2.246249645706047460e+00 7.731341147353638199e+00 7.731341147353638199e+00 7.731341147353638199e+00 7.731341147353638199e+00
-1.066894568038600077e+01 -1.034239558440664908e+01 -1.003092304012433544e+01 -9.740582725993579771e+00 -9.445121002331884341e+00 -8.854484216313373679e+00 -7.659299024255271426e+00 -5.959817877811532050e+00 -5.411564021454383422e+00 -4.042563090793269254e+00 -3.495991837482989695e+00 -2.297497431800457068e+00 -3.145614127454421372e-01 2.365953546898734938e+00 8.142914955213973016e+00 8.142914955213973016e+00 8.142914955213973016e+00 8.142914955213973016e+00
-1.071666870345890210e+01 -1.036904856822619259e+01 -1.003638836501889031e+01 -9.765426189188428197e+00 -9.532264256368829791e+00 -9.038751820645140711e+00 -7.682584573915153037e+00 -5.696439891201200645e+00 -5.503068284839382152e+00 -4.207507779052064301e+00 -4.152541950366290813e+00 -2.024231816321679478e+00 -3.772119501924403595e-01 2.323026363605838807e+00 7.414789563812210993e+00 7.414789563812210993e+00 7.414789563812210993e+00 7.414789563812210993e+00
