-1.040110987983822355e+01 -1.029371801514477802e+01 -9.949622303320943217e+00 -9.634471610054314183e+00 -9.300338509695921019e+00 -8.988715595788532298e+00 -8.360090401511522273e+00 -7.251481011888527561e+00 -4.766165625507012393e+00 -2.462591984855570182e+00 -2.288198850458483591e+00 7.056087999170040925e-02 5.502408498567579187e-01 1.835222731775140170e+00 5.286873099813186982e+00 5.286873099813186982e+00 5.286873099813186982e+00 5.286873099813186982e+00
-1.035163977665228074e+01 -1.019372592229289332e+01 -9.958176163778025725e+00 -9.786785610921221235e+00 -9.446087638239045958e+00 -8.889774944461169781e+00 -8.170553407216615938e+00 -6.716781036190901055e+00 -3.463385390435843370e+00 -2.780558205009666217e+00 -1.719686301778617032e+00 -4.339376922876189702e-02 1.347976470072642430e+00 1.955299821820676076e+00 5.328561169159545585e+00 5.328561169159545585e+00 5.328561169159545585e+00 5.328561169159545585e+00
-1.030270413402525520e+01 -9.915113078305521910e+00 -9.830690011351553181e+00 -9.897418726525604171e+00 -9.575336347293911032e+00 -9.036491637657961817e+00 -8.106663383192245220e+00 -6.666635505877760437e+00 -3.093934185619028998e+00 -3.474325793150526920e+00 -6.591685327020520013e-01 1.579446615396016274e-01 1.657589583713877879e+00 1.924724241115063350e+00 4.937883007603518060e+00 4.937883007603518060e+00 4.937883007603518060e+00 4.937883007603518060e+00
-1.044386612997414332e+01 -1.033182799186244871e+01 -9.692537349299172433e+00 -9.319006549094929426e+00 -9.176327618412729592e+00 -9.298351741412275828e+00 -8.157418060418077488e+00 -6.213249281904907662e+00 -3.208932559291803877e+00 -3.351597799013662726e+00 -8.979181843483478864e-02 4.564052691947014795e-01 1.336449855333360581e+00 2.134204449733700937e+00 4.825910424846728830e+00 4.825910424846728830e+00 4.825910424846728830e+00 4.825910424846728830e+00
-1.053046447148019027e+01 -1.031770073805619781e+01 -9.861142091947256105e+00 -9.579907645623764623e+00 -9.008558311708878108e+00 -8.665798168795921796e+00 -8.148289806350710762e+00 -4.916965814345262586e+00 -3.311909553226313196e+00 -3.192562317392326765e+00 1.273894291254918376e-01 6.733357555380289350e-01 1.690164419451136935e+00 2.312218948008548658e+00 4.741255019746650312e+00 4.741255019746650312e+00 4.741255019746650312e+00 4.741255019746650312e+00
-1.040487056791680232e+01 -1.003148425636530483e+01 -1.012221927849338066e+01 -9.817319472618535769e+00 -9.348140833558257867e+00 -8.530385260814600912e+00 -7.490724917512452841e+00 -3.856551863424480864e+00 -3.988786347666826160e+00 -1.809255120778224590e+00 4.228328831198355786e-01 1.061692538245091022e+00 1.745377446812976352e+00 2.137722649104622619e+00 4.458113920828576937e+00 4.458113920828576937e+00 4.458113920828576937e+00 4.458113920828576937e+00
-1.043219794545558265e+01 -1.024340973437404756e+01 -9.940758092631376996e+00 -9.775427514182286615e+00 -9.333429956184629006e+00 -8.516717623897889666e+00 -7.110805286722348129e+00 -2.531043494741195055e+00 -3.763708035177423028e+00 -3.733825818201950142e-01 5.828517027409350071e-01 1.758947339740067228e+00 1.608174446308697547e+00 3.264980654332072962e+00 4.223307450211943426e+00 4.223307450211943426e+00 4.223307450211943426e+00 4.223307450211943426e+00
-1.044989776037560247e+01 -1.009094213980458932e+01 -1.000451524412142845e+01 -9.725710533528809876e+00 -9.191414129120925480e+00 -8.319019976781113712e+00 -4.940628072007890559e+00 -2.791466880344789292e+00 -2.718231980415686255e+00 3.322852571107427488e-01 1.549409305328902198e+00 1.923144754944704715e+00 1.819375134386246540e+00 4.352728420113518126e+00 5.217906627881387038e+00 5.217906627881387038e+00 5.217906627881387038e+00 5.217906627881387038e+00
-1.037230987720144526e+01 -9.940974667041730939e+00 -9.501661926142521253e+00 -9.090886763497678658e+00 -8.352850332248575427e+00 -6.947380205896592997e+00 -3.660520990812837105e+00 -3.980519217308160940e+00 -1.785212134511324100e+00 1.075795269848567992e+00 2.142037587759832107e+00 2.642385593279074740e+00 3.346355672831061501e+00 4.823459492166158213e+00 5.183332035497307366e+00 5.183332035497307366e+00 5.183332035497307366e+00 5.183332035497307366e+00
-1.045673890883596613e+01 -1.007415608263996631e+01 -9.437014615993929212e+00 -8.443455318889114380e+00 -7.441648011283384712e+00 -5.608391000282338723e+00 -2.348627770374124957e+00 -3.764144167680601782e+00 -9.370572747948724412e-02 1.833682752103932057e+00 3.048332275190653640e+00 3.430933548780489950e+00 4.961185927809641072e+00 4.999750900477233806e+00 5.328338713146021810e+00 5.328338713146021810e+00 5.328338713146021810e+00 5.328338713146021810e+00
-1.029114033823726970e+01 -9.561010756805828237e+00 -9.018366602836220380e+00 -8.458828291920333697e+00 -7.013687634312257835e+00 -4.099837109784862044e+00 -3.470909587763517656e+00 -2.317177211145746263e+00 1.063205436420464389e+00 3.066224956956171699e+00 3.062747200015489835e+00 4.604652976483288640e+00 2.976991630932376509e+00 2.227708664362242352e+00 5.662218544527705788e+00 5.662218544527705788e+00 5.662218544527705788e+00 5.662218544527705788e+00
-9.895327169280125901e+00 -9.046973614932129593e+00 -8.300984965767264967e+00 -7.837906142577740098e+00 -5.478145842486974004e+00 -2.371818018931903360e+00 -2.725318215099882480e+00 4.710385836396181747e-02 2.457650331532661436e+00 3.119141110145476681e+00 4.502166746361130123e+00 3.733074362781388711e+00 1.957389972025288527e+00 2.499877990772221281e+00 5.447264636255800596e+00 5.447264636255800596e+00 5.447264636255800596e+00 5.447264636255800596e+00
-9.416794947287103312e+00 -8.614247214250136508e+00 -7.923088777263065374e+00 -6.334145334993312559e+00 -4.389497685422051987e+00 -3.067855247594389656e+00 -2.762229496554874597e+00 9.227707877008362036e-01 3.172348226486841671e+00 4.071837885076591057e+00 4.688170677054205981e+00 2.006995013124152294e+00 5.101945144771682372e-01 2.434448857865811000e+00 5.291120753308756974e+00 5.291120753308756974e+00 5.291120753308756974e+00 5.291120753308756974e+00
-1.004729495197534206e+01 -7.881877136119355143e+00 -6.764756682188921566e+00 -5.301277466673771421e+00 -3.168531912512442261e+00 -1.788153080206794421e+00 -1.927202755377596999e+00 2.282315326356799456e+00 3.316531459200929177e+00 5.009138879353182361e+00 3.262423396683751253e+00 -1.798325251881682130e+00 3.954678262037026326e-01 2.560894165958369939e+00 5.158011700218839479e+00 5.158011700218839479e+00 5.158011700218839479e+00 5.158011700218839479e+00
-9.442011848871439739e+00 -7.622411781141870790e+00 -5.834792584811140159e+00 -4.508338560381453419e+00 -2.064102161235363830e+00 -2.765105516868020530e+00 1.738701584119532462e-01 3.041160604170167314e+00 3.537237078527628142e+00 5.496939625855114642e+00 4.455597563002577921e+00 -9.181188009768170843e-01 9.933459578531779188e-01 2.465942845336615452e+00 5.208932390392787326e+00 5.208932390392787326e+00 5.208932390392787326e+00 5.208932390392787326e+00
-9.037749685262841837e+00 -6.887800764421339927e+00 -5.146184560324607915e+00 -3.704820524042998109e+00 -1.602684426892162728e+00 -1.931837164964120168e+00 2.012798502579590032e+00 2.969363755561825968e+00 4.136613430914405143e+00 6.327384706869485953e+00 6.017793220098514695e+00 1.939080657870287050e+00 9.014836397670666912e-01 2.785678536442724784e+00 5.158971234808380046e+00 5.158971234808380046e+00 5.158971234808380046e+00 5.158971234808380046e+00
-8.679233403401241276e+00 -6.473590580513473469e+00 -4.577221096674469081e+00 -2.622450342706996729e+00 -1.673700352595960839e+00 -1.108037273879417750e+00 3.113309822034856733e+00 3.380578154753210107e+00 4.208715982335047734e+00 5.091674316998014760e+00 4.578129864851296915e+00 4.705871949760980222e+00 3.701569847822521631e+00 3.229619980871246021e+00 5.350895128815920998e+00 5.350895128815920998e+00 5.350895128815920998e+00 5.350895128815920998e+00
-7.953927194174307935e+00 -6.145528814741668455e+00 -4.259409286976307385e+00 -1.775261826451683289e+00 -2.261309214540559331e+00 7.275537614622312743e-01 3.469998748486883056e+00 3.871759165651228685e+00 4.120990486527992935e+00 3.223071016842553149e+00 3.365407722575556537e+00 3.168156404279615757e+00 3.951471942420722971e+00 5.159458912624566906e+00 5.357650411531455603e+00 5.357650411531455603e+00 5.357650411531455603e+00 5.357650411531455603e+00
-7.397108430154980319e+00 -6.024511543121013446e+00 -4.115483667652500621e+00 -1.709222925509074953e+00 -1.809199128979505522e+00 1.979542251829339294e+00 3.123885990948847891e+00 3.818477914973098741e+00 3.776953611040849701e+00 1.781282685648524211e+00 1.530220439116507958e+00 1.568767911358421863e+00 2.820528030913946438e+00 4.293351318442091724e+00 5.132691364940681567e+00 5.132691364940681567e+00 5.132691364940681567e+00 5.132691364940681567e+00
-7.914895715613941896e+00 -6.098026876866063262e+00 -3.794503882829709962e+00 -2.685878155822130964e+00 -1.547880967007575492e+00 2.362150749267795558e+00 3.040295569465682135e+00 4.051409813697385509e+00 3.081293295053018522e+00 1.543460474772760715e+00 7.657888380445119214e-01 1.005048219581241131e+00 1.997211640441960645e+00 3.646426084085621966e+00 5.353510782613293273e+00 5.353510782613293273e+00 5.353510782613293273e+00 5.353510782613293273e+00
-8.199332967348293977e+00 -6.233872045229789549e+00 -3.974854588208765360e+00 -1.567396061981484401e+00 -1.616933417927300498e+00 2.087419351742381579e+00 3.119658580905685596e+00 4.007107939721739065e+00 3.004697801044518890e+00 1.411695078177421125e+00 5.920828033821463610e-01 3.824089335753305674e-01 1.282652749726842067e+00 3.345426733159187815e+00 5.234197703390625733e+00 5.234197703390625733e+00 5.234197703390625733e+00 5.234197703390625733e+00
-8.063052777832211859e+00 -6.257961635135302458e+00 -3.929115908048324002e+00 -1.841113873390403333e+00 -1.360351557277061252e+00 2.236939656852782399e+00 3.173957041869863716e+00 4.066737101291952428e+00 2.798552018006342124e+00 1.196283829390846876e+00 -2.552510332310292895e+00 -1.545616128312923721e+00 1.205385752866073856e+00 3.199070398345693622e+00 5.184236547806222006e+00 5.184236547806222006e+00 5.184236547806222006e+00 5.184236547806222006e+00
-8.076236470353908459e+00 -6.858594153498126289e+00 -4.637244161381111951e+00 -2.731223146674985891e+00 -1.637593274784492792e+00 8.836172960055119763e-01 3.149823614943402905e+00 3.942323778561381165e+00 2.341340955924304801e+00 8.121838184339680300e-01 -2.553259528073985152e+00 -1.530209553565805569e+00 1.239384117626747051e+00 3.513081437376527560e+00 5.407771904233464433e+00 5.407771904233464433e+00 5.407771904233464433e+00 5.407771904233464433e+00
-8.031607986791776455e+00 -7.165336981853712928e+00 -4.946104937956445013e+00 -2.863201332494115903e+00 -1.359919188204607332e+00 -1.094954733076259235e+00 3.172935284141383594e+00 3.724118451507403282e+00 2.054099427973690162e+00 -1.732994635653037019e+00 -2.647369811407116025e+00 -1.178982054932962598e+00 1.244138365177149375e+00 3.753056675178338075e+00 5.268036186807099952e+00 5.268036186807099952e+00 5.268036186807099952e+00 5.268036186807099952e+00
-7.941543193874880835e+00 -7.112691546902260242e+00 -5.569216355622991443e+00 -3.991729865979823266e+00 -2.987891908553363507e+00 -1.691463265318533304e+00 8.161103080683959066e-01 2.968452442480833398e+00 1.916281927079029890e+00 -3.714904577601788382e+00 -2.357466658720791308e+00 -4.849820904661672483e-01 1.454690226577457279e+00 3.731544878871382309e+00 5.445643458945781390e+00 5.445643458945781390e+00 5.445643458945781390e+00 5.445643458945781390e+00
-8.301610489203451237e+00 -7.718622489685969867e+00 -6.460234480698460402e+00 -4.894592965268227402e+00 -3.009727522676473921e+00 -1.976351171410898999e+00 -8.759755528061938801e-01 2.246774095093866386e+00 1.529993284258044817e+00 -3.242861314977567133e+00 -1.460769094516468358e-01 1.014284045858617977e+00 1.841789554423431063e+00 4.122226411105633481e+00 5.364438390156846204e+00 5.364438390156846204e+00 5.364438390156846204e+00 5.364438390156846204e+00
-8.708633938276955533e+00 -7.750452788917788993e+00 -6.801595616939561495e+00 -5.458061355888680133e+00 -4.146814023166538021e+00 -2.590327551654334481e+00 -2.163723745547640132e+00 1.499219680458589443e-01 1.845476388373597176e+00 -2.947072682592877801e-01 4.486858040196691211e-01 3.013227286227214141e-01 2.209884156458930882e+00 4.643985658584510290e+00 5.259463016388464141e+00 5.259463016388464141e+00 5.259463016388464141e+00 5.259463016388464141e+00
-9.073536447071116839e+00 -8.206326545727971933e+00 -7.371736480301529504e+00 -6.303237286288292829e+00 -5.077395851438228469e+00 -3.904284840085613162e+00 -1.750139855484104556e+00 -1.553066028084271633e+00 1.028912895894286583e+00 1.464058060412979811e+00 4.225547137234166306e-01 4.131923147229159543e-01 1.852942041622918978e+00 4.761673803058068088e+00 5.209501860804053308e+00 5.209501860804053308e+00 5.209501860804053308e+00 5.209501860804053308e+00
-9.337658917146262283e+00 -8.496662169785471619e+00 -7.956206495060317074e+00 -7.261449629179686838e+00 -6.213571991510796977e+00 -4.985589227921201960e+00 -2.675057439159355788e+00 -2.173615451477500571e+00 -1.210840234096280388e-01 9.644043736638345798e-01 9.663285277170797771e-01 5.046595952442762822e-01 1.166207794142181564e+00 4.103921406145010664e+00 5.122871899818759012e+00 5.122871899818759012e+00 5.122871899818759012e+00 5.122871899818759012e+00
-9.900699233135373589e+00 -8.950627444932923282e+00 -8.526798272843368665e+00 -8.068119593664778932e+00 -7.330428084917369524e+00 -6.412021247167118965e+00 -4.520345179875513431e+00 -2.266641143720830698e+00 -1.931027472559850633e+00 6.421804938134404450e-01 1.144147309108886290e+00 9.829088920449198241e-01 1.008860068086928352e-01 3.917499110764842918e+00 5.340657652185141657e+00 5.340657652185141657e+00 5.340657652185141657e+00 5.340657652185141657e+00
-1.030154643033302619e+01 -9.806498080843240928e+00 -9.299246305993964512e+00 -8.812998653756750400e+00 -8.259157417077872765e+00 -7.198923391563864627e+00 -5.497511855192864338e+00 -3.080775577703345647e+00 -2.596944089821665358e+00 -1.990220276098837449e-01 9.594017725718225753e-01 1.132401480925986359e+00 3.498022368952056760e-01 4.414466641673532976e+00 5.439664858739082121e+00 5.439664858739082121e+00 5.439664858739082121e+00 5.439664858739082121e+00
-1.035727698907821015e+01 -1.001305574911643070e+01 -9.558910215628740659e+00 -9.138630368377306468e+00 -8.562424871392703807e+00 -7.637361142798531510e+00 -6.329396853224324992e+00 -3.902784351152550180e+00 -2.750247908746547676e+00 -2.237293842693207857e+00 6.812182630111760506e-01 1.032114223482659021e+00 7.774822284022302465e-01 3.787611649433729077e+00 5.334689484970707163e+00 5.334689484970707163e+00 5.334689484970707163e+00 5.334689484970707163e+00
-1.038350359185732508e+01 -1.009999206858858400e+01 -9.715770013881801503e+00 -9.293200578889909025e+00 -8.791460748692918159e+00 -7.884358972820725953e+00 -6.626268120110722748e+00 -5.279834400233236025e+00 -3.121856327742922765e+00 -2.651176992658658804e+00 -1.819533453013516544e-02 1.221592815831781254e+00 5.669682060461473938e-01 2.845646492798424187e+00 5.284728329386302548e+00 5.284728329386302548e+00 5.284728329386302548e+00 5.284728329386302548e+00
-1.042786455162535653e+01 -1.013930894113239489e+01 -9.707791989680282896e+00 -9.420189094672808849e+00 -8.919502370605682628e+00 -8.065958981474494749e+00 -6.856633749569741809e+00 -5.577942165705767508e+00 -3.884855942024846076e+00 -2.302277386711844009e+00 -1.367730440099913292e+00 7.477714017779725220e-01 5.274851486437918124e-01 2.633776014705819346e+00 5.234767173801895268e+00 5.234767173801895268e+00 5.234767173801895268e+00 5.234767173801895268e+00
-1.043936726070610987e+01 -1.013134783901093527e+01 -9.878581731515184927e+00 -9.484868021254202475e+00 -9.038123508156031605e+00 -8.266922572429296068e+00 -7.035720611600648766e+00 -5.719402339981455086e+00 -4.798320748623448040e+00 -2.152677523606724375e+00 -2.158701077949253477e+00 2.247998856364127884e-01 7.371872002970287774e-01 2.758619146690580060e+00 5.200141502176483854e+00 5.200141502176483854e+00 5.200141502176483854e+00 5.200141502176483854e+00
-1.048385757775733751e+01 -1.018980121035497888e+01 -9.822537982869564033e+00 -9.493045636713929980e+00 -9.133030516843643198e+00 -8.400106824874288947e+00 -7.165719956225698795e+00 -5.767698344609453187e+00 -5.071906180561430943e+00 -2.884615067610663885e+00 -2.708605398005387688e+00 1.103484825125840285e-02 5.560115399182481433e-01 2.384257881780570187e+00 5.514891327321324255e+00 5.514891327321324255e+00 5.514891327321324255e+00 5.514891327321324255e+00
-1.050201791403376994e+01 -1.020577516935482443e+01 -9.925212943303922231e+00 -9.570648485213331114e+00 -9.159265449247047997e+00 -8.564222694746465692e+00 -7.327682674850530375e+00 -5.821202301954359726e+00 -4.966319960827565438e+00 -3.335315007159966871e+00 -2.153060605431733165e+00 -3.931086601657766133e-01 -9.476994610711775291e-05 2.343629341806657163e+00 5.464930171736921416e+00 5.464930171736921416e+00 5.464930171736921416e+00 5.464930171736921416e+00
-1.052695474404724330e+01 -1.027349336637066202e+01 -9.910581877449466504e+00 -9.595466131767397044e+00 -9.251657373966480691e+00 -8.581962225804005584e+00 -7.376590484945131365e+00 -5.914052103638283597e+00 -5.093410751999234876e+00 -3.001755531596536741e+00 -3.116158477182687569e+00 -1.339066322099981665e+00 3.107346609811455496e-01 2.236097683700936312e+00 5.359954797968539353e+00 5.359954797968539353e+00 5.359954797968539353e+00 5.359954797968539353e+00
-1.058134046551541907e+01 -1.026227790693196695e+01 -9.941234882992464605e+00 -9.643098794308613719e+00 -9.261075570946758262e+00 -8.678637437366695906e+00 -7.603589468609447621e+00 -5.927681059854609913e+00 -5.165818661242925991e+00 -3.635365597521568848e+00 -3.320046183780437588e+00 -1.815644962069286716e+00 -3.855605523074058516e-02 2.285141401768638669e+00 5.310772535527011229e+00 5.310772535527011229e+00 5.310772535527011229e+00 5.310772535527011229e+00
-1.059644979773558582e+01 -1.028366381697212617e+01 -9.987659754315846072e+00 -9.643854554784372368e+00 -9.300663303686205197e+00 -8.865096292783322340e+00 -7.567578626089768612e+00 -5.892969958698339283e+00 -5.196310686560120295e+00 -3.751212473636865496e+00 -3.699800516911230908e+00 -2.160867343804391272e+00 -3.330896516285785647e-01 2.462148586327514543e+00 5.026701510184063970e+00 5.026701510184063970e+00 5.026701510184063970e+00 5.026701510184063970e+00
