-1.033953621137644419e+01 -1.033696291180232762e+01 -9.975849431763609942e+00 -9.651684852131166892e+00 -9.388093408782678395e+00 -8.954937780687977522e+00 -8.363133373580756924e+00 -7.236791377834079775e+00 -4.879844038910629678e+00 -2.816049992845846894e+00 -2.083041765768663289e+00 -1.190039339734433321e+00 5.448815308559105119e-01 1.835217522770288934e+00 4.949053192968110082e+00 4.949053192968110082e+00 4.949053192968110082e+00 4.949053192968110082e+00
-1.041714771495852432e+01 -1.008948371276479961e+01 -1.002052271062701649e+01 -9.841523939654793551e+00 -9.447357088988699303e+00 -8.946019161327031455e+00 -8.212576940828183680e+00 -6.911880478465918465e+00 -4.605827534604180151e+00 -2.321506190566841710e+00 -2.530314681831344004e+00 -1.705265233168476724e-01 6.758173387199417625e-01 2.029204368763225741e+00 4.902173286742310232e+00 4.902173286742310232e+00 4.902173286742310232e+00 4.902173286742310232e+00
-1.040280037791859868e+01 -1.009127378720447510e+01 -9.733816674392279822e+00 -9.736934792019928508e+00 -9.639675989774648457e+00 -9.170416295291309083e+00 -8.122115190955716102e+00 -6.923256216473317792e+00 -3.958886486931453508e+00 -2.316290708066650605e+00 -2.528309676435506415e+00 6.780063068655980962e-02 2.770223004779776010e-05 2.032744848250304770e+00 5.206121955493378195e+00 5.206121955493378195e+00 5.206121955493378195e+00 5.206121955493378195e+00
-1.029178624050637580e+01 -1.025189434473615790e+01 -9.866919905053283202e+00 -9.278985123022579273e+00 -9.188695751058460814e+00 -9.148776321096210751e+00 -8.232028879663770837e+00 -6.733458354100088528e+00 -3.081547349165182581e+00 -2.827472805421023860e+00 -1.018412195775552309e+00 2.417788136109036978e-01 1.033192768747109191e+00 2.266145547043143083e+00 4.812014802029971783e+00 4.812014802029971783e+00 4.812014802029971783e+00 4.812014802029971783e+00
-1.054673301861219237e+01 -1.033026110173527456e+01 -9.961925719590455586e+00 -9.601181737111085468e+00 -9.077777710125820576e+00 -8.678607846997078212e+00 -8.164959786931827779e+00 -5.896899610747850851e+00 -2.600709088923325751e+00 -3.221580851648722543e+00 -3.377481158851944332e-01 1.992722315618896956e-01 1.615886857463129989e+00 2.406669338801262548e+00 4.740085769999754284e+00 4.740085769999754284e+00 4.740085769999754284e+00 4.740085769999754284e+00
-1.039959208571143279e+01 -1.003376303641515932e+01 -1.017956307359090040e+01 -9.954441532518185198e+00 -9.404562567957167829e+00 -8.677282636439924701e+00 -7.780242793752508490e+00 -4.803095129307344280e+00 -2.866469460182635487e+00 -1.973823113450707378e+00 -3.783168484901212603e-01 1.110583069324435901e-01 1.252356783994455158e+00 2.181635544960677464e+00 4.433710164204577531e+00 4.433710164204577531e+00 4.433710164204577531e+00 4.433710164204577531e+00
-1.036264395237469316e+01 -1.017567156709709764e+01 -1.011717242100657543e+01 -9.858889717158344723e+00 -9.362041158710511013e+00 -8.606226290796234579e+00 -7.567677404410793507e+00 -3.424057960332900663e+00 -3.562889208502130867e+00 -5.485336025972533669e-01 4.466317863343657324e-01 1.917763054907174469e+00 1.613101905183673912e+00 3.297594405666543604e+00 4.295757365141047224e+00 4.295757365141047224e+00 4.295757365141047224e+00 4.295757365141047224e+00
-1.050533515079269797e+01 -1.005311289020164978e+01 -1.000333047717211343e+01 -9.796748822879639107e+00 -9.302034621096236577e+00 -8.256756686478432528e+00 -5.545848584133207915e+00 -2.234372318896579834e+00 -2.806737122579526567e+00 -1.086709626281958108e-01 1.467141263147337060e+00 2.052742697758652923e+00 1.783973631501160284e+00 4.402419829384545125e+00 5.847083902122551358e+00 5.847083902122551358e+00 5.847083902122551358e+00 5.847083902122551358e+00
-1.042785078704047130e+01 -1.030258882692390543e+01 -9.566124122961355170e+00 -9.134169756372582327e+00 -8.187696360670233986e+00 -6.949128948377484960e+00 -3.630280062252698947e+00 -3.394915433873572308e+00 -8.076978914988235392e-01 9.716471598837341794e-01 2.058508128551307159e+00 2.743190527648001087e+00 3.432769680552940184e+00 4.846603560218732731e+00 5.875851125600541458e+00 5.875851125600541458e+00 5.875851125600541458e+00 5.875851125600541458e+00
-1.029322530873701069e+01 -1.000873396467657983e+01 -9.507913439283228740e+00 -8.437515313107571302e+00 -7.420539432886161357e+00 -5.200562829357133765e+00 -2.533992044935282628e+00 -3.257014253756294497e+00 -9.187617546423856862e-02 2.107229706886232901e+00 3.002677967996528974e+00 3.501302928181853069e+00 4.974804528832262207e+00 4.947947261408062403e+00 5.262275557496616685e+00 5.262275557496616685e+00 5.262275557496616685e+00 5.262275557496616685e+00
-1.024847515323359737e+01 -9.424886262324967845e+00 -8.820178273554711623e+00 -8.546645066365888610e+00 -6.756502880904802666e+00 -3.439633850022669304e+00 -3.770775972220912653e+00 -9.904516303379837794e-01 1.525653135725693055e+00 3.099673741911105562e+00 3.109409576950897591e+00 4.654463355627346921e+00 3.021456906959798516e+00 2.254764028304224954e+00 5.473393838542600420e+00 5.473393838542600420e+00 5.473393838542600420e+00 5.473393838542600420e+00
-9.892637969176483637e+00 -9.059096465517054497e+00 -8.206625058618078228e+00 -7.573332193824278136e+00 -4.920264048721623595e+00 -2.473368916479455670e+00 -2.998274366502656996e+00 2.849724418046941862e-02 2.961646113122631263e+00 3.183429709780397410e+00 4.435947797822573868e+00 3.794375211636446643e+00 1.723230317260054045e+00 2.460198205647618153e+00 5.289167542251805187e+00 5.289167542251805187e+00 5.289167542251805187e+00 5.289167542251805187e+00
-9.538129058908921820e+00 -8.509451987307961929e+00 -7.606066986797927143e+00 -6.071782266857141508e+00 -3.336296904081817338e+00 -3.630992010847650775e+00 -8.661279702970314798e-01 2.800638675664870014e+00 3.293074592649719357e+00 4.095505235078422679e+00 4.723957315268374479e+00 4.654363770755938212e-01 4.514453693240791377e-01 2.420012133158793155e+00 5.187959176943287787e+00 5.187959176943287787e+00 5.187959176943287787e+00 5.187959176943287787e+00
-1.011573093590432215e+01 -7.939993651320951251e+00 -6.454065243899870019e+00 -4.639004770829654234e+00 -2.050294663793992722e+00 -2.650924505073643633e+00 4.562895459613365845e-01 3.129374939897660024e+00 3.418108420312559126e+00 5.039282264005079170e+00 3.427784518532106084e+00 -1.973332395410191564e+00 3.752917695954296473e-01 2.632774990643614643e+00 6.533514938603402378e+00 6.533514938603402378e+00 6.533514938603402378e+00 6.533514938603402378e+00
-9.386511370110778074e+00 -7.507419808186478249e+00 -5.488118175728218695e+00 -3.335653251783453399e+00 -3.136632629686967100e+00 -9.381301402554929059e-01 2.807330148705537098e+00 3.168599368694104967e+00 3.586375885729992774e+00 5.643979937799532109e+00 4.535155986711096432e+00 -8.782818265340875952e-01 9.314733362478913037e-01 2.532383836177567904e+00 5.990514856182427295e+00 5.990514856182427295e+00 5.990514856182427295e+00 5.990514856182427295e+00
-9.183472499684153689e+00 -6.867852659446888275e+00 -4.479184633868022125e+00 -2.187117995799426229e+00 -2.625426159691937045e+00 2.276654642489489844e-01 3.033811075621837272e+00 3.061737520112407740e+00 4.175255590754498591e+00 6.199155720900041189e+00 6.113145102799175667e+00 1.910510208640578522e+00 6.091790647952386450e-01 2.810203054394296629e+00 6.000575138096575500e+00 6.000575138096575500e+00 6.000575138096575500e+00 6.000575138096575500e+00
-8.751738606321957548e+00 -6.214376835378208064e+00 -3.762307743115177683e+00 -2.208931377561708320e+00 -1.716426868071207590e+00 2.083817598456473075e+00 3.244400468000279147e+00 3.294316264061985411e+00 4.231724793916020744e+00 5.173205353929298589e+00 4.693950476243447412e+00 4.793568844818519636e+00 3.716045345125345012e+00 3.355895835973020436e+00 6.006477241808225287e+00 6.006477241808225287e+00 6.006477241808225287e+00 6.006477241808225287e+00
-7.768704535010970247e+00 -5.815467315840116669e+00 -3.326800995666466143e+00 -1.821321752604265987e+00 -2.693240525418899023e-01 2.705851070378221035e+00 3.553715199150132342e+00 3.924262710573081403e+00 4.098690732593222030e+00 3.280040488487425243e+00 3.357372043344663659e+00 3.224480212799071488e+00 4.067503518777003890e+00 5.295675498655461944e+00 5.648645871835428878e+00 5.648645871835428878e+00 5.648645871835428878e+00 5.648645871835428878e+00
-7.472791820749162817e+00 -5.826870447721967494e+00 -3.018103455690905434e+00 -2.231639863926706546e+00 3.266054516170949218e-01 3.149570044775626521e+00 3.152610970182332384e+00 3.979011135746967742e+00 3.817457764419911470e+00 1.844125235538712548e+00 1.451047245632233640e+00 1.533207597059148997e+00 2.843368957806192032e+00 4.403716092614706312e+00 6.447399159094855392e+00 6.447399159094855392e+00 6.447399159094855392e+00 6.447399159094855392e+00
-8.178372411814107679e+00 -5.762834112784807949e+00 -2.905271954178951788e+00 -1.943520072116651676e+00 6.692193216850019777e-01 3.070899542321806397e+00 3.136844385961256698e+00 4.059672296791914547e+00 3.194019710704854909e+00 1.573146188053645256e+00 -4.340787767319513601e-02 9.088878021263542273e-01 2.013913681706013481e+00 3.677627745647031876e+00 6.618497514690213634e+00 6.618497514690213634e+00 6.618497514690213634e+00 6.618497514690213634e+00
-8.111173022081691997e+00 -5.782219187301302021e+00 -3.034246819868683165e+00 -1.433379385257806726e+00 8.286328068479311693e-01 3.127645306575202344e+00 3.204689251435052899e+00 4.112570575601046663e+00 3.053963594802605375e+00 1.505851644934911304e+00 4.772363745267439727e-02 1.748035182204283333e-01 1.279816744440556819e+00 3.350732392401830850e+00 6.595926865133192152e+00 6.595926865133192152e+00 6.595926865133192152e+00 6.595926865133192152e+00
-8.180115676153977944e+00 -6.227655854861490425e+00 -3.257262669640183628e+00 -1.796736270855748163e+00 2.611068702464883207e-01 3.189491604876288022e+00 3.231386022519860290e+00 4.173479037907081413e+00 2.811676262585220964e+00 1.196810168751841985e+00 -2.621101036009360286e+00 -1.696532809297359501e+00 1.239402427053317490e+00 3.187331484857827135e+00 6.485143772091856107e+00 6.485143772091856107e+00 6.485143772091856107e+00 6.485143772091856107e+00
-8.128593918510429006e+00 -6.850829906115524892e+00 -3.915922443784979556e+00 -2.089597290241074656e+00 -3.540231664842448667e-01 3.182397475951362242e+00 3.234617459409157458e+00 4.034408903919488587e+00 2.366833879627270321e+00 4.367688413814538873e-01 -2.718884601082784513e+00 -1.624705502004982094e+00 1.263318494099387346e+00 3.462128104951331942e+00 6.466360529761881359e+00 6.466360529761881359e+00 6.466360529761881359e+00 6.466360529761881359e+00
-8.115925710693346673e+00 -7.021510593001136336e+00 -4.738549767704127724e+00 -2.388520336882207218e+00 -1.254693089977620302e+00 1.927330795258616503e+00 3.215965702888262445e+00 3.756860768439059584e+00 2.156632751142096627e+00 -3.717074171142209504e+00 -2.853715951881153678e+00 -1.328659289113738318e+00 1.335964001486656283e+00 3.720955168389213696e+00 6.312635728154427639e+00 6.312635728154427639e+00 6.312635728154427639e+00 6.312635728154427639e+00
-7.868175606481314865e+00 -7.061596564730747261e+00 -5.281463069791247911e+00 -3.307997862989064952e+00 -1.384867877574433193e+00 1.657725061477823281e-01 3.203925097243061515e+00 3.029646412063424332e+00 2.025143624701952305e+00 -4.113313310165230163e+00 -2.514637149421882434e+00 -7.614179884501467432e-01 1.549650769440929832e+00 3.711161368210856626e+00 7.272233781245587281e+00 7.272233781245587281e+00 7.272233781245587281e+00 7.272233781245587281e+00
-8.385544143223132352e+00 -7.594808721631975956e+00 -6.218774759155508036e+00 -4.238282878768830031e+00 -2.543908002318922890e+00 -1.051607739519164086e+00 7.927856492564604451e-01 2.779834452749057938e+00 1.423136013432776625e+00 -3.668195415911233326e+00 -1.558260078083606448e+00 1.121559088087899170e+00 1.886541634738291506e+00 4.152959629331108182e+00 7.324643880778322291e+00 7.324643880778322291e+00 7.324643880778322291e+00 7.324643880778322291e+00
-8.875272189791067134e+00 -7.842448869465279415e+00 -6.805550924558771975e+00 -5.315216267943517536e+00 -3.590465367452901013e+00 -2.015504456467928307e+00 -9.476493756214999786e-01 3.746710962472874495e-01 1.609605667681826890e+00 -6.361423770316713133e-01 -3.830175576367401691e-01 7.058873281788592691e-02 2.194911387586223839e+00 4.533901299342292468e+00 7.218316404306175826e+00 7.218316404306175826e+00 7.218316404306175826e+00 7.218316404306175826e+00
-9.134029142329456619e+00 -8.342649801721362834e+00 -7.537172645461760467e+00 -6.114801591866707575e+00 -4.588216713399249969e+00 -3.306586003098519910e+00 -1.642110771333434194e+00 -7.386560018103615066e-01 -3.293303291300692659e-01 1.606802519817829067e+00 -2.305115127223642257e-01 4.045832155324703971e-01 1.820361279708730295e+00 4.707722236210146072e+00 7.326195564369064606e+00 7.326195564369064606e+00 7.326195564369064606e+00 7.326195564369064606e+00
-9.358396458161635678e+00 -8.508487362005173082e+00 -7.963176181638276674e+00 -7.348404525612657778e+00 -6.178938374132842526e+00 -4.459229841230070157e+00 -2.764613205306574173e+00 -1.526581452519991000e+00 -1.070249265882389667e+00 5.210312846994816782e-01 5.137950031326479206e-01 -1.627173007855364784e-02 1.405712700991865960e+00 4.089219908469952536e+00 6.169965873274943391e+00 6.169965873274943391e+00 6.169965873274943391e+00 6.169965873274943391e+00
-1.004820121575566105e+01 -8.988806414749976881e+00 -8.650878955247874202e+00 -8.203442203394390120e+00 -7.461129431917992605e+00 -6.581411611582010046e+00 -4.308267641061720887e+00 -2.259213774675176367e+00 -1.906908444985090822e+00 -7.960092945499759320e-01 1.315041724109374366e+00 4.694631119096254190e-01 -4.265931321398844789e-01 4.029916569279743399e+00 7.933921043850983068e+00 7.933921043850983068e+00 7.933921043850983068e+00 7.933921043850983068e+00
-1.033273589325007435e+01 -9.946979354253222994e+00 -9.479461710125342222e+00 -9.036535760200415268e+00 -8.464308496880084576e+00 -7.316519642955832126e+00 -5.651947417188865508e+00 -3.462416735774563215e+00 -2.534497357655179695e+00 -1.406304958876448463e+00 -2.630357855558992375e-01 1.108827798017590904e+00 9.940346625872974184e-02 4.434035763810907582e+00 8.016708945141303388e+00 8.016708945141303388e+00 8.016708945141303388e+00 8.016708945141303388e+00
-1.037618525177946971e+01 -1.007824406030123043e+01 -9.632197803378588219e+00 -9.262007274474983731e+00 -8.785931012024082776e+00 -7.775564555302610259e+00 -6.404685765089353389e+00 -4.675111685651513582e+00 -3.092634360367421564e+00 -2.419447471610724598e+00 -1.338609184135806096e+00 1.009750026289700120e+00 5.772565537712991413e-01 4.019378964792664988e+00 7.747888780618924720e+00 7.747888780618924720e+00 7.747888780618924720e+00 7.747888780618924720e+00
-1.043027981619767530e+01 -1.018234786502172540e+01 -9.794230337760373217e+00 -9.420551583574720667e+00 -9.024427258127433404e+00 -8.084388855548279906e+00 -6.647429406470882540e+00 -5.509435934762251463e+00 -3.820493627977827433e+00 -2.964719278861253748e+00 -2.528652782275059518e+00 3.806817712372855683e-03 1.043380838900642982e-01 3.116416951847477801e+00 7.041769978936902596e+00 7.041769978936902596e+00 7.041769978936902596e+00 7.041769978936902596e+00
-1.050825052638752410e+01 -1.018611223099698826e+01 -9.913193735351777391e+00 -9.536175697082510894e+00 -9.049343092111936215e+00 -8.259187318265260203e+00 -6.942714821338412889e+00 -5.715995389113501801e+00 -4.276373483112447360e+00 -2.692302062113575811e+00 -2.179084021978007435e+00 -3.822912927369285785e-01 1.597441122549710102e-01 2.758438666753435520e+00 6.038492966515756066e+00 6.038492966515756066e+00 6.038492966515756066e+00 6.038492966515756066e+00
-1.048505765213416474e+01 -1.022246252956616530e+01 -9.972013884767953584e+00 -9.582688813118121374e+00 -9.155711287941237231e+00 -8.484129586727316763e+00 -7.137556390919031379e+00 -5.843170791611150605e+00 -5.342351389541345696e+00 -3.505465796454976690e+00 -1.887646085826841791e+00 -6.966616560346745590e-01 6.999841637482212553e-03 2.667925661417484662e+00 6.449154392223935162e+00 6.449154392223935162e+00 6.449154392223935162e+00 6.449154392223935162e+00
-1.058802041645578562e+01 -1.025590934527484777e+01 -9.938262248996865722e+00 -9.568597917068354164e+00 -9.231223926455889739e+00 -8.552841027684499053e+00 -7.286570556361150253e+00 -5.787619414943309337e+00 -5.640330823523293624e+00 -4.047490145654876414e+00 -2.432528613879438861e+00 -1.051397475208085242e+00 1.317101624322135622e-01 2.204745628988431516e+00 6.876953376978730326e+00 6.876953376978730326e+00 6.876953376978730326e+00 6.876953376978730326e+00
-1.055139715655659316e+01 -1.025707036961296126e+01 -1.002707025990047285e+01 -9.671452445430036349e+00 -9.231397970876603409e+00 -8.718806431185941008e+00 -7.446814339150722439e+00 -5.790482372323149107e+00 -5.254309741846708626e+00 -3.899203577475359950e+00 -2.584448244095258751e+00 -2.454045201451031222e+00 -9.564732047026572315e-02 2.256878310392059550e+00 6.306438286154863349e+00 6.306438286154863349e+00 6.306438286154863349e+00 6.306438286154863349e+00
-1.058633733727029202e+01 -1.032499025092017320e+01 -1.002406872739177857e+01 -9.655473208733610591e+00 -9.333327759690146053e+00 -8.717229069924606222e+00 -7.465644371530109069e+00 -5.882701422853814144e+00 -5.234482615353478252e+00 -3.907512438157369594e+00 -4.488370561893713528e+00 -1.710776110927743954e+00 -6.043779714847057338e-01 2.090409506851413468e+00 5.481155188671111844e+00 5.481155188671111844e+00 5.481155188671111844e+00 5.481155188671111844e+00
-1.059213110140042247e+01 -1.030534835843982044e+01 -9.996822721280352653e+00 -9.643952839967399271e+00 -9.356349387614473656e+00 -8.775257927811580316e+00 -7.620669971573931889e+00 -5.856893888580027685e+00 -5.289320212565815638e+00 -3.686098189720459217e+00 -3.938226433602895593e+00 -2.125002340858794803e+00 -7.649529728780156690e-01 2.278299975764449314e+00 5.899094147137505573e+00 5.899094147137505573e+00 5.899094147137505573e+00 5.899094147137505573e+00
-1.064959527929021199e+01 -1.034843763943568895e+01 -1.000644074527932048e+01 -9.693475936857613107e+00 -9.392256249134277368e+00 -8.926512286719669120e+00 -7.588573499696222413e+00 -5.699306368842332660e+00 -5.347973372350300458e+00 -3.652709767403780727e+00 -4.157748043597328191e+00 -2.036877490032787286e+00 -5.791139978180041004e-01 2.269807637144062973e+00 5.453779540465424347e+00 5.453779540465424347e+00 5.453779540465424347e+00 5.453779540465424347e+00
