-1.044239008169567562e+01 -1.032073570274600627e+01 -1.003795258003272828e+01 -9.717625505399617225e+00 -9.440671455490409869e+00 -8.999591756581327928e+00 -8.307441876269697545e+00 -7.285130788289645665e+00 -4.827701940134178749e+00 -3.232377222033992137e+00 -1.741537435560043479e+00 -1.492448679462488048e+00 4.807708187592538152e-01 1.842955570265546239e+00 4.630713609142162568e+00 4.630713609142162568e+00 4.630713609142162568e+00 4.630713609142162568e+00
-1.042858003495157071e+01 -1.024558478958459951e+01 -1.004798262799314301e+01 -9.879747885981236877e+00 -9.487217981770655229e+00 -8.999808359243642641e+00 -8.248717548816703271e+00 -6.988409791923160697e+00 -4.723080557109829769e+00 -2.314933096928307510e+00 -2.260837517378006645e+00 -7.572450911367703541e-02 5.159046761235390743e-01 2.059820728904349529e+00 4.612900444349822493e+00 4.612900444349822493e+00 4.612900444349822493e+00 4.612900444349822493e+00
-1.037556387318936757e+01 -1.010132062321756585e+01 -9.746564349800264537e+00 -9.704944604270629327e+00 -9.591573721724802937e+00 -9.071658447285519955e+00 -8.165298236177950031e+00 -6.947056007050063542e+00 -4.279639107387161800e+00 -2.029558194433825236e+00 -2.913540147616505926e+00 -1.538658057826917946e-02 -2.208560969670922136e-01 2.114195033354061781e+00 4.812116129238881435e+00 4.812116129238881435e+00 4.812116129238881435e+00 4.812116129238881435e+00
-1.033297578743128575e+01 -1.029855762664923269e+01 -9.928000441490803851e+00 -9.362630320500962000e+00 -9.216894317855121699e+00 -9.065888220862939662e+00 -8.284264192849093433e+00 -6.799806228286671583e+00 -3.297126746152126309e+00 -2.564317941612280549e+00 -1.493373773945044558e+00 -5.500504658482153336e-02 4.812824135214196497e-01 2.287774441797731040e+00 4.649026053845821238e+00 4.649026053845821238e+00 4.649026053845821238e+00 4.649026053845821238e+00
-1.063523576301471429e+01 -1.029678733904552779e+01 -9.933440168913653778e+00 -9.636424592796892341e+00 -9.110912732318864116e+00 -8.693709183145093888e+00 -8.161211779135577160e+00 -6.146819328720088293e+00 -2.750812395631485163e+00 -3.031031675573249373e+00 -5.646114529663666115e-01 3.468973867879149298e-02 1.438847663870580496e+00 2.368109598313198561e+00 4.397652010940884537e+00 4.397652010940884537e+00 4.397652010940884537e+00 4.397652010940884537e+00
-1.047037147191725204e+01 -1.002331543426896410e+01 -1.013236507219484750e+01 -9.919953125817855266e+00 -9.362069767251217201e+00 -8.685359559876676627e+00 -7.886296039677647585e+00 -5.185791856960431545e+00 -2.631086298327141915e+00 -2.566592565215266131e+00 -8.575853909971671574e-02 7.351414995881444536e-01 1.182486708894975980e+00 2.156364031935768644e+00 4.398830750694862957e+00 4.398830750694862957e+00 4.398830750694862957e+00 4.398830750694862957e+00
-1.047194175806802718e+01 -1.027968838780438077e+01 -9.943904425958354665e+00 -9.761755218230909747e+00 -9.345883919934223627e+00 -8.675418705165160560e+00 -7.671076113192427215e+00 -3.621074501296459580e+00 -3.237513465594675566e+00 -1.000099851759181702e+00 3.525381766930318905e-03 1.465316694745389503e+00 1.568703177287488870e+00 3.263726888422963324e+00 4.196001854010556364e+00 4.196001854010556364e+00 4.196001854010556364e+00 4.196001854010556364e+00
-1.055575241190824443e+01 -1.010858822113751465e+01 -9.964700366991715796e+00 -9.763846206818623585e+00 -9.200783127921958737e+00 -8.267730824765401110e+00 -5.832728825319613009e+00 -2.314745144689545953e+00 -2.761930181344524726e+00 1.228125394691079730e-01 1.386939845229244739e+00 2.061569399578257578e+00 1.765607457125911939e+00 4.334025396671259855e+00 4.890217245344369523e+00 4.890217245344369523e+00 4.890217245344369523e+00 4.890217245344369523e+00
-1.047678543675932161e+01 -1.022563917630197494e+01 -9.635865956968778789e+00 -9.039582313188525120e+00 -8.281199183700508115e+00 -7.033334682448078468e+00 -3.923938640390335131e+00 -3.295142989138049039e+00 -8.996245742133216483e-01 1.054532503043428937e+00 2.074151121891788296e+00 2.745430633685185473e+00 3.440151273480507754e+00 4.763890146355167943e+00 4.940399771154529773e+00 4.940399771154529773e+00 4.940399771154529773e+00 4.940399771154529773e+00
-1.024701521483494560e+01 -1.009642093696914067e+01 -9.531182641655465915e+00 -8.548390328053278253e+00 -7.444604653867985533e+00 -5.110080142113889501e+00 -2.338980005698016562e+00 -2.936780358917200129e+00 6.058995281972241742e-02 2.092262111690359916e+00 3.083664961268591131e+00 3.487414204870723289e+00 4.984048981301203440e+00 4.957170211756099398e+00 5.068918086288064728e+00 5.068918086288064728e+00 5.068918086288064728e+00 5.068918086288064728e+00
-1.019704660160176068e+01 -9.447971824728927714e+00 -8.753478676827411320e+00 -8.516183587286299428e+00 -6.786505142824093006e+00 -3.361022466608057702e+00 -3.492748586934323995e+00 -7.488421814106089869e-01 1.963032069496923437e+00 3.097184671335816653e+00 3.077319623932096793e+00 4.600205757524324035e+00 2.942327641801550264e+00 2.280971981109425784e+00 4.893964241301448581e+00 4.893964241301448581e+00 4.893964241301448581e+00 4.893964241301448581e+00
-9.855412739219863383e+00 -9.095123758313240714e+00 -8.227489644148450409e+00 -7.586563447281450934e+00 -4.789299236907705648e+00 -2.420587041322471933e+00 -2.593167636830120415e+00 3.851675762671387115e-01 2.929162618817175101e+00 3.188954952007386545e+00 4.447811662636441454e+00 3.780190502522766671e+00 1.292165536113018653e+00 2.476717859538261735e+00 4.764374505698308226e+00 4.764374505698308226e+00 4.764374505698308226e+00 4.764374505698308226e+00
-9.648485348208989620e+00 -8.604851388105490884e+00 -7.578696171331340103e+00 -6.014834121089489116e+00 -3.227981414828636098e+00 -3.362742893551303958e+00 -1.054413760864934130e-01 3.152507581544679027e+00 3.316246014360123340e+00 4.154502973773051444e+00 4.790893100692317219e+00 4.749468152257822762e-02 5.560989682980569393e-01 2.381684088678841071e+00 4.617056319498552774e+00 4.617056319498552774e+00 4.617056319498552774e+00 4.617056319498552774e+00
-1.011167265628554546e+01 -8.007318540374530613e+00 -6.529985230468197344e+00 -4.370320302188146044e+00 -2.482079281956116379e+00 -2.209572306335743086e+00 1.155984601882456220e+00 3.118891053535067570e+00 3.339731264425331858e+00 5.045602931508843980e+00 3.383139861277796978e+00 -1.909442849951389132e+00 4.040214007496296111e-01 2.586550709926731972e+00 4.620438511680797333e+00 4.620438511680797333e+00 4.620438511680797333e+00 4.620438511680797333e+00
-9.460632546287289557e+00 -7.495357126196799058e+00 -5.321902637122571278e+00 -2.991935069657285506e+00 -2.803207250245743687e+00 -2.313966035879088112e-01 3.117666453139007032e+00 3.181759799114497245e+00 3.653239579775147128e+00 5.675007439953361654e+00 4.510894597153726870e+00 -9.152717944316643983e-01 8.660827515060587345e-01 2.646620553912309770e+00 4.728254110554157563e+00 4.728254110554157563e+00 4.728254110554157563e+00 4.728254110554157563e+00
-9.200335118718117045e+00 -6.896086122176313893e+00 -4.346133854526271989e+00 -2.103774468661090857e+00 -1.770429773432750764e+00 1.010161517581532609e+00 3.049053997418734951e+00 3.113406264500727438e+00 4.219778837163167040e+00 6.284354519979839182e+00 6.167904800870786630e+00 1.978545999326695171e+00 6.484955547039660262e-01 2.761228901889871246e+00 4.916791540550359940e+00 4.916791540550359940e+00 4.916791540550359940e+00 4.916791540550359940e+00
-8.858301841913968744e+00 -5.983949153348081751e+00 -3.671445622342876192e+00 -2.431954714690965691e+00 -8.803176680964999168e-01 2.947053284212404201e+00 3.269351649439474983e+00 3.426519131809108831e+00 4.268547040930658731e+00 5.060153407569274009e+00 4.640354518695851027e+00 4.778953582473244310e+00 3.642975833115875250e+00 3.384343233723059452e+00 4.841834617339846325e+00 4.841834617339846325e+00 4.841834617339846325e+00 4.841834617339846325e+00
-7.752758849846804523e+00 -5.718933811668733824e+00 -3.225007624778075677e+00 -2.081731568553766287e+00 -5.193195580335029371e-01 2.710713183857361486e+00 3.532973358964887733e+00 3.905723739480743362e+00 4.096107435580238487e+00 3.215893917501357002e+00 3.284581973226052831e+00 3.140307140604375213e+00 3.952314002314365027e+00 5.113381671462256861e+00 4.658676633410821388e+00 4.658676633410821388e+00 4.658676633410821388e+00 4.658676633410821388e+00
-7.464267144289472355e+00 -5.827058317877497728e+00 -2.945142317461143300e+00 -1.521724970008452305e+00 1.795529640869591437e-01 3.082118291595899340e+00 3.140628340041155653e+00 3.919528428603802794e+00 3.792229269099172129e+00 1.748893655641101663e+00 1.364240768082503275e+00 1.454261134998190652e+00 2.785771388458030628e+00 4.379668196269906666e+00 4.555356818836804322e+00 4.555356818836804322e+00 4.555356818836804322e+00 4.555356818836804322e+00
-8.213705481054869750e+00 -5.858421009453010697e+00 -2.555329926382551520e+00 -1.071726704649947237e+00 1.573068815614878435e+00 3.103572965147551876e+00 3.173140561450560782e+00 4.089246571393644558e+00 3.215800491632867963e+00 1.528294056611103402e+00 -9.387364131921047683e-01 8.710497488820418965e-01 1.952369799425482721e+00 3.669082276023152289e+00 4.640503093446707084e+00 4.640503093446707084e+00 4.640503093446707084e+00 4.640503093446707084e+00
-8.151219408955133972e+00 -5.835448862229171141e+00 -3.201012129997505617e+00 -1.460680051543749691e+00 1.274594134836916304e+00 3.132219171181967798e+00 3.252011273017073822e+00 4.097342842783538330e+00 3.002403326359235791e+00 1.432503040079260881e+00 -4.294377237899164035e-01 8.774683927937790284e-02 1.278155900650817633e+00 3.320343818867837804e+00 4.826576199004314560e+00 4.826576199004314560e+00 4.826576199004314560e+00 4.826576199004314560e+00
-8.123484129911705764e+00 -6.268176864062086295e+00 -3.511317620525395977e+00 -2.253246090806061197e+00 1.890529770134334077e-03 3.221017487111568656e+00 3.265027103939539543e+00 4.195561085699657689e+00 2.756521727432763580e+00 1.177749855663946743e+00 -2.786459047319545856e+00 -1.696112151919899613e+00 1.234891196591465512e+00 3.175762673002840764e+00 4.724641370745201741e+00 4.724641370745201741e+00 4.724641370745201741e+00 4.724641370745201741e+00
-8.052033750681205859e+00 -6.776139917458911199e+00 -3.801151839950284828e+00 -2.286736200463316493e+00 -1.825722922010502014e-01 3.180274803605798617e+00 3.263927366927252383e+00 4.010063447016102067e+00 2.372309483909401884e+00 1.372729169205401389e-01 -2.701638376682172549e+00 -1.598124376600541074e+00 1.302688908704649373e+00 3.478008056035428730e+00 4.631926685455926673e+00 4.631926685455926673e+00 4.631926685455926673e+00 4.631926685455926673e+00
-8.109187728266418205e+00 -7.089289548252830642e+00 -4.586891243126444806e+00 -2.522432246916421761e+00 -4.823819418727068320e-01 2.425658388977542934e+00 3.223579059085699416e+00 3.742955134043786991e+00 2.167979174229025752e+00 -3.280093126590807984e+00 -2.946818225866348229e+00 -1.302544022845861127e+00 1.300788059333782609e+00 3.703398897713698013e+00 4.489263982238857587e+00 4.489263982238857587e+00 4.489263982238857587e+00 4.489263982238857587e+00
-7.843076005940258888e+00 -7.202810512765105422e+00 -5.279186786995041736e+00 -3.192353683079351523e+00 -9.528328686622080657e-01 3.779312902856073464e-01 3.212519404873346751e+00 3.044574648537262007e+00 2.070742885747388851e+00 -4.189010110239840046e+00 -2.830409441425906891e+00 -6.173792953354346746e-01 1.572925158745721808e+00 3.713646439127968435e+00 4.514675564472481639e+00 4.514675564472481639e+00 4.514675564472481639e+00 4.514675564472481639e+00
-8.358246118900657606e+00 -7.697986574717008423e+00 -6.278065123801374270e+00 -4.031948359795604730e+00 -2.349590713533579844e+00 -6.690405384166864255e-01 2.687454362887959913e-01 2.855839327879706957e+00 1.387200599118609823e+00 -3.744536081994314536e+00 -1.575271741046073704e+00 1.109204279844215213e+00 1.899898562352893450e+00 4.178873167759260099e+00 4.697322372102549437e+00 4.697322372102549437e+00 4.697322372102549437e+00 4.697322372102549437e+00
-8.864914276673697913e+00 -7.833109225368885653e+00 -6.848564391414024399e+00 -5.231433890358726302e+00 -3.413461924328265784e+00 -1.816148830198422326e+00 -8.003969272669446688e-01 -1.900606313192291785e-01 2.056662941664709088e+00 -9.541163672387825700e-01 -4.262405126581234605e-01 -2.003909999079556692e-01 2.129650101585933264e+00 4.457991891348708435e+00 4.615192185825798710e+00 4.615192185825798710e+00 4.615192185825798710e+00 4.615192185825798710e+00
-9.099517051615402252e+00 -8.315130312365056398e+00 -7.588231277367350813e+00 -6.096760627869247884e+00 -4.497119801163245612e+00 -3.125008652369657636e+00 -1.596685470601765910e+00 -1.349842280549613971e+00 5.109966346875958187e-01 1.510674287234202495e+00 -3.472351680806933238e-01 5.636716985148372550e-02 1.838938578908677624e+00 4.470774853691256823e+00 4.528586061212871883e+00 4.528586061212871883e+00 4.528586061212871883e+00 4.528586061212871883e+00
-9.364006518131096968e+00 -8.577823286506010447e+00 -8.044956780588622181e+00 -7.354280284728298867e+00 -6.129557045872591203e+00 -4.439905074655948525e+00 -2.643011058384575396e+00 -2.260666990981610169e+00 -1.107978270178156865e+00 1.531500386505755706e+00 3.076990077988150940e-01 -2.446532127607685403e-01 1.480797774961021274e+00 4.104911705717658066e+00 4.423171145640923285e+00 4.423171145640923285e+00 4.423171145640923285e+00 4.423171145640923285e+00
-1.015163024784582113e+01 -9.088855446899600565e+00 -8.696555510519331733e+00 -8.309925480646711549e+00 -7.487752728765413757e+00 -6.628068800506296654e+00 -4.236613355602049324e+00 -2.462046240468606761e+00 -1.836579020133314977e+00 -3.387853640441623182e-01 1.315369469052733553e+00 2.545591804402578262e-01 -4.427792132775713041e-01 3.992774869235566015e+00 4.655497712640321417e+00 4.655497712640321417e+00 4.655497712640321417e+00 4.655497712640321417e+00
-1.035590220274809603e+01 -9.930177975968895510e+00 -9.466629103067363715e+00 -9.081760897068733129e+00 -8.551141074624243998e+00 -7.410419136221074510e+00 -5.760710946568572410e+00 -3.204445850561750575e+00 -2.809320703328195279e+00 -2.570772740864148087e+00 -7.070255535304297012e-02 1.166458455507247916e+00 -4.178823121969234000e-01 4.436981129060013629e+00 4.667335854788910332e+00 4.667335854788910332e+00 4.667335854788910332e+00 4.667335854788910332e+00
-1.050861023394582361e+01 -1.005493828495745134e+01 -9.644186489888060265e+00 -9.293440332451883279e+00 -8.917322760522477409e+00 -7.880096602464641720e+00 -6.342995836614131910e+00 -4.806004648626135634e+00 -3.513965010128218047e+00 -2.844742151040478895e+00 -1.801819783775081341e+00 4.857693302681775349e-01 -5.206031821193813913e-01 3.927626358575519117e+00 4.516462343374999300e+00 4.516462343374999300e+00 4.516462343374999300e+00 4.516462343374999300e+00
-1.048874873091142312e+01 -1.020265075140798317e+01 -9.847990255791858161e+00 -9.447792544174539842e+00 -9.045536283469029826e+00 -8.173370632780850187e+00 -6.672038124309139562e+00 -5.580223747068840723e+00 -3.825757211631849231e+00 -3.001288914408687170e+00 -2.575672615991768666e+00 -8.636288787345736129e-03 4.907108957495474599e-01 3.066849181077265118e+00 4.433065614320767622e+00 4.433065614320767622e+00 4.433065614320767622e+00 4.433065614320767622e+00
-1.050810212673319732e+01 -1.025545207081629684e+01 -9.903159022714175919e+00 -9.532462805516608739e+00 -9.169492063043762187e+00 -8.324355046993549223e+00 -6.985306220176578762e+00 -5.773303631533543090e+00 -4.660772587821519153e+00 -2.490825595854815333e+00 -2.587683676620712969e+00 -1.772618154950022229e-01 7.166158150378979519e-01 2.704673798987427880e+00 4.411283622477307986e+00 4.411283622477307986e+00 4.411283622477307986e+00 4.411283622477307986e+00
-1.053722495416563731e+01 -1.029067784968661137e+01 -1.007124655726814488e+01 -9.567446176961379223e+00 -9.203599859755847490e+00 -8.545505107520547483e+00 -7.273591666348909968e+00 -5.848030320931687065e+00 -5.481236137092141192e+00 -3.391406495075620864e+00 -1.461215350678108926e+00 -1.077156013567925008e+00 3.633055527874998747e-01 2.584236381211222788e+00 4.327443851350422754e+00 4.327443851350422754e+00 4.327443851350422754e+00 4.327443851350422754e+00
-1.059238229565050204e+01 -1.027859605096154638e+01 -9.920428330096159542e+00 -9.618415070077928064e+00 -9.425759291580135368e+00 -8.645371460210144576e+00 -7.422030542480221982e+00 -5.958707052886504485e+00 -5.737962952375092129e+00 -4.094881921195566932e+00 -2.068307157520178130e+00 -1.731386494761470107e+00 3.452263734133372008e-02 2.260595838369758859e+00 4.557886669869501972e+00 4.557886669869501972e+00 4.557886669869501972e+00 4.557886669869501972e+00
-1.061850882395588869e+01 -1.028141644200979954e+01 -1.005155164955748148e+01 -9.716652164722098917e+00 -9.292663854556980851e+00 -8.777603832804233619e+00 -7.539230317717846575e+00 -5.811933939939274651e+00 -5.349459763097737408e+00 -4.139921017361181121e+00 -2.369851192294047060e+00 -2.097733485397383468e+00 -1.709326842333632190e-01 2.180469786591288095e+00 4.468555190347857753e+00 4.468555190347857753e+00 4.468555190347857753e+00 4.468555190347857753e+00
-1.067002326584687033e+01 -1.043972786197276115e+01 -1.003940264039505159e+01 -9.722906046958458504e+00 -9.377166882173638029e+00 -8.777477867681989565e+00 -7.580938780529569598e+00 -5.984698411675097418e+00 -5.283217186319665082e+00 -3.876024104795231295e+00 -5.061398103212200184e+00 -1.974167028742315200e+00 -4.451379972900941784e-01 2.119215307182800601e+00 4.337545167428672244e+00 4.337545167428672244e+00 4.337545167428672244e+00 4.337545167428672244e+00
-1.075636744195990246e+01 -1.040740637372792143e+01 -1.001663857930081392e+01 -9.723027565645137926e+00 -9.451138949608308693e+00 -8.825480031248309487e+00 -7.651450851417221699e+00 -6.023494128742028053e+00 -5.348967654681021422e+00 -3.425205287316675395e+00 -3.834196121358389497e+00 -2.781282387156959857e+00 -5.897100886588253488e-01 2.273883717647006364e+00 4.344460179101031549e+00 4.344460179101031549e+00 4.344460179101031549e+00 4.344460179101031549e+00
-1.070588465124595601e+01 -1.044316763858711994e+01 -1.002481222215132917e+01 -9.739268713587692972e+00 -9.454984207717190614e+00 -8.983294578167072331e+00 -7.677984473316966429e+00 -5.783189167328149694e+00 -5.364919322413890690e+00 -3.694827842074432045e+00 -3.978754412127414319e+00 -2.112027200912175218e+00 -6.453613704088571046e-01 2.276023206060911352e+00 4.338100220370205484e+00 4.338100220370205484e+00 4.338100220370205484e+00 4.338100220370205484e+00
