-1.042329450453895490e+01 -1.028768866211601107e+01 -9.944168033385759387e+00 -9.628836318639448777e+00 -9.308007302759953916e+00 -8.952825305792874389e+00 -8.328962980780209691e+00 -7.260657205544314152e+00 -4.981739597225881333e+00 -2.351664791339648453e+00 -2.459723481561928438e+00 -3.426338827417773070e-01 7.297718688462688785e-01 1.798545312971090659e+00 5.103836967348150289e+00 5.103836967348150289e+00 5.103836967348150289e+00 5.103836967348150289e+00
-1.033294202845499754e+01 -1.006558865400164215e+01 -9.949108647656021986e+00 -9.789829925190121074e+00 -9.442444553867050061e+00 -8.893841506987021361e+00 -8.157493665415717743e+00 -6.826314230758279145e+00 -4.307514847036324923e+00 -2.399275854400005237e+00 -1.634330114663476330e+00 -1.281448437734030582e-02 1.681775015750525348e+00 1.950247307167064292e+00 5.029253549628091235e+00 5.029253549628091235e+00 5.029253549628091235e+00 5.029253549628091235e+00
-1.027249311871232607e+01 -9.957940110623745511e+00 -9.786721426557773995e+00 -9.764631845929113041e+00 -9.567288904791221071e+00 -9.056056947799959289e+00 -8.109424544763445653e+00 -6.786961866640785601e+00 -3.546355364597320481e+00 -3.248513595260830389e+00 -6.890017601817335358e-01 2.308198769424150698e-01 1.110146665193894044e+00 1.948062705182706633e+00 4.694745574280659639e+00 4.694745574280659639e+00 4.694745574280659639e+00 4.694745574280659639e+00
-1.037507757316065593e+01 -1.026680964418558162e+01 -9.792127329031384164e+00 -9.274512142228562794e+00 -9.173978149518200453e+00 -9.047895519527759944e+00 -8.166092136160758130e+00 -6.436621321139396557e+00 -2.637228456390173559e+00 -3.155826991269446324e+00 -5.822382432563426580e-01 7.993698383650957862e-01 1.015335902585198902e+00 2.173877574969168336e+00 4.868919016067787098e+00 4.868919016067787098e+00 4.868919016067787098e+00 4.868919016067787098e+00
-1.052148533078167425e+01 -1.024722845273061722e+01 -9.860546040334487117e+00 -9.564262076743613505e+00 -8.989808545755129998e+00 -8.642589092815217811e+00 -8.120078208040288459e+00 -5.281091159646837951e+00 -2.580310561118859258e+00 -3.042304252603069692e+00 -3.657701312352902301e-01 3.695654703404720465e-01 1.839762794513325250e+00 2.309857198777318210e+00 4.831669627073948980e+00 4.831669627073948980e+00 4.831669627073948980e+00 4.831669627073948980e+00
-1.036624584533077176e+01 -9.965611029767289963e+00 -1.012284709288284645e+01 -9.848671120974263005e+00 -9.311072581309124629e+00 -8.561640278840970453e+00 -7.604608567195056068e+00 -4.082500128312306131e+00 -3.750632217061179663e+00 -1.520204658056023117e+00 1.147193084279636011e-01 3.072032493109151940e-01 1.428441447906589223e+00 2.141601001501634016e+00 4.448497345592963725e+00 4.448497345592963725e+00 4.448497345592963725e+00 4.448497345592963725e+00
-1.042821818976164749e+01 -1.024560191921739616e+01 -9.893554516661957621e+00 -9.733730114057207672e+00 -9.294228623626310082e+00 -8.521908168333286682e+00 -7.306945914549410226e+00 -2.965952323925277856e+00 -3.677011077627388769e+00 -5.290505752871561551e-01 1.205958262856004826e+00 1.588072838649094543e+00 1.596180529973521223e+00 3.329797462566181032e+00 4.313201505799872493e+00 4.313201505799872493e+00 4.313201505799872493e+00 4.313201505799872493e+00
-1.046920562981924263e+01 -1.005854520219699211e+01 -9.949795941295617396e+00 -9.715433773880807422e+00 -9.167619516889224940e+00 -8.257692142374116528e+00 -4.899592771276445546e+00 -2.448925637625159357e+00 -2.790744356543554794e+00 -1.234150237984169979e-01 1.513827553498855227e+00 1.998524559761322816e+00 1.775168796788157977e+00 4.349507356724945595e+00 5.085193384231224911e+00 5.085193384231224911e+00 5.085193384231224911e+00 5.085193384231224911e+00
-1.043998203054526996e+01 -1.012933593396535592e+01 -9.551266093502693622e+00 -9.047643307124065615e+00 -8.234214588925405920e+00 -6.905426420469595428e+00 -3.811026154018725798e+00 -4.135468639179433303e+00 -9.246765227146435118e-01 1.164834198395497511e+00 2.058222637720973136e+00 2.709721496614806213e+00 3.394669847421278863e+00 4.776857637070931695e+00 5.014502683298674768e+00 5.014502683298674768e+00 5.014502683298674768e+00 5.014502683298674768e+00
-1.041643997974737346e+01 -1.006586428584161652e+01 -9.495642527636116270e+00 -8.424216024027469274e+00 -7.412278584518413815e+00 -5.382708437712917515e+00 -2.485938823020327870e+00 -3.601362812882555886e+00 -4.979291700579237256e-03 2.054539070299119974e+00 3.056622046028408590e+00 3.487169383130836575e+00 4.946633528534265523e+00 4.974737654862350311e+00 5.271894126671398340e+00 5.271894126671398340e+00 5.271894126671398340e+00 5.271894126671398340e+00
-1.022530234376043978e+01 -9.453327138205530389e+00 -8.914064653080005840e+00 -8.438614933499007265e+00 -6.855545062627719233e+00 -3.957578519593166533e+00 -3.881493524390531746e+00 -1.506028795359952044e+00 1.319411299738034504e+00 3.070739275965303605e+00 3.031607568323579471e+00 4.577996277154935179e+00 2.790736759830187097e+00 2.223553359169909704e+00 5.348003285398764461e+00 5.348003285398764461e+00 5.348003285398764461e+00 5.348003285398764461e+00
-9.903328198393380077e+00 -8.991234028028292968e+00 -8.206476317531588904e+00 -7.692793573292782128e+00 -5.271803874810688129e+00 -2.643222057916326584e+00 -3.013636513070054423e+00 1.768112401625909422e-02 2.804639812416914957e+00 3.081138463385452830e+00 4.434896045897613881e+00 3.778579753932696406e+00 1.941873124262654793e+00 2.488164486468602110e+00 5.141098718200101558e+00 5.141098718200101558e+00 5.141098718200101558e+00 5.141098718200101558e+00
-9.421919261174934945e+00 -8.525264190430085876e+00 -7.844469695389857833e+00 -6.196949225423129093e+00 -4.113874139875327351e+00 -2.703348716245081551e+00 -2.382837814797603482e+00 1.445936425039934692e+00 3.229931768885339949e+00 4.057506219060188712e+00 4.707950442063824070e+00 1.970982113241873446e+00 5.304674969200772194e-01 2.400381700615175085e+00 5.036709084025999594e+00 5.036709084025999594e+00 5.036709084025999594e+00 5.036709084025999594e+00
-1.000679367426433863e+01 -7.765887791784329863e+00 -6.693566562172017953e+00 -5.019702199997833070e+00 -3.021362553697706677e+00 -3.486132509547181790e+00 -3.613500166109914202e-01 2.953266498620312319e+00 3.277318424266564278e+00 5.011322845445580043e+00 3.306448636631808213e+00 -1.968611106782446107e+00 3.801337149769180579e-01 2.579223699973173467e+00 4.982484805678714324e+00 4.982484805678714324e+00 4.982484805678714324e+00 4.982484805678714324e+00
-9.393421462194559979e+00 -7.561560437822324232e+00 -5.685824500838670303e+00 -4.224422717512545944e+00 -2.063510958490372804e+00 -2.524121268312765398e+00 1.923393500121860500e-01 3.071234850618594692e+00 3.543733488683815658e+00 5.540477091650353181e+00 4.459539079662539152e+00 -8.183342855056695564e-01 9.752804898095059905e-01 2.586763458992441311e+00 5.269483532513900670e+00 5.269483532513900670e+00 5.269483532513900670e+00 5.269483532513900670e+00
-9.015525590196133976e+00 -6.830332471771744629e+00 -4.936779280382507018e+00 -3.219774905094736184e+00 -1.662017797101404515e+00 -1.487468781457357281e+00 2.985355092105667296e+00 2.982023251568040489e+00 4.177159751600251880e+00 6.226608207470376577e+00 6.074114329856454830e+00 1.930839968826278508e+00 6.061184959425807151e-01 2.757084584767586222e+00 5.200677677051241510e+00 5.200677677051241510e+00 5.200677677051241510e+00 5.200677677051241510e+00
-8.582115268420656307e+00 -6.442773869464859082e+00 -4.259021648788477776e+00 -2.370152664090383610e+00 -2.055344363519890916e+00 -1.159074493214993368e-01 3.153059611572095911e+00 3.221143193910874558e+00 4.257680104556380130e+00 5.088746297324027168e+00 4.602611628636300800e+00 4.735840025604572290e+00 4.039769900784151879e+00 3.217712313409788027e+00 5.267552434856181520e+00 5.267552434856181520e+00 5.267552434856181520e+00 5.267552434856181520e+00
-7.829584823868449561e+00 -6.008181474817807732e+00 -4.000594716045565491e+00 -1.698076928218718695e+00 -1.803758264099694753e+00 6.736514094741465897e-01 3.513119112187367055e+00 3.871651768939299743e+00 4.084159007462195845e+00 3.265046065147080956e+00 3.355740922331407639e+00 3.188601219150569488e+00 3.922627702503124425e+00 5.134960674858831453e+00 5.107354589836641701e+00 5.107354589836641701e+00 5.107354589836641701e+00 5.107354589836641701e+00
-7.560932588489814421e+00 -6.011517347050125082e+00 -3.640912766976751591e+00 -1.725057988160128897e+00 -7.556061110176763851e-01 3.011320397800091087e+00 3.123580304538969177e+00 3.883183335314887685e+00 3.799921854027099144e+00 1.745029472455487340e+00 1.491851443911533348e+00 1.530980247343595169e+00 2.801137905281438023e+00 4.268523054852337850e+00 5.023183759826955530e+00 5.023183759826955530e+00 5.023183759826955530e+00 5.023183759826955530e+00
-7.987584770658105349e+00 -6.029164257242783265e+00 -3.362021848999561691e+00 -1.746020685877825995e+00 -1.761589676629331080e+00 2.968730982800009244e+00 3.025956172660468901e+00 4.022982393480042163e+00 3.046903701115126761e+00 1.497799760063674768e+00 6.081148062043296720e-01 9.328438893271107091e-01 1.990790736233613467e+00 3.609187145766051152e+00 5.162021581583565499e+00 5.162021581583565499e+00 5.162021581583565499e+00 5.162021581583565499e+00
-8.151173644964060827e+00 -6.092683759866718951e+00 -3.391090744309374738e+00 -1.414463231201765314e+00 -9.687791807397643229e-01 3.079590460594205936e+00 3.102272418273909427e+00 4.041778772855465718e+00 2.943235127844134880e+00 1.377339041643224959e+00 4.535087304999764757e-01 3.963461310400947513e-01 1.258686114237335341e+00 3.302258071895114000e+00 5.254551438664792684e+00 5.254551438664792684e+00 5.254551438664792684e+00 5.254551438664792684e+00
-8.052489673038804696e+00 -6.248049539389560536e+00 -3.477879873747024675e+00 -1.611562661275654618e+00 -9.848101436586111923e-01 3.141516078585703031e+00 3.200419156635030404e+00 4.125051947669795993e+00 2.765143558697657600e+00 1.138430602866860042e+00 -2.556707640963331141e+00 -1.573399430950398248e+00 1.172724382361252538e+00 3.156850366580425060e+00 5.185745583202128195e+00 5.185745583202128195e+00 5.185745583202128195e+00 5.185745583202128195e+00
-8.074739493804344193e+00 -6.886447267998374144e+00 -4.428280575793515972e+00 -2.934747536914192878e+00 -1.859327406495796309e+00 8.842988309289587789e-01 3.155273089290032473e+00 3.944957895687790206e+00 2.313487004528084423e+00 6.963620554183338474e-01 -2.582216011683733825e+00 -1.561015215317609339e+00 1.215377359626479414e+00 3.460136405841253815e+00 5.154432374063309119e+00 5.154432374063309119e+00 5.154432374063309119e+00 5.154432374063309119e+00
-8.068656719271467992e+00 -7.130535988540207981e+00 -5.052070505674478795e+00 -2.881493689960124449e+00 -1.589896641955748091e+00 -3.571648575503493794e-01 3.155787707500531170e+00 3.762689192981985009e+00 2.036908418177757252e+00 -2.881146856968707315e+00 -2.666101871934029699e+00 -1.308721625365383945e+00 1.263877925465369811e+00 3.664776326309336696e+00 5.073610461473187172e+00 5.073610461473187172e+00 5.073610461473187172e+00 5.073610461473187172e+00
-7.898473054616905742e+00 -7.118753662737075771e+00 -5.335761272267472322e+00 -3.664043128010431971e+00 -2.422438364810922895e+00 -1.075362663792782669e+00 1.251444950124291244e+00 2.983807269150355435e+00 1.924383104028890124e+00 -3.784323739093929717e+00 -2.324278176562232456e+00 -4.692106889199074704e-01 1.522918150325785813e+00 3.745644947679759085e+00 5.149347941962389541e+00 5.149347941962389541e+00 5.149347941962389541e+00 5.149347941962389541e+00
-8.356529449836012091e+00 -7.593851838137979371e+00 -6.169140575768871315e+00 -4.723255147483273575e+00 -3.035424525804484297e+00 -2.330942998772337127e+00 -7.660354685768364646e-01 2.745251609394995462e+00 1.328197611006426637e+00 -3.288079484466284175e+00 -1.754120389147007519e-01 1.029306614846790646e+00 1.876809224445513014e+00 4.185649279892450281e+00 5.374244636971177158e+00 5.374244636971177158e+00 5.374244636971177158e+00 5.374244636971177158e+00
-8.758318050161499002e+00 -7.650163532054191862e+00 -6.693493126105789948e+00 -5.383081773531198877e+00 -3.867262151790466174e+00 -2.181717054469652695e+00 -1.726518432291589633e+00 5.619144538759337504e-01 1.816385666574040991e+00 -4.503678296373031520e-01 3.710126615045244991e-01 3.448410397186364440e-01 2.167585383599151871e+00 4.684695186075025219e+00 5.239619344815673152e+00 5.239619344815673152e+00 5.239619344815673152e+00 5.239619344815673152e+00
-9.049637477071122760e+00 -8.274425914639349955e+00 -7.466274893575816307e+00 -6.164696270939861833e+00 -4.936025035721230303e+00 -3.712040927766412146e+00 -2.199212308923132131e+00 -1.330667163669760455e+00 1.477758408586578920e+00 1.220025547877043426e+00 4.107912777117908032e-01 3.685699140335030322e-01 1.874501973448138070e+00 4.746608104013448681e+00 5.170813489353013992e+00 5.170813489353013992e+00 5.170813489353013992e+00 5.170813489353013992e+00
-9.357491651720881265e+00 -8.478062109823717662e+00 -7.915384143820055840e+00 -7.275678822932786005e+00 -6.226514027996507217e+00 -4.867368593261918619e+00 -2.931478046163310758e+00 -1.834416660094928986e+00 3.178582580024493787e-01 1.071240374075702384e+00 6.323378119792590901e-01 4.449604254629170863e-01 1.251074906991093361e+00 4.103288712226794921e+00 5.098646417862498836e+00 5.098646417862498836e+00 5.098646417862498836e+00 5.098646417862498836e+00
-9.992463990368641191e+00 -9.014848158238422116e+00 -8.573579051107376614e+00 -8.094676078116007645e+00 -7.394831925791303107e+00 -6.503857134845941523e+00 -4.405079941491329976e+00 -2.145367872476356297e+00 -1.661196382641619618e+00 9.035225341301940105e-01 8.525519695213934490e-01 9.646879757267001754e-01 1.331801903248173991e-01 3.962476182184633267e+00 5.153029205958214121e+00 5.153029205958214121e+00 5.153029205958214121e+00 5.153029205958214121e+00
-1.028531031384354044e+01 -9.833736488347431859e+00 -9.324937904809504019e+00 -8.852580075302716622e+00 -8.289334794127389827e+00 -7.256570820151362788e+00 -5.601477011659242500e+00 -3.826446396227220159e+00 -1.445244964639770258e+00 -3.587979145438890960e-01 1.059147164555596987e+00 1.106951167994993934e+00 1.830635481436351519e-01 4.345427879958844386e+00 5.410569018687722220e+00 5.410569018687722220e+00 5.410569018687722220e+00 5.410569018687722220e+00
-1.037850338521077376e+01 -1.001362378823486665e+01 -9.556575164130132194e+00 -9.159806386603955630e+00 -8.626927652428314275e+00 -7.663336993031395039e+00 -6.373731707712638084e+00 -4.758177844479232199e+00 -2.741274788020779951e+00 -1.751321358216910706e+00 1.270877410422326825e+00 6.817118382555285017e-01 8.121772703987517605e-01 3.937725606987791949e+00 5.293493106429222550e+00 5.293493106429222550e+00 5.293493106429222550e+00 5.293493106429222550e+00
-1.034456594475038926e+01 -1.011236832150921927e+01 -9.724343677492651494e+00 -9.314680767059813959e+00 -8.844892585144791042e+00 -7.940104950326462685e+00 -6.643218637631063572e+00 -5.354926663247091767e+00 -3.741788114168963730e+00 -1.996596590570531404e+00 -1.986137555736070259e-01 9.323452792420139357e-01 5.043388586833705833e-01 2.956823530539526068e+00 5.224687250966561614e+00 5.224687250966561614e+00 5.224687250966561614e+00 5.224687250966561614e+00
-1.041317555736755907e+01 -1.011679133701410471e+01 -9.591912014665743058e+00 -9.444608768405350574e+00 -8.954445899229897421e+00 -8.093613925381800911e+00 -6.866743375972095720e+00 -5.614769338861165693e+00 -4.146990286103927836e+00 -2.809873340190438551e+00 -2.916026249676273885e+00 7.963463611825283284e-01 1.450091568121191637e-02 2.585501944970911126e+00 5.155881395503897124e+00 5.155881395503897124e+00 5.155881395503897124e+00 5.155881395503897124e+00
-1.045262722791481202e+01 -1.015062155431447266e+01 -9.869732990379635140e+00 -9.530235674724577777e+00 -9.037997435737498364e+00 -8.312511065809429667e+00 -6.997774419558520975e+00 -5.753432331556386892e+00 -4.787053962442032962e+00 -3.224029187667715846e+00 -2.378529484909464475e+00 1.813819184547536545e-01 -8.690000239416463546e-02 2.782564254764515965e+00 5.146960414469073264e+00 5.146960414469073264e+00 5.146960414469073264e+00 5.146960414469073264e+00
-1.050669093369397800e+01 -1.019841166231425333e+01 -9.877807978681060419e+00 -9.527087612517149751e+00 -9.128075760833516128e+00 -8.428770867503716957e+00 -7.186977734939897999e+00 -5.758875761599642651e+00 -5.195382958948107976e+00 -3.777761547809368459e+00 -1.875136107612659364e+00 -2.399040704584979311e-01 -1.796583920031568637e-01 2.281222343914748318e+00 5.443810540252616903e+00 5.443810540252616903e+00 5.443810540252616903e+00 5.443810540252616903e+00
-1.050371094100573899e+01 -1.023092776914640467e+01 -9.926474042151943067e+00 -9.612952888537337870e+00 -9.169160312872442375e+00 -8.599090525621797099e+00 -7.325965042123170790e+00 -5.795043216114819984e+00 -5.028521914779202184e+00 -3.406882174879507730e+00 -2.945366782055609534e+00 -1.165469114210482715e+00 6.177782589257481138e-01 2.350064743665370770e+00 5.413186304735612353e+00 5.413186304735612353e+00 5.413186304735612353e+00 5.413186304735612353e+00
-1.052174458766996779e+01 -1.027485881597849904e+01 -9.924855268138770725e+00 -9.581161925883080244e+00 -9.258364560380128339e+00 -8.630658225525291272e+00 -7.363514019453540449e+00 -5.852377126331914425e+00 -5.083412586688026202e+00 -3.758288768128071666e+00 -3.061702412477138147e+00 -2.313925886787300712e+00 2.948543625710549065e-01 2.218734235226023976e+00 5.278561012580109235e+00 5.278561012580109235e+00 5.278561012580109235e+00 5.278561012580109235e+00
-1.059179257759840453e+01 -1.023381346351060728e+01 -9.947265137748868113e+00 -9.582975945551826413e+00 -9.292134341262437758e+00 -8.713862988604200055e+00 -7.517980881156551831e+00 -5.864232600062656786e+00 -5.163060872491104902e+00 -3.791830347055311190e+00 -3.852727913977613827e+00 -1.626728221371832372e+00 -3.137817267676927813e-01 2.167398499663597100e+00 5.212307637128826165e+00 5.212307637128826165e+00 5.212307637128826165e+00 5.212307637128826165e+00
-1.060797860699131334e+01 -1.024369620573459017e+01 -9.964000505376723993e+00 -9.635425120017123035e+00 -9.320740174053268490e+00 -8.889054030293694453e+00 -7.591100288807503205e+00 -5.846812784383310202e+00 -5.254086144356127974e+00 -3.851721050913484934e+00 -4.125386296723131174e+00 -2.212158956258969411e+00 -8.967945885226373814e-01 2.105286266305562926e+00 5.032998198405519652e+00 5.032998198405519652e+00 5.032998198405519652e+00 5.032998198405519652e+00
