-1.055160127265936332e+01 -1.029720569587336598e+01 -9.994884245258196742e+00 -9.641541379378432808e+00 -9.339318282418437533e+00 -8.951334474765324956e+00 -8.302256104721941199e+00 -6.819265074835771046e+00 -3.790669390206734324e+00 -4.140378726049148028e+00 -1.884052377779988463e+00 -2.394085984650767274e-01 1.331511424453297066e+00 2.072579355920832533e+00 5.634267381928187213e+00 5.634267381928187213e+00 5.634267381928187213e+00 5.634267381928187213e+00
-1.047309607988286118e+01 -1.020579172656029776e+01 -1.001804019947405955e+01 -9.819454113313714316e+00 -9.424212565390641672e+00 -8.862468650505261891e+00 -8.035235697546143641e+00 -6.215436831749316937e+00 -4.303019033256771486e+00 -4.326824837067868579e+00 -1.645027095498046821e+00 1.931272216296715249e-01 1.824802956846058200e+00 1.999568457345975769e+00 5.577829362932028801e+00 5.577829362932028801e+00 5.577829362932028801e+00 5.577829362932028801e+00
-1.024185101556802735e+01 -1.003190911567531174e+01 -9.908421993562633645e+00 -9.961510009579392033e+00 -9.587704768544210054e+00 -8.997753135517704948e+00 -8.021087049069691943e+00 -6.005837875833480055e+00 -2.837909298311718675e+00 -4.110189491061367661e+00 -9.880544489082924153e-01 1.972342194828167750e-01 2.179658981444947852e+00 2.105559788108892771e+00 5.529034703586282795e+00 5.529034703586282795e+00 5.529034703586282795e+00 5.529034703586282795e+00
-1.043254168390139824e+01 -1.019046932785795434e+01 -9.679195501427034998e+00 -9.398914540653123595e+00 -9.367249861947845702e+00 -8.995634959479822612e+00 -7.854179789159309699e+00 -4.991489085086962874e+00 -2.577716709572766440e+00 -3.276464823236071577e+00 -5.382518740947472846e-01 4.039494838467896920e-01 2.221646912909365668e+00 2.160481706742259700e+00 5.047036725879133101e+00 5.047036725879133101e+00 5.047036725879133101e+00 5.047036725879133101e+00
-1.056442333047454518e+01 -1.029311603805358644e+01 -9.930066556470382721e+00 -9.515334001754109039e+00 -8.951781942444524631e+00 -8.602837324641608774e+00 -7.389912286318611301e+00 -4.307415989831010705e+00 -2.824140013828356999e+00 -3.069353140977320926e+00 -5.032951086566522791e-01 1.159063298205482928e+00 1.695839695750607445e+00 2.326764613905389467e+00 4.981350780041203130e+00 4.981350780041203130e+00 4.981350780041203130e+00 4.981350780041203130e+00
-1.033467733898920926e+01 -1.017161038502335124e+01 -1.012549172774848572e+01 -9.798870044082974573e+00 -9.253884986314421468e+00 -8.318943510430415245e+00 -6.942260268123474631e+00 -4.812965778050733334e+00 -4.227382753136035731e+00 -1.961560976357149766e+00 1.163775557297044572e-01 1.393694216039500056e+00 1.616602366765406806e+00 2.156451962804405653e+00 4.612814112493144769e+00 4.612814112493144769e+00 4.612814112493144769e+00 4.612814112493144769e+00
-1.049965677838916633e+01 -1.023561449716124372e+01 -1.007424412833651850e+01 -9.743449545976631043e+00 -9.248072356385586446e+00 -8.305561719690382816e+00 -5.248170491097770451e+00 -5.013205671181728995e+00 -3.554216859522328686e+00 -1.519091933052611587e+00 7.618286376140915861e-01 1.905909570984048562e+00 1.746591265409253246e+00 3.028830712246644019e+00 4.455985080315150171e+00 4.455985080315150171e+00 4.455985080315150171e+00 4.455985080315150171e+00
-1.042880840889172944e+01 -1.018981075170256645e+01 -1.007913729396844715e+01 -9.636973965160020583e+00 -9.134426235823632112e+00 -8.081770985812449126e+00 -3.861547346801469160e+00 -4.568303631495585826e+00 -3.079588615586323908e+00 -3.825972075231869329e-01 1.105212425073215377e+00 1.968909095752003457e+00 1.901758657818324316e+00 4.283720056995302450e+00 5.319166700077126109e+00 5.319166700077126109e+00 5.319166700077126109e+00 5.319166700077126109e+00
-1.044532958073572892e+01 -9.932658819508636938e+00 -9.611536707851630723e+00 -9.493616466148143473e+00 -8.469253768570442986e+00 -6.867536161142776763e+00 -3.435290353778857941e+00 -4.536908691861415655e+00 -2.469600688033672053e+00 -5.060544212680984089e-01 2.125827276552469058e+00 2.629769944276001414e+00 3.231325481328583216e+00 4.689945444616446579e+00 5.514538234115897275e+00 5.514538234115897275e+00 5.514538234115897275e+00 5.514538234115897275e+00
-1.058248558167785447e+01 -1.017839076212094085e+01 -9.319156050939815472e+00 -8.441306431090847440e+00 -7.516433600477775201e+00 -5.540590115198570587e+00 -2.286992357877921656e+00 -4.504080956671927538e+00 -1.775370416779876281e+00 8.799061579350544449e-01 2.751294331912084612e+00 3.371528152357048835e+00 4.913392354662654782e+00 4.957386870680914548e+00 5.740877855862593471e+00 5.740877855862593471e+00 5.740877855862593471e+00 5.740877855862593471e+00
-1.022334183555626375e+01 -9.797112967907334991e+00 -8.984833445479367242e+00 -8.470523874168444323e+00 -6.802687553694329203e+00 -4.001878981509650046e+00 -3.550249171084351563e+00 -2.159054791924143846e+00 1.692807601909334936e-01 2.253968053308251562e+00 2.858225252680729245e+00 4.533957196905787690e+00 3.045291265147524573e+00 2.244811181860921323e+00 5.680317192056012487e+00 5.680317192056012487e+00 5.680317192056012487e+00 5.680317192056012487e+00
-9.921815029732215407e+00 -9.179342038028911688e+00 -8.479914448393426341e+00 -7.891278046349396114e+00 -5.857594805265056159e+00 -3.089257183179934252e+00 -3.443502498925504085e+00 -1.484436635357258449e+00 7.299808826404454720e-01 3.208767118391962825e+00 4.398875095294288329e+00 3.729356525657002930e+00 2.048325206067160398e+00 2.401706207141745431e+00 5.621283371945865248e+00 5.621283371945865248e+00 5.621283371945865248e+00 5.621283371945865248e+00
-9.534679888973133899e+00 -8.785647361780945630e+00 -7.987341398959651784e+00 -6.634639260216946610e+00 -4.847850122549049345e+00 -3.038016088991795094e+00 -4.077285754067990986e+00 -6.381165800313652881e-01 1.713311072612975439e+00 3.906963497708853872e+00 4.538257906096381689e+00 2.061208524090246019e+00 4.967526001672167846e-01 2.352599685106961491e+00 5.541353412784097543e+00 5.541353412784097543e+00 5.541353412784097543e+00 5.541353412784097543e+00
-9.944521423725429798e+00 -8.216663468851931995e+00 -7.145524074975336148e+00 -5.679353571224207364e+00 -3.679170081142362214e+00 -1.806757694098469980e+00 -2.672227295912620981e+00 -2.017530049148687499e-01 3.252903212292463930e+00 4.857862261357547951e+00 3.275562493532593766e+00 -1.965224547974438352e+00 3.781677824843434066e-01 2.467797065722620697e+00 5.495067775564857371e+00 5.495067775564857371e+00 5.495067775564857371e+00 5.495067775564857371e+00
-9.702137583593211545e+00 -7.736975122057904386e+00 -6.219407199335037717e+00 -4.726219760806340986e+00 -2.517289069168023641e+00 -2.331727300838478012e+00 -1.186724374884921440e+00 1.380577860297627968e+00 3.365191698607654214e+00 5.535981412665716306e+00 4.309039330177778737e+00 -9.744827408953952164e-01 9.919763598821941253e-01 2.562785232733174823e+00 5.829461023486390836e+00 5.829461023486390836e+00 5.829461023486390836e+00 5.829461023486390836e+00
-9.041810231010510179e+00 -7.248333963614665976e+00 -5.564210488805562349e+00 -3.718791332283843509e+00 -2.910191482502942240e+00 -2.620455936617504644e+00 -3.917483946171027576e-01 2.818271925677461542e+00 3.960602705349002939e+00 6.020286386189855676e+00 5.847174643996664756e+00 1.874390659879169307e+00 6.874961799528326312e-01 2.574962644083136354e+00 5.774289239536161134e+00 5.774289239536161134e+00 5.774289239536161134e+00 5.774289239536161134e+00
-8.951676826229689965e+00 -6.772367968108939706e+00 -5.028845170795830377e+00 -2.754645635916751267e+00 -3.157544802271121220e+00 -2.872112311617753377e+00 2.330245398358935516e-01 3.337899855538215554e+00 4.144003064817967541e+00 5.047686939512466608e+00 4.518896561541310142e+00 4.597009811351469466e+00 3.681167833450127436e+00 3.256911871913256817e+00 5.695651758282395782e+00 5.695651758282395782e+00 5.695651758282395782e+00 5.695651758282395782e+00
-8.286235198563890236e+00 -6.581582545267593787e+00 -4.822154793471161938e+00 -2.502606369084080296e+00 -2.257949334326285751e+00 -2.766614738476762092e+00 4.063372887041054593e-01 3.832955298709912029e+00 3.916632451678822235e+00 3.246308075864972054e+00 3.279716886922078523e+00 3.139187439135501467e+00 3.884087423710049336e+00 5.083027439646489398e+00 5.631913425479015523e+00 5.631913425479015523e+00 5.631913425479015523e+00 5.631913425479015523e+00
-7.701857968556410583e+00 -6.506762076546346307e+00 -4.620523950077799036e+00 -2.471432952080999890e+00 -1.568013754712346941e+00 -1.747968287770061968e+00 1.300195943776423002e+00 3.742478623270256488e+00 3.697601216212570208e+00 1.792657951250799631e+00 1.636436728398455109e+00 1.675075281790330495e+00 2.790200568450444951e+00 4.255180772441277348e+00 5.731199373743952385e+00 5.731199373743952385e+00 5.731199373743952385e+00 5.731199373743952385e+00
-7.876974037161499353e+00 -6.329497968852621170e+00 -4.695800897984845790e+00 -2.553564676042803683e+00 -1.235901195277530062e+00 2.545450373559210444e-01 2.767112551504839590e+00 3.915683369501905986e+00 3.023308669482234201e+00 1.595491178842418867e+00 1.149472357815247925e+00 1.195200022014319963e+00 1.934119874427805197e+00 3.622001147229628071e+00 5.910264262984218142e+00 5.910264262984218142e+00 5.910264262984218142e+00 5.910264262984218142e+00
-8.317482809494483931e+00 -6.510841851868089947e+00 -4.509940387028382958e+00 -2.405445462173337656e+00 -1.340352833781159436e+00 -1.098805372414060622e-02 3.218538826197031355e+00 3.954338636979814581e+00 2.935159892470949217e+00 1.506888697628919083e+00 8.385650332649562388e-01 6.502242174027111909e-01 1.294569311732736150e+00 3.235504478750601987e+00 5.838041979688835426e+00 5.838041979688835426e+00 5.838041979688835426e+00 5.838041979688835426e+00
-8.268371646614410153e+00 -6.929920877937466805e+00 -4.665872284917112367e+00 -2.254583226554098818e+00 -1.706889680035690526e+00 -1.769687927935283067e+00 1.669024118576909022e+00 3.956715729688858207e+00 2.705832378097301483e+00 1.364123659867553906e+00 -1.341166999344358901e+00 -1.538368190984503503e+00 1.198623080961770393e+00 3.047667134137622025e+00 5.802034794842944265e+00 5.802034794842944265e+00 5.802034794842944265e+00 5.802034794842944265e+00
-8.252370895445174881e+00 -6.923728635802854470e+00 -5.187282250431365149e+00 -2.775453531591287160e+00 -1.956874564592827159e+00 -1.535531960570564625e+00 2.847273875794689713e-01 3.832004261189886130e+00 2.319483398986556200e+00 1.142406650115372013e+00 -2.363473942035376751e+00 -1.495836985195536650e+00 1.170781179369723590e+00 3.395920235289368705e+00 5.678979532161616994e+00 5.678979532161616994e+00 5.678979532161616994e+00 5.678979532161616994e+00
-8.179182809742734150e+00 -7.419666978581213712e+00 -5.439574793217242465e+00 -3.549983018158808790e+00 -1.654873732975239431e+00 -1.724784260183326312e+00 -6.693457237644284685e-01 3.528581942288068873e+00 2.173344391891126826e+00 3.608285412784226764e-01 -2.502535452513373837e+00 -1.147040177364508029e+00 1.200606946741080705e+00 3.736572806203818153e+00 5.598245656949566218e+00 5.598245656949566218e+00 5.598245656949566218e+00 5.598245656949566218e+00
-8.137390731569039914e+00 -7.283850141190081118e+00 -6.048855030467782612e+00 -4.500056879173126134e+00 -2.464052296030539324e+00 -2.122932055386196559e+00 -1.502922228703378549e+00 1.581684307353142360e+00 2.528196752192997554e+00 -3.500674112028226759e+00 -2.204969301075540677e+00 -4.377374588600497218e-01 1.487601016163036860e+00 3.727090311961907876e+00 5.963208250905545071e+00 5.963208250905545071e+00 5.963208250905545071e+00 5.963208250905545071e+00
-8.347842960036500060e+00 -7.798466993292132443e+00 -6.414754155493195498e+00 -5.066808187381282025e+00 -3.688930013088215443e+00 -2.169702837268674855e+00 -2.093054074690907651e+00 5.231511187110963190e-01 2.280598488460813034e+00 -2.928706741601024177e+00 3.395627346886729847e-01 9.695535895388114334e-01 1.860803262863596208e+00 4.180708704715816459e+00 5.925566697626917900e+00 5.925566697626917900e+00 5.925566697626917900e+00 5.925566697626917900e+00
-8.740865357173831285e+00 -7.886437009962516953e+00 -6.806482966284794323e+00 -5.761259552731114120e+00 -4.537531772956641340e+00 -2.389517595686622808e+00 -2.955213602781630922e+00 -1.482852610640289059e+00 1.322512171502923550e+00 7.225728390142108770e-01 3.453437809583070339e-01 9.078389494722309827e-01 2.141435284362257718e+00 4.780421591506496704e+00 5.846622935891281791e+00 5.846622935891281791e+00 5.846622935891281791e+00 5.846622935891281791e+00
-9.158765909315381037e+00 -8.183607476657385860e+00 -7.309525749689714580e+00 -6.383121476383182724e+00 -5.342422522084580905e+00 -4.051540065377741584e+00 -2.512885309417630442e+00 -2.603270891282443156e+00 3.232083666295448854e-01 1.584585837878279779e+00 1.006583592313287090e+00 4.847802812957549001e-01 1.737087140467883817e+00 4.901665067887268634e+00 5.810615751045388855e+00 5.810615751045388855e+00 5.810615751045388855e+00 5.810615751045388855e+00
-9.441619979321664857e+00 -8.525116008648534915e+00 -7.885930019974046523e+00 -7.211730597469143689e+00 -6.346174343649002125e+00 -5.137163085825817710e+00 -2.399325610448424850e+00 -3.053907499834568995e+00 -1.042357508248979325e+00 1.339368836438853627e+00 1.308969899231762879e+00 8.666203308394589966e-01 1.010816795649039257e+00 4.073034471552714031e+00 5.705068509545911049e+00 5.705068509545911049e+00 5.705068509545911049e+00 5.705068509545911049e+00
-9.834381327924949900e+00 -8.978396621354422180e+00 -8.437986222138196268e+00 -7.967442950759092923e+00 -7.358684281128464733e+00 -6.371911652384824265e+00 -3.788879285682817066e+00 -2.765960400592945678e+00 -2.151490395162722891e+00 7.357342456502353745e-01 1.317272603065259062e+00 1.134467765635840397e+00 2.403340050849605558e-01 3.974832329245391982e+00 5.961037590947817044e+00 5.961037590947817044e+00 5.961037590947817044e+00 5.961037590947817044e+00
-1.024707888213636053e+01 -9.777525812323300869e+00 -9.278609016394783637e+00 -8.759058030734914624e+00 -8.167550251544438922e+00 -7.133780126849453396e+00 -4.993960589326695398e+00 -2.363564233859244634e+00 -2.905189213463542419e+00 3.655586316233134792e-01 1.196184597282170081e+00 1.210420031661410212e+00 6.120029762522206651e-01 4.367537477819693592e+00 5.969910616100371215e+00 5.969910616100371215e+00 5.969910616100371215e+00 5.969910616100371215e+00
-1.040932635501842540e+01 -9.995565898123690118e+00 -9.531152375263719279e+00 -9.074544552184324431e+00 -8.486904702411599999e+00 -7.536340854764230990e+00 -6.213466805095180234e+00 -2.618100680332990926e+00 -3.100897966139723572e+00 -1.044500527206464913e+00 1.027296986378511967e+00 1.250998187243361315e+00 8.229353854219479958e-01 3.077776110633332785e+00 5.891211076939621094e+00 5.891211076939621094e+00 5.891211076939621094e+00 5.891211076939621094e+00
-1.047261394440340254e+01 -1.010963221008258905e+01 -9.686793589427374229e+00 -9.251653013774863155e+00 -8.709936824078093665e+00 -7.813203102534770572e+00 -6.607693635710289115e+00 -3.831272272874810092e+00 -3.201016107045899339e+00 -2.684539334818541789e+00 7.813226267709439954e-01 1.275935074028295313e+00 8.641878347996593268e-01 2.324784326945306123e+00 5.855203892093728157e+00 5.855203892093728157e+00 5.855203892093728157e+00 5.855203892093728157e+00
-1.048034640368190828e+01 -1.014288824895591468e+01 -9.765905566248417102e+00 -9.383569317637324048e+00 -8.823484931349149463e+00 -8.019803287019920290e+00 -6.882974733886537244e+00 -5.255440685382716026e+00 -2.850455697587372494e+00 -3.103305587063999837e+00 2.278218234499710115e-01 1.168787729263440767e+00 8.014394959422559417e-01 2.482137974607860897e+00 5.819196707247835221e+00 5.819196707247835221e+00 5.819196707247835221e+00 5.819196707247835221e+00
-1.048064740378042003e+01 -1.018240664153278985e+01 -9.930294754516159728e+00 -9.492196046644579610e+00 -8.956384767833462490e+00 -8.260688220173294738e+00 -7.141168704213137097e+00 -5.547520609049074736e+00 -2.572170061298090893e+00 -3.273656197279112945e+00 4.738030100526669647e-02 8.870783603221551461e-01 3.915726126028051812e-01 2.754814023304938075e+00 5.978940995505759304e+00 5.978940995505759304e+00 5.978940995505759304e+00 5.978940995505759304e+00
-1.053628974292336196e+01 -1.018201598404453634e+01 -9.866150571486800303e+00 -9.519356055961273100e+00 -9.050780465283825293e+00 -8.294143888618748406e+00 -7.244496123194511306e+00 -5.889172948918407258e+00 -3.050281174719074340e+00 -3.471122947078966625e+00 -1.123982005562228936e+00 6.166277063067115982e-01 1.042576735025451784e+00 2.281046186727123892e+00 6.005943486930561903e+00 6.005943486930561903e+00 6.005943486930561903e+00 6.005943486930561903e+00
-1.051413452458609932e+01 -1.019802371264668928e+01 -9.908035289582509009e+00 -9.589631190199233046e+00 -9.054046944642838213e+00 -8.483312267886816471e+00 -7.386900214213836691e+00 -5.972972142247615857e+00 -3.809777446549388991e+00 -2.798782778919902903e+00 -2.375358779963596234e+00 4.549439482784262689e-01 9.900613462260893227e-01 2.453704984204704953e+00 5.973522594074346159e+00 5.973522594074346159e+00 5.973522594074346159e+00 5.973522594074346159e+00
-1.055768394015972511e+01 -1.025301891283568345e+01 -9.913605856355372836e+00 -9.597554273196831076e+00 -9.198242700081905809e+00 -8.505659480842311382e+00 -7.471636233758788492e+00 -6.080714214827725783e+00 -4.657502450679854356e+00 -2.454360135498699247e+00 -3.786216927012856726e+00 1.860526699833182362e-01 6.827973792177911561e-01 2.432131051198994864e+00 5.899792033142068348e+00 5.899792033142068348e+00 5.899792033142068348e+00 5.899792033142068348e+00
-1.059935997043822198e+01 -1.028324244406325327e+01 -9.988293560169315910e+00 -9.628713193151533289e+00 -9.246706268492102865e+00 -8.555061757994909755e+00 -7.577669330378441259e+00 -6.032585194228385461e+00 -4.995609120583758056e+00 -2.672470382302865044e+00 -4.019154935386675120e+00 1.541298544587064723e-01 5.414241778457635768e-01 2.531455703619643671e+00 5.863784848296176300e+00 5.863784848296176300e+00 5.863784848296176300e+00 5.863784848296176300e+00
-1.063357534491571599e+01 -1.034081812516537724e+01 -1.005117650912820793e+01 -9.693116762242334872e+00 -9.316246047564019861e+00 -8.766442189605315960e+00 -7.553635915232741027e+00 -5.986120766400747861e+00 -5.203212146134330141e+00 -3.095320293588744498e+00 -4.605533969114025794e+00 -1.496756366342525124e-01 3.160855034143080222e-01 2.612622834357779311e+00 5.981550934787880358e+00 5.981550934787880358e+00 5.981550934787880358e+00 5.981550934787880358e+00
