-1.038400815857620429e+01 -1.024514531632052616e+01 -1.003628624959977245e+01 -9.637104805514679740e+00 -9.357316600922787941e+00 -8.994271262230562058e+00 -8.462523948146264630e+00 -7.441840256085415106e+00 -5.448056969497075741e+00 -4.152352397016048968e+00 -2.835579601771437197e+00 -2.480316857156157795e+00 -1.777614435765379475e-01 2.107765736662200684e+00 5.465217468524615541e+00 5.465217468524615541e+00 5.465217468524615541e+00 5.465217468524615541e+00
-1.037849141138517695e+01 -9.854340723791212397e+00 -1.016506198970421515e+01 -9.919447989386970477e+00 -9.633618194675113600e+00 -8.996773127427902139e+00 -8.359604560526754824e+00 -7.124926280862695194e+00 -5.280686587449034519e+00 -3.449627797373662652e+00 -2.587471378956025525e+00 -2.225291312633324470e+00 -6.949092282559637956e-01 2.301166225421995115e+00 5.169324505605893627e+00 5.169324505605893627e+00 5.169324505605893627e+00 5.169324505605893627e+00
-1.038860364010879067e+01 -1.006148776963731351e+01 -9.776219872920229648e+00 -9.564072152135171478e+00 -9.553537175767072398e+00 -9.266830832317761946e+00 -8.165596750253714120e+00 -7.088442895419771794e+00 -5.211375714802271908e+00 -2.496215745832701227e+00 -3.031464749334123798e+00 -1.448904269089126284e+00 -2.489312556982006264e-01 2.315448509567382906e+00 5.012301825532841093e+00 5.012301825532841093e+00 5.012301825532841093e+00 5.012301825532841093e+00
-1.036635179569242737e+01 -1.003320523761365024e+01 -9.967276527882006576e+00 -9.308178546706539436e+00 -9.179123655723950392e+00 -9.141703888767064967e+00 -8.211944426527342245e+00 -6.862102576752046268e+00 -5.010646055126459331e+00 -1.977126203813771799e+00 -2.308119277756239818e+00 -7.160038726159366484e-02 1.085197429694013449e+00 2.336338097154424531e+00 5.741767275442313689e+00 5.741767275442313689e+00 5.741767275442313689e+00 5.741767275442313689e+00
-1.039124078643672888e+01 -1.024143825659984230e+01 -9.991757604826466022e+00 -9.599785568533496516e+00 -9.049326933240106285e+00 -8.670672140963310071e+00 -8.173875273416584264e+00 -6.744706836340320422e+00 -4.476823485185791540e+00 -2.385064588870479785e+00 -1.998806798462983592e+00 4.418865789972977187e-01 9.757800326555590154e-01 2.435379196870080865e+00 5.443187753027037168e+00 5.443187753027037168e+00 5.443187753027037168e+00 5.443187753027037168e+00
-1.040141433815291450e+01 -1.033882208428134142e+01 -1.009592637107043522e+01 -1.002717771593175833e+01 -9.474142544120370601e+00 -8.744386177294455109e+00 -7.981014360686783604e+00 -6.362680487015776265e+00 -2.616946586002846686e+00 -2.662545917226853298e+00 -1.444813588493992773e-01 6.404600941025943017e-01 1.021595274373692686e+00 2.175838602917883779e+00 6.205332258747530361e+00 6.205332258747530361e+00 6.205332258747530361e+00 6.205332258747530361e+00
-1.037257969536772784e+01 -1.020641198661892268e+01 -1.004387847535544154e+01 -9.729564459928838005e+00 -9.487828457911694713e+00 -8.746206061257563391e+00 -7.813412380820589753e+00 -5.769184588266996094e+00 -2.089902736088503854e+00 -2.280817167299721060e+00 5.254556968652975835e-01 1.329315568608342879e+00 1.542567671153124209e+00 3.393790101779363244e+00 6.015630522863638419e+00 6.015630522863638419e+00 6.015630522863638419e+00 6.015630522863638419e+00
-1.036629159761050900e+01 -1.004977635026327754e+01 -9.922129644776605417e+00 -9.904705432209810922e+00 -9.330223372307514751e+00 -8.302609983510542691e+00 -6.470117666197147344e+00 -2.793026250362207197e+00 -2.649506657525724673e+00 -1.650572517917088533e-01 1.275233346958854153e+00 1.958473304366482592e+00 1.602172105254913603e+00 4.361476724393646975e+00 5.786929648790892777e+00 5.786929648790892777e+00 5.786929648790892777e+00 5.786929648790892777e+00
-1.023799802092506539e+01 -1.032619648221949404e+01 -9.700949563439795753e+00 -9.217277751814672015e+00 -8.061294531383714101e+00 -7.141388750676038732e+00 -4.070013914610571604e+00 -2.302452436646655887e+00 -8.188895941322847927e-01 7.946409210198696060e-01 2.170290650636349739e+00 2.762983048874245284e+00 3.363174930472187185e+00 4.762653621969576534e+00 6.572750418613481749e+00 6.572750418613481749e+00 6.572750418613481749e+00 6.572750418613481749e+00
-1.010510905406561122e+01 -9.915304434116082533e+00 -9.587013344826319283e+00 -8.507184098121198801e+00 -7.491301706573185726e+00 -5.016837035958368496e+00 -2.411282807859504551e+00 -8.828787950419278996e-01 7.280458459152163719e-01 2.449855345558814346e+00 3.055271982378364282e+00 3.493077092627654867e+00 4.977041978102900721e+00 4.926494406369650747e+00 6.271606850784179343e+00 6.271606850784179343e+00 6.271606850784179343e+00 6.271606850784179343e+00
-1.018876984484099246e+01 -9.439164247510726469e+00 -8.642363216017081129e+00 -8.432458310690210013e+00 -6.823977908571603024e+00 -2.520398082165732134e+00 -1.502238088445756015e+00 2.603692287233281277e-01 2.725458147995004854e+00 3.164910286505290937e+00 3.129951494358429454e+00 4.642773814159038892e+00 2.811050574911074129e+00 2.353420250313049245e+00 6.131374522336812127e+00 6.131374522336812127e+00 6.131374522336812127e+00 6.131374522336812127e+00
-9.591303493500873856e+00 -8.851776873904086074e+00 -8.052815835673341027e+00 -7.498125261570839584e+00 -3.658959505567185300e+00 -2.392851987467442321e+00 -4.103976584302055919e-01 2.115153917890098434e+00 2.896105737043809025e+00 3.233687167518476180e+00 4.598327173995798489e+00 3.651553408869117057e+00 4.408955456808738016e-01 2.503785179725929844e+00 6.828319178532645140e+00 6.828319178532645140e+00 6.828319178532645140e+00 6.828319178532645140e+00
-9.618164788071156934e+00 -8.368948942716858852e+00 -7.337476283287330148e+00 -5.412985221225445898e+00 -2.834272947660730679e+00 -1.253035385333417295e+00 8.273311305288213457e-01 3.233980960621444023e+00 3.296269511991414713e+00 4.145426386050734990e+00 4.759372713412362899e+00 -1.956509307444839196e-01 5.065817314767404600e-01 2.483319115512054420e+00 6.550556634319240068e+00 6.550556634319240068e+00 6.550556634319240068e+00 6.550556634319240068e+00
-1.003142991537195527e+01 -7.819858578377830938e+00 -6.277462731943247221e+00 -3.341899738595146552e+00 -1.934665439326239689e+00 -4.215145426749570823e-01 2.996507142993415584e+00 3.097133303028682505e+00 3.348731589572363720e+00 5.009838339494172565e+00 3.220383964272620414e+00 -1.897844278040309529e+00 4.111309649793348231e-01 2.699720370052087759e+00 7.246494141775473352e+00 7.246494141775473352e+00 7.246494141775473352e+00 7.246494141775473352e+00
-9.342064096950938534e+00 -7.235113642610770057e+00 -4.523157922711730450e+00 -1.995873139627746706e+00 -1.381496814394584050e+00 9.852650387750522265e-01 3.150354279537170843e+00 3.236717968882416141e+00 3.683940109347192404e+00 5.725299607167749549e+00 4.473356344250143835e+00 -8.755835435203168648e-01 4.092718227445634738e-01 2.645658702576243915e+00 7.059543680608451055e+00 7.059543680608451055e+00 7.059543680608451055e+00 7.059543680608451055e+00
-9.089884328434258975e+00 -6.558924379908120272e+00 -3.327088954228661244e+00 -1.863343217004405528e+00 1.546272114437500789e-01 2.857371138861684479e+00 3.098219929672482387e+00 3.146388648291537304e+00 4.260383797842372644e+00 6.238037398163577940e+00 6.113729068754052420e+00 1.612754683602364958e+00 7.177335852650211789e-01 2.808861588313171342e+00 6.765561550782533295e+00 6.765561550782533295e+00 6.765561550782533295e+00 6.765561550782533295e+00
-8.515888319574992593e+00 -5.365988171282972452e+00 -2.960888635459480334e+00 -1.543843661227275676e+00 9.186921929422928734e-01 2.988781377034064768e+00 3.301330960044036811e+00 3.251673294396846270e+00 4.196946052745580857e+00 5.051267187301233363e+00 4.641962561402233511e+00 4.749588475649629160e+00 3.642840121299556255e+00 3.373333274004266080e+00 6.572681754974629698e+00 6.572681754974629698e+00 6.572681754974629698e+00 6.572681754974629698e+00
-7.521265141260305320e+00 -5.092313300264730280e+00 -2.733578343312789372e+00 -1.733471785965190248e+00 1.373177674229217660e+00 2.725606003401763289e+00 3.562511320879498289e+00 3.880086467346143486e+00 4.093711398603441687e+00 3.227533085413691438e+00 3.226607395614150331e+00 3.161419149430645614e+00 3.954433590872606263e+00 5.231615179986722097e+00 7.275597040908905022e+00 7.275597040908905022e+00 7.275597040908905022e+00 7.275597040908905022e+00
-7.313126132689345305e+00 -5.326428251486011511e+00 -1.722551095529487153e+00 -8.471954378584788392e-01 2.406811177819056624e+00 3.181610003917043183e+00 3.273756011345557049e+00 3.996641506312952341e+00 3.879684766774642135e+00 1.724899440067360734e+00 1.271053432636609859e+00 1.434202743236931532e+00 2.744614487127156721e+00 4.409292146350381358e+00 7.084482580483796532e+00 7.084482580483796532e+00 7.084482580483796532e+00 7.084482580483796532e+00
-8.109718363693637855e+00 -5.341523005696466875e+00 -1.741643695213036080e+00 -4.010049355575903696e-01 2.541999543957568441e+00 3.141463511384830376e+00 3.210902900183393527e+00 4.121636949914792680e+00 3.122112562906589783e+00 1.487915599829064073e+00 -1.007270772907140399e+00 8.827904678223025270e-01 1.956332536491151020e+00 3.628677750748515951e+00 6.924183276204964876e+00 6.924183276204964876e+00 6.924183276204964876e+00 6.924183276204964876e+00
-7.977342530789846897e+00 -6.043104575383056343e+00 -2.120596291593305427e+00 -6.819208781576806544e-01 2.364294809150668364e+00 3.098480031119058342e+00 3.242114581919138594e+00 4.083830755355656983e+00 3.108346315418043737e+00 1.416954209435390188e+00 -1.073756009335080197e+00 2.257166020640468534e-02 1.270040106238705002e+00 3.375140627003749838e+00 7.504646241467398227e+00 7.504646241467398227e+00 7.504646241467398227e+00 7.504646241467398227e+00
-8.056627152735940101e+00 -6.631213241691534144e+00 -2.380896382548596257e+00 -9.896328428506234731e-01 1.459815792669583390e+00 3.190495603427983440e+00 3.224544927060254640e+00 4.208486741297169154e+00 2.725793478165645212e+00 9.964756660372082742e-01 -2.717733900710795236e+00 -1.759458563423642374e+00 1.249453052521232177e+00 3.184929102278459379e+00 7.310978069337462415e+00 7.310978069337462415e+00 7.310978069337462415e+00 7.310978069337462415e+00
-7.995309413129373155e+00 -6.708134412796879609e+00 -3.201043246732230063e+00 -9.750506898293203051e-01 9.416218821144541895e-01 3.162677621610207268e+00 3.263854389734047512e+00 4.075143528470520415e+00 2.360472484203504528e+00 -1.212641447418411511e+00 -2.816736808228714750e+00 -1.799032028390199711e+00 1.273481038406920840e+00 3.494455752876355792e+00 7.401523089140677136e+00 7.401523089140677136e+00 7.401523089140677136e+00 7.401523089140677136e+00
-8.013719353094741038e+00 -6.869331616251685091e+00 -3.469524950959577581e+00 -1.397319487678148509e+00 -9.122164698205481592e-03 3.145501983399857426e+00 3.222709490230736051e+00 3.852584537157154987e+00 2.132159452089166685e+00 -4.045988313798284608e+00 -3.027297458700331845e+00 -1.323911134277102608e+00 1.342482746004079797e+00 3.701753925579676086e+00 7.379681548571916494e+00 7.379681548571916494e+00 7.379681548571916494e+00 7.379681548571916494e+00
-7.952120293291525144e+00 -7.240227278317532544e+00 -3.465385209812237299e+00 -2.817074918900037694e+00 -4.674346040526007329e-01 2.740779939159202261e+00 3.197403127573859916e+00 3.135553888277623713e+00 1.746974992888786549e+00 -4.336614319071020240e+00 -2.751639271208978332e+00 -7.182769375395643419e-01 1.458381674094502811e+00 3.753822741920993966e+00 7.717009548795337182e+00 7.717009548795337182e+00 7.717009548795337182e+00 7.717009548795337182e+00
-8.333652114656070253e+00 -7.781569191188197010e+00 -5.872154311759343770e+00 -2.290376014368110003e+00 -1.868455172255033769e+00 4.730127564651138150e-01 3.031285618767087797e+00 2.788742510725930934e+00 1.250369414787345645e+00 -4.194717664665128076e+00 -2.290284514925227555e+00 1.168385990332667212e+00 1.905923461656426454e+00 4.057455969562294484e+00 7.810104270215147970e+00 7.810104270215147970e+00 7.810104270215147970e+00 7.810104270215147970e+00
-8.862042010797130942e+00 -7.766154652170031092e+00 -6.593871333351114750e+00 -4.060465573244152360e+00 -2.100142105934563741e+00 -1.137802885629789040e+00 6.928661367920059266e-01 2.011053452345384684e+00 1.292561226056336388e+00 -2.261871946354216512e+00 -1.776428592864661926e+00 4.950963027853959586e-01 2.196118831075764888e+00 4.381867512118128971e+00 7.664643003767092289e+00 7.664643003767092289e+00 7.664643003767092289e+00 7.664643003767092289e+00
-9.146703191138131572e+00 -8.528713767345141861e+00 -7.380456514719215377e+00 -5.647523390243845753e+00 -2.790163563708806471e+00 -1.613105289368284012e+00 -9.836264898671965851e-01 5.578160211277958247e-01 1.208011710695831464e+00 1.030649559268500104e+00 -2.038957727242013185e+00 -2.641513645181777226e-01 1.890608845925777715e+00 4.410399341215904379e+00 8.209404134126316421e+00 8.209404134126316421e+00 8.209404134126316421e+00 8.209404134126316421e+00
-9.342088014881287705e+00 -8.589441801078526950e+00 -8.196467714901645607e+00 -7.425367663016817055e+00 -5.803213375962172904e+00 -3.305990973512820119e+00 -2.015757136311442377e+00 -2.420258941871511027e+00 1.207892676856678615e-01 8.294795945733801634e-01 -2.287663814944614238e+00 -3.453255449778280251e-01 1.466981204476570655e+00 4.120583192686520846e+00 8.071180295438239227e+00 8.071180295438239227e+00 8.071180295438239227e+00 8.071180295438239227e+00
-1.029596376931367452e+01 -8.970309550201360338e+00 -8.662550236076540955e+00 -8.333862589222002626e+00 -7.445700978504228296e+00 -6.701372497970967679e+00 -3.988895941502706322e+00 -1.918114485126205082e+00 -2.459013055329931863e+00 -8.160329943518237483e-01 -7.870875084704066771e-02 -1.719436617727533589e-01 1.095706841113232910e+00 4.094619395853683841e+00 7.971507970346972449e+00 7.971507970346972449e+00 7.971507970346972449e+00 7.971507970346972449e+00
-1.040502792924404929e+01 -1.009890088056638824e+01 -9.612205765481402153e+00 -9.216599873099822204e+00 -8.833193244623696927e+00 -7.292781529305973898e+00 -5.673636189650641981e+00 -4.931709095633402207e+00 -2.698093893100344864e+00 -2.606959665868672449e+00 -1.185329473216577334e+00 -3.464775536571848003e-01 3.511704519112798240e-01 4.334117171280371217e+00 8.086889809542636698e+00 8.086889809542636698e+00 8.086889809542636698e+00 8.086889809542636698e+00
-1.056358924262204901e+01 -1.011168370475188283e+01 -9.800710429118351996e+00 -9.528016385053302173e+00 -9.145308014942770569e+00 -7.894012950930148875e+00 -6.258476982268147637e+00 -5.703427339699020493e+00 -4.409390391959206568e+00 -3.171591682789711264e+00 -2.912764109937717283e+00 -4.628145330656833201e-01 -4.135536475038814608e-01 4.220925668420364651e+00 8.375986735226586433e+00 8.375986735226586433e+00 8.375986735226586433e+00 8.375986735226586433e+00
-1.044639978524686796e+01 -1.026396448840038822e+01 -9.943899337196800303e+00 -9.507115571287616973e+00 -9.218540881483995975e+00 -8.225343828994359896e+00 -6.383262641338136589e+00 -5.684348293706386279e+00 -5.024216528042533270e+00 -2.617185068455070596e+00 -2.564491456442035577e+00 -1.793397204762580355e+00 -2.441867358545054822e-01 3.474717186423056603e+00 8.221931258913471652e+00 8.221931258913471652e+00 8.221931258913471652e+00 8.221931258913471652e+00
-1.046067055137586976e+01 -1.024019990419337844e+01 -1.009506894391481779e+01 -9.529540034045297148e+00 -9.237190991269470075e+00 -8.399048577756254019e+00 -6.513480257190839673e+00 -6.008927655494936459e+00 -5.274284592084432788e+00 -3.059207876827656492e+00 -3.246374141927766743e+00 -1.655260002462091595e+00 -7.370510904060431079e-01 3.136247583555286766e+00 8.416140034915446932e+00 8.416140034915446932e+00 8.416140034915446932e+00 8.416140034915446932e+00
-1.050929481841744284e+01 -1.032746235603690721e+01 -1.007289793476949313e+01 -9.709107890873356794e+00 -9.350518750830300263e+00 -8.688191902620424401e+00 -6.999604489324398493e+00 -5.878990611454046444e+00 -5.598740656532903870e+00 -3.294984165837727907e+00 -2.806936982519029122e+00 -2.858777946431879879e+00 -3.494525767747251321e-01 3.114138341597152415e+00 8.865688580379215367e+00 8.865688580379215367e+00 8.865688580379215367e+00 8.865688580379215367e+00
-1.060931861391573250e+01 -1.037533841312347960e+01 -1.009283422193275292e+01 -9.788544123201550207e+00 -9.514089733319332609e+00 -8.945682069787375568e+00 -7.303588566801478166e+00 -5.823174218665606361e+00 -5.716687331762644320e+00 -3.933984522363015213e+00 -3.928252516623751411e+00 -2.931100984192527292e+00 -3.257482951526909087e-02 2.815387881300309036e+00 8.421460999534643221e+00 8.421460999534643221e+00 8.421460999534643221e+00 8.421460999534643221e+00
-1.067150207062924316e+01 -1.040408642977488007e+01 -1.013996128802521923e+01 -9.808405422065268553e+00 -9.481155506227381125e+00 -9.037857370141736624e+00 -7.731838455728841097e+00 -5.661152700171531826e+00 -5.519318300808017774e+00 -3.794001880952263317e+00 -3.723871612309885393e+00 -2.555475023288827696e+00 -7.936438473128053506e-01 2.944536297301128425e+00 8.915272294575407486e+00 8.915272294575407486e+00 8.915272294575407486e+00 8.915272294575407486e+00
-1.071171250253183338e+01 -1.042933059778824045e+01 -1.003967940236840661e+01 -9.691841502433815592e+00 -9.323716643822635319e+00 -8.953094385615207429e+00 -7.784902441838840836e+00 -5.946867535051928222e+00 -5.589351901712418247e+00 -3.873829681404449943e+00 -4.138543092079608243e+00 -1.759797069085790477e+00 -1.626368910822154068e-02 2.678982098224681252e+00 8.716483436392271855e+00 8.716483436392271855e+00 8.716483436392271855e+00 8.716483436392271855e+00
-1.073740673587265704e+01 -1.043852758611644838e+01 -1.011052736737775959e+01 -9.732748676570746937e+00 -9.348884346177337434e+00 -8.938818794522042310e+00 -7.952156578262365549e+00 -6.041805462483637257e+00 -5.578981068735387794e+00 -4.326108205725419431e+00 -4.212710095082971229e+00 -2.125777070445482142e+00 -3.334801346473162953e-01 2.814146468716169913e+00 9.204033785734312190e+00 9.204033785734312190e+00 9.204033785734312190e+00 9.204033785734312190e+00
-1.076105731963573220e+01 -1.042901214904932594e+01 -1.019604937158283775e+01 -9.841102304128346745e+00 -9.464787048369839084e+00 -9.022602057833287503e+00 -8.062939139162132562e+00 -5.922377440301170637e+00 -5.859826493700951211e+00 -4.485111820830564255e+00 -4.484951738001495158e+00 -1.726584288008022217e+00 -2.447184259283840257e-01 2.834981173494505846e+00 8.240417613511436201e+00 8.240417613511436201e+00 8.240417613511436201e+00 8.240417613511436201e+00
