-1.057684084801012858e+01 -1.024233183529098667e+01 -9.977079752782824329e+00 -9.616411450050867060e+00 -9.312761092374740812e+00 -8.939842494728098998e+00 -8.253738451923274155e+00 -6.646907027691526082e+00 -3.871007129320156892e+00 -3.931199972006885091e+00 -2.369433057789189334e+00 -2.286030234945842510e-01 1.372436766245927586e+00 2.081802588277696486e+00 5.471545728614120030e+00 5.471545728614120030e+00 5.471545728614120030e+00 5.471545728614120030e+00
-1.043443687403953746e+01 -1.012616907188267312e+01 -9.999064058002893773e+00 -9.771889624628279591e+00 -9.405593448721614180e+00 -8.851785168016045091e+00 -7.995715059948141246e+00 -6.082785600551023464e+00 -4.077027066604288486e+00 -4.242443969749855270e+00 -1.790935811917450993e+00 1.450415356514205556e-01 1.817955490489580272e+00 2.044275121461196054e+00 5.308206738360718546e+00 5.308206738360718546e+00 5.308206738360718546e+00 5.308206738360718546e+00
-1.037206010804041334e+01 -9.962358245515565258e+00 -9.897366894741054466e+00 -9.908630232863886889e+00 -9.514596038914175935e+00 -8.938834278904044695e+00 -7.960202349216277895e+00 -5.865173490244776744e+00 -2.829827452808252097e+00 -3.793992079898338865e+00 -9.924625452274541404e-01 2.895921892487086091e-01 2.157983325218292503e+00 2.101180576211429507e+00 5.643540872507012196e+00 5.643540872507012196e+00 5.643540872507012196e+00 5.643540872507012196e+00
-1.042321957270746147e+01 -1.016679705299364223e+01 -9.705273100313020151e+00 -9.416090030766262942e+00 -9.372636773950064892e+00 -9.043132499558277360e+00 -7.854159121893211193e+00 -4.817657618385443818e+00 -2.692271651318422609e+00 -2.743220514207683536e+00 -5.733927042668481855e-01 6.087112773889816753e-01 2.190934740015181958e+00 2.117472974225853566e+00 4.951630893821978852e+00 4.951630893821978852e+00 4.951630893821978852e+00 4.951630893821978852e+00
-1.053399910128857897e+01 -1.022998247029174834e+01 -9.956508197763627166e+00 -9.495594254678282553e+00 -8.924712173785300351e+00 -8.593845329634641317e+00 -7.248533993106923923e+00 -4.074178977999082463e+00 -3.370833323641337920e+00 -3.452027858931551396e+00 -6.258789500417389906e-01 1.154770496534766044e+00 1.662539821235493376e+00 2.318366799478635887e+00 4.950398819838713216e+00 4.950398819838713216e+00 4.950398819838713216e+00 4.950398819838713216e+00
-1.029393191124538731e+01 -1.018002947222180943e+01 -1.014507913794149907e+01 -9.782658940046454532e+00 -9.235337076979202919e+00 -8.305807579589160383e+00 -6.838391995398064083e+00 -4.764404600187543970e+00 -4.046616382362422826e+00 -2.229394976444043941e+00 -4.328460597628997625e-03 1.357619622550658489e+00 1.610914899153133018e+00 2.127656475550439019e+00 4.596438945881510918e+00 4.596438945881510918e+00 4.596438945881510918e+00 4.596438945881510918e+00
-1.047779600406158451e+01 -1.021427174833453222e+01 -1.003042215880018695e+01 -9.721803748101983444e+00 -9.225690345276992943e+00 -8.286862829641023609e+00 -5.285094691416986734e+00 -4.965989672507294728e+00 -3.612698920625986521e+00 -1.525451493886682997e+00 8.417475884731188129e-01 1.906334849357908867e+00 1.745320369850672515e+00 3.025622159199205186e+00 4.440519418390316275e+00 4.440519418390316275e+00 4.440519418390316275e+00 4.440519418390316275e+00
-1.037900000585963411e+01 -1.018538701503233668e+01 -1.007222385700465139e+01 -9.641917874002080779e+00 -9.121792997156454419e+00 -8.007462446082527663e+00 -3.962815847868773833e+00 -4.549494319784236573e+00 -3.012966734574063832e+00 -6.304891457692259893e-01 1.132359063409155375e+00 1.940882700085577728e+00 1.904704093646362839e+00 4.282152826895104347e+00 5.279236457384842041e+00 5.279236457384842041e+00 5.279236457384842041e+00 5.279236457384842041e+00
-1.040443924291829703e+01 -9.993991658987681603e+00 -9.608239780596834478e+00 -9.500484069006345678e+00 -8.432913336552106287e+00 -6.861007150621791340e+00 -3.602167161128252193e+00 -4.703094076510864419e+00 -2.345487450304746702e+00 -5.294412526915320827e-01 2.034555419505955420e+00 2.617917512440673278e+00 3.235774057012899441e+00 4.680684347521193445e+00 5.578996592921618536e+00 5.578996592921618536e+00 5.578996592921618536e+00 5.578996592921618536e+00
-1.061157682052810003e+01 -1.013778173969719987e+01 -9.210678362200587443e+00 -8.447286636516514235e+00 -7.513286261394318544e+00 -5.545185305649817487e+00 -2.487950155539556896e+00 -4.146730002331519671e+00 -9.669140301921621550e-01 7.449022604291648531e-01 2.728635937628375530e+00 3.369579118279133478e+00 4.877333516815836489e+00 4.948395133513731281e+00 5.543209670847852877e+00 5.543209670847852877e+00 5.543209670847852877e+00 5.543209670847852877e+00
-1.026349904610761499e+01 -9.724400660967617682e+00 -8.984864547755396558e+00 -8.488979193146532154e+00 -6.771616931525281657e+00 -4.158155143024183431e+00 -3.674135326849201633e+00 -2.147652317688485191e+00 9.542803501006079381e-03 2.168468037956559513e+00 2.822551452334868038e+00 4.539247161735082692e+00 3.045549337620570007e+00 2.224685250464923048e+00 5.552331807824969268e+00 5.552331807824969268e+00 5.552331807824969268e+00 5.552331807824969268e+00
-9.922586973712165914e+00 -9.182633946623903753e+00 -8.462819438724011434e+00 -7.870450416609771516e+00 -5.794570353691056219e+00 -3.029194194639580839e+00 -3.544783087338367444e+00 -2.243002127064475104e+00 5.826689331034572428e-01 3.174601314057086121e+00 4.352745335734764964e+00 3.695998572134870930e+00 2.044646950235263549e+00 2.483903265787460235e+00 5.601904673406189694e+00 5.601904673406189694e+00 5.601904673406189694e+00 5.601904673406189694e+00
-9.548566036472776020e+00 -8.797956883003339001e+00 -7.932168233323190876e+00 -6.666909621899412386e+00 -4.950648609232100483e+00 -2.472106990345399602e+00 -4.085742052507658428e+00 -5.394559150689799409e-01 1.745754993042674341e+00 3.897063688059147601e+00 4.531171595639635896e+00 2.050012309032447355e+00 5.398670709568205162e-01 2.362042208800954501e+00 5.542616010147426664e+00 5.542616010147426664e+00 5.542616010147426664e+00 5.542616010147426664e+00
-9.913602826499953835e+00 -8.153136954179879936e+00 -7.179150331601515056e+00 -5.724448883934111443e+00 -3.583348796266057068e+00 -1.978518802565191415e+00 -2.826913399672982496e+00 1.990492262299982384e-01 3.250316356544775243e+00 4.828181530722504000e+00 3.242891159715305172e+00 -1.932226525835217812e+00 4.217152819885900961e-01 2.441984250270668788e+00 5.602089157667458963e+00 5.602089157667458963e+00 5.602089157667458963e+00 5.602089157667458963e+00
-9.717501798768552135e+00 -7.735279655452702130e+00 -6.266947224630558644e+00 -4.791439108484649267e+00 -2.697365642404109032e+00 -2.167820976546093625e+00 -1.812292213137100871e+00 1.418998159212926824e+00 3.362245630652158646e+00 5.458202213895697597e+00 4.320604401076066026e+00 -9.813904125405148449e-01 9.885496748947485424e-01 2.482081349800301151e+00 5.553735378083866081e+00 5.553735378083866081e+00 5.553735378083866081e+00 5.553735378083866081e+00
-9.007911660547936350e+00 -7.248800842657449728e+00 -5.646952638144547620e+00 -3.770681738603477662e+00 -3.236706482837448107e+00 -2.375255131902405559e+00 -9.946222175364836104e-01 2.786693784617684688e+00 3.957040159597235096e+00 5.977860819931745340e+00 5.833025130877206976e+00 1.921344103631618783e+00 7.370652682766228869e-01 2.612261545843415078e+00 5.521516111099957769e+00 5.521516111099957769e+00 5.521516111099957769e+00 5.521516111099957769e+00
-8.912765868868437025e+00 -6.810504896960046572e+00 -5.091252049242868338e+00 -2.900904227074577957e+00 -3.234289122580330300e+00 -2.745106503773961482e+00 -2.780045075931601994e-01 3.326483927639759308e+00 4.125649468749891469e+00 5.023804594581406491e+00 4.508306797179753467e+00 4.583681355187043671e+00 3.598010947003060345e+00 3.111085202963349339e+00 5.484483367746094906e+00 5.484483367746094906e+00 5.484483367746094906e+00 5.484483367746094906e+00
-8.268778230122173056e+00 -6.580259774630546232e+00 -4.883301205732101025e+00 -2.928746351132616610e+00 -2.417132460279412420e+00 -3.005482341582997208e+00 1.916464056057684551e-01 3.803748217495193984e+00 3.894615674933989524e+00 3.200660628028937360e+00 3.214860707589134670e+00 3.128197013094941692e+00 3.895288675910203224e+00 5.062579463686733838e+00 5.511121733947804913e+00 5.511121733947804913e+00 5.511121733947804913e+00 5.511121733947804913e+00
-7.719938041752512525e+00 -6.556006434143510475e+00 -4.718771063954322109e+00 -2.875354794506681522e+00 -1.609100543656229343e+00 -2.207194096862608035e+00 1.179516198567860830e+00 3.749497500787549509e+00 3.692439981399731508e+00 1.787540012512095711e+00 1.636469795777806935e+00 1.678764823527820083e+00 2.756449911248103124e+00 4.258963517293524959e+00 5.553032919554977020e+00 5.553032919554977020e+00 5.553032919554977020e+00 5.553032919554977020e+00
-7.819407933879356065e+00 -6.355803921888966812e+00 -4.792782687127655983e+00 -2.681983935525857010e+00 -1.148673821628930947e+00 -4.255017625022553540e-01 2.726831108808816850e+00 3.897915875062961888e+00 3.016751197103577642e+00 1.586564365070266991e+00 1.162080974297920344e+00 1.203846140609359239e+00 1.942281170003027579e+00 3.604045708673456527e+00 5.580144169365959250e+00 5.580144169365959250e+00 5.580144169365959250e+00 5.580144169365959250e+00
-8.399931151925484230e+00 -6.510589347588032538e+00 -4.558331431164917902e+00 -2.428599810845119666e+00 -1.351963241037676955e+00 -4.465478456289550535e-01 3.232096912115018483e+00 3.955479122698182248e+00 2.937990800783176759e+00 1.495611472698999078e+00 8.772697157573956517e-01 6.470093250303706744e-01 1.286438956122128552e+00 3.237327995008548509e+00 5.534723303439429642e+00 5.534723303439429642e+00 5.534723303439429642e+00 5.534723303439429642e+00
-8.197066943620908930e+00 -6.933175329959697208e+00 -4.717000550822346483e+00 -2.446966653845269235e+00 -1.926222834233657810e+00 -1.740410598751455318e+00 1.554266610075944577e+00 3.951858323728606237e+00 2.688359971767239287e+00 1.353969091270475378e+00 -2.092271475871994912e+00 -1.553435267021133992e+00 1.196556167736204657e+00 3.077807937311219266e+00 5.506435236271798317e+00 5.506435236271798317e+00 5.506435236271798317e+00 5.506435236271798317e+00
-8.241518695573912368e+00 -6.965558263626215663e+00 -5.186649551290840598e+00 -2.914859814411452810e+00 -2.089742673088978098e+00 -1.639133881836836171e+00 1.225159050303754604e-01 3.824025015135638306e+00 2.300757152002177452e+00 1.102903815536608434e+00 -2.370228129109785087e+00 -1.465235008939781203e+00 1.163899160983114189e+00 3.402143571030940450e+00 5.443543629327149524e+00 5.443543629327149524e+00 5.443543629327149524e+00 5.443543629327149524e+00
-8.180280575535514132e+00 -7.385257134440013971e+00 -5.446837942951569644e+00 -3.632778567995599506e+00 -1.996643867792129878e+00 -1.495184462038572137e+00 -1.095408280446658500e+00 3.528410405845588738e+00 2.128118006723612066e+00 5.071131573571056039e-01 -2.473685987580199086e+00 -9.938647934048339128e-01 1.199404643462372189e+00 3.670164478152949883e+00 5.411252061758627718e+00 5.411252061758627718e+00 5.411252061758627718e+00 5.411252061758627718e+00
-8.177739328782557493e+00 -7.297020603409147377e+00 -6.025957425541065504e+00 -4.603248801888519814e+00 -2.827683045137238338e+00 -1.458979197681089079e+00 -1.695093667405100479e+00 1.667787839023625374e+00 2.494676710076765058e+00 -3.269018546361774469e+00 -2.181347203808680746e+00 -4.266388971856765466e-01 1.460847147819880343e+00 3.717262901427360156e+00 5.626196050225603429e+00 5.626196050225603429e+00 5.626196050225603429e+00 5.626196050225603429e+00
-8.334662029845643971e+00 -7.780899585645420835e+00 -6.414382791566671571e+00 -5.132418402931435253e+00 -3.870140134617225058e+00 -1.956469521945475742e+00 -2.120304482938232038e+00 4.820695738627546190e-01 2.269863797180701859e+00 -2.874299482457181476e+00 2.658917514912243485e-01 9.986537213807521463e-01 1.821427757545106774e+00 4.193116557465373262e+00 5.593899302117733896e+00 5.593899302117733896e+00 5.593899302117733896e+00 5.593899302117733896e+00
-8.745948992800579802e+00 -7.870126165976948585e+00 -6.822671656867188794e+00 -5.776794582528680166e+00 -4.628004595538364185e+00 -2.815949867260477468e+00 -2.948027058128490197e+00 -1.765211248756465512e+00 1.420022935804982511e+00 9.370150472239587858e-01 2.553304945810070947e-01 9.037512914140586329e-01 2.146407910834353672e+00 4.784843516748477299e+00 5.515711228794993204e+00 5.515711228794993204e+00 5.515711228794993204e+00 5.515711228794993204e+00
-9.113431564274161900e+00 -8.191662424975636014e+00 -7.288545855118738537e+00 -6.376857400376393592e+00 -5.371541143813536756e+00 -4.200767810297048044e+00 -2.148381809322041924e+00 -2.516202739253674991e+00 4.619427468178417540e-01 1.592989426084089555e+00 9.979615630420790584e-01 5.030550720622865013e-01 1.756736220426523110e+00 4.915604732908421148e+00 5.487423161627360990e+00 5.487423161627360990e+00 5.487423161627360990e+00 5.487423161627360990e+00
-9.416811528590763203e+00 -8.524780338335679275e+00 -7.852904804801711158e+00 -7.192354284578101442e+00 -6.373133716532843884e+00 -5.158352300643160859e+00 -2.574817282822985831e+00 -3.130161336677960371e+00 -1.121584334574340369e+00 1.380923281151318793e+00 1.325723066030461750e+00 8.621468350266868752e-01 9.953326525788080970e-01 4.064227975596965692e+00 5.428122943643090004e+00 5.428122943643090004e+00 5.428122943643090004e+00 5.428122943643090004e+00
-9.814579290568508085e+00 -8.948149145011409900e+00 -8.443536702104776026e+00 -7.970939770650820044e+00 -7.318120697318944323e+00 -6.370876861834786631e+00 -4.015506488367090121e+00 -1.989767563139943185e+00 -2.203090148866581721e+00 7.468000052828556168e-01 1.336655610434910324e+00 1.149238742953911263e+00 2.624845539438933062e-02 3.921620938068186124e+00 5.459727443910903588e+00 5.459727443910903588e+00 5.459727443910903588e+00 5.459727443910903588e+00
-1.022172816774503801e+01 -9.768837617744638990e+00 -9.255410514021200186e+00 -8.732784743318019238e+00 -8.146993239298295109e+00 -7.120732423848235904e+00 -5.042835967993024582e+00 -2.096998383086565720e+00 -3.025682363621570836e+00 4.364814843138798972e-01 1.194211929937561756e+00 1.217373595614427595e+00 5.347750517910382362e-01 4.399537094939486970e+00 5.601984709588368361e+00 5.601984709588368361e+00 5.601984709588368361e+00 5.601984709588368361e+00
-1.038672520417843970e+01 -9.970615340382952496e+00 -9.500134193164507579e+00 -9.070876914079484266e+00 -8.486265230012598693e+00 -7.513558450802025668e+00 -6.157220867076212301e+00 -2.854277015614103963e+00 -3.185026461671264464e+00 -1.339380636270634195e+00 1.177302245716359552e+00 1.232748648947309178e+00 8.420048474539998384e-01 2.955396276730803962e+00 5.524987221318192532e+00 5.524987221318192532e+00 5.524987221318192532e+00 5.524987221318192532e+00
-1.044808242360445050e+01 -1.009850003773903637e+01 -9.683989424558497205e+00 -9.268682363449652684e+00 -8.701301821801580516e+00 -7.847573126192965098e+00 -6.585016390552973498e+00 -3.861994689593735597e+00 -3.143292608118252396e+00 -2.769973679605006289e+00 8.349437898268464719e-01 1.245059795960735460e+00 9.042899076628554411e-01 2.303880144554012244e+00 5.496699154150555877e+00 5.496699154150555877e+00 5.496699154150555877e+00 5.496699154150555877e+00
-1.044995185848981478e+01 -1.015160412628383391e+01 -9.752002775874997198e+00 -9.378060636413652063e+00 -8.804392353915492464e+00 -7.979665275653250234e+00 -6.848658449669853709e+00 -5.053704872987615282e+00 -3.050502119356331310e+00 -3.289335608897121954e+00 3.983857021785209840e-01 1.128729986453437029e+00 8.998816868472967467e-01 2.397373759045364316e+00 5.468411086982920999e+00 5.468411086982920999e+00 5.468411086982920999e+00 5.468411086982920999e+00
-1.047088594602343825e+01 -1.017452158802898410e+01 -9.870844443257123402e+00 -9.454146144255064499e+00 -8.942292123161960760e+00 -8.249595704983210709e+00 -7.096184875150902016e+00 -5.365840697956933525e+00 -2.477396510086267600e+00 -3.410801519337852028e+00 4.772073230466205435e-02 9.802389032387590628e-01 6.817235000795297539e-01 2.725424304300326561e+00 5.463529644333510404e+00 5.463529644333510404e+00 5.463529644333510404e+00 5.463529644333510404e+00
-1.051510942297796980e+01 -1.017527892306281423e+01 -9.853208269974297551e+00 -9.486791926453170376e+00 -9.046453644014762929e+00 -8.289221842952834152e+00 -7.198911036616149062e+00 -5.810712035922929175e+00 -3.376930613564069539e+00 -3.209071638921453307e+00 -1.625791926236393126e+00 9.288785539346124942e-01 1.001854014132136150e+00 2.206186042339678188e+00 5.569553759798093751e+00 5.569553759798093751e+00 5.569553759798093751e+00 5.569553759798093751e+00
-1.048184767349834168e+01 -1.016862685785309139e+01 -9.881541219345679750e+00 -9.536043140576097699e+00 -9.080680345498350903e+00 -8.471428850310008585e+00 -7.348644957125211263e+00 -5.940524456020962241e+00 -3.458499638564604517e+00 -2.990043615008965983e+00 -2.579089315778098079e+00 6.842141614273116179e-01 9.529761641926535187e-01 2.431439878053800463e+00 5.558748866080134299e+00 5.558748866080134299e+00 5.558748866080134299e+00 5.558748866080134299e+00
-1.052658128642404023e+01 -1.023288363580021354e+01 -9.889769861935890916e+00 -9.564462173650440491e+00 -9.164166760086633445e+00 -8.473383192316553902e+00 -7.455315613858386037e+00 -6.063448610046725307e+00 -4.076175043955858612e+00 -3.053869227301863720e+00 -3.684202957050368710e+00 2.795042905807482159e-01 7.408542587095550136e-01 2.398590367221165032e+00 5.505975146673754317e+00 5.505975146673754317e+00 5.505975146673754317e+00 5.505975146673754317e+00
-1.054984537581213999e+01 -1.026510623070183748e+01 -9.960963035945431088e+00 -9.597099550636865928e+00 -9.249876768284918782e+00 -8.549169083188980167e+00 -7.548120267950385376e+00 -6.021107001224216049e+00 -4.771609241876476837e+00 -3.036540211020510860e+00 -3.732971167021430503e+00 1.245964486424135653e-01 6.119680500684971935e-01 2.460413877078606149e+00 5.477687079506124768e+00 5.477687079506124768e+00 5.477687079506124768e+00 5.477687079506124768e+00
-1.059141716679385681e+01 -1.029324292151141762e+01 -1.000031896732268244e+01 -9.647041346903288073e+00 -9.324227082083073270e+00 -8.735572880661505835e+00 -7.580501369274618817e+00 -6.014743017468354935e+00 -5.157835272010831140e+00 -3.141239290270185780e+00 -4.501342497497380357e+00 -2.148584466818879435e-01 2.887894715404027979e-01 2.589969959150271173e+00 5.392776201537571090e+00 5.392776201537571090e+00 5.392776201537571090e+00 5.392776201537571090e+00
