-1.048000485531710169e+01 -1.022258428898716787e+01 -9.948304043105602901e+00 -9.650891195095608666e+00 -9.286712850456421364e+00 -8.893165958636696899e+00 -8.184854960499814425e+00 -6.331543629003254736e+00 -4.117491252981646532e+00 -3.995159258291059778e+00 -2.776129879770391717e+00 -2.855963311479858269e-01 2.097104645624751740e+00 2.174321597890544133e+00 5.705690086249047610e+00 5.705690086249047610e+00 5.705690086249047610e+00 5.705690086249047610e+00
-1.047452685070846456e+01 -1.009367621687210104e+01 -9.950219212574037186e+00 -9.738697159974702089e+00 -9.359225288784344343e+00 -8.808556962866880724e+00 -7.906907073736865854e+00 -5.867761808259939649e+00 -3.735149478754036245e+00 -4.388699740886348621e+00 -1.831333346381970317e+00 -1.193344560399780818e-01 1.684453882774312294e+00 2.071930726284773705e+00 5.573768239969096427e+00 5.573768239969096427e+00 5.573768239969096427e+00 5.573768239969096427e+00
-1.011097334408255044e+01 -9.818039015960154714e+00 -9.952335475538498955e+00 -9.849301458393712849e+00 -9.476543292808983665e+00 -8.916108734887741250e+00 -7.825670201454903108e+00 -5.276666793818512780e+00 -3.032208047688440100e+00 -3.366792411676275076e+00 -1.009049660549470095e+00 -1.687322755278213016e-01 2.147043626648591275e+00 2.114970567295067827e+00 5.744490383579137216e+00 5.744490383579137216e+00 5.744490383579137216e+00 5.744490383579137216e+00
-1.039700343102231095e+01 -1.011212487902909452e+01 -9.695775639698140935e+00 -9.320428034710422693e+00 -9.298585312582746454e+00 -8.950038288694342370e+00 -7.676085065787967565e+00 -4.213025935102691300e+00 -3.193087612896313932e+00 -2.305152419490150706e+00 -8.095427402254415927e-01 4.461807475651563548e-01 2.106893085542783872e+00 2.133678295807824199e+00 5.323121169416088705e+00 5.323121169416088705e+00 5.323121169416088705e+00 5.323121169416088705e+00
-1.051609536038255932e+01 -1.016805798081043477e+01 -9.926661229266247943e+00 -9.416218431120451982e+00 -8.889226706449179005e+00 -8.594462688871612244e+00 -6.941446692360386805e+00 -4.147400781893802346e+00 -3.944046363496136909e+00 -2.810732363226302155e+00 -6.027774310246123424e-01 1.905500764068997821e+00 1.707684597309726326e+00 2.396986609288123571e+00 5.069900252723176237e+00 5.069900252723176237e+00 5.069900252723176237e+00 5.069900252723176237e+00
-1.013734356393196556e+01 -1.017410628389673377e+01 -1.014885673088465623e+01 -9.771171845576377635e+00 -9.197765283526539548e+00 -8.210957246121060038e+00 -6.453912925034385850e+00 -4.673820973166488812e+00 -3.991034140105989891e+00 -1.938907391791077739e+00 -4.414625348956067730e-01 1.635205182265266455e+00 1.590783425922766892e+00 2.140759450434148281e+00 4.731028585954213384e+00 4.731028585954213384e+00 4.731028585954213384e+00 4.731028585954213384e+00
-1.051093707353995121e+01 -1.018411035639485007e+01 -1.003084430692401696e+01 -9.672586347669533069e+00 -9.178219400960980323e+00 -8.184866459822211837e+00 -5.349741090382674535e+00 -4.881525918379560736e+00 -3.627528846939027662e+00 -1.507299653637269143e+00 2.143296641524475854e-01 1.864732485001974638e+00 1.706419300533158268e+00 3.013746889676719221e+00 4.390118520317951578e+00 4.390118520317951578e+00 4.390118520317951578e+00 4.390118520317951578e+00
-1.039333208163395561e+01 -1.021161999665626574e+01 -1.005256567533507095e+01 -9.586370150296588122e+00 -9.073837526981019863e+00 -7.851133292894612481e+00 -4.334925947965663440e+00 -4.447468573311690321e+00 -3.293623182349348255e+00 -9.014783314849016405e-01 9.836677980325929660e-01 2.005161059805200097e+00 1.898583690173055949e+00 4.256164946645478508e+00 5.770605238090489308e+00 5.770605238090489308e+00 5.770605238090489308e+00 5.770605238090489308e+00
-1.046875693283435105e+01 -9.953735833441974989e+00 -9.623468677364819257e+00 -9.531792381641686518e+00 -8.579035993172574592e+00 -6.860621022532765956e+00 -3.717418134432177279e+00 -4.647225124637468952e+00 -2.346504622284793840e+00 -3.562667814669944755e-01 1.877698538663637340e+00 2.604927233694266153e+00 3.185277944474475653e+00 4.750543563864223273e+00 5.570152398099844859e+00 5.570152398099844859e+00 5.570152398099844859e+00 5.570152398099844859e+00
-1.041456773459704443e+01 -1.016259120651346493e+01 -9.281993914960672498e+00 -8.425242493340242333e+00 -7.608482755145056231e+00 -5.565975649426249561e+00 -2.734927246825685110e+00 -3.992122212985856677e+00 -1.040816742554055541e+00 7.531241403429492776e-01 2.700951721719762499e+00 3.344066687157433826e+00 4.897322364179118814e+00 4.938551844354759801e+00 5.610265311395437493e+00 5.610265311395437493e+00 5.610265311395437493e+00 5.610265311395437493e+00
-1.026863824511899459e+01 -9.663088580903371749e+00 -8.956226205268954743e+00 -8.459782903736607906e+00 -6.810373567703193132e+00 -4.433776533941677478e+00 -3.526334239764942868e+00 -2.835656629841703857e+00 -1.689702633086412886e-01 1.953790358388241666e+00 2.784534979805651123e+00 4.492702799910447631e+00 3.102690282126848498e+00 2.195790107988150552e+00 5.694350157183691863e+00 5.694350157183691863e+00 5.694350157183691863e+00 5.694350157183691863e+00
-9.900859341350823684e+00 -9.141309274443409905e+00 -8.604565193698485714e+00 -7.733081293532556799e+00 -6.095442361535209130e+00 -3.469433434095764657e+00 -4.107068559455449019e+00 -2.417193188933919767e+00 9.568305050675074419e-02 3.072722340740027036e+00 4.271554333095040512e+00 3.682882243287592505e+00 1.960382185484169204e+00 2.530042839371839936e+00 5.711819822939344427e+00 5.711819822939344427e+00 5.711819822939344427e+00 5.711819822939344427e+00
-9.492318255818904760e+00 -8.817407473216327674e+00 -7.906794926238225329e+00 -6.888124132294437096e+00 -4.968281604512502447e+00 -2.366256495267929250e+00 -3.869469482576240349e+00 -8.499805910458017033e-01 1.493958536090771894e+00 3.918084246870175313e+00 4.450644444320168702e+00 2.005712536679157942e+00 1.804039541267537405e+00 2.372070249202633985e+00 5.452219795604140273e+00 5.452219795604140273e+00 5.452219795604140273e+00 5.452219795604140273e+00
-9.840336357315013771e+00 -8.195089429840541229e+00 -7.306796997805705018e+00 -5.818740027623623412e+00 -3.847808423852452364e+00 -2.209092700521895214e+00 -2.942375852858408081e+00 4.082973210386883212e-01 3.197218281441050802e+00 4.838931582450851643e+00 3.202230758094777752e+00 -1.957460567380486349e+00 3.222590342942485697e-01 2.463684297990561323e+00 5.608955895669231140e+00 5.608955895669231140e+00 5.608955895669231140e+00 5.608955895669231140e+00
-9.750380784741127016e+00 -7.802200575281500683e+00 -6.455235194563327283e+00 -4.847857990696747166e+00 -2.895462716734441333e+00 -2.189968068754135633e+00 -2.622970716070632591e+00 4.087059899130962570e-01 3.270147000161172990e+00 5.284167610145999561e+00 4.228162156871282384e+00 -1.131152875074201702e+00 9.981184187883695991e-01 2.407212235723263927e+00 5.541039300169867232e+00 5.541039300169867232e+00 5.541039300169867232e+00 5.541039300169867232e+00
-9.068332357038116243e+00 -7.350092242531069076e+00 -5.779526495687064447e+00 -4.089194631101984001e+00 -3.039430240062774402e+00 -2.319520323468592604e+00 -2.056490364931141901e+00 1.980785692448746804e+00 3.870872011860053696e+00 5.911774347248163863e+00 5.768794755539160768e+00 1.899218944691388966e+00 6.897150008598358362e-01 2.658212268334129380e+00 5.518824845480688523e+00 5.518824845480688523e+00 5.518824845480688523e+00 5.518824845480688523e+00
-8.906132743420965170e+00 -6.920337743695236021e+00 -5.184950105488817407e+00 -3.665282793636857939e+00 -3.637911231728557127e+00 -2.766035024655797869e+00 -1.239745123289090145e+00 2.829261688929399554e+00 4.083694437502231267e+00 4.914381296104519237e+00 4.558256427946416167e+00 4.526896505020328476e+00 3.394025810761765793e+00 3.313915685818429324e+00 5.590827354571746177e+00 5.590827354571746177e+00 5.590827354571746177e+00 5.590827354571746177e+00
-8.302493422359960462e+00 -6.701600818007101168e+00 -4.996440534936278155e+00 -3.057121517606681493e+00 -2.824839355560640808e+00 -3.165423504212120154e+00 -5.140475720396371628e-02 3.834077795180465209e+00 3.865627571205691559e+00 3.191918860949794823e+00 3.167838831278331657e+00 3.133277383137819783e+00 3.813521175596273238e+00 5.082347576848556869e+00 5.513262152264323035e+00 5.513262152264323035e+00 5.513262152264323035e+00 5.513262152264323035e+00
-7.842400989899062758e+00 -6.648534615312795992e+00 -4.710111145011571132e+00 -3.010104446507662068e+00 -1.549999329250769220e+00 -2.104578720779632039e+00 4.795337376810612784e-01 3.674918773651282056e+00 3.607518885454198632e+00 1.803734452593331650e+00 1.617132024707907956e+00 1.679521939096483063e+00 2.757502345532111931e+00 4.258548527221598157e+00 5.381924403713478355e+00 5.381924403713478355e+00 5.381924403713478355e+00 5.381924403713478355e+00
-7.841912219560395414e+00 -6.524725604524386213e+00 -4.850035694322557767e+00 -2.999568667867790417e+00 -1.507522887487758423e+00 -1.144955903561101218e+00 2.136023528183695230e+00 3.895152467708963062e+00 3.003570579758034320e+00 1.598695798231124066e+00 1.257420607411261271e+00 1.232769284873875604e+00 1.949618368634544741e+00 3.593319882617143968e+00 5.348344606398819145e+00 5.348344606398819145e+00 5.348344606398819145e+00 5.348344606398819145e+00
-8.105715051061647358e+00 -6.396905907455229467e+00 -4.769541991450639173e+00 -3.073034148204973004e+00 -1.513766812276629459e+00 -5.341501012021014905e-01 3.034006670769311853e+00 3.918276597134303874e+00 2.867935629201323611e+00 1.534968089725194718e+00 9.851614278784088796e-01 7.205646722227670997e-01 1.293928608030032512e+00 3.195451059979869335e+00 5.510834466003273313e+00 5.510834466003273313e+00 5.510834466003273313e+00 5.510834466003273313e+00
-8.185440725883243118e+00 -7.035751391787998799e+00 -4.890115463253866146e+00 -2.966029707291821360e+00 -1.582931406032849875e+00 -1.126046394294786923e+00 2.044961685240400673e+00 3.916503500751272959e+00 2.634711395576915471e+00 1.364121478374321628e+00 -6.635461639774291598e-01 -1.504207843621027774e+00 1.141217272435973484e+00 3.027216012679303514e+00 5.474452807050226966e+00 5.474452807050226966e+00 5.474452807050226966e+00 5.474452807050226966e+00
-8.229343031972113920e+00 -7.107994090018997291e+00 -5.321016163435913882e+00 -3.160404106090401122e+00 -2.399750491151208642e+00 -1.384213069706821786e+00 6.821116638663483611e-01 3.769304946659170596e+00 2.255564885255913588e+00 1.215501626938128243e+00 -2.326440046400242156e+00 -1.454072766471566025e+00 1.141178119157381987e+00 3.390633351997668132e+00 5.468322461285887393e+00 5.468322461285887393e+00 5.468322461285887393e+00 5.468322461285887393e+00
-8.166796234380919728e+00 -7.401022131637275514e+00 -5.663837987700709675e+00 -3.877463382275119663e+00 -1.969976365309601407e+00 -1.490359064920959931e+00 -2.879709436319324301e-01 3.406628483244326766e+00 2.080098378204686238e+00 1.035327715881295241e+00 -2.473120718638486260e+00 -1.239587696395761718e+00 1.153191413000043575e+00 3.713409408011398405e+00 5.305418395907699036e+00 5.305418395907699036e+00 5.305418395907699036e+00 5.305418395907699036e+00
-8.189694079862604781e+00 -7.288835524026673340e+00 -6.012998175196504036e+00 -4.583850513403545435e+00 -3.009512007995350125e+00 -1.560876364348361411e+00 -1.373269539242160997e+00 5.219828678464543126e-01 2.340694450381236358e+00 -3.199594847735677483e+00 -2.359776991588246720e+00 -2.198459028200668297e-01 1.427723801116315805e+00 3.699257076014421664e+00 5.227902610669216799e+00 5.227902610669216799e+00 5.227902610669216799e+00 5.227902610669216799e+00
-8.334906848375178257e+00 -7.672549044642117622e+00 -6.393735697719623801e+00 -5.183581965556252058e+00 -3.885262451569466258e+00 -2.126472896486795605e+00 -1.969019715179708419e+00 -6.549387032760876082e-01 2.239359156636350878e+00 -2.796213503364712860e+00 1.597555531387508942e-01 9.989662074231697719e-01 1.821019463371123193e+00 4.311700688669455772e+00 5.637852322401293748e+00 5.637852322401293748e+00 5.637852322401293748e+00 5.637852322401293748e+00
-8.745824738915715102e+00 -7.869947230364599200e+00 -6.859307013441481082e+00 -5.822777035467048279e+00 -4.713003062109940799e+00 -3.326636148520737635e+00 -1.731301664245310956e+00 -2.196034741336367002e+00 7.921324896676781302e-01 1.355330177496316679e+00 2.030864208292865181e-01 8.840667980718858177e-01 2.115296760498565742e+00 4.850932298616585925e+00 5.480629631836686499e+00 5.480629631836686499e+00 5.480629631836686499e+00 5.480629631836686499e+00
-9.130796792788718363e+00 -8.205605624981117785e+00 -7.330130608893112409e+00 -6.349943539568880801e+00 -5.467980729082993818e+00 -4.334550389492823896e+00 -2.277572853415756882e+00 -3.431929786338741017e+00 -5.649287041952506527e-01 1.675759275206019527e+00 1.095493919684924045e+00 4.174782652513485681e-01 1.637559686135252157e+00 5.109721913440894880e+00 5.418181133731701848e+00 5.418181133731701848e+00 5.418181133731701848e+00 5.418181133731701848e+00
-9.414581912423775734e+00 -8.515449188269743175e+00 -7.832501621063761021e+00 -7.167839670956967169e+00 -6.363016551418103184e+00 -5.278727667952475500e+00 -2.817644509878979520e+00 -2.656506024013717049e+00 -2.195801792325109414e+00 1.258247842898231994e+00 1.286741340549803825e+00 9.788909823201978888e-01 1.039226440339716007e+00 4.063904529931510190e+00 5.300065923698762838e+00 5.300065923698762838e+00 5.300065923698762838e+00 5.300065923698762838e+00
-9.794786817507063148e+00 -8.942266809770448077e+00 -8.404759805512263426e+00 -7.908876522023309263e+00 -7.298059962026262504e+00 -6.358108591480856830e+00 -3.953849334214649236e+00 -2.757830741968447352e+00 -2.280869036941611583e+00 4.377730666567794526e-01 1.403685729604973176e+00 1.118332102047990606e+00 2.756146794357830498e-01 3.891081672496128352e+00 5.105860747114632225e+00 5.105860747114632225e+00 5.105860747114632225e+00 5.105860747114632225e+00
-1.024542561169357668e+01 -9.707844695492394038e+00 -9.176028493973781508e+00 -8.647575563477499117e+00 -8.047901564635829175e+00 -7.045620991907975750e+00 -4.873476850852668463e+00 -2.932576179047523102e+00 -3.343990662071996578e+00 1.113836635396541763e-01 1.402777859858337139e+00 1.203459181824283686e+00 6.275609944255553518e-01 4.679513869631914069e+00 5.689279316933670394e+00 5.689279316933670394e+00 5.689279316933670394e+00 5.689279316933670394e+00
-1.038879760336578073e+01 -9.961172901038203520e+00 -9.446078628941876332e+00 -9.057134764070678301e+00 -8.394388103390790334e+00 -7.418607340197438837e+00 -5.980204760333159619e+00 -3.242206070581031163e+00 -3.288326561919108215e+00 -1.596405011320204181e+00 1.110410869974880255e+00 1.263739289853533787e+00 9.199603463156942329e-01 3.059687002349556817e+00 5.532056626369065810e+00 5.532056626369065810e+00 5.532056626369065810e+00 5.532056626369065810e+00
-1.046584268459402800e+01 -1.009294571827894949e+01 -9.688828707544297814e+00 -9.235534359060300957e+00 -8.654034123808491685e+00 -7.745487216603810232e+00 -6.430265549658422231e+00 -3.545047414017809206e+00 -2.895068555416676848e+00 -2.739290763345883839e+00 8.762434741772531233e-01 1.283806034494457293e+00 9.663724282664927223e-01 1.899771844839180490e+00 5.450424797670097909e+00 5.450424797670097909e+00 5.450424797670097909e+00 5.450424797670097909e+00
-1.045538821359598813e+01 -1.012201400589981937e+01 -9.758545095271262682e+00 -9.342991050367373873e+00 -8.774406922334801351e+00 -7.956083278416576476e+00 -6.822684993966994682e+00 -4.763125469979859972e+00 -2.248030811996799549e+00 -3.776794720230159719e+00 3.029327492008009326e-01 1.249302902082443101e+00 1.013772313187327523e+00 2.267568679625555195e+00 5.368792968971139778e+00 5.368792968971139778e+00 5.368792968971139778e+00 5.368792968971139778e+00
-1.045192734878297003e+01 -1.015238620592644025e+01 -9.863275938295657852e+00 -9.419634571670760792e+00 -8.894468065618388763e+00 -8.161059989961820804e+00 -7.085466990202220927e+00 -5.293280634412354857e+00 -2.746315866885777002e+00 -4.061343581475878928e+00 2.272043327191488604e-01 1.185301574532114266e+00 9.392197228074798954e-01 2.678418345556104807e+00 4.983818883560181767e+00 4.983818883560181767e+00 4.983818883560181767e+00 4.983818883560181767e+00
-1.052445721584724048e+01 -1.014864630846099658e+01 -9.843522342202929210e+00 -9.473065599744685983e+00 -8.988497829936507699e+00 -8.292440795367772566e+00 -7.193165977233679342e+00 -5.794722360139361150e+00 -3.289603484038438275e+00 -4.198532141010232088e+00 -1.146708403212388649e+00 9.523864829221037054e-01 9.558712099302806298e-01 2.188311431795010975e+00 5.740706311466042600e+00 5.740706311466042600e+00 5.740706311466042600e+00 5.740706311466042600e+00
-1.052348671507989941e+01 -1.016074989388219585e+01 -9.890128166744045046e+00 -9.526545845692746539e+00 -9.056389563511960006e+00 -8.429517425818088938e+00 -7.341883096024121258e+00 -5.947012376699620795e+00 -3.272760148005346537e+00 -3.172935480153114440e+00 -2.856921577225640441e+00 4.945073819799566950e-01 9.960416057030936354e-01 2.360994575792034311e+00 5.659074482767078251e+00 5.659074482767078251e+00 5.659074482767078251e+00 5.659074482767078251e+00
-1.049601052703743953e+01 -1.022476783483133467e+01 -9.890734953615222480e+00 -9.553605106085193199e+00 -9.139118163619233570e+00 -8.464403366638196147e+00 -7.459771075738556689e+00 -6.081976210778128333e+00 -3.801977559072643675e+00 -3.679014752353242823e+00 -3.169798250659876082e+00 9.808372421835054311e-02 1.047483520330833029e+00 2.315784796252892797e+00 5.501851792202481661e+00 5.501851792202481661e+00 5.501851792202481661e+00 5.501851792202481661e+00
-1.058337219165314913e+01 -1.025371892936581730e+01 -9.957110389020538577e+00 -9.606416829338675356e+00 -9.218734734761309113e+00 -8.523444278649071393e+00 -7.555970900150319025e+00 -6.027701658372174975e+00 -3.922190835703403877e+00 -3.970942735965941051e+00 -3.313014440120119364e+00 -2.177928818127422839e-01 8.760851509068702248e-01 2.412952319112099620e+00 5.420219963503500438e+00 5.420219963503500438e+00 5.420219963503500438e+00 5.420219963503500438e+00
-1.062946840205729160e+01 -1.030312626323447489e+01 -9.963752712426353852e+00 -9.642589244384504710e+00 -9.291237666903786163e+00 -8.694792935683899771e+00 -7.629735858227733480e+00 -6.069328574307403024e+00 -4.632366559684863994e+00 -3.900574595584430426e+00 -3.094333517664511035e+00 -5.319895195026079771e-01 9.225083523070811697e-01 2.524679414337949623e+00 4.876321793547074179e+00 4.876321793547074179e+00 4.876321793547074179e+00 4.876321793547074179e+00
