-1.025373909554365781e+01 -1.038018962706725290e+01 -1.000587898444983637e+01 -9.661642428450319287e+00 -9.339421581619699708e+00 -8.997805889414465241e+00 -8.304629526671888584e+00 -7.326367826134202232e+00 -4.697421666342615154e+00 -3.472136424440599889e+00 -2.593081343518522708e+00 -2.610555565422238988e+00 -5.383182683831060356e-01 1.854574340741039107e+00 5.127135060156465585e+00 5.127135060156465585e+00 5.127135060156465585e+00 5.127135060156465585e+00
-1.023822345654455823e+01 -1.030426999596809878e+01 -1.017841551855714854e+01 -1.001230960152076044e+01 -9.564631576876323038e+00 -8.954905870867033713e+00 -8.273610722881658219e+00 -7.059628433794451929e+00 -4.741810670339843270e+00 -2.195560483656497031e+00 -2.065035080050604321e+00 -8.822788481989828346e-01 -5.344745791390400624e-01 2.123367295332320825e+00 5.379714180452886296e+00 5.379714180452886296e+00 5.379714180452886296e+00 5.379714180452886296e+00
-1.022457191051159597e+01 -1.012990840663548653e+01 -9.708227691790209946e+00 -9.701871257898707412e+00 -9.758384554420251433e+00 -9.217394001542563942e+00 -8.177291008564711916e+00 -6.971419535225484410e+00 -4.445921143453011481e+00 -2.255979594714766279e+00 -3.045373014233115683e+00 -3.829135176419502518e-01 -1.880582270019205970e-01 2.157457689454643557e+00 5.464376621761587671e+00 5.464376621761587671e+00 5.464376621761587671e+00 5.464376621761587671e+00
-1.028113071999623784e+01 -1.018431803272849123e+01 -9.966469190788533439e+00 -9.295442248919576045e+00 -9.222968977142571134e+00 -9.251023331830772634e+00 -8.317133474319735598e+00 -6.781542323554540452e+00 -3.325668735978283941e+00 -2.211149069305130777e+00 -1.922166740310624400e+00 -1.532069546688960213e-02 4.802055796343762117e-01 2.310426961525878564e+00 5.219424936177878394e+00 5.219424936177878394e+00 5.219424936177878394e+00 5.219424936177878394e+00
-1.051454290519945545e+01 -1.032610544752227355e+01 -9.998025362594029630e+00 -9.641396583499266981e+00 -9.104824142873539472e+00 -8.708338527392729844e+00 -8.195369445975297040e+00 -6.401207327052354401e+00 -2.511732920535622249e+00 -2.684173455464875513e+00 -5.184257202057983571e-01 3.187141343776789260e-01 1.319280451570153723e+00 2.412285864427778037e+00 5.102317118176557642e+00 5.102317118176557642e+00 5.102317118176557642e+00 5.102317118176557642e+00
-1.050174117810600016e+01 -1.001041929346708592e+01 -1.026502016051069077e+01 -1.002495745318231712e+01 -9.418862343987285612e+00 -8.710152889757210914e+00 -7.851327529023114593e+00 -5.303932068829693591e+00 -2.847342257414895883e+00 -2.733217803237045107e+00 -3.187443165055328098e-01 1.154868663033884690e+00 1.135288409265017284e+00 2.169342576119527521e+00 5.148061320370472593e+00 5.148061320370472593e+00 5.148061320370472593e+00 5.148061320370472593e+00
-1.037770705823210626e+01 -1.046373884887963612e+01 -9.988627382051191717e+00 -9.696504644428147301e+00 -9.425514809977263653e+00 -8.696956783388086976e+00 -7.686160493019923656e+00 -3.538620422064131965e+00 -2.943566001477603500e+00 -1.240874543462427759e+00 -3.822416262592107095e-01 1.383684795848998839e+00 1.553017787610112777e+00 3.345242755637205079e+00 5.096324811842388058e+00 5.096324811842388058e+00 5.096324811842388058e+00 5.096324811842388058e+00
-1.065154157081765618e+01 -1.016353339375012510e+01 -9.992561166149007690e+00 -9.988910035004757049e+00 -9.322724457973004419e+00 -8.299966942236743250e+00 -6.063981860099798560e+00 -2.702029158057690506e+00 -2.687912512725611158e+00 -1.515624610716359566e-01 1.208667707763627419e+00 2.117035394677215798e+00 1.811036189335097024e+00 4.327119742062755847e+00 5.535883216889867064e+00 5.535883216889867064e+00 5.535883216889867064e+00 5.535883216889867064e+00
-1.057553347960420709e+01 -1.028217461972983671e+01 -9.665334394237905968e+00 -9.083257332101986492e+00 -8.181965916983351406e+00 -7.057718432133725628e+00 -3.459279738333667531e+00 -3.197772920303349586e+00 -6.796506664669407227e-01 5.978057625410755360e-01 2.178621436046119797e+00 2.769898058503051708e+00 3.415640867007633474e+00 4.763220978496254254e+00 5.618549914089497221e+00 5.618549914089497221e+00 5.618549914089497221e+00 5.618549914089497221e+00
-1.016807583615362987e+01 -9.934310104862706936e+00 -9.542868967630825594e+00 -8.488905132439803936e+00 -7.393966795654424828e+00 -4.986707115443162586e+00 -2.968933539819931244e+00 -2.287365867936829389e+00 1.290944664691251464e-01 2.120539997077074190e+00 3.045864952770307887e+00 3.451983412239744808e+00 4.926775522422344622e+00 4.945130647929950385e+00 5.979597872805596737e+00 5.979597872805596737e+00 5.979597872805596737e+00 5.979597872805596737e+00
-1.020415217355846593e+01 -9.510769936525914403e+00 -8.741278127449190194e+00 -8.495620498898148298e+00 -6.815637789935760082e+00 -2.847512785864846130e+00 -3.150204153603402446e+00 -2.140995905573855884e-02 2.054012619702988207e+00 3.070278628570866530e+00 3.081085569879876473e+00 4.603450648906880716e+00 2.795230981157990957e+00 2.354385721060506587e+00 6.123124232720645210e+00 6.123124232720645210e+00 6.123124232720645210e+00 6.123124232720645210e+00
-9.831153702287730667e+00 -9.024783577587433214e+00 -8.093577852256700567e+00 -7.460267677520626250e+00 -4.510962532841888084e+00 -2.854832638628815644e+00 -1.706430193927606975e+00 8.914274769375221119e-01 2.966769169255841554e+00 3.185862630964932496e+00 4.481810787265192886e+00 3.724057591519247090e+00 8.006746293978638240e-01 2.517139885973304292e+00 5.709614731006254829e+00 5.709614731006254829e+00 5.709614731006254829e+00 5.709614731006254829e+00
-9.597805106275002274e+00 -8.525183301793559210e+00 -7.480221615793889001e+00 -5.859008430066639406e+00 -2.558399878528465177e+00 -3.381635969549708243e+00 6.978594490065605227e-02 3.075900141711880309e+00 3.278933030101425672e+00 4.095312474609568376e+00 4.744257012225855163e+00 -1.334452316528125793e-01 5.454718054626603863e-01 2.455458223625289094e+00 5.806257087533833072e+00 5.806257087533833072e+00 5.806257087533833072e+00 5.806257087533833072e+00
-1.010754179353435767e+01 -7.965684779979458341e+00 -6.372350520233466042e+00 -3.701674815187756096e+00 -2.909926157780523770e+00 -1.206157286221910763e+00 1.424671741057479846e+00 3.142520868531525124e+00 3.310163353271670772e+00 5.022015555446672330e+00 3.315569116297990782e+00 -1.850046591618907055e+00 4.052109438118401963e-01 2.625054469220400311e+00 5.826620822559121393e+00 5.826620822559121393e+00 5.826620822559121393e+00 5.826620822559121393e+00
-9.428312393032596717e+00 -7.425929773805641787e+00 -4.963730992794685548e+00 -2.393519017149044359e+00 -2.197254426055002430e+00 1.518873843219060160e-01 3.129147086621644647e+00 3.238724883607789540e+00 3.595104498761757306e+00 5.657390183876954026e+00 4.528625398689873016e+00 -8.576816286838655490e-01 9.734710673191798724e-01 2.728963504838749721e+00 5.785100702324737831e+00 5.785100702324737831e+00 5.785100702324737831e+00 5.785100702324737831e+00
-9.194553492162574670e+00 -6.894887002771739049e+00 -3.866622458430649001e+00 -2.524296298168824837e+00 -7.901746533895497304e-01 2.047536905042694144e+00 3.059151523768618652e+00 3.091256170270566095e+00 4.209918552835915762e+00 6.329904690188282501e+00 6.022168107660939462e+00 1.958432193787009723e+00 7.884437002251262205e-01 2.778847688262474414e+00 6.048279303779198202e+00 6.048279303779198202e+00 6.048279303779198202e+00 6.048279303779198202e+00
-8.682257084304191963e+00 -5.937432445807843351e+00 -2.812193368224493284e+00 -2.100726966247835836e+00 -1.690675420795882955e-01 3.030968582350339613e+00 3.264609067655934282e+00 3.344490608962627398e+00 4.221464675371858100e+00 5.017932003567715071e+00 4.574494215425862542e+00 4.775883506799597278e+00 3.965194520043095139e+00 3.314331578595745675e+00 5.970556333548957539e+00 5.970556333548957539e+00 5.970556333548957539e+00 5.970556333548957539e+00
-7.780852163102411012e+00 -5.600134047048857866e+00 -2.622595576670255557e+00 -1.898268785697712957e+00 2.589970274691291152e-01 2.687938346931847633e+00 3.539443560698316560e+00 3.868798318248025669e+00 4.095786274035223329e+00 3.225410527333626209e+00 3.223963212694542335e+00 3.147407241162593294e+00 4.015750287229681526e+00 5.163040795667599880e+00 5.880852420357093990e+00 5.880852420357093990e+00 5.880852420357093990e+00 5.880852420357093990e+00
-7.547441311177699674e+00 -5.744342598243989961e+00 -2.388639722360625939e+00 -1.383247162905366423e+00 8.876269581145650456e-01 3.139520324581081212e+00 3.178844167667874476e+00 3.921129191592013008e+00 3.843816419306374854e+00 1.775266815696017630e+00 1.301476466791898989e+00 1.422966809622725926e+00 2.750812780672647229e+00 4.361051870991714097e+00 5.769184267165730517e+00 5.769184267165730517e+00 5.769184267165730517e+00 5.769184267165730517e+00
-8.226814241545232775e+00 -5.745295359711636962e+00 -2.313721823435016312e+00 -1.023020940102992604e+00 1.552687206438043033e+00 3.112348678644795363e+00 3.164611094970323002e+00 4.062751125534718177e+00 3.145956689850946120e+00 1.537804913222906578e+00 -8.492894442418241763e-01 8.018154196117783794e-01 1.939503981298961399e+00 3.632330127428191169e+00 5.665352603954383781e+00 5.665352603954383781e+00 5.665352603954383781e+00 5.665352603954383781e+00
-8.136619329657403199e+00 -6.283687400393077382e+00 -3.186610135124391618e+00 -1.807050171566509267e+00 1.152290983168449134e+00 3.141193943259944721e+00 3.205284016902457900e+00 4.091054404225162422e+00 3.068936283503085338e+00 1.446049794007021827e+00 -9.659021399476686032e-01 3.141595230789512999e-02 1.256533289575232137e+00 3.336749796516889077e+00 5.940331210205785695e+00 5.940331210205785695e+00 5.940331210205785695e+00 5.940331210205785695e+00
-8.145373425427354874e+00 -6.610164192874712796e+00 -3.504251717456567938e+00 -1.845552210952444705e+00 5.014746369920676239e-01 3.237297135317422025e+00 3.240264264096426317e+00 4.165969933579791729e+00 2.737216343681858177e+00 1.143667516068105350e+00 -2.758569218747038310e+00 -1.757162469855473752e+00 1.218508327639042044e+00 3.181009811250430808e+00 5.876432462304567395e+00 5.876432462304567395e+00 5.876432462304567395e+00 5.876432462304567395e+00
-8.086694741329509384e+00 -6.731124796020964141e+00 -3.595647440554798457e+00 -2.278465738199132673e+00 3.076861202097296299e-01 3.206770307846927182e+00 3.271057594245499800e+00 4.054788732528909811e+00 2.383735919865251240e+00 -8.950289569341767226e-01 -2.743902263742492131e+00 -1.663955541885146383e+00 1.214607024120709200e+00 3.481766994656603664e+00 5.897118621399863869e+00 5.897118621399863869e+00 5.897118621399863869e+00 5.897118621399863869e+00
-8.141816163350613422e+00 -7.162468125467579050e+00 -4.412544947340750312e+00 -1.539433685617088710e+00 -2.147109268860595277e-01 2.425888320070917370e+00 3.191966774610170532e+00 3.781818637700677499e+00 2.111686804982003451e+00 -4.002333497830480979e+00 -2.875716203349287348e+00 -1.276273246586991261e+00 1.270517853035998845e+00 3.686768573570629037e+00 5.858998333354058730e+00 5.858998333354058730e+00 5.858998333354058730e+00 5.858998333354058730e+00
-7.954886996620243345e+00 -7.239809077920106972e+00 -5.091859620306731671e+00 -2.388425138023266836e+00 -1.121636035532460829e+00 7.091033609728198961e-01 3.228957749176379899e+00 3.077185294370072377e+00 2.039979590077335203e+00 -4.405708575329068566e+00 -2.819053650591660798e+00 -6.480060433185064195e-01 1.550592273186051084e+00 3.700231753765496734e+00 5.926388406412414156e+00 5.926388406412414156e+00 5.926388406412414156e+00 5.926388406412414156e+00
-8.405922086749313848e+00 -7.624323338296287389e+00 -6.270102518401666991e+00 -3.468800607857355889e+00 -1.332318232037249750e+00 -1.482399034961229489e+00 1.442400013756313992e+00 2.788327234147248035e+00 1.332578477912374382e+00 -4.053968403553624533e+00 -2.269954788966085601e+00 1.131922839944317527e+00 1.871473772943151204e+00 4.077849739043118760e+00 6.066879916989432076e+00 6.066879916989432076e+00 6.066879916989432076e+00 6.066879916989432076e+00
-8.937407563546893030e+00 -7.885602654271940182e+00 -6.853318615294198501e+00 -5.058701613454387847e+00 -2.357770879465879155e+00 -1.802949301979764218e+00 -1.056944533274206455e+00 1.478063235828446675e+00 2.013847504078652761e+00 -1.650487557881633371e+00 -1.267124794121574638e+00 5.219628899385337917e-01 2.120453816987991402e+00 4.297030097001807825e+00 5.870371747963464060e+00 5.870371747963464060e+00 5.870371747963464060e+00 5.870371747963464060e+00
-9.179095245298007910e+00 -8.459666459019146600e+00 -7.583061382128436279e+00 -6.005842221566230599e+00 -4.021324255254484115e+00 -2.426150142994927705e+00 -2.698672033934947478e+00 -5.174896650374829488e-01 1.228822410759527806e+00 1.497574474458535310e+00 -1.091649413403201097e+00 -3.934025937557171781e-01 1.780134027297792798e+00 4.420177303897766308e+00 6.206435613355230529e+00 6.206435613355230529e+00 6.206435613355230529e+00 6.206435613355230529e+00
-9.418447423531317142e+00 -8.573761340107074247e+00 -8.103384340580168654e+00 -7.390207629163963787e+00 -6.052140244688784421e+00 -4.013638646217760453e+00 -2.710543209385676722e+00 -2.432571194727505492e+00 1.836033936206062644e-01 9.477984467992811579e-01 -1.265448258785699664e+00 1.022437152869069832e-01 1.568491001483342639e+00 4.065419068939807978e+00 6.013829004092090535e+00 6.013829004092090535e+00 6.013829004092090535e+00 6.013829004092090535e+00
-1.025533767525914897e+01 -9.050802391842609040e+00 -8.746983788364310897e+00 -8.315361607119987397e+00 -7.422706221054196973e+00 -6.705846533886010263e+00 -3.877824046440288441e+00 -2.810891951480787299e+00 -2.434179992126188186e+00 -2.935147743022545885e-01 3.278590967845734228e-01 1.850435346137871070e-02 7.769690749402452523e-01 4.012669891162123470e+00 5.930204889113527500e+00 5.930204889113527500e+00 5.930204889113527500e+00 5.930204889113527500e+00
-1.044782317973259467e+01 -1.002058405015590559e+01 -9.548723933314620993e+00 -9.162227457596411995e+00 -8.780657840493955035e+00 -7.502963330026890532e+00 -5.804372793194938041e+00 -3.180786325256732550e+00 -2.834053151402980308e+00 -3.105149103375392183e+00 -1.306427509526584263e-01 1.555180706153487247e-01 -3.075064862112432684e-01 4.283769440636613801e+00 6.019443476673252746e+00 6.019443476673252746e+00 6.019443476673252746e+00 6.019443476673252746e+00
-1.054626800119312158e+01 -1.017799394802751323e+01 -9.761743041846489888e+00 -9.457983118289499558e+00 -9.073366011754437466e+00 -7.954950420213007689e+00 -6.286744906599821547e+00 -5.478938957209459559e+00 -3.114365469654557295e+00 -3.329137825973673692e+00 -2.514835861936230543e+00 -2.104580396673630394e-02 -8.053682563550230711e-01 4.015792985762056233e+00 6.113143836831147482e+00 6.113143836831147482e+00 6.113143836831147482e+00 6.113143836831147482e+00
-1.053122724850089398e+01 -1.032509416103693312e+01 -9.965972284824360372e+00 -9.602615470413514487e+00 -9.250667262163364768e+00 -8.283525942644375917e+00 -6.649162723625182458e+00 -5.690214044636854318e+00 -4.108203398312565646e+00 -3.021288460568944512e+00 -2.736511598617443752e+00 -2.523788943126554773e-01 -3.898350998771700215e-01 3.059957290281086983e+00 5.944030992459079066e+00 5.944030992459079066e+00 5.944030992459079066e+00 5.944030992459079066e+00
-1.050913831948078325e+01 -1.026320265603611936e+01 -9.998678991112100789e+00 -9.696668688629621613e+00 -9.261709667008041436e+00 -8.445840716279750637e+00 -6.909641300843702538e+00 -5.766457480185036566e+00 -5.046762300797289491e+00 -2.360799108333676788e+00 -2.525472266241775898e+00 -6.115231033792707382e-01 -4.857986703107991522e-01 2.705174313993628843e+00 6.090008171151133354e+00 6.090008171151133354e+00 6.090008171151133354e+00 6.090008171151133354e+00
-1.055723008832244858e+01 -1.032145440348245913e+01 -1.003116108178235066e+01 -9.749424903083070859e+00 -9.344123702192579373e+00 -8.637845048932678793e+00 -7.185964647587260501e+00 -5.831947257328760514e+00 -5.583916637386181492e+00 -2.837336124993399711e+00 -1.771758442564051572e+00 -2.357649226926200381e+00 -3.047726168589830475e-01 2.457689807983061581e+00 6.282347195616497793e+00 6.282347195616497793e+00 6.282347195616497793e+00 6.282347195616497793e+00
-1.060509483523350482e+01 -1.028836139947510908e+01 -9.985142143722711694e+00 -9.668916339967459805e+00 -9.355666490121265610e+00 -8.708378790081740206e+00 -7.356108462784991531e+00 -5.903480430404814072e+00 -5.802236340023222638e+00 -3.859085764225723914e+00 -1.967333953243469491e+00 -3.165758253383520238e+00 -8.186015200824112714e-01 2.105244145291982338e+00 5.957906674864922536e+00 5.957906674864922536e+00 5.957906674864922536e+00 5.957906674864922536e+00
-1.062274959655922046e+01 -1.030335097138839373e+01 -1.007743341658588676e+01 -9.749430751234511305e+00 -9.351430014675088387e+00 -8.849284682973628691e+00 -7.549571675512729563e+00 -5.734429932802706631e+00 -5.468842548890867405e+00 -3.860764771762893233e+00 -2.800320036904371701e+00 -2.133399469980173713e+00 -5.938062152435291674e-01 2.336052812551471014e+00 6.180208479897704166e+00 6.180208479897704166e+00 6.180208479897704166e+00 6.180208479897704166e+00
-1.072027804708237042e+01 -1.039703580118021264e+01 -1.003603249799383867e+01 -9.748453445587676569e+00 -9.416637958169157940e+00 -8.822669732606518878e+00 -7.539071435740095417e+00 -5.917685725381927497e+00 -5.363971497239523600e+00 -3.444042255510189499e+00 -4.836978781533374239e+00 -2.379649544174938125e+00 -3.326543782672757854e-01 2.204512997294515220e+00 6.127945515742025506e+00 6.127945515742025506e+00 6.127945515742025506e+00 6.127945515742025506e+00
-1.071713994790853874e+01 -1.032853056022454474e+01 -1.004148005597777349e+01 -9.749892421210441640e+00 -9.444613094625369243e+00 -8.846268352608522179e+00 -7.674905243347005523e+00 -5.943800719996580995e+00 -5.396667760252682022e+00 -3.854998267861168948e+00 -3.692726257969943582e+00 -2.219494567130042562e+00 -3.666797359612631313e-01 2.363090060370204526e+00 6.288003440022769119e+00 6.288003440022769119e+00 6.288003440022769119e+00 6.288003440022769119e+00
-1.073513080753475890e+01 -1.038256466701607295e+01 -1.005037989260584652e+01 -9.764995863031337819e+00 -9.508771385467021275e+00 -9.021046407115312249e+00 -7.694542045396790542e+00 -5.706277903848622657e+00 -5.423115155427655765e+00 -4.154615860664181426e+00 -3.819138870406368902e+00 -1.960172693571503144e+00 -2.988160843531633692e-01 2.339919758976949815e+00 5.910123945210504104e+00 5.910123945210504104e+00 5.910123945210504104e+00 5.910123945210504104e+00
