-1.048617103714700427e+01 -1.034801238954973890e+01 -1.005596167977898681e+01 -9.704578688717997892e+00 -9.397522334254421850e+00 -9.059062134244420861e+00 -8.317653427712528469e+00 -7.312330430909276480e+00 -4.816962496426951290e+00 -3.076778125906181494e+00 -1.978389116381609192e+00 -2.227223843071054254e+00 3.863476818058272366e-01 1.873240761107088037e+00 4.792834494352679719e+00 4.792834494352679719e+00 4.792834494352679719e+00 4.792834494352679719e+00
-1.050787167770390518e+01 -1.018657651145248622e+01 -1.007463202460958662e+01 -9.915272579967538746e+00 -9.533640041765217177e+00 -8.984702242591133370e+00 -8.279385000920337134e+00 -7.036407800199301121e+00 -4.808007317589144236e+00 -2.011326187576340185e+00 -2.010813379759296637e+00 -4.085244003536100399e-01 1.089094027328691983e-01 2.107249855048319631e+00 5.047025595855000546e+00 5.047025595855000546e+00 5.047025595855000546e+00 5.047025595855000546e+00
-1.045175117143670285e+01 -1.007479614207918139e+01 -9.681001471382501222e+00 -9.674461273671283834e+00 -9.656409822148077637e+00 -9.146946733769491189e+00 -8.202427402286556202e+00 -6.986541770003871221e+00 -4.288064178289060280e+00 -2.265850494874261045e+00 -3.070569336024519203e+00 4.165274578952007228e-02 -2.401591788279665574e-01 2.150767666359807428e+00 4.932406372358205005e+00 4.932406372358205005e+00 4.932406372358205005e+00 4.932406372358205005e+00
-1.024103823511020650e+01 -1.022241626877957010e+01 -9.995343749485833484e+00 -9.306369368119984387e+00 -9.195764064130267812e+00 -9.119178451971906796e+00 -8.276240207452300268e+00 -6.748525453496451831e+00 -3.169749312937901298e+00 -2.785417775665691043e+00 -1.894768682470612919e+00 3.346993507014748293e-01 2.923839702195135670e-01 2.328624933392594798e+00 4.586400972676884180e+00 4.586400972676884180e+00 4.586400972676884180e+00 4.586400972676884180e+00
-1.062226725246806502e+01 -1.030315937642813928e+01 -1.000836418122802307e+01 -9.619203928414831850e+00 -9.110084926241356129e+00 -8.677901335645739067e+00 -8.225519296705552819e+00 -6.307373018592073777e+00 -2.433024823442864637e+00 -2.780971318537672765e+00 -6.265263330386621199e-01 -3.710540773437827344e-02 1.315926002079184087e+00 2.407638786909370943e+00 4.518771620866504968e+00 4.518771620866504968e+00 4.518771620866504968e+00 4.518771620866504968e+00
-1.057799376649015244e+01 -9.965797099185605745e+00 -1.029067327640249729e+01 -9.948006286047721858e+00 -9.366282207412414351e+00 -8.710592324857641344e+00 -7.933021412182429621e+00 -5.074950054078875894e+00 -2.841127784582546667e+00 -2.628776890878259831e+00 -9.552979068726344392e-02 1.268650739363270219e+00 1.183157642979240309e+00 2.176315902080520726e+00 4.407274050081297467e+00 4.407274050081297467e+00 4.407274050081297467e+00 4.407274050081297467e+00
-1.044043756351378605e+01 -1.040690850592261718e+01 -9.983399796844233620e+00 -9.653169416864063379e+00 -9.378626936353358090e+00 -8.679263931782772445e+00 -7.684270887909116610e+00 -3.553017882394507332e+00 -3.235303318841725506e+00 -1.230932611792652009e+00 -2.129601618670604046e-01 1.369751085888213149e+00 1.584100940001277991e+00 3.335663651100125637e+00 4.175462080983527891e+00 4.175462080983527891e+00 4.175462080983527891e+00 4.175462080983527891e+00
-1.051850119093030500e+01 -1.018587145949785011e+01 -9.982614356407724543e+00 -9.895463311433807974e+00 -9.279794911434409599e+00 -8.288213592817918141e+00 -5.981862464427614157e+00 -2.226270443063744775e+00 -2.566561682565576152e+00 1.154387453430576471e-01 1.443390633562601666e+00 2.099317039468073798e+00 1.810933896993401238e+00 4.312859811696283074e+00 4.942106790000321936e+00 4.942106790000321936e+00 4.942106790000321936e+00 4.942106790000321936e+00
-1.057463475845001710e+01 -1.032063483473848819e+01 -9.669205831982672805e+00 -9.158397265987654023e+00 -8.227508667766311845e+00 -7.075131520613494374e+00 -3.686684167912051446e+00 -3.361896743039998192e+00 -7.675614374973109832e-01 6.070232365490395576e-01 2.136150225078083054e+00 2.752778074820080079e+00 3.424521095859390130e+00 4.779613379280673868e+00 4.663493604531451453e+00 4.663493604531451453e+00 4.663493604531451453e+00 4.663493604531451453e+00
-1.026051538071910052e+01 -1.001629341170449550e+01 -9.598714428178585223e+00 -8.531933774068093612e+00 -7.394879402416822956e+00 -5.137214493462710863e+00 -2.530239374419857246e+00 -2.739156814605238299e+00 1.996294827218539070e-01 2.084761214606522195e+00 3.110245327188075670e+00 3.479354067539438766e+00 4.913651485555631027e+00 4.932026352581715400e+00 5.084482253022548193e+00 5.084482253022548193e+00 5.084482253022548193e+00 5.084482253022548193e+00
-1.025465383974678701e+01 -9.543529328141335810e+00 -8.812916353066547970e+00 -8.437070361933100671e+00 -6.863035027141782152e+00 -3.245031185918064942e+00 -3.424808269864244359e+00 -5.344927061465843954e-01 1.996072270322968967e+00 3.111368544306389872e+00 3.104971348022872668e+00 4.634451214439724076e+00 2.794652589090360628e+00 2.318512805956989720e+00 5.324123172737838416e+00 5.324123172737838416e+00 5.324123172737838416e+00 5.324123172737838416e+00
-9.925808215803400003e+00 -9.008341366245922188e+00 -8.117783932721984286e+00 -7.556097474932073510e+00 -4.628381121525774411e+00 -2.478060211650332079e+00 -2.143615503877958517e+00 7.819775987424388841e-01 2.941269921817375010e+00 3.174480816159900520e+00 4.479891612096196241e+00 3.701671503291702248e+00 8.314514904914436233e-01 2.521489457824268143e+00 4.988307827797913596e+00 4.988307827797913596e+00 4.988307827797913596e+00 4.988307827797913596e+00
-9.632112810512367673e+00 -8.661534564296879068e+00 -7.513437886532258858e+00 -5.972449824793245376e+00 -2.969201926858661356e+00 -3.299246013684606460e+00 -1.319704195312940698e-01 3.075850711917606617e+00 3.303812183729219143e+00 4.104576998442182934e+00 4.765619570030391827e+00 -1.742704467624090203e-01 4.624615975645240962e-01 2.407424762762941040e+00 4.827297385951508701e+00 4.827297385951508701e+00 4.827297385951508701e+00 4.827297385951508701e+00
-1.011225230059599056e+01 -8.020207628220115126e+00 -6.458062139195321905e+00 -4.052517511771078773e+00 -2.730017478583920187e+00 -1.765218261241595421e+00 1.413000497087525620e+00 3.118210436959134579e+00 3.340773529038493450e+00 5.049170731151486180e+00 3.315659578647433214e+00 -1.991131371347811152e+00 3.637203626320646421e-01 2.662875944660203498e+00 4.653838334456880332e+00 4.653838334456880332e+00 4.653838334456880332e+00 4.653838334456880332e+00
-9.476857930740447244e+00 -7.473917695412367834e+00 -5.205317061537113155e+00 -2.450229640145529242e+00 -2.483882421740416735e+00 1.735843158971701328e-01 3.178941392177173419e+00 3.237528852211506880e+00 3.554071951331749801e+00 5.665477281281121158e+00 4.510857796866019953e+00 -9.299970057257933576e-01 9.392985877608328593e-01 2.596861213136215873e+00 4.822240913014702812e+00 4.822240913014702812e+00 4.822240913014702812e+00 4.822240913014702812e+00
-9.210187278583640946e+00 -6.895432759898580066e+00 -4.147630156726407336e+00 -2.500799358538976058e+00 -1.348910579683062938e+00 1.952567326294437855e+00 3.042684271028206044e+00 3.072269350231920271e+00 4.150641032071778369e+00 6.253558845662007926e+00 6.075884825222280128e+00 1.862998928626015793e+00 6.424171955637356657e-01 2.771296449992739053e+00 4.844921398366985876e+00 4.844921398366985876e+00 4.844921398366985876e+00 4.844921398366985876e+00
-8.630328449508031241e+00 -5.962558813116989320e+00 -3.343015079902875275e+00 -2.243750489986594321e+00 -1.099432777467745703e+00 3.034182351394319355e+00 3.240617618774751740e+00 3.329812677255906017e+00 4.217964549087840354e+00 5.044479172642334142e+00 4.551649680429079581e+00 4.732666676421676044e+00 3.693547173235261827e+00 3.340724918340271188e+00 5.042805456710439671e+00 5.042805456710439671e+00 5.042805456710439671e+00 5.042805456710439671e+00
-7.827070293626258390e+00 -5.689837455417425360e+00 -2.965304881572448092e+00 -1.747544063851286467e+00 -2.358664299264697228e-01 2.727716817908547142e+00 3.617313643852516414e+00 3.896774986255377105e+00 4.112862591103359833e+00 3.185079682044053229e+00 3.263742483849335407e+00 3.158182119378331265e+00 4.002014418468003321e+00 5.137694594278585214e+00 4.767429804614943478e+00 4.767429804614943478e+00 4.767429804614943478e+00 4.767429804614943478e+00
-7.537314568839803997e+00 -5.781020080962908203e+00 -2.773373541773882511e+00 -1.086595386487680948e+00 9.203091316223215301e-01 3.117307111813304221e+00 3.207130598646493524e+00 3.875269980808139891e+00 3.814605174852167213e+00 1.787103919960304932e+00 1.335655342125646738e+00 1.456009009524647624e+00 2.779236206699322143e+00 4.387573850833032196e+00 4.728100161506117338e+00 4.728100161506117338e+00 4.728100161506117338e+00 4.728100161506117338e+00
-8.236607014938293503e+00 -5.774656535434324667e+00 -2.459943040180418095e+00 -9.461604118754618487e-01 1.635376191359779074e+00 3.094620806369542176e+00 3.178119876601173566e+00 4.066005462552322314e+00 3.144128005754513122e+00 1.538852687746122161e+00 -9.555202883958209270e-01 8.163006677542401501e-01 1.958464880339845671e+00 3.591842957222599608e+00 4.759113063322210735e+00 4.759113063322210735e+00 4.759113063322210735e+00 4.759113063322210735e+00
-8.082349016963384258e+00 -5.960005409616698557e+00 -3.449919576812292554e+00 -1.457524263913067886e+00 1.072472170003579306e+00 3.149867316161941933e+00 3.199419887363794679e+00 4.098643081422622458e+00 3.056975280184847321e+00 1.420875920761870859e+00 -8.947299137389675971e-01 4.954801601617906531e-03 1.280437439430816227e+00 3.365436065775377905e+00 4.713414122761501623e+00 4.713414122761501623e+00 4.713414122761501623e+00 4.713414122761501623e+00
-8.154224353396271496e+00 -6.389968261920094150e+00 -3.336604465513064888e+00 -2.226970875427343621e+00 9.602076308206924926e-02 3.248318717241630793e+00 3.284461543185795751e+00 4.173690194772969875e+00 2.729805114866504567e+00 1.155889298528133047e+00 -2.754074003596046261e+00 -1.745979657858081513e+00 1.223509205982932890e+00 3.208505538635742393e+00 4.666383346104103325e+00 4.666383346104103325e+00 4.666383346104103325e+00 4.666383346104103325e+00
-8.025766174360546401e+00 -6.700809667003467140e+00 -3.776229368467403535e+00 -1.886481589553468563e+00 -4.409212501573294141e-01 3.184827685607010572e+00 3.249866485582129094e+00 4.053180002427116513e+00 2.354674635122843362e+00 -7.293217446388902681e-02 -2.907582876740995470e+00 -1.646434557853956981e+00 1.191228651377424619e+00 3.449998929081242949e+00 4.725941335707220858e+00 4.725941335707220858e+00 4.725941335707220858e+00 4.725941335707220858e+00
-8.088802090905023334e+00 -7.107240631035284473e+00 -4.387168255699171127e+00 -2.084462467385992834e+00 -6.442137021551757048e-01 2.390616831268516762e+00 3.221722667581726984e+00 3.825105501360848592e+00 2.106327293309427695e+00 -3.926625968932211386e+00 -2.998309079731006577e+00 -1.106644562067364168e+00 1.276060186496575266e+00 3.718824241836926170e+00 4.708421018582953366e+00 4.708421018582953366e+00 4.708421018582953366e+00 4.708421018582953366e+00
-7.899455578074215722e+00 -7.235488563507571413e+00 -5.248313380686031593e+00 -2.897823493500516712e+00 -7.875979142542960387e-01 4.610384126407556793e-01 3.194773270071013194e+00 3.072370669674409527e+00 2.048072954920645561e+00 -4.283739527106114942e+00 -2.682966074529615774e+00 -5.397405311637520908e-01 1.531681156766678154e+00 3.731896642416530518e+00 4.717171421739300818e+00 4.717171421739300818e+00 4.717171421739300818e+00 4.717171421739300818e+00
-8.436273298410061017e+00 -7.669461804279123385e+00 -6.324588346036870590e+00 -3.881162668189340970e+00 -1.737099275646638130e+00 -9.138138728938511868e-01 1.229960637394923451e+00 2.780471904800348781e+00 1.382158222783798740e+00 -3.835904187270092969e+00 -1.819417483758453802e+00 1.096319487091895306e+00 1.896369578564708558e+00 4.084778172292556242e+00 4.676883527772463189e+00 4.676883527772463189e+00 4.676883527772463189e+00 4.676883527772463189e+00
-8.901142605822961684e+00 -7.921270137588017235e+00 -6.954125392915651460e+00 -5.157275284628532575e+00 -3.111258080773634305e+00 -1.248911715193878891e+00 -1.319892286493571820e+00 1.263173295729496104e+00 2.009608550054595710e+00 -1.422936756781831402e+00 -4.953072815683204899e-01 -1.948837717738960418e-01 2.145337617942581598e+00 4.336732638729637657e+00 4.604587332508301323e+00 4.604587332508301323e+00 4.604587332508301323e+00 4.604587332508301323e+00
-9.196808849240852624e+00 -8.462351507344893164e+00 -7.611073387126960021e+00 -6.116239849842004084e+00 -4.353258795907954948e+00 -2.752551404499032905e+00 -2.091968528681553252e+00 -1.845635517596499131e+00 1.577810926639475753e+00 1.516763933879548443e+00 -8.779120618939815213e-01 -2.213443697723707360e-01 1.849062160764007867e+00 4.424868475419471814e+00 4.546131139964054491e+00 4.546131139964054491e+00 4.546131139964054491e+00 4.546131139964054491e+00
-9.365363282939405565e+00 -8.602102340515884293e+00 -8.120171442358298464e+00 -7.423368136483254887e+00 -6.124746497223755526e+00 -4.324912021723903877e+00 -2.384820780739648427e+00 -2.426148053284497230e+00 -4.549318855623803448e-01 1.061290109433590700e+00 -4.815663798686338204e-01 -1.745222296407246687e-01 1.572130844208289746e+00 4.089234206531711102e+00 4.664058227572454030e+00 4.664058227572454030e+00 4.664058227572454030e+00 4.664058227572454030e+00
-1.020766828483001909e+01 -9.097907051054304972e+00 -8.776516890197909149e+00 -8.327268172306757421e+00 -7.500791122636703889e+00 -6.697216356834444717e+00 -4.032118913124993043e+00 -2.957855704811949593e+00 -1.849198496180785689e+00 -6.773581110852442411e-01 8.737001935019457211e-01 1.774422744995061141e-01 -5.261088333007833961e-01 4.061010799556663997e+00 4.655375408143505034e+00 4.655375408143505034e+00 4.655375408143505034e+00 4.655375408143505034e+00
-1.048043575419442419e+01 -1.005147812822165854e+01 -9.560583551280956272e+00 -9.133412123945696237e+00 -8.691611423263534419e+00 -7.480431695678196213e+00 -5.782973608186373404e+00 -2.943432780556647810e+00 -2.865872209026555595e+00 -3.036469648349133355e+00 -5.176081861549105545e-01 6.675354590109117137e-01 -8.671588790784257039e-01 4.336661948566314706e+00 4.615087514176669181e+00 4.615087514176669181e+00 4.615087514176669181e+00 4.615087514176669181e+00
-1.052134689564808134e+01 -1.017337376607859056e+01 -9.756040606556092953e+00 -9.401806075615400715e+00 -8.976864723943474900e+00 -7.954329891860744794e+00 -6.326043061803331646e+00 -5.104168768508741572e+00 -3.501572030631456833e+00 -3.218320910539586244e+00 -2.402918875998425463e+00 3.504457812673786310e-01 -1.111015246947808954e+00 3.809553732896459710e+00 4.542791318912513532e+00 4.542791318912513532e+00 4.542791318912513532e+00 4.542791318912513532e+00
-1.052087073176740439e+01 -1.021727658418039120e+01 -9.903941827919561902e+00 -9.523490995657249769e+00 -9.208865020805927060e+00 -8.234405744986936782e+00 -6.787171099788661621e+00 -5.628204585807894844e+00 -3.680610879897009191e+00 -3.044292898504306955e+00 -2.763891784135416696e+00 -3.527255447189525661e-02 -3.513564576882949320e-02 3.126051974523574195e+00 4.495760542255102798e+00 4.495760542255102798e+00 4.495760542255102798e+00 4.495760542255102798e+00
-1.052525890247762241e+01 -1.024756543284652821e+01 -9.930022305852912012e+00 -9.614347681099644660e+00 -9.203940603260104325e+00 -8.443209967351892331e+00 -7.004700597699754283e+00 -5.678148500705280100e+00 -4.803522001211646852e+00 -2.390205097261612011e+00 -2.600122783064426013e+00 -5.525524095849418948e-01 1.268651547132814139e-01 2.691778970703317508e+00 4.616981861801725984e+00 4.616981861801725984e+00 4.616981861801725984e+00 4.616981861801725984e+00
-1.056523954106868324e+01 -1.027711030642234036e+01 -1.002409308071535499e+01 -9.675462840146701993e+00 -9.258316639389715164e+00 -8.646265240380561323e+00 -7.204817276190674136e+00 -5.819329046387393234e+00 -5.488417057237660934e+00 -3.082272274578140792e+00 -1.803569434749749067e+00 -2.188404154613387220e+00 1.918436495675912012e-01 2.475809290636129312e+00 4.563208202453756357e+00 4.563208202453756357e+00 4.563208202453756357e+00 4.563208202453756357e+00
-1.062115636462811352e+01 -1.030597001033140003e+01 -1.001988101073632365e+01 -9.686198980406871328e+00 -9.361306008356365282e+00 -8.716829759237830544e+00 -7.458139121478906119e+00 -5.902872669578585807e+00 -5.730275126695737242e+00 -3.955917786869151964e+00 -1.827167358865206648e+00 -2.791669503710142664e+00 -9.857439039197252173e-02 2.117383981301268481e+00 4.553291500580865403e+00 4.553291500580865403e+00 4.553291500580865403e+00 4.553291500580865403e+00
-1.060690183655275121e+01 -1.026310293902782789e+01 -1.004730411756853670e+01 -9.737302588227519706e+00 -9.349874971888221253e+00 -8.815339062845614748e+00 -7.567918884799657242e+00 -5.787111756826990749e+00 -5.392051845767886320e+00 -4.068984735206568892e+00 -2.293650692086411702e+00 -1.634083792549265723e+00 -2.657150248426363159e-01 2.234912035635505667e+00 4.506260723923469769e+00 4.506260723923469769e+00 4.506260723923469769e+00 4.506260723923469769e+00
-1.061734770336822109e+01 -1.035903077494837277e+01 -1.001962398874762705e+01 -9.719721579883778162e+00 -9.400809250731375855e+00 -8.825819539464848873e+00 -7.589144540020197560e+00 -5.952372415600126310e+00 -5.334236469188395446e+00 -3.818832498306952594e+00 -4.981990093746079040e+00 -2.289690706195683045e+00 -3.569360553933519364e-01 2.165890674345254396e+00 4.433964528659301685e+00 4.433964528659301685e+00 4.433964528659301685e+00 4.433964528659301685e+00
-1.068080360048327293e+01 -1.029876784487930941e+01 -1.000991579289804356e+01 -9.748082458736050171e+00 -9.428567307099651629e+00 -8.878256608997789456e+00 -7.662196624697946490e+00 -5.972530032455764193e+00 -5.341085473316193877e+00 -3.705186932840256020e+00 -3.872512435863052715e+00 -2.425809739088852446e+00 -5.093364573309910881e-01 2.326297092681306466e+00 4.555185848205940857e+00 4.555185848205940857e+00 4.555185848205940857e+00 4.555185848205940857e+00
-1.071159072151869651e+01 -1.033953363092727784e+01 -1.004116630861024717e+01 -9.767508311633914531e+00 -9.465078997682780937e+00 -9.031699750051393139e+00 -7.676623941046893052e+00 -5.878169857833427159e+00 -5.322067656390006007e+00 -3.984712195348950825e+00 -3.663841214203907182e+00 -1.821182214068544081e+00 -8.631564400205000709e-01 2.374743499150252291e+00 4.425179687526942907e+00 4.425179687526942907e+00 4.425179687526942907e+00 4.425179687526942907e+00
