-1.047166249323896281e+01 -1.050222271016796327e+01 -1.000803760146758314e+01 -9.651363041310139224e+00 -9.346479656690730664e+00 -8.995182598848636246e+00 -8.394562655578212684e+00 -7.081528035417309574e+00 -3.512003371004516428e+00 -3.592794121530906715e+00 -1.936243130423853875e+00 2.527024942196377522e-01 3.489312796248238979e-01 2.062346505743854586e+00 5.162085885810843600e+00 5.162085885810843600e+00 5.162085885810843600e+00 5.162085885810843600e+00
-1.047476871547622146e+01 -1.023000891011164271e+01 -1.006319555694686585e+01 -9.803416095801026131e+00 -9.427780937230750169e+00 -8.924601894019810189e+00 -8.155906864331324613e+00 -6.708210874806245450e+00 -2.895170292627272879e+00 -4.022007715768031844e+00 -1.812035988568692968e+00 3.819658729300773325e-02 1.137241761378728011e+00 1.993261801268329192e+00 5.161683014563394956e+00 5.161683014563394956e+00 5.161683014563394956e+00 5.161683014563394956e+00
-1.028721904796952735e+01 -1.000252569971986460e+01 -9.852394236998927468e+00 -9.929574445198532828e+00 -9.652237510074087368e+00 -9.077520372126462789e+00 -8.136977143788753253e+00 -6.489038134191297047e+00 -2.836265986217143986e+00 -4.079715115518162349e+00 -8.676618116785911328e-01 -1.383058726767143476e-01 1.895778455505342741e+00 2.043200765597973145e+00 5.296007765568245595e+00 5.296007765568245595e+00 5.296007765568245595e+00 5.296007765568245595e+00
-1.042286099025004908e+01 -1.033072840472964415e+01 -9.731053424764443349e+00 -9.383525416573217370e+00 -9.281220293515204389e+00 -9.290277157232161187e+00 -8.130506144240266408e+00 -5.910513658530062386e+00 -2.442851935779073003e+00 -3.825184902182271696e+00 -9.185007537131649746e-01 4.685779703877415714e-01 1.404487473127014052e+00 2.100259001704313011e+00 4.838492294105524394e+00 4.838492294105524394e+00 4.838492294105524394e+00 4.838492294105524394e+00
-1.056203018647168435e+01 -1.029494269476241008e+01 -9.948149631674679583e+00 -9.598644330332829711e+00 -9.078383654028149508e+00 -8.652661424009922442e+00 -8.032661262369291677e+00 -5.067164557452723095e+00 -2.355830259033223406e+00 -3.118904694322591098e+00 -1.529183727121355973e-01 7.487184783655902454e-01 1.513825753489821624e+00 2.300990425073455636e+00 4.763843638447378126e+00 4.763843638447378126e+00 4.763843638447378126e+00 4.763843638447378126e+00
-1.033875171369633961e+01 -1.015451797677709500e+01 -1.015000791165664573e+01 -9.861865561488365017e+00 -9.341363337033104841e+00 -8.522638369215622234e+00 -7.796529588940828148e+00 -3.748307546495616815e+00 -4.382424947479385047e+00 -1.490760653806964209e+00 4.327218644407001547e-01 1.117824205651845482e+00 1.656572399218872116e+00 2.129628979877753014e+00 4.474419743628249790e+00 4.474419743628249790e+00 4.474419743628249790e+00 4.474419743628249790e+00
-1.058274529229450422e+01 -1.019663646815669011e+01 -1.003106369407332288e+01 -9.864176368028083175e+00 -9.297349501241402692e+00 -8.490484815729621104e+00 -6.822083797116942350e+00 -2.681469015508061826e+00 -4.242532076981450295e+00 -7.815464075271814082e-01 8.512440635303577530e-01 1.914486065964933426e+00 1.696395719032692373e+00 3.095006449463591824e+00 4.387820832908272628e+00 4.387820832908272628e+00 4.387820832908272628e+00 4.387820832908272628e+00
-1.042240029690342951e+01 -1.023920172141567875e+01 -1.015444819898225148e+01 -9.782226452429428676e+00 -9.236688169953923833e+00 -8.314994203636802084e+00 -4.960827743165556747e+00 -3.327638355460488029e+00 -3.260817559688897305e+00 -6.631310396447925859e-02 1.314238457328426479e+00 2.044742366752130280e+00 1.870903638062181074e+00 4.278553017610203568e+00 5.202494023780966259e+00 5.202494023780966259e+00 5.202494023780966259e+00 5.202494023780966259e+00
-1.034959669661695614e+01 -1.013619818340411349e+01 -9.476821277566827462e+00 -9.223867454007734779e+00 -8.420309433067766136e+00 -7.033034836796641542e+00 -3.285180546647954003e+00 -4.283573080519291310e+00 -2.262641857389915856e+00 7.606494228988996964e-01 2.066739868154172211e+00 2.718890996161142493e+00 3.266456318666332237e+00 4.735881541165559483e+00 5.273397038559626715e+00 5.273397038559626715e+00 5.273397038559626715e+00 5.273397038559626715e+00
-1.057003367024931784e+01 -1.020870887509389036e+01 -9.396653630024527359e+00 -8.471137231886263663e+00 -7.506067029992104622e+00 -5.478884359164488238e+00 -3.025237730019004090e+00 -4.212309111971544340e+00 -1.947673139195102987e-01 1.530092764764263702e+00 2.861771959965331735e+00 3.387713783970257797e+00 4.899495496903774949e+00 4.935706639665061068e+00 5.409858858040902163e+00 5.409858858040902163e+00 5.409858858040902163e+00 5.409858858040902163e+00
-1.020938791627727227e+01 -9.594540988114859559e+00 -9.058546134904814195e+00 -8.491619120386442177e+00 -6.966678898436711620e+00 -3.829377593701137172e+00 -3.748138909750626357e+00 -2.964934149075811209e+00 6.173361173173339544e-01 2.799380797695674161e+00 2.940054042585583005e+00 4.538491766489599399e+00 2.952112005116577009e+00 2.269659815177615059e+00 5.761066484357704631e+00 5.761066484357704631e+00 5.761066484357704631e+00 5.761066484357704631e+00
-9.872640591483673234e+00 -9.111081924687720601e+00 -8.346123875365440981e+00 -8.059695421896666545e+00 -5.516047134870918356e+00 -2.447860480267838312e+00 -3.404687903583711428e+00 -5.203317588623841417e-01 1.684297145041165678e+00 3.227994655366251742e+00 4.370084588833895722e+00 3.714691905985878506e+00 2.046769632610936807e+00 2.438359948107980735e+00 5.210088867535167090e+00 5.210088867535167090e+00 5.210088867535167090e+00 5.210088867535167090e+00
-9.494312476428373060e+00 -8.688473044775083309e+00 -7.972253949160460706e+00 -6.430739688134739396e+00 -4.071252072937596722e+00 -3.442890807466675085e+00 -3.190812990868227672e+00 1.061587378373412549e-01 3.398058550679732726e+00 3.980351541464143494e+00 4.689806545103939683e+00 2.170467161584398674e+00 4.912296048522842851e-01 2.327961044238732846e+00 4.946511090119050102e+00 4.946511090119050102e+00 4.946511090119050102e+00 4.946511090119050102e+00
-1.007190672835517731e+01 -8.053461443891283267e+00 -6.875563593799840056e+00 -5.358503426740057307e+00 -2.717348257586416072e+00 -2.366408797961190746e+00 -2.072412597693288561e+00 1.091622729710041373e+00 3.249990239587011054e+00 4.895555256425029533e+00 3.230368566451975454e+00 -1.977490573392273410e+00 4.019607440273221810e-01 2.512921653339861727e+00 5.179883296772331391e+00 5.179883296772331391e+00 5.179883296772331391e+00 5.179883296772331391e+00
-9.537152270192272852e+00 -7.751527676579509141e+00 -5.946299046709814462e+00 -4.466992781506258225e+00 -2.133563745873584772e+00 -2.917141661059494240e+00 -1.156565652460126159e-01 2.729879840723721252e+00 3.480340143755303650e+00 5.529253390541019719e+00 4.338521529063005922e+00 -7.044258310463138439e-01 9.945853774081800935e-01 2.569346437483329915e+00 5.262992360626581601e+00 5.262992360626581601e+00 5.262992360626581601e+00 5.262992360626581601e+00
-9.101300219448933859e+00 -7.078189792866590224e+00 -5.196927626266355738e+00 -3.670138588907362553e+00 -1.859337977481262616e+00 -2.400636799332692028e+00 6.644231533630349240e-01 2.949741661786427382e+00 4.094932923527180080e+00 6.123440683119951267e+00 5.876896407541312151e+00 2.033985765472287266e+00 6.998945748587803717e-01 2.702137065711713859e+00 5.314185688440861810e+00 5.314185688440861810e+00 5.314185688440861810e+00 5.314185688440861810e+00
-8.847817554186400812e+00 -6.596240286217529558e+00 -4.675366597434874372e+00 -3.059798362192442944e+00 -2.365293376063417163e+00 -1.184216154892488104e+00 2.407598988864726230e+00 3.269822761950381906e+00 4.152282255873733341e+00 5.028300152137780366e+00 4.505687392271889635e+00 4.612327744795965856e+00 3.544213101550133249e+00 3.197487879551505596e+00 5.656495843457735262e+00 5.656495843457735262e+00 5.656495843457735262e+00 5.656495843457735262e+00
-8.116185309973156237e+00 -6.345170343072296326e+00 -4.199496654122241601e+00 -2.163273663190665719e+00 -2.721802696072932459e+00 5.487898655650018387e-02 3.550872947708584526e+00 3.832395965935808668e+00 3.931820428630497410e+00 3.211804643079569033e+00 3.160763960781238335e+00 3.096630949963635082e+00 3.892180886946519536e+00 5.084011099678605206e+00 5.259324529651511426e+00 5.259324529651511426e+00 5.259324529651511426e+00 5.259324529651511426e+00
-7.636480808021582689e+00 -6.231943722588792589e+00 -4.100916707961434149e+00 -1.828042063768858805e+00 -2.584089018004743110e+00 5.051152610235307705e-01 2.991030448413872556e+00 3.725766710288844763e+00 3.693731454663009561e+00 1.799546316831416970e+00 1.509875432239677462e+00 1.545915404372727675e+00 2.762796880435663738e+00 4.247690508833192879e+00 5.116953346866308650e+00 5.116953346866308650e+00 5.116953346866308650e+00 5.116953346866308650e+00
-8.035249936017072159e+00 -6.218041345542350662e+00 -3.680306097247449060e+00 -1.924769532408456607e+00 -2.001328990788604045e+00 7.769589741487925583e-01 3.190037262286055775e+00 3.923847891566042634e+00 3.005898991928200203e+00 1.516754043922586614e+00 8.454183848061976869e-01 9.806768289799305816e-01 1.930411706176264675e+00 3.583170348523269766e+00 5.363823486188350032e+00 5.363823486188350032e+00 5.363823486188350032e+00 5.363823486188350032e+00
-8.273489787881018742e+00 -6.421621488377430964e+00 -4.042727944434169274e+00 -2.889864127561898588e+00 -1.994039576195091312e+00 5.153495276253314827e-01 3.123741777791827268e+00 4.015567009044977098e+00 2.958566957427335886e+00 1.373608224641835518e+00 5.360537199807208220e-01 3.927088416129199677e-01 1.222910534633283586e+00 3.206714930668976393e+00 5.306732716305772257e+00 5.306732716305772257e+00 5.306732716305772257e+00 5.306732716305772257e+00
-8.199011064590592923e+00 -6.623741737571105404e+00 -3.951871560814949724e+00 -2.594225184356794056e+00 -2.217245932115559981e+00 5.990035180038181251e-01 3.308613921859946849e+00 3.992725258768119900e+00 2.743734783929224985e+00 1.095333402379099041e+00 -2.425534130388841803e+00 -1.643525517841503136e+00 1.151707182687748077e+00 3.084633344602336624e+00 5.280242432223914761e+00 5.280242432223914761e+00 5.280242432223914761e+00 5.280242432223914761e+00
-8.200344463534012363e+00 -6.961769179217077941e+00 -4.719298266294558175e+00 -2.287708557258532505e+00 -2.007845645406781010e+00 4.219869692849924081e-01 3.450533489150891420e+00 3.900155059335697505e+00 2.275160737089159113e+00 6.946285345406784106e-01 -2.526450923482455035e+00 -1.557934472763232936e+00 1.129485671977799033e+00 3.381621008784505111e+00 5.497394239896010504e+00 5.497394239896010504e+00 5.497394239896010504e+00 5.497394239896010504e+00
-8.171119941005510867e+00 -7.259262537410117844e+00 -5.124782329056727370e+00 -2.781339175086252613e+00 -2.033486766403130197e+00 -3.473528382963831374e-01 2.180950196823586928e+00 3.614511346813451986e+00 1.991926113784154850e+00 -1.393740006695340927e+00 -2.643589347926471156e+00 -1.341578026404088853e+00 1.184154592826252461e+00 3.692361024495379507e+00 5.027962354671350553e+00 5.027962354671350553e+00 5.027962354671350553e+00 5.027962354671350553e+00
-8.053374220801369887e+00 -7.206223963130776511e+00 -5.703204012598649619e+00 -4.065845452531059223e+00 -2.172042378083471448e+00 -1.876377964711256841e+00 6.200985065323377787e-01 2.787041348397057305e+00 2.320663036620351782e+00 -3.722183907419617022e+00 -2.361843446679038561e+00 -5.488720420890262908e-01 1.442841347120253470e+00 3.670478090168877827e+00 5.438691995366376375e+00 5.438691995366376375e+00 5.438691995366376375e+00 5.438691995366376375e+00
-8.375598684881159883e+00 -7.823867924751627179e+00 -6.628937733508183605e+00 -4.817623748232781722e+00 -3.029393644764003746e+00 -2.171181115204416479e+00 -8.529600554228502496e-01 1.267546029384212902e+00 2.155516879341801584e+00 -3.182574836258321938e+00 -2.847933386418257107e-01 1.005131567323212405e+00 1.850541795389951893e+00 4.262013309591594634e+00 5.412201711284519767e+00 5.412201711284519767e+00 5.412201711284519767e+00 5.412201711284519767e+00
-8.780721549339816079e+00 -7.877903155195742357e+00 -7.067388719342418746e+00 -5.652947295651847170e+00 -4.022369584286180633e+00 -2.386341461855364443e+00 -2.525888532870048664e+00 2.496014658265230113e-01 1.424050003246845275e+00 3.981981091167501735e-02 2.730686448915761733e-01 7.094529969863444530e-01 2.198950451352911450e+00 4.699756954153448518e+00 5.350473071984968243e+00 5.350473071984968243e+00 5.350473071984968243e+00 5.350473071984968243e+00
-9.128091569725993892e+00 -8.193118158830261066e+00 -7.375848588614239532e+00 -6.590301097041390221e+00 -5.121795578966719553e+00 -3.539821419613702780e+00 -2.597982004393357247e+00 -2.139916907281950831e+00 2.891222736260027348e-01 1.246898060964210631e+00 5.791942813371756538e-01 -2.229021699184850214e-01 1.749431001552113951e+00 4.852308148804266530e+00 5.323982787903108971e+00 5.323982787903108971e+00 5.323982787903108971e+00 5.323982787903108971e+00
-9.421929378300184510e+00 -8.527165313975023864e+00 -7.969815779164358460e+00 -7.287578948493528053e+00 -6.314117152589130200e+00 -4.998553503666746778e+00 -2.660215347999267621e+00 -2.859233416768931946e+00 -3.281635201383665268e-01 9.439835967742988831e-01 9.923639967169736176e-01 7.574661477229026607e-01 1.030153756382421903e+00 4.053274917535987676e+00 4.967168539544049466e+00 4.967168539544049466e+00 4.967168539544049466e+00 4.967168539544049466e+00
-9.908861014008564894e+00 -9.012914493619980760e+00 -8.527515207780782092e+00 -8.071932335462904007e+00 -7.363514841334115602e+00 -6.441196359128108284e+00 -4.133500399473447828e+00 -2.523356930409219157e+00 -2.060172585914978871e+00 3.692535513666922453e-01 9.050792321997689349e-01 9.776150324737420405e-01 1.654527281889229540e-01 3.909594748355754934e+00 5.508922635127421863e+00 5.508922635127421863e+00 5.508922635127421863e+00 5.508922635127421863e+00
-1.030530860062481047e+01 -9.873433367680362949e+00 -9.359879680793422807e+00 -8.863436794794003148e+00 -8.269856675318411732e+00 -7.219922829717267732e+00 -5.424871428695151820e+00 -2.604100588598611488e+00 -2.828024296057898290e+00 -2.131816997599033092e-01 8.212209413457433049e-01 9.815265229004915826e-01 2.896642795026503903e-01 4.376656559034600491e+00 5.482432351045562591e+00 5.482432351045562591e+00 5.482432351045562591e+00 5.482432351045562591e+00
-1.040391571046208874e+01 -1.003536858994824854e+01 -9.580323533672332914e+00 -9.161619632940386282e+00 -8.574675566512963698e+00 -7.624091469914569430e+00 -6.338309314312863485e+00 -3.601600819970170786e+00 -2.798265249756179962e+00 -1.492875438335532934e+00 5.482802784693614484e-01 9.372649181775485339e-01 7.842076332680740780e-01 3.120046263436065725e+00 5.420703711746016396e+00 5.420703711746016396e+00 5.420703711746016396e+00 5.420703711746016396e+00
-1.051303804585332813e+01 -1.014461732655793114e+01 -9.746178325225773875e+00 -9.300642041496498535e+00 -8.841465254425365572e+00 -7.919050325398852230e+00 -6.672950461898696339e+00 -4.957106459129900777e+00 -2.379885255292619295e+00 -2.877626960058509376e+00 1.577850844959472476e-01 8.443707319380318044e-01 5.886426756094474966e-01 2.767824950971629505e+00 5.394213427664157123e+00 5.394213427664157123e+00 5.394213427664157123e+00 5.394213427664157123e+00
-1.048260903245591180e+01 -1.017787715094930512e+01 -9.792238799282518613e+00 -9.437535578094895072e+00 -8.928319455419881479e+00 -8.099460092495553099e+00 -6.933911776749679845e+00 -5.569407300456200360e+00 -2.911328850587322492e+00 -3.245728897540183233e+00 -4.244100153165252798e-01 6.350005479026495925e-01 7.581403469677352458e-01 2.672653433110370180e+00 4.891341012724556236e+00 4.891341012724556236e+00 4.891341012724556236e+00 4.891341012724556236e+00
-1.049926356164679930e+01 -1.019309031071868077e+01 -9.878083081745934635e+00 -9.519922221887215485e+00 -9.023712886093033347e+00 -8.302743167846529104e+00 -7.124766477998420555e+00 -5.703823786882077584e+00 -4.245638831343370612e+00 -3.261229156009099128e+00 -1.479351546724024580e+00 3.199425992182475809e-01 4.289843869361924522e-01 2.849679815437065944e+00 5.142441244689251789e+00 5.142441244689251789e+00 5.142441244689251789e+00 5.142441244689251789e+00
-1.053730633502954639e+01 -1.023107726399451067e+01 -9.892272418474625795e+00 -9.515473621934228632e+00 -9.108708613783527142e+00 -8.392629661852121004e+00 -7.236757770107540289e+00 -5.859718676697887929e+00 -4.747081863788478628e+00 -2.817671972246388545e+00 -2.599150023590690139e+00 2.459958532322592192e-02 5.394161673306983040e-01 2.499547986216180462e+00 5.552662990806613408e+00 5.552662990806613408e+00 5.552662990806613408e+00 5.552662990806613408e+00
-1.055861979219871571e+01 -1.022837740346374247e+01 -9.945354408127295542e+00 -9.591969468313578773e+00 -9.155289415171690592e+00 -8.559221819796196229e+00 -7.336453971292882237e+00 -5.884981975566491386e+00 -4.848890818167650885e+00 -2.467442472049927282e+00 -2.897272661108401426e+00 -2.848354795138769990e-01 8.604720894418160793e-04 2.553413657216842658e+00 5.526172706724757688e+00 5.526172706724757688e+00 5.526172706724757688e+00 5.526172706724757688e+00
-1.056411146842422077e+01 -1.028227617796940230e+01 -9.942603920241170457e+00 -9.614511523002704507e+00 -9.234170548343305640e+00 -8.589848924802948815e+00 -7.403289085620161636e+00 -5.922362569553939693e+00 -5.067445725002872159e+00 -2.621244647749128465e+00 -2.986804306986330815e+00 -2.749183381914184210e-01 -1.563514942711526912e-01 2.523026434535075246e+00 5.464444067425201723e+00 5.464444067425201723e+00 5.464444067425201723e+00 5.464444067425201723e+00
-1.061617924049107486e+01 -1.030494780247194697e+01 -9.962088878927179536e+00 -9.630743640589418675e+00 -9.301452094338682031e+00 -8.647481704989635531e+00 -7.535818301788588691e+00 -5.904136941998365806e+00 -5.209909289563383616e+00 -3.380160773357529180e+00 -2.994631171976359418e+00 -5.835893338723681101e-01 -4.952874843529975202e-02 2.470435239446207021e+00 4.932371912386730450e+00 4.932371912386730450e+00 4.932371912386730450e+00 4.932371912386730450e+00
-1.062302743276622152e+01 -1.033796802918734592e+01 -9.983332240497944099e+00 -9.664875084912768699e+00 -9.357664463394424814e+00 -8.841405797526894261e+00 -7.549451558770957860e+00 -5.786275990298639371e+00 -5.374096848545073968e+00 -3.733843239459488039e+00 -2.875801540843172077e+00 -1.398146338948145662e+00 -2.974343002989794926e-01 2.333637040632097204e+00 5.180001477357189188e+00 5.180001477357189188e+00 5.180001477357189188e+00 5.180001477357189188e+00
