-1.042598271113402930e+01 -1.037156063771906389e+01 -9.991979361310601604e+00 -9.681142307753766829e+00 -9.367020142747435330e+00 -8.997266282997623321e+00 -8.396643775355402184e+00 -7.230723278717829494e+00 -4.785871986860044558e+00 -2.423960430487385409e+00 -1.948919796931037229e+00 -8.022760534925790221e-01 6.414878730036641663e-01 1.966784093127202926e+00 4.973181120961939428e+00 4.973181120961939428e+00 4.973181120961939428e+00 4.973181120961939428e+00
-1.038279005668037769e+01 -1.013930484567549861e+01 -9.986427792186443497e+00 -9.833041503089852142e+00 -9.523025179374004168e+00 -8.965521347489941562e+00 -8.190271072515290740e+00 -6.922731677146824580e+00 -4.259527050607651688e+00 -2.974891345518556385e+00 -2.300648464568244123e+00 -3.733107824250771478e-01 9.082776202676530186e-01 2.026977723027517442e+00 4.974694347786195792e+00 4.974694347786195792e+00 4.974694347786195792e+00 4.974694347786195792e+00
-1.037979940264130718e+01 -1.007099452678647111e+01 -9.754793729455583318e+00 -9.829281756779266743e+00 -9.720546229596365606e+00 -9.155162318276822475e+00 -8.156980805913786270e+00 -6.847909357456559931e+00 -3.112820178357313505e+00 -2.879067608571646009e+00 -1.441966758922061498e+00 -1.012079024055902166e-01 4.052985145914479448e-01 2.009444105592343099e+00 5.021147994122104663e+00 5.021147994122104663e+00 5.021147994122104663e+00 5.021147994122104663e+00
-1.034919559183951598e+01 -1.029735262774632076e+01 -9.866021207899331458e+00 -9.285053240478845282e+00 -9.206396516658926998e+00 -9.233871619201504899e+00 -8.222868666411946137e+00 -6.568434682837444250e+00 -2.693922171892129569e+00 -2.634661983525159457e+00 -5.243831848217983538e-01 -2.131394278421280264e-01 7.946117645541401764e-01 2.254194891806359458e+00 4.783570171572694818e+00 4.783570171572694818e+00 4.783570171572694818e+00 4.783570171572694818e+00
-1.055122481135513368e+01 -1.033552405230214077e+01 -9.923534826284317489e+00 -9.603505781765807825e+00 -9.060269280540635961e+00 -8.655887720419716658e+00 -8.198161848558090270e+00 -5.564660296188666422e+00 -3.042269773908246933e+00 -3.209883671808232197e+00 -1.914557208445578917e-01 4.783890129160196514e-01 2.048605746573032960e+00 2.362182801741876226e+00 4.703323164381517429e+00 4.703323164381517429e+00 4.703323164381517429e+00 4.703323164381517429e+00
-1.040740765824957315e+01 -1.003666044263107260e+01 -1.017164033479950724e+01 -9.907504417951550124e+00 -9.396619207718520883e+00 -8.652610699774051284e+00 -7.712814316581843244e+00 -3.872503354253597152e+00 -3.828162060278538448e+00 -2.102744425785261662e+00 -2.096411106711319472e-01 2.750745029333628855e-01 1.268445244529794902e+00 2.156749213280600319e+00 4.411201381786220566e+00 4.411201381786220566e+00 4.411201381786220566e+00 4.411201381786220566e+00
-1.045827339061345640e+01 -1.029885527588817595e+01 -9.983704810546944586e+00 -9.867714285539344488e+00 -9.364293855066762262e+00 -8.610922927220777012e+00 -7.441594852920503378e+00 -2.721636561913912011e+00 -3.776395516743600744e+00 -5.174750826649248125e-01 4.777947657535943082e-01 1.864631594263362446e+00 1.608630734044282029e+00 3.351506218606558729e+00 4.870327217702480560e+00 4.870327217702480560e+00 4.870327217702480560e+00 4.870327217702480560e+00
-1.050216012952643219e+01 -1.012029244558002361e+01 -1.002045443259923019e+01 -9.803864470895003791e+00 -9.270273264295351368e+00 -8.302057784861545997e+00 -4.964926063695225267e+00 -3.328843576891327594e+00 -2.931382020209971628e+00 8.252271342917021080e-02 1.540775013336236121e+00 2.011198818786430920e+00 1.861722254018231215e+00 4.375448839839124027e+00 5.064107953002199736e+00 5.064107953002199736e+00 5.064107953002199736e+00 5.064107953002199736e+00
-1.037894766061289253e+01 -1.020179909879234259e+01 -9.536492537992447893e+00 -9.106700356359329618e+00 -8.275198301227996822e+00 -6.961680338926365508e+00 -3.333294551023381125e+00 -3.890840264402217308e+00 -1.097781696079408453e+00 9.845360596759988869e-01 2.084279502973353626e+00 2.738912128446588934e+00 3.447835363061360958e+00 4.768975845598022012e+00 5.130698282938323196e+00 5.130698282938323196e+00 5.130698282938323196e+00 5.130698282938323196e+00
-1.043002754983548819e+01 -1.003950641424124335e+01 -9.526580733959434610e+00 -8.433484896990478319e+00 -7.426076846129848974e+00 -5.325636990480740351e+00 -2.612893091958463643e+00 -3.478059876201590406e+00 1.449370293155619396e-02 2.175667573937670518e+00 3.020076176413277746e+00 3.482380948677269217e+00 4.946214419118137862e+00 4.949648463683325339e+00 5.339037291675744257e+00 5.339037291675744257e+00 5.339037291675744257e+00 5.339037291675744257e+00
-1.022690010164857100e+01 -9.501107036106787973e+00 -8.879806021170836061e+00 -8.436663022069600615e+00 -6.842605120530667051e+00 -3.427655149615526309e+00 -4.101822904579332629e+00 -1.322441622779853443e+00 1.186242095388215123e+00 3.104142793205389772e+00 3.047724273542807616e+00 4.581064476327314949e+00 2.928533885458219022e+00 2.193135586242106694e+00 5.367048667466141509e+00 5.367048667466141509e+00 5.367048667466141509e+00 5.367048667466141509e+00
-9.901517578839559519e+00 -9.033234650248209263e+00 -8.201417062963241023e+00 -7.635510431612855697e+00 -5.177627954200784366e+00 -2.478304990474386127e+00 -3.321909549750269086e+00 1.777855014186393579e-01 2.998907704231469573e+00 3.111872994588250840e+00 4.477503140247022451e+00 3.769073461218999554e+00 1.953767001782116930e+00 2.520662421990999658e+00 5.485928547856824267e+00 5.485928547856824267e+00 5.485928547856824267e+00 5.485928547856824267e+00
-9.539092641313395404e+00 -8.521163313406610484e+00 -7.728471095405231139e+00 -6.165339585054466554e+00 -3.567973120654039043e+00 -3.605309874492589550e+00 -1.685819791453667005e+00 1.889725074382963665e+00 3.228224309836873029e+00 4.023472660927106759e+00 4.710822859116059469e+00 9.469922985992651476e-01 4.446902938273901151e-01 2.325425333164521824e+00 5.302125807504238786e+00 5.302125807504238786e+00 5.302125807504238786e+00 5.302125807504238786e+00
-1.006933631392825035e+01 -7.848568628137940983e+00 -6.594416143268348129e+00 -4.909077083078935644e+00 -2.375336721178120669e+00 -3.046199052289588760e+00 1.813849672897682730e-01 3.016382367426263755e+00 3.315626453855368361e+00 5.029588239078115919e+00 3.365712053354410926e+00 -1.997725871865374980e+00 3.726957222912107293e-01 2.588619290068952417e+00 5.325212090373970142e+00 5.325212090373970142e+00 5.325212090373970142e+00 5.325212090373970142e+00
-9.421667579795030889e+00 -7.585885835413275657e+00 -5.678792843072740126e+00 -3.733084688482956270e+00 -3.059728631544957445e+00 -1.978562800175293290e+00 1.567135256592647075e+00 3.101441985855782235e+00 3.589124553900105319e+00 5.593209725536121724e+00 4.476446244932509977e+00 -9.441830589790206618e-01 9.979869080730165987e-01 2.616753693625195609e+00 5.258403223232745560e+00 5.258403223232745560e+00 5.258403223232745560e+00 5.258403223232745560e+00
-9.057253029323101501e+00 -6.910283259614294238e+00 -4.782124209279835725e+00 -2.470751134740333921e+00 -3.087693441549355988e+00 -1.585124112899172211e-01 3.054414461681825177e+00 3.043138942637773958e+00 4.123901299149128619e+00 6.226525781068842136e+00 6.095149324675126934e+00 1.917293006074232808e+00 6.418978054714477022e-01 2.714238852799812918e+00 5.191927313654342235e+00 5.191927313654342235e+00 5.191927313654342235e+00 5.191927313654342235e+00
-8.623923994169091500e+00 -6.387493403158019944e+00 -4.168104956725760424e+00 -1.819715776708143329e+00 -2.520846639670936806e+00 9.903804728353042819e-01 3.153165975595042525e+00 3.274242913375020159e+00 4.197904063333819380e+00 5.086999260875112228e+00 4.637790636265913591e+00 4.759184512225150598e+00 3.745613431615510525e+00 3.321662270585470367e+00 5.413070281568742814e+00 5.413070281568742814e+00 5.413070281568742814e+00 5.413070281568742814e+00
-7.815546602203747639e+00 -5.911945328009503342e+00 -3.626005887342351741e+00 -1.689569264642943214e+00 -1.373557278152587102e+00 2.403212636577624739e+00 3.524944977890986042e+00 3.882552254893167465e+00 4.095008511766192960e+00 3.267624569920602795e+00 3.341907067623150596e+00 3.209348547978271515e+00 3.995278574761710111e+00 5.170682277554754513e+00 5.305826069521383914e+00 5.305826069521383914e+00 5.305826069521383914e+00 5.305826069521383914e+00
-7.502874838018219528e+00 -6.017413998519055340e+00 -2.996148757390236561e+00 -1.723526171233680460e+00 -5.862991165827841078e-01 3.087397857685992619e+00 3.166747921717332659e+00 3.865225025246278534e+00 3.785793273465250408e+00 1.815549589751342952e+00 1.462692762686831349e+00 1.503448552312579567e+00 2.848691464158360276e+00 4.350113935306223034e+00 5.300813402815396813e+00 5.300813402815396813e+00 5.300813402815396813e+00 5.300813402815396813e+00
-8.120880776784566990e+00 -6.008258296874929627e+00 -3.145703755430721671e+00 -2.595147236382095102e+00 -4.206331822016738942e-01 3.044299425880178767e+00 3.075715884779426812e+00 4.051888398126068935e+00 3.111872930013243277e+00 1.544780476250560142e+00 -2.371432925159352723e-01 8.632908734051776278e-01 2.009564979661755846e+00 3.668525503654450404e+00 5.248782514115367448e+00 5.248782514115367448e+00 5.248782514115367448e+00 5.248782514115367448e+00
-8.127095873140792293e+00 -6.133416734380265467e+00 -3.093879362928281918e+00 -1.513861274479179064e+00 2.281987759969789087e-01 3.126252659820030644e+00 3.145775749300697921e+00 4.105299632316656400e+00 2.986523644432776514e+00 1.458136898492525146e+00 9.541134789934971328e-02 2.198736714916959822e-01 1.263219368996095326e+00 3.328255081711766206e+00 5.139592783004255594e+00 5.139592783004255594e+00 5.139592783004255594e+00 5.139592783004255594e+00
-8.161208205137041816e+00 -6.382474309403274759e+00 -3.263559550111333696e+00 -1.551310468818434707e+00 -2.388873571607924573e-01 3.222957853399104344e+00 3.235318237132301711e+00 4.162105415059530245e+00 2.774080393062497318e+00 1.178659124218400134e+00 -2.600513193388410471e+00 -1.647230755610925135e+00 1.192880429875574633e+00 3.180173167197834161e+00 5.073116873425853157e+00 5.073116873425853157e+00 5.073116873425853157e+00 5.073116873425853157e+00
-8.046226688681667127e+00 -7.005343804799057494e+00 -4.492426300748146417e+00 -2.178368183234493216e+00 -1.440207883138952649e+00 3.068771931348115878e+00 3.162593890247313411e+00 3.988126817187566342e+00 2.375279145034809858e+00 4.655805416388918982e-01 -2.656706334686758542e+00 -1.619585401130802627e+00 1.204378120625665849e+00 3.449978477618090178e+00 5.253328432387085911e+00 5.253328432387085911e+00 5.253328432387085911e+00 5.253328432387085911e+00
-8.065030664730967302e+00 -7.050299429030491893e+00 -5.088327620009010843e+00 -2.519831760957488065e+00 -2.007363704657534775e+00 9.227108221344139105e-01 3.192052712055458930e+00 3.779040444446315039e+00 2.152437834294997465e+00 -3.442445128751622452e+00 -2.781062670142665727e+00 -1.203151328640827078e+00 1.293075346267428039e+00 3.717439359336285332e+00 5.262868163293095591e+00 5.262868163293095591e+00 5.262868163293095591e+00 5.262868163293095591e+00
-7.928731206294850509e+00 -7.073195439158665110e+00 -5.419274459968303148e+00 -3.288758598747932638e+00 -2.159937424209872781e+00 -2.266688765387214755e-02 3.094503020580167352e+00 2.984768330541019310e+00 2.027691463131089389e+00 -3.994876719067377735e+00 -2.589720789047423644e+00 -7.417333699320955986e-01 1.535217759234815960e+00 3.696421055945469547e+00 5.196447983465281695e+00 5.196447983465281695e+00 5.196447983465281695e+00 5.196447983465281695e+00
-8.394652200570504874e+00 -7.632250388018655407e+00 -6.278830266824190431e+00 -4.389022174091785189e+00 -2.444764727934918724e+00 -1.960090371308442991e+00 7.637874711256587013e-01 2.785040241041099041e+00 1.411641108897362384e+00 -3.517711451783191112e+00 -1.076466547414685726e+00 1.102733151341749096e+00 1.885970616449608395e+00 4.182441350576606709e+00 5.129972073886879258e+00 5.129972073886879258e+00 5.129972073886879258e+00 5.129972073886879258e+00
-8.849740572858502574e+00 -7.866319535837539512e+00 -6.812017662789511263e+00 -5.442231048415233197e+00 -3.533017638623778378e+00 -2.408308137325818166e+00 -9.038264500016502945e-01 8.838441774065368683e-01 1.855799011570142820e+00 -4.748467635130908526e-01 -1.475984952701561714e-01 2.574704269737574380e-01 2.202170891641065609e+00 4.564267103730753838e+00 5.020782342775769180e+00 5.020782342775769180e+00 5.020782342775769180e+00 5.020782342775769180e+00
-9.124203853473616732e+00 -8.321696553728266110e+00 -7.492036723835571621e+00 -6.267944022265760751e+00 -4.830771178468848071e+00 -3.171296665852080032e+00 -2.402838814348616125e+00 -6.731048893570686087e-02 4.091639453654211112e-01 1.369946872185042519e+00 8.279243679663748912e-02 4.034184618198889405e-01 1.835497826855255310e+00 4.633037360571110597e+00 5.228929744828491266e+00 5.228929744828491266e+00 5.228929744828491266e+00 5.228929744828491266e+00
-9.400859850559299957e+00 -8.519573224674029888e+00 -7.982033694297455462e+00 -7.337508447756036389e+00 -6.150233274452678423e+00 -4.746665285486926678e+00 -2.311970642956087563e+00 -2.267547222691808084e+00 2.361967910170874874e-01 3.235616816130006401e-01 -4.246200154985191322e-02 5.547086111512627288e-02 1.341972572343761438e+00 4.096006762606894114e+00 5.228667263890731220e+00 5.228667263890731220e+00 5.228667263890731220e+00 5.228667263890731220e+00
-1.006909797661442241e+01 -9.066591457217219485e+00 -8.660827231093708889e+00 -8.261806585356074706e+00 -7.418627109109081630e+00 -6.543787500484569364e+00 -4.445147351070246167e+00 -2.245139211871673091e+00 -1.813539814293507968e+00 6.501948695627857155e-02 5.484330584961500943e-01 7.632843273971123832e-01 -1.354581254793187362e-01 4.000030806270575390e+00 5.144113452815193277e+00 5.144113452815193277e+00 5.144113452815193277e+00 5.144113452815193277e+00
-1.037136031528071101e+01 -9.903502991209096606e+00 -9.443674757987796653e+00 -8.986528004291136185e+00 -8.435497116876685908e+00 -7.343925437353711061e+00 -5.639282031382315097e+00 -3.566357397085512915e+00 -2.270283286502696285e+00 -1.432342731528339463e+00 1.086102308185984688e-01 1.273875545906597351e+00 6.970582296267154865e-01 4.394945736490507571e+00 5.077637543236788176e+00 5.077637543236788176e+00 5.077637543236788176e+00 5.077637543236788176e+00
-1.043371979926595117e+01 -1.009741833657257004e+01 -9.620223225629263908e+00 -9.242965769786229302e+00 -8.732194471249924206e+00 -7.758915973571479441e+00 -6.379652447785233882e+00 -4.736686195998469628e+00 -2.179373837623709065e+00 -2.471393106902409542e+00 -5.115546003759401383e-01 6.886476894759440137e-01 8.166719777376298950e-01 3.932362981613918951e+00 4.973605996356094572e+00 4.973605996356094572e+00 4.973605996356094572e+00 4.973605996356094572e+00
-1.048243253549349241e+01 -1.021722655152797010e+01 -9.804645576417453157e+00 -9.403856217638411508e+00 -8.971961665043325596e+00 -8.041500162106069993e+00 -6.715521298386029514e+00 -5.401654616240387341e+00 -3.423855758682403660e+00 -2.526495193776103321e+00 -1.819909538598288190e+00 -1.175375640110266490e-01 7.685255882935028149e-01 3.035985408077386705e+00 4.989979354678894197e+00 4.989979354678894197e+00 4.989979354678894197e+00 4.989979354678894197e+00
-1.051686419040592391e+01 -1.023003018675811759e+01 -9.767336892628765810e+00 -9.519730884672679139e+00 -9.011737951533335789e+00 -8.199607380247996957e+00 -6.826205528274766010e+00 -5.657178358140103391e+00 -3.954926048633925273e+00 -2.712399716269549899e+00 -2.712862376468936354e+00 -4.872710680506238123e-01 5.692820582824085207e-01 2.679516933286437030e+00 5.200858014033425292e+00 5.200858014033425292e+00 5.200858014033425292e+00 5.200858014033425292e+00
-1.047422129406029434e+01 -1.019454922398507257e+01 -9.904057817535932173e+00 -9.581782039469047163e+00 -9.118336918092539989e+00 -8.380100830326751904e+00 -7.028025079320687318e+00 -5.797256142806540780e+00 -4.897439286961155602e+00 -3.558970910725640646e+00 -2.608644077694429519e+00 -7.520357956655940868e-01 -1.165144825090532743e-01 2.664442429713973937e+00 5.134492743697814277e+00 5.134492743697814277e+00 5.134492743697814277e+00 5.134492743697814277e+00
-1.057317042444300981e+01 -1.024109376704914531e+01 -9.944491661078876277e+00 -9.598508819178883655e+00 -9.222967641278575712e+00 -8.518822237305016642e+00 -7.170281838821820131e+00 -5.765837578781463080e+00 -5.350943417009984771e+00 -3.721363289409550745e+00 -2.691707289454790430e+00 -8.039035908682292675e-01 1.943631385116142696e-01 2.268825684082880656e+00 5.078136341086291417e+00 5.078136341086291417e+00 5.078136341086291417e+00 5.078136341086291417e+00
-1.053481585850472158e+01 -1.028306381216992271e+01 -9.979406226708212202e+00 -9.671021553977414698e+00 -9.285204798646519819e+00 -8.702426878645926678e+00 -7.359830008074201402e+00 -5.728455626501284037e+00 -5.108164785718090073e+00 -3.212376124141834488e+00 -3.099257219244110573e+00 -9.852591469283966674e-01 -1.349285208216189913e-01 2.343112537223205116e+00 5.031973555405754084e+00 5.031973555405754084e+00 5.031973555405754084e+00 5.031973555405754084e+00
-1.057411373440546321e+01 -1.030517987100355271e+01 -1.002316060380448093e+01 -9.656582066798382158e+00 -9.332943230600619700e+00 -8.705940781875035839e+00 -7.437770513059113853e+00 -5.823364769481022662e+00 -5.118515309781339617e+00 -3.835884477827852912e+00 -2.799836864268316461e+00 -1.789559861337246538e+00 -2.063558030486287165e-01 2.234550136275201382e+00 4.871628655446434308e+00 4.871628655446434308e+00 4.871628655446434308e+00 4.871628655446434308e+00
-1.066654502126654158e+01 -1.029916517413676935e+01 -1.001356349090938380e+01 -9.675244266679364102e+00 -9.349591559451459588e+00 -8.774211473777723924e+00 -7.591393725247945312e+00 -5.883823819207908201e+00 -5.184609606620446343e+00 -3.855323472466717583e+00 -3.945381083762490970e+00 -2.646875986931015223e+00 -5.584343757013578990e-01 2.192377763048448891e+00 5.140553092785637546e+00 5.140553092785637546e+00 5.140553092785637546e+00 5.140553092785637546e+00
-1.069995757390134195e+01 -1.034032907528779077e+01 -1.004304672812562949e+01 -9.719133387599656615e+00 -9.393865143706912946e+00 -8.972976455872862189e+00 -7.605166424863122110e+00 -5.796998349143331453e+00 -5.327768254731245712e+00 -3.627690249576779991e+00 -3.976708078295346560e+00 -1.598497728388311723e+00 -5.722063316649159681e-01 2.215814214090711776e+00 5.109707379626470924e+00 5.109707379626470924e+00 5.109707379626470924e+00 5.109707379626470924e+00
