-1.044308870695429015e+01 -1.035869497494591407e+01 -9.968677338927387055e+00 -9.663482589387266231e+00 -9.352684432366890732e+00 -8.991556942927694251e+00 -8.409321000266970714e+00 -7.216916510500835713e+00 -4.815476782515262677e+00 -2.254991527567990595e+00 -2.135306448733790052e+00 -8.524820598378528569e-01 6.600726561703250672e-01 1.978932375492021611e+00 4.996237605842468454e+00 4.996237605842468454e+00 4.996237605842468454e+00 4.996237605842468454e+00
-1.037396497500492920e+01 -1.012574737182343299e+01 -9.987643468922902557e+00 -9.831294050752187985e+00 -9.518271442548215333e+00 -8.950573133192520459e+00 -8.182413847482282065e+00 -6.926127514559260234e+00 -4.278774208017185998e+00 -2.924773046075471949e+00 -2.105641788939781378e+00 -3.488492541739349750e-01 9.379140110150915310e-01 2.094780236310439747e+00 5.138842181160028666e+00 5.138842181160028666e+00 5.138842181160028666e+00 5.138842181160028666e+00
-1.036314522386934556e+01 -1.004711575270102308e+01 -9.786727519981814893e+00 -9.820085239314620296e+00 -9.707924602105270750e+00 -9.151810952256198561e+00 -8.150642085481210941e+00 -6.843106824988844927e+00 -3.122644238344839618e+00 -3.004005471412145134e+00 -1.107454794583652813e+00 -1.151134215267990979e-01 6.064499403451075743e-01 1.997949810194310949e+00 5.126518558792185765e+00 5.126518558792185765e+00 5.126518558792185765e+00 5.126518558792185765e+00
-1.038370428423107583e+01 -1.031970670871679907e+01 -9.879349609849649383e+00 -9.291171623519181466e+00 -9.228746962623571193e+00 -9.228579030581187226e+00 -8.223139121485001368e+00 -6.535664703375739570e+00 -2.704006989993720467e+00 -2.827353825745915206e+00 -5.943879646442172815e-01 -1.459847841928925971e-01 6.771319146855782067e-01 2.248505624761264698e+00 4.714708075015258792e+00 4.714708075015258792e+00 4.714708075015258792e+00 4.714708075015258792e+00
-1.055761217012007336e+01 -1.033437444540562211e+01 -9.924100735221937697e+00 -9.634415470568489681e+00 -9.064519712643814842e+00 -8.658040383364582482e+00 -8.238908970345692140e+00 -5.483502277984307227e+00 -3.093024926391809704e+00 -3.178421089542785793e+00 -2.152873769160165429e-01 4.224676262610809752e-01 2.015366352497846680e+00 2.352478907433172672e+00 4.672665959091135690e+00 4.672665959091135690e+00 4.672665959091135690e+00 4.672665959091135690e+00
-1.040631559978298171e+01 -9.999617626418700667e+00 -1.015958979945848029e+01 -9.893420235321229939e+00 -9.364339846528665134e+00 -8.646751303072758077e+00 -7.689921084381817096e+00 -3.797535185328647866e+00 -3.806841753378537696e+00 -1.895968816079284025e+00 -2.639768878706091892e-01 2.859942591068248552e-01 1.282888313705423888e+00 2.148997748865786761e+00 4.394381959758911549e+00 4.394381959758911549e+00 4.394381959758911549e+00 4.394381959758911549e+00
-1.047312419821573393e+01 -1.029283240717980696e+01 -9.971989120970551568e+00 -9.852724629367749287e+00 -9.348286739506106002e+00 -8.588291459952158036e+00 -7.407085431369305084e+00 -2.674699946166810616e+00 -3.764393506560856029e+00 -5.938059560794661795e-01 3.505937410935202614e-01 1.846622720428745534e+00 1.591947504828941318e+00 3.343861073590764121e+00 5.456996720286941382e+00 5.456996720286941382e+00 5.456996720286941382e+00 5.456996720286941382e+00
-1.046272699480159574e+01 -1.009359692845065304e+01 -1.000388482233167764e+01 -9.786317881575534727e+00 -9.238597594706254412e+00 -8.280723813515855625e+00 -4.892157558882819224e+00 -3.362149719529526237e+00 -2.926090626283489371e+00 1.094565148499814650e-01 1.471255094400904628e+00 1.993004156398622051e+00 1.864690624590720658e+00 4.341959342014047429e+00 5.261892770147839293e+00 5.261892770147839293e+00 5.261892770147839293e+00 5.261892770147839293e+00
-1.040466606314736353e+01 -1.017790103541817714e+01 -9.532008447900597758e+00 -9.086100863043309772e+00 -8.267802045025874236e+00 -6.952300919123263867e+00 -3.377873410098212403e+00 -3.995407694170640678e+00 -1.100770804568398820e+00 9.933454689421947759e-01 2.062231334239488234e+00 2.732002453608244785e+00 3.424232557480180184e+00 4.759850433965858940e+00 5.286467090258583745e+00 5.286467090258583745e+00 5.286467090258583745e+00 5.286467090258583745e+00
-1.043514175999674798e+01 -1.004310237644737747e+01 -9.517999031778185071e+00 -8.428062301580348858e+00 -7.406188639082093239e+00 -5.341831274263542539e+00 -2.489517400014002124e+00 -3.509924626780242196e+00 5.778291231466669425e-02 2.150302072073928095e+00 2.999287628091960922e+00 3.475903539757841720e+00 4.902301264560533056e+00 4.976776952946120325e+00 5.567451082536146068e+00 5.567451082536146068e+00 5.567451082536146068e+00 5.567451082536146068e+00
-1.022482789969003747e+01 -9.498885835540615830e+00 -8.885042671742297671e+00 -8.382855201074647766e+00 -6.847147683928947792e+00 -3.510784187434721204e+00 -4.087215365157263136e+00 -1.283100041851905182e+00 1.107949113590184886e+00 3.111666755896766112e+00 3.047462916008615963e+00 4.580351731164922668e+00 2.907302107064338337e+00 2.215463576403066348e+00 5.404757216694858535e+00 5.404757216694858535e+00 5.404757216694858535e+00 5.404757216694858535e+00
-9.888449625433239021e+00 -9.034171745453711821e+00 -8.191956739265224385e+00 -7.623975796363628987e+00 -5.207013720513681498e+00 -2.395838411947943669e+00 -3.310767352156945620e+00 1.841698313691630395e-01 2.992284316655632104e+00 3.113691760159348121e+00 4.461142054707313065e+00 3.758726631257977235e+00 2.016983276745860643e+00 2.501076659441719752e+00 5.849066474373260327e+00 5.849066474373260327e+00 5.849066474373260327e+00 5.849066474373260327e+00
-9.510235883929922807e+00 -8.555360541203118174e+00 -7.744608119278098890e+00 -6.172042200029245862e+00 -3.735640097280538363e+00 -3.558500001568471571e+00 -1.945193415505409584e+00 1.805899259915020760e+00 3.202242787259745427e+00 4.028516104849542145e+00 4.702532025541414029e+00 1.404035027540501801e+00 4.707617841306226958e-01 2.317746123614057741e+00 5.700890818215363254e+00 5.700890818215363254e+00 5.700890818215363254e+00 5.700890818215363254e+00
-1.006540868835976354e+01 -7.837828948685821473e+00 -6.622866532522516891e+00 -4.951584514218453137e+00 -2.336962211988997229e+00 -3.100612444235074427e+00 7.542500402037456697e-02 2.996734688201989627e+00 3.289903563537662112e+00 5.065875863697881343e+00 3.362245047544435650e+00 -2.031743545830603015e+00 3.665983049376626002e-01 2.571461419877702603e+00 5.640068305195780951e+00 5.640068305195780951e+00 5.640068305195780951e+00 5.640068305195780951e+00
-9.424328526558992891e+00 -7.580788841871955341e+00 -5.684963581771898866e+00 -3.946415841815062109e+00 -2.805063473470457147e+00 -2.098685938279188701e+00 1.350417069430726702e+00 3.083886314899337844e+00 3.573797441455383250e+00 5.568618731784113152e+00 4.442029647370352663e+00 -9.335301757896884434e-01 1.000769955220987439e+00 2.600036542643793247e+00 5.497996865788202570e+00 5.497996865788202570e+00 5.497996865788202570e+00 5.497996865788202570e+00
-9.104831054782142274e+00 -6.910095284975517060e+00 -4.832478401860063499e+00 -2.653720246454163156e+00 -2.988167312681084375e+00 -3.473800371816805344e-01 3.019290273690982573e+00 3.022877781861827540e+00 4.104034453771076230e+00 6.296152021682615896e+00 6.082609854198510746e+00 1.865498292976296213e+00 6.467548082111598262e-01 2.698310204960586045e+00 5.399359204846072124e+00 5.399359204846072124e+00 5.399359204846072124e+00 5.399359204846072124e+00
-8.645288615482307648e+00 -6.441864846657940014e+00 -4.200513724311138120e+00 -1.822365887368923243e+00 -2.614149937722713091e+00 7.305053551301854409e-01 3.165480272812230211e+00 3.258532236727456954e+00 4.199500325369795561e+00 5.092320741220238922e+00 4.610739631592555732e+00 4.755737748258141551e+00 3.755472018874135287e+00 3.328104070063758968e+00 5.752489858487854768e+00 5.752489858487854768e+00 5.752489858487854768e+00 5.752489858487854768e+00
-7.830096949219627511e+00 -5.947844772685831671e+00 -3.777311193564544034e+00 -1.643214860701090352e+00 -1.559583209589274544e+00 2.270280436775100608e+00 3.518516631294974495e+00 3.869552604213624569e+00 4.104933265459020930e+00 3.218648877332879188e+00 3.294646455014591080e+00 3.183736181637208951e+00 4.022762628962862408e+00 5.125235215159403168e+00 5.679932110664406508e+00 5.679932110664406508e+00 5.679932110664406508e+00 5.679932110664406508e+00
-7.506094270354935816e+00 -6.046319784943134046e+00 -3.055144705025529817e+00 -1.634713362320962426e+00 -1.030191516190985368e+00 3.068644596830254923e+00 3.153468628091479431e+00 3.861061548906924212e+00 3.781900389897978609e+00 1.805521612042271018e+00 1.472888057603753298e+00 1.506172280102904715e+00 2.878254510482775697e+00 4.341434939822327976e+00 5.563952400329496228e+00 5.563952400329496228e+00 5.563952400329496228e+00 5.563952400329496228e+00
-8.196574686346764338e+00 -6.050765224312648627e+00 -3.145943978665100449e+00 -2.680164266852402388e+00 -8.431313040060862685e-01 3.051859511418743676e+00 3.071026495829847214e+00 4.049705786354270032e+00 3.099013567916127254e+00 1.554459973464609623e+00 -3.580199426715573452e-01 8.546753525482555514e-01 2.009962060077929991e+00 3.663244489447907259e+00 5.471413748202678562e+00 5.471413748202678562e+00 5.471413748202678562e+00 5.471413748202678562e+00
-8.165269280864659862e+00 -6.119733246774886837e+00 -3.096465292372409195e+00 -1.579161299669537000e+00 -1.899035915792658125e-01 3.129470554045138186e+00 3.132366790692036052e+00 4.093737392487357241e+00 2.983661710630258312e+00 1.430692867061150730e+00 1.630359112180072845e-02 2.222347730056024040e-01 1.265254498666732674e+00 3.348314243557812375e+00 5.311448166230040790e+00 5.311448166230040790e+00 5.311448166230040790e+00 5.311448166230040790e+00
-8.233257798809495043e+00 -6.387207739904718018e+00 -3.337244745868388041e+00 -1.547006846200400521e+00 -4.866354547370778105e-01 3.260410329612083213e+00 3.232180449755818863e+00 4.155824854467023322e+00 2.780280902489889794e+00 1.190362823055720387e+00 -2.581059572450518758e+00 -1.636225526480074688e+00 1.197417263550463629e+00 3.200633072363158860e+00 5.212810505287910345e+00 5.212810505287910345e+00 5.212810505287910345e+00 5.212810505287910345e+00
-8.023401626771226702e+00 -7.074011511120102291e+00 -4.553034695266120480e+00 -1.884331361761399037e+00 -1.769148752121075585e+00 2.971678718422155807e+00 3.170456167476023879e+00 3.983193699122304032e+00 2.374036594392491928e+00 3.436147354294216694e-01 -2.719175027685288626e+00 -1.606954818793243867e+00 1.202176139895110074e+00 3.429195668921021678e+00 5.548659008482794697e+00 5.548659008482794697e+00 5.548659008482794697e+00 5.548659008482794697e+00
-8.052711454007262404e+00 -7.099618643423228903e+00 -5.132327560954773382e+00 -2.780567119985740021e+00 -1.895929577169893410e+00 5.160219294112676769e-01 3.178426244218321983e+00 3.792303485439172839e+00 2.124773660911537299e+00 -3.172301998015204294e+00 -2.772359923799430526e+00 -1.246984281660871385e+00 1.277649605084176354e+00 3.717259817983217030e+00 5.482116840189638296e+00 5.482116840189638296e+00 5.482116840189638296e+00 5.482116840189638296e+00
-7.931526840304712778e+00 -7.087299624297772382e+00 -5.354799506083979921e+00 -3.505937078211039282e+00 -1.736163792445882370e+00 -4.005782725802271571e-01 3.013323747805937813e+00 3.006166701808244746e+00 2.021006975528030214e+00 -3.955239046318186791e+00 -2.486523123098831167e+00 -7.518722562990454161e-01 1.527122612107308264e+00 3.713545972855030630e+00 5.383502709586647228e+00 5.383502709586647228e+00 5.383502709586647228e+00 5.383502709586647228e+00
-8.401329096637024207e+00 -7.602486463215425871e+00 -6.268791541577477311e+00 -4.391133078472869045e+00 -2.766189634457139501e+00 -2.144045503734755442e+00 5.865456091312395426e-01 2.762285780503328958e+00 1.388790890235886977e+00 -3.474540601899568149e+00 -6.289919323108806859e-01 1.073563094679667929e+00 1.873911565573381566e+00 4.164719005382646166e+00 5.284865048644518559e+00 5.284865048644518559e+00 5.284865048644518559e+00 5.284865048644518559e+00
-8.846119329882531801e+00 -7.931367733792429320e+00 -6.821076237954088128e+00 -5.429595811647098813e+00 -3.469942500626510107e+00 -2.410457250892753311e+00 -1.278815449450946717e+00 1.104535327011375356e+00 1.825425718395619956e+00 -4.571891831778609472e-01 6.337474523773417578e-02 2.995526326087640800e-01 2.179038645537106689e+00 4.559367484985836327e+00 5.124899466671880788e+00 5.124899466671880788e+00 5.124899466671880788e+00 5.124899466671880788e+00
-9.133937910993541465e+00 -8.326830132546787056e+00 -7.473716649073634422e+00 -6.319319235960044523e+00 -4.874275963726905303e+00 -3.174026634624643517e+00 -2.487827498921768132e+00 -3.367482900141058333e-02 7.396547740816395988e-01 1.312221900612344561e+00 3.833965267556140033e-02 3.944843412298837948e-01 1.823990882475513553e+00 4.667414191222524877e+00 5.472543103616506421e+00 5.472543103616506421e+00 5.472543103616506421e+00 5.472543103616506421e+00
-9.388169463507837875e+00 -8.507686428906515275e+00 -7.991527922536199924e+00 -7.318492439464670873e+00 -6.175842559330808612e+00 -4.765092526366752956e+00 -2.279113632505015641e+00 -2.233016041918297834e+00 3.189726470694229099e-01 5.395794788445046342e-01 -5.020789672806670323e-01 2.629295909563429678e-02 1.288722804655732856e+00 4.094025794030191179e+00 5.445155420039337280e+00 5.445155420039337280e+00 5.445155420039337280e+00 5.445155420039337280e+00
-1.007950778379878365e+01 -9.083390553326971428e+00 -8.664006235877199202e+00 -8.253701737565442897e+00 -7.429336223617909241e+00 -6.524098371081668013e+00 -4.417218635147032835e+00 -2.317066912891112107e+00 -1.851208238578810894e+00 3.388746695264921449e-01 3.782511137900088638e-01 7.366137038926900971e-01 -1.365334427932463901e-01 3.992439406913272038e+00 5.295591670970614118e+00 5.295591670970614118e+00 5.295591670970614118e+00 5.295591670970614118e+00
-1.034226497346522322e+01 -9.915072569200249930e+00 -9.421344164481405770e+00 -9.016094811401288212e+00 -8.427874307028227818e+00 -7.365047878628874223e+00 -5.628731510240076119e+00 -3.491244052147290056e+00 -2.344113385041152409e+00 -8.727279421037413831e-01 2.536555954492696885e-01 1.273803335443992601e+00 5.980771559466784293e-01 4.400744343793448365e+00 5.196954010028480120e+00 5.196954010028480120e+00 5.196954010028480120e+00 5.196954010028480120e+00
-1.047257413855713715e+01 -1.011247152958790885e+01 -9.633076046293517436e+00 -9.245378867724662442e+00 -8.740254591426378283e+00 -7.755246933897810280e+00 -6.366596815298629863e+00 -4.723711048340152985e+00 -2.193505892036897720e+00 -2.291582687395181672e+00 -2.120046439362643920e-02 7.250817527597612777e-01 7.537314978777228669e-01 3.912013192754713931e+00 5.047113752656290586e+00 5.047113752656290586e+00 5.047113752656290586e+00 5.047113752656290586e+00
-1.052247282774399828e+01 -1.021162743070503254e+01 -9.788149520642084767e+00 -9.373592562775447945e+00 -8.930179725129699264e+00 -8.031334182717875692e+00 -6.709194271051581282e+00 -5.389661797828013690e+00 -3.430652565261286924e+00 -2.317958909605194684e+00 -1.523875981066378227e+00 -1.299346592241152343e-01 7.371162413590154339e-01 3.046305844918761885e+00 5.111106136112812059e+00 5.111106136112812059e+00 5.111106136112812059e+00 5.111106136112812059e+00
-1.050710390348569589e+01 -1.025042008816666694e+01 -9.747762540352670868e+00 -9.519991158743456694e+00 -8.997568032016435069e+00 -8.169881400482637446e+00 -6.826650161968476738e+00 -5.679510145755724437e+00 -4.065587267618976597e+00 -2.876398749184916781e+00 -2.827136354843946542e+00 -1.033563750465532893e-01 6.014590113971253205e-01 2.667903285575732752e+00 5.367599499980256539e+00 5.367599499980256539e+00 5.367599499980256539e+00 5.367599499980256539e+00
-1.046979582609201032e+01 -1.021864877495833923e+01 -9.911184521951906135e+00 -9.594173886169016896e+00 -9.114267514273043602e+00 -8.403963300754645260e+00 -7.028833351172119492e+00 -5.792826952134788598e+00 -4.904844161193434360e+00 -3.452620143364562022e+00 -2.720148018648570254e+00 -6.509217288096155185e-01 2.995370063527981186e-01 2.679536714692265065e+00 5.269008553385081228e+00 5.269008553385081228e+00 5.269008553385081228e+00 5.269008553385081228e+00
-1.058497379857719167e+01 -1.023946343183678209e+01 -9.959710709188851041e+00 -9.611004485277275577e+00 -9.220632099661258962e+00 -8.535380007662629609e+00 -7.178423852036835306e+00 -5.754287160970824822e+00 -5.297276529936103984e+00 -3.687382002814088899e+00 -2.538398000788108622e+00 -8.887914716270313154e-01 1.791852816837358198e-02 2.262900698332673155e+00 5.212752838467196170e+00 5.212752838467196170e+00 5.212752838467196170e+00 5.212752838467196170e+00
-1.052998892210429105e+01 -1.026620422658628762e+01 -9.969407445010022073e+00 -9.667042143714867919e+00 -9.264104809151312736e+00 -8.676018809860693182e+00 -7.353705157648399826e+00 -5.746332324025814842e+00 -5.073432540685669068e+00 -3.141978285077881239e+00 -3.114992541395753989e+00 -1.082448310423597349e+00 -8.517814957795144526e-02 2.356726459362723070e+00 5.153989087398644919e+00 5.153989087398644919e+00 5.153989087398644919e+00 5.153989087398644919e+00
-1.055388284546753397e+01 -1.031121468139101438e+01 -1.002543034200899186e+01 -9.665265151607870919e+00 -9.351928251207439757e+00 -8.715227363240924063e+00 -7.443029075691560692e+00 -5.830506764424111310e+00 -5.114231401983150072e+00 -3.768309061300567198e+00 -2.687248926897825019e+00 -1.747562401299786572e+00 -1.204324963043126306e-01 2.258953089131477299e+00 4.893607803612869844e+00 4.893607803612869844e+00 4.893607803612869844e+00 4.893607803612869844e+00
-1.066567061902442326e+01 -1.029956128840877128e+01 -1.001116278399981141e+01 -9.681648687264569730e+00 -9.323683382756112081e+00 -8.769031318346781845e+00 -7.577534640921207654e+00 -5.882442288859125235e+00 -5.152513808073432955e+00 -3.866946148128486804e+00 -3.953515895089569909e+00 -2.487962083318369544e+00 -7.570661609296397421e-01 2.171725511412045950e+00 5.263872413431691655e+00 5.263872413431691655e+00 5.263872413431691655e+00 5.263872413431691655e+00
-1.069048997266413892e+01 -1.035002688358449952e+01 -1.002376388997078394e+01 -9.716780725151092923e+00 -9.384049010988020356e+00 -8.956287856329151253e+00 -7.608916066674188627e+00 -5.803564998738152347e+00 -5.300329519469059392e+00 -3.640407196422938529e+00 -3.937078123261739115e+00 -1.673005606691447156e+00 -6.434758240140419083e-01 2.210451152742409775e+00 5.235175508423620450e+00 5.235175508423620450e+00 5.235175508423620450e+00 5.235175508423620450e+00
