-1.044573911780370423e+01 -1.035385967503830251e+01 -1.002384312104644870e+01 -9.691042861684149301e+00 -9.411344668026579541e+00 -9.026571996796288744e+00 -8.322532824866627266e+00 -7.268405783337509973e+00 -4.812423535507281969e+00 -3.313520503335551481e+00 -1.721935986859796319e+00 -1.364548174634129696e+00 5.088731435372885192e-01 1.830975882202664273e+00 4.950001327067689694e+00 4.950001327067689694e+00 4.950001327067689694e+00 4.950001327067689694e+00
-1.040860970006191621e+01 -1.017690910625501033e+01 -1.004101892326714562e+01 -9.882279433336737640e+00 -9.482414846214219040e+00 -9.007775394369835098e+00 -8.253651420381929782e+00 -6.957539936776257150e+00 -4.600598944515034816e+00 -2.461076614730934864e+00 -2.328640725408881007e+00 -1.956850555639623734e-01 4.934188087198669859e-01 2.056858260692225215e+00 4.889564148291500878e+00 4.889564148291500878e+00 4.889564148291500878e+00 4.889564148291500878e+00
-1.039278999873080167e+01 -1.004999977843701053e+01 -9.718802867594586559e+00 -9.762645827898175810e+00 -9.622203850561778182e+00 -9.099233314085971358e+00 -8.218062151464870624e+00 -6.946116142643818492e+00 -4.297165705850400919e+00 -2.012683486496203322e+00 -2.854807677129154175e+00 1.915587592420730512e-01 -7.987053883614154970e-02 2.071168163685944918e+00 4.996346698095420535e+00 4.996346698095420535e+00 4.996346698095420535e+00 4.996346698095420535e+00
-1.029351448396094604e+01 -1.025621552320423469e+01 -9.967656369610214284e+00 -9.357935400391607317e+00 -9.209163610558665169e+00 -9.067358293341936104e+00 -8.231117791848479470e+00 -6.804392513611034587e+00 -3.427092477576360707e+00 -2.344205771498507396e+00 -1.715315322873272930e+00 -1.502518736580110148e-01 5.763476111854279882e-01 2.293468547469430519e+00 4.723094005351796909e+00 4.723094005351796909e+00 4.723094005351796909e+00 4.723094005351796909e+00
-1.053540849574240923e+01 -1.029866302040449000e+01 -9.924022650236420162e+00 -9.624670235422961184e+00 -9.096800029877799787e+00 -8.662555181772948032e+00 -8.093947733414836421e+00 -6.064956510873260598e+00 -2.890960950712362809e+00 -3.140200879009248602e+00 -5.238352229027916085e-01 7.596540086572060868e-02 1.452524380082134581e+00 2.388962814281350155e+00 4.625192682933004562e+00 4.625192682933004562e+00 4.625192682933004562e+00 4.625192682933004562e+00
-1.046498226146971433e+01 -9.990175622523741694e+00 -1.020399215314953523e+01 -9.947325739885505058e+00 -9.357821971497685354e+00 -8.679558598792919355e+00 -7.860500596160637343e+00 -5.193351165569183081e+00 -2.510274830365784915e+00 -2.572541362870676807e+00 -1.824055838547218589e-01 6.199698243546435394e-01 1.188128808491938804e+00 2.167197992916954252e+00 4.449700019214158253e+00 4.449700019214158253e+00 4.449700019214158253e+00 4.449700019214158253e+00
-1.052196444125256036e+01 -1.037046520828447527e+01 -1.000383569511699022e+01 -9.822333835958403370e+00 -9.361332331106385851e+00 -8.693762861814615661e+00 -7.652463556655202837e+00 -3.646045474013282828e+00 -3.221721638040954794e+00 -1.078775055380276182e+00 2.178446033061006704e-01 1.555944510473676434e+00 1.572125038466868130e+00 3.345724413588039958e+00 4.215358359442332059e+00 4.215358359442332059e+00 4.215358359442332059e+00 4.215358359442332059e+00
-1.055587600689716865e+01 -1.012658615167170240e+01 -1.000454804875464987e+01 -9.830642323032364516e+00 -9.235955528875924969e+00 -8.327534578732731063e+00 -5.773927748015774242e+00 -2.343142093085844202e+00 -2.827008891549394942e+00 2.170489549296622522e-01 1.515914255933739296e+00 2.036276357440239604e+00 1.747768976651184358e+00 4.323204397294616363e+00 4.894491634639876132e+00 4.894491634639876132e+00 4.894491634639876132e+00 4.894491634639876132e+00
-1.044898012010177979e+01 -1.027208102744114626e+01 -9.614209292154527020e+00 -9.048756641506747300e+00 -8.234430807945930297e+00 -7.037284591919166665e+00 -3.937895207075585713e+00 -3.205901332500906697e+00 -1.018263543909794677e+00 9.037006473908120174e-01 2.070902708143606219e+00 2.733156448885968093e+00 3.437698596929196881e+00 4.752264993964694817e+00 4.865668288140242659e+00 4.865668288140242659e+00 4.865668288140242659e+00 4.865668288140242659e+00
-1.023365716405450598e+01 -1.008826455079397988e+01 -9.533689290291697205e+00 -8.581811704074807423e+00 -7.436999592107151003e+00 -5.126442242135337501e+00 -2.385504845108307403e+00 -3.054908453022765258e+00 -1.169458932474289198e-01 2.065759723782155444e+00 3.118264534914060526e+00 3.471586176907284660e+00 4.969113253521846296e+00 4.964919825052304780e+00 5.103720197586112839e+00 5.103720197586112839e+00 5.103720197586112839e+00 5.103720197586112839e+00
-1.017132549270227848e+01 -9.451056981958529946e+00 -8.797187154018011768e+00 -8.558758600040304643e+00 -6.793952209680005794e+00 -3.409318030853308645e+00 -3.426502553993011624e+00 -7.790715167720356771e-01 1.919334160719399884e+00 3.121028435918837829e+00 3.124618374604735571e+00 4.601129519634973519e+00 3.034041714834859960e+00 2.280596548993431671e+00 5.345168334507517827e+00 5.345168334507517827e+00 5.345168334507517827e+00 5.345168334507517827e+00
-9.945614510829894783e+00 -9.084836679283757377e+00 -8.198686156641286971e+00 -7.620833160403670092e+00 -4.864143315861437777e+00 -2.543052142094674561e+00 -2.698048249749840366e+00 8.204659089308587172e-02 2.894372429857995144e+00 3.149182093868116095e+00 4.431290817789091285e+00 3.773105997617746787e+00 1.493712950743641965e+00 2.496586777000349144e+00 5.023244132863858624e+00 5.023244132863858624e+00 5.023244132863858624e+00 5.023244132863858624e+00
-9.595205216417836525e+00 -8.582511915528591828e+00 -7.626693153444224826e+00 -5.999915515061809757e+00 -3.269730646012718900e+00 -3.408190186484825634e+00 -2.863212138597147072e-01 3.072605157554432864e+00 3.244619862876553462e+00 4.080780105771411925e+00 4.744677805238463719e+00 -3.130148628800200755e-02 4.867163960573863135e-01 2.407399391552790480e+00 4.731832092283668523e+00 4.731832092283668523e+00 4.731832092283668523e+00 4.731832092283668523e+00
-1.016187753461312404e+01 -7.973449547355246025e+00 -6.508886184660257257e+00 -4.468582927525774906e+00 -2.577936660037456917e+00 -2.357176482624568692e+00 1.150302016860419663e+00 3.120976050267403323e+00 3.320082726372282966e+00 5.013153746738987948e+00 3.346753716706766024e+00 -1.877473612145726056e+00 3.401112693949757126e-01 2.602970605038200436e+00 4.763813224684921188e+00 4.763813224684921188e+00 4.763813224684921188e+00 4.763813224684921188e+00
-9.426606118965096925e+00 -7.480105263404613680e+00 -5.311301214369344770e+00 -3.204836375046547836e+00 -2.889747057763340621e+00 -1.157231304801316918e-01 3.102505296467001017e+00 3.148955501465589002e+00 3.669217914612432185e+00 5.628589142861192940e+00 4.500938203094749568e+00 -9.301391483840830698e-01 9.191105468817046820e-01 2.710003589090649534e+00 4.889778707860974905e+00 4.889778707860974905e+00 4.889778707860974905e+00 4.889778707860974905e+00
-9.119758873828480716e+00 -6.836247120901517427e+00 -4.328039494511342511e+00 -2.113053630387643267e+00 -2.014361750871404233e+00 9.078363889461620317e-01 3.017183837124064461e+00 3.102072388876639941e+00 4.198295560211978028e+00 6.193048583852474920e+00 6.172595669965380338e+00 1.927417629663853660e+00 5.404498386119125364e-01 2.725077889948225973e+00 4.840652556389664518e+00 4.840652556389664518e+00 4.840652556389664518e+00 4.840652556389664518e+00
-8.784512144144027701e+00 -6.049093842435324220e+00 -3.715021568546672093e+00 -2.463296447414890178e+00 -7.052710693646622175e-01 2.961465046930471523e+00 3.226507477158353510e+00 3.346235813949628657e+00 4.246062276049764606e+00 5.066742317744881596e+00 4.664619895832053942e+00 4.723783623793404551e+00 3.594407759642884503e+00 3.381038061411558271e+00 5.023454167193282416e+00 5.023454167193282416e+00 5.023454167193282416e+00 5.023454167193282416e+00
-7.795312809658857311e+00 -5.683416911873214517e+00 -3.246048877244941622e+00 -2.360582461732732451e+00 -1.353884804819499299e-01 2.704883562902463012e+00 3.549272832375362174e+00 3.910325107751889462e+00 4.094079071381950818e+00 3.256543259710497740e+00 3.310275823327748945e+00 3.176167158972828641e+00 3.956620651522456011e+00 5.115370252228260028e+00 4.817192094813647074e+00 4.817192094813647074e+00 4.817192094813647074e+00 4.817192094813647074e+00
-7.427732138796104167e+00 -5.850806483032938488e+00 -2.909204033253632637e+00 -1.698670761462432344e+00 -9.651662682207072519e-02 3.089915567148851849e+00 3.120520408292240422e+00 3.912276149553877147e+00 3.802481751460454973e+00 1.738603215708306893e+00 1.390926277925533139e+00 1.460802579731627748e+00 2.821251936628184076e+00 4.337813897412868158e+00 4.670497345038715054e+00 4.670497345038715054e+00 4.670497345038715054e+00 4.670497345038715054e+00
-8.187374881530129045e+00 -5.843702974712681630e+00 -2.640302131583741385e+00 -1.319962480130549398e+00 1.415215420348829412e+00 3.058175725747008578e+00 3.134197127508781211e+00 4.087632230158309454e+00 3.233798913123204777e+00 1.543862484851720840e+00 -6.938247367940962862e-01 8.586911046746343867e-01 1.982014760319633417e+00 3.639958795355184851e+00 4.752148236750493915e+00 4.752148236750493915e+00 4.752148236750493915e+00 4.752148236750493915e+00
-8.126764879265287789e+00 -5.767160821715839880e+00 -2.945966927777044830e+00 -1.488201942927509958e+00 1.407150734688239924e+00 3.131982969012030438e+00 3.236026300552611978e+00 4.083739366770570811e+00 2.992358608543685961e+00 1.451723418907475693e+00 -1.932255242255958572e-01 1.242115978973612062e-01 1.270717774485393914e+00 3.314610753531215703e+00 4.708859916152525749e+00 4.708859916152525749e+00 4.708859916152525749e+00 4.708859916152525749e+00
-8.208164022620890066e+00 -6.135190817476099845e+00 -3.523328345186027111e+00 -1.868348823932606706e+00 6.858349673416995473e-03 3.204641302072748221e+00 3.254532645724440343e+00 4.204598811057757679e+00 2.750728886963264230e+00 1.179004812311415851e+00 -2.724661538968983443e+00 -1.635270539408054891e+00 1.240470940984854442e+00 3.156535432562677990e+00 4.659733764681218027e+00 4.659733764681218027e+00 4.659733764681218027e+00 4.659733764681218027e+00
-8.097973448594952828e+00 -6.859084027460474964e+00 -3.728974183541100995e+00 -2.492439333826647285e+00 -2.290081829822787352e-01 3.173194197898949298e+00 3.243839328771237263e+00 4.013756069219843958e+00 2.364109490235511313e+00 1.864896766903328673e-01 -2.666654771931290746e+00 -1.612236265973236993e+00 1.270830879506222644e+00 3.482803889476342896e+00 4.854904632768930028e+00 4.854904632768930028e+00 4.854904632768930028e+00 4.854904632768930028e+00
-8.115396593226952504e+00 -7.068996941711142235e+00 -4.615187505583884686e+00 -2.418624401342337471e+00 -6.231016192923711783e-01 2.454501773560363365e+00 3.223016291019139778e+00 3.748807937006803037e+00 2.166464249861545621e+00 -3.492259197507667778e+00 -2.926115874257583904e+00 -1.323909659873560463e+00 1.310391448595681130e+00 3.695811675492057802e+00 4.597224947221087099e+00 4.597224947221087099e+00 4.597224947221087099e+00 4.597224947221087099e+00
-7.835830020761495263e+00 -7.193350517859114390e+00 -5.248143825489515635e+00 -3.217912585469216324e+00 -1.219885250889778394e+00 7.791076541464978522e-01 3.214623671748965350e+00 3.001516394578372715e+00 2.011633153486051206e+00 -4.099161907061817267e+00 -2.651243329896993739e+00 -6.851276117343770844e-01 1.572908474120205735e+00 3.737379441116568835e+00 4.639135820516321118e+00 4.639135820516321118e+00 4.639135820516321118e+00 4.639135820516321118e+00
-8.454757728509951775e+00 -7.712784255790869459e+00 -6.251015892621502701e+00 -4.064077412205330475e+00 -2.511412212886324102e+00 -8.019496332906681513e-01 9.141151462142759199e-01 2.842446352566372347e+00 1.393449287060775088e+00 -3.730861613736291105e+00 -1.983588517888287939e+00 1.088863974978778515e+00 1.852608367619844376e+00 4.175465931931202412e+00 4.590009669045019614e+00 4.590009669045019614e+00 4.590009669045019614e+00 4.590009669045019614e+00
-8.917865375824380436e+00 -7.864463620042952741e+00 -6.842024654924754756e+00 -5.235692649612410321e+00 -3.442191602040538978e+00 -1.676782627022645134e+00 -7.744661536309458416e-01 -6.577744964044416331e-01 2.044780227097384273e+00 -8.716941653251271127e-01 -4.407715627872697550e-01 -4.258056078219929486e-02 2.134134002673600428e+00 4.521131451694724745e+00 4.527941124444094356e+00 4.527941124444094356e+00 4.527941124444094356e+00 4.527941124444094356e+00
-9.099580910754404783e+00 -8.387076232690557021e+00 -7.520601554999320371e+00 -6.102076137837041614e+00 -4.508220485771325059e+00 -3.154561989455975990e+00 -1.623666018373172371e+00 -1.114493298519253495e+00 -4.680158094896081367e-01 1.404211783605735064e+00 -4.282089621391837464e-01 2.099587581770670786e-01 1.852313656331705305e+00 4.546222107558006265e+00 4.478814972972798181e+00 4.478814972972798181e+00 4.478814972972798181e+00 4.478814972972798181e+00
-9.377003294908046627e+00 -8.615117751417020742e+00 -8.090500036250061200e+00 -7.370188894402310176e+00 -6.152268982627774996e+00 -4.463329146637049050e+00 -2.730124460817571652e+00 -2.141327141819007629e+00 -1.402939032530330365e+00 1.545934064963619070e+00 5.044661686193769867e-01 -3.356470271139864736e-01 1.480384578132823759e+00 4.119625587103465492e+00 4.477924717517285380e+00 4.477924717517285380e+00 4.477924717517285380e+00 4.477924717517285380e+00
-1.013416840199981550e+01 -9.093217223845559971e+00 -8.722620343861423819e+00 -8.345727357021644366e+00 -7.477425434694771056e+00 -6.659948727218655051e+00 -4.279730853454349671e+00 -2.164073163704775649e+00 -1.633606567592063463e+00 -5.822930239419036313e-01 1.350488268498981625e+00 3.231874072739394088e-01 -5.565936533136732756e-01 3.995974647294161741e+00 4.507343180279190342e+00 4.507343180279190342e+00 4.507343180279190342e+00 4.507343180279190342e+00
-1.033352269852236560e+01 -9.951668154939646627e+00 -9.424043244890100368e+00 -9.056913558621989324e+00 -8.486036211000508089e+00 -7.456915228950573571e+00 -5.743238675817602612e+00 -3.364112686224308035e+00 -2.792367035561840183e+00 -2.354209679183246084e+00 5.769547167844730345e-02 1.166390531961826404e+00 -2.179037207534669229e-01 4.495889047546569373e+00 4.458217028807889726e+00 4.458217028807889726e+00 4.458217028807889726e+00 4.458217028807889726e+00
-1.043862431152777681e+01 -1.003965420530040831e+01 -9.610519756341004083e+00 -9.264055851230200034e+00 -8.852394230021619848e+00 -7.825769503941339522e+00 -6.342878988782032046e+00 -4.841479300696457599e+00 -3.456788563839087836e+00 -2.741438831488582029e+00 -1.926940150250451511e+00 5.857193862844429777e-01 -5.878952867227568158e-01 3.911986550637233329e+00 4.396148484206966245e+00 4.396148484206966245e+00 4.396148484206966245e+00 4.396148484206966245e+00
-1.044432874829288949e+01 -1.017291273696906373e+01 -9.818698211495618722e+00 -9.399106384977923057e+00 -8.990211462901626760e+00 -8.113670785976209388e+00 -6.688786312255951216e+00 -5.605709186567718660e+00 -3.835490845836170060e+00 -2.989404426359973499e+00 -2.555607212132211536e+00 1.044951880836859914e-01 7.623105667065543933e-01 3.071654435069716360e+00 4.347022332735646977e+00 4.347022332735646977e+00 4.347022332735646977e+00 4.347022332735646977e+00
-1.043520975455345834e+01 -1.018409040809429911e+01 -9.847167154182619342e+00 -9.509117273117603020e+00 -9.107844346441357430e+00 -8.261697195749986733e+00 -6.874991446999233702e+00 -5.782636245854413382e+00 -4.658193890615408783e+00 -2.590395410822439182e+00 -2.565162649135032780e+00 8.480750058619118681e-02 9.873569661470256165e-01 2.796827219260342723e+00 4.385817409549748191e+00 4.385817409549748191e+00 4.385817409549748191e+00 4.385817409549748191e+00
-1.048200289515870942e+01 -1.022384264882642313e+01 -1.000980378310990204e+01 -9.547816849792473803e+00 -9.169381067075866198e+00 -8.498850111590826373e+00 -7.176653737754670637e+00 -5.866173789321190490e+00 -5.463709212355446709e+00 -3.470719705778948505e+00 -1.528641957565379350e+00 -7.445531502974075400e-01 5.802612216665373746e-01 2.670141630474467842e+00 4.388492933171683319e+00 4.388492933171683319e+00 4.388492933171683319e+00 4.388492933171683319e+00
-1.057819718792818264e+01 -1.024276205158408359e+01 -9.906410376409251484e+00 -9.591133741375326593e+00 -9.312267876548055767e+00 -8.597584080381755811e+00 -7.362441882296723250e+00 -5.968985130160803010e+00 -5.776289597634123751e+00 -4.166099390180641571e+00 -2.212276755855023147e+00 -1.768593148389834724e+00 -1.580750955514708955e-01 2.189195999205151288e+00 4.326424388570743851e+00 4.326424388570743851e+00 4.326424388570743851e+00 4.326424388570743851e+00
-1.056630012844033217e+01 -1.024811672648282723e+01 -1.001156893186744945e+01 -9.673644954394758244e+00 -9.250620862136551992e+00 -8.737989006920859225e+00 -7.503612937470917288e+00 -5.793083606785403461e+00 -5.381750210946341539e+00 -4.190649901215359741e+00 -2.311618115021529363e+00 -2.383553670011631098e+00 -2.590383696823916893e-01 2.148692999752531918e+00 4.277298237099433464e+00 4.277298237099433464e+00 4.277298237099433464e+00 4.277298237099433464e+00
-1.059239445043927041e+01 -1.035428658107979061e+01 -9.987061974013808907e+00 -9.687789234679110351e+00 -9.345973186946109124e+00 -8.747954282058513442e+00 -7.538503900242640832e+00 -5.958445748879272585e+00 -5.287981978161488961e+00 -3.816256318482334819e+00 -4.960865777004904942e+00 -1.919190404679019579e+00 -4.751243469204574632e-01 2.076694323574305834e+00 4.215229692498501990e+00 4.215229692498501990e+00 4.215229692498501990e+00 4.215229692498501990e+00
-1.068885075379333038e+01 -1.035501698273540683e+01 -9.975266330286846284e+00 -9.675668706219674675e+00 -9.402337652089299169e+00 -8.803550308223675458e+00 -7.616286853066906559e+00 -6.014169659634083231e+00 -5.383054138711556469e+00 -3.488741087806277452e+00 -3.918708779061697456e+00 -2.885292456959455798e+00 -4.878605360257382006e-01 2.249711907015272239e+00 4.296748642619977687e+00 4.296748642619977687e+00 4.296748642619977687e+00 4.296748642619977687e+00
-1.068854451407343475e+01 -1.040993435425503222e+01 -1.000063863106707629e+01 -9.689144184755814848e+00 -9.424433380040436958e+00 -8.958773183595887701e+00 -7.631566204938044606e+00 -5.787676459038625154e+00 -5.383510828444281415e+00 -3.677920142524335745e+00 -3.991061319853554057e+00 -2.362961025729012121e+00 -7.880908919026241577e-01 2.257437985529695101e+00 4.256700292934531227e+00 4.256700292934531227e+00 4.256700292934531227e+00 4.256700292934531227e+00
