-1.044407730968414860e+01 -1.034903548830100206e+01 -9.954602098478195771e+00 -9.652683535289391159e+00 -9.343829131984525915e+00 -8.987712340332521421e+00 -8.411946791799509882e+00 -7.205928592567664381e+00 -4.841233477901292659e+00 -2.141579966468895702e+00 -2.281234042550855268e+00 -8.480302583699067531e-01 7.393239437692393778e-01 1.977884393020536091e+00 5.020399361653499426e+00 5.020399361653499426e+00 5.020399361653499426e+00 5.020399361653499426e+00
-1.035827268350942809e+01 -1.011398992963483146e+01 -9.988947742805519781e+00 -9.827944186657239456e+00 -9.513398087107470147e+00 -8.940642128490113194e+00 -8.178982938810428038e+00 -6.924481700215529223e+00 -4.293555850124949558e+00 -2.867531354904005347e+00 -1.969870040429963165e+00 -3.378646702463208307e-01 9.649726446750717113e-01 2.135426592534197976e+00 5.245219014587595652e+00 5.245219014587595652e+00 5.245219014587595652e+00 5.245219014587595652e+00
-1.035088655357309051e+01 -1.002883299221782032e+01 -9.809834892423486608e+00 -9.810213757447838745e+00 -9.693793803282035881e+00 -9.141747761661344285e+00 -8.144755871772398237e+00 -6.838546287986811301e+00 -3.152078798519380332e+00 -3.099803609017580008e+00 -8.727781171200489352e-01 -1.402843168158470766e-01 7.572401116522208264e-01 1.992888684493614448e+00 5.209833619996129705e+00 5.209833619996129705e+00 5.209833619996129705e+00 5.209833619996129705e+00
-1.039935148343220561e+01 -1.033371438789583685e+01 -9.885440397964890380e+00 -9.296305710668180566e+00 -9.243442859570647485e+00 -9.214246563055382921e+00 -8.226176943286358068e+00 -6.511711154315771743e+00 -2.703722334799480542e+00 -2.970855614432269753e+00 -6.103379901266730023e-01 -8.824463246171741770e-02 5.971687811821929648e-01 2.241221290478852879e+00 4.677221502067117953e+00 4.677221502067117953e+00 4.677221502067117953e+00 4.677221502067117953e+00
-1.055851124505146110e+01 -1.032977545264384744e+01 -9.926593457864459680e+00 -9.650457214081528790e+00 -9.069071272469864553e+00 -8.659410179473619351e+00 -8.262536707886150467e+00 -5.423214779829252485e+00 -3.110646097563364965e+00 -3.158965189741964608e+00 -2.169539612657477301e-01 3.793837646209534120e-01 1.986054053877139625e+00 2.346787797343725224e+00 4.651263012263065377e+00 4.651263012263065377e+00 4.651263012263065377e+00 4.651263012263065377e+00
-1.040297624655336683e+01 -9.981892210022470735e+00 -1.015312643148767435e+01 -9.881236072316530894e+00 -9.340871427213638611e+00 -8.640194341782114762e+00 -7.671886775783361756e+00 -3.754735163172626677e+00 -3.794966965519934288e+00 -1.761917905602105261e+00 -2.523469786689032657e-01 2.956024107797577960e-01 1.298592259378685609e+00 2.143814930657565565e+00 4.387754568947357825e+00 4.387754568947357825e+00 4.387754568947357825e+00 4.387754568947357825e+00
-1.048040248052976509e+01 -1.028906817598674195e+01 -9.960836010169924037e+00 -9.835884882093544945e+00 -9.339098522480135500e+00 -8.568906179319670358e+00 -7.380198327008161030e+00 -2.650513571784440803e+00 -3.754963576005549086e+00 -6.310671232237554662e-01 2.774096391406926099e-01 1.819840672366498380e+00 1.581607829186843395e+00 3.338891218331775601e+00 5.770916141044359904e+00 5.770916141044359904e+00 5.770916141044359904e+00 5.770916141044359904e+00
-1.043801611074066926e+01 -1.007792032516027092e+01 -9.994992278680397746e+00 -9.772596012118732745e+00 -9.210301597567156051e+00 -8.263358042916527424e+00 -4.839004278122232883e+00 -3.357725868270687641e+00 -2.930600031900584046e+00 1.443097765858102344e-01 1.426569549015845206e+00 1.984352969428852420e+00 1.862691092122385150e+00 4.319975762430977362e+00 5.394611832189681877e+00 5.394611832189681877e+00 5.394611832189681877e+00 5.394611832189681877e+00
-1.042430712553647787e+01 -1.016156190190931419e+01 -9.530722894810599755e+00 -9.071920175400013164e+00 -8.260181633311182381e+00 -6.946606575945829753e+00 -3.424290239305726402e+00 -4.073078358452445258e+00 -1.115918974747472481e+00 1.024164130938162165e+00 2.046976050698667393e+00 2.724419684911188799e+00 3.400831967766602570e+00 4.753129202218691063e+00 5.387870918002544585e+00 5.387870918002544585e+00 5.387870918002544585e+00 5.387870918002544585e+00
-1.044041753879159984e+01 -1.004767358399760013e+01 -9.510591642540868307e+00 -8.425839015933032528e+00 -7.394628859504074114e+00 -5.356667934336135417e+00 -2.395540801894753713e+00 -3.537056671449035683e+00 9.866509559174489741e-02 2.129524708719273463e+00 2.992426661758951667e+00 3.472774378231243020e+00 4.875783845148000673e+00 4.994844372507631469e+00 5.691294445188823659e+00 5.691294445188823659e+00 5.691294445188823659e+00 5.691294445188823659e+00
-1.022231815075639894e+01 -9.495525285929552695e+00 -8.891202114943721924e+00 -8.344442590142429950e+00 -6.853215546296618221e+00 -3.592477164844574578e+00 -4.071690298354192272e+00 -1.264473051203236054e+00 1.058811795514840171e+00 3.114459320814564336e+00 3.055214993888228037e+00 4.586143238699111002e+00 2.884023203482734665e+00 2.232311967338124425e+00 5.444150694458862461e+00 5.444150694458862461e+00 5.444150694458862461e+00 5.444150694458862461e+00
-9.878375442643241300e+00 -9.032769245122748814e+00 -8.187780471656836312e+00 -7.621958013810989030e+00 -5.226731572142763405e+00 -2.336588775459051526e+00 -3.305834554828116278e+00 2.041579649462315349e-01 2.984416830381360519e+00 3.113416791178019949e+00 4.450010706494612833e+00 3.751887090806226066e+00 2.061933197842318322e+00 2.486341319784568515e+00 6.061987513461136956e+00 6.061987513461136956e+00 6.061987513461136956e+00 6.061987513461136956e+00
-9.487975330101191318e+00 -8.577290511306571830e+00 -7.760846143768111105e+00 -6.178313347120244714e+00 -3.865771365503113177e+00 -3.514236023505419748e+00 -2.150278469110844082e+00 1.754855484869995763e+00 3.187963478444097998e+00 4.041736406461854614e+00 4.703576777787318974e+00 1.754844862690884355e+00 4.934586458000164155e-01 2.315463097001762449e+00 5.931619309186431543e+00 5.931619309186431543e+00 5.931619309186431543e+00 5.931619309186431543e+00
-1.006456834313704540e+01 -7.827754726283199460e+00 -6.644565442149812817e+00 -4.983648484034484127e+00 -2.333859108039411101e+00 -3.138280295582050794e+00 -6.994294603516635830e-05 2.981134758878364543e+00 3.276719331125911960e+00 5.088276791877961003e+00 3.353048616959972250e+00 -2.039611445072484930e+00 3.669135354964486728e-01 2.560644928974547430e+00 5.830241557634269434e+00 5.830241557634269434e+00 5.830241557634269434e+00 5.830241557634269434e+00
-9.423014662886274095e+00 -7.575080162186757171e+00 -5.687550855687212525e+00 -4.103467900781814670e+00 -2.571257098204677849e+00 -2.210312713500464099e+00 1.168488107815980337e+00 3.072969152203294030e+00 3.563772740928035532e+00 5.554464195694288620e+00 4.419010796451470213e+00 -9.263306556434822703e-01 9.992092046723564103e-01 2.584670616787985153e+00 5.633949001596294970e+00 5.633949001596294970e+00 5.633949001596294970e+00 5.633949001596294970e+00
-9.128543556812129367e+00 -6.905196470981556089e+00 -4.870611166756489752e+00 -2.806955112217295323e+00 -2.849325952272570461e+00 -5.492284721106017731e-01 2.995548996929037866e+00 3.008760451089701693e+00 4.100299301351095771e+00 6.336060919374506994e+00 6.067510380285079385e+00 1.837323630238530736e+00 6.521640196164533165e-01 2.686242294634082484e+00 5.517639776550200992e+00 5.517639776550200992e+00 5.517639776550200992e+00 5.517639776550200992e+00
-8.662202026636549590e+00 -6.479295751226263889e+00 -4.222701265261897596e+00 -1.849841191017926212e+00 -2.676121125407854517e+00 4.949994657210229909e-01 3.175100270353966359e+00 3.253594784837322340e+00 4.205523116100963854e+00 5.093010809493774715e+00 4.590596968374393683e+00 4.747079279403735086e+00 3.743038678241904282e+00 3.328100819986455239e+00 5.948616245302698502e+00 5.948616245302698502e+00 5.948616245302698502e+00 5.948616245302698502e+00
-7.837048129540086450e+00 -5.973399964003920815e+00 -3.887868489586252529e+00 -1.618269770122077844e+00 -1.711987130121980671e+00 2.172867680090351250e+00 3.519407923170391861e+00 3.860753598747276083e+00 4.110730683663420315e+00 3.190399895016034382e+00 3.264105933911571888e+00 3.165448819661373037e+00 4.036550157105922132e+00 5.094467731568060209e+00 5.906680689397130202e+00 5.906680689397130202e+00 5.906680689397130202e+00 5.906680689397130202e+00
-7.508665865388811866e+00 -6.067165098210963059e+00 -3.116721164966171465e+00 -1.577925147757993862e+00 -1.273633284502208696e+00 3.052101222111981205e+00 3.146967306316183155e+00 3.860969287276872830e+00 3.785589121561274695e+00 1.794640270305052798e+00 1.479718565092066562e+00 1.511351550712760616e+00 2.892864730100519921e+00 4.333686320247176482e+00 5.729105313142392575e+00 5.729105313142392575e+00 5.729105313142392575e+00 5.729105313142392575e+00
-8.246798006224420163e+00 -6.073977702836126369e+00 -3.158747976456735884e+00 -2.669546816234803721e+00 -1.187244319814579452e+00 3.060911524721007027e+00 3.070930855965017692e+00 4.052048231973853554e+00 3.091076613180220090e+00 1.561282012776307404e+00 -3.852802517777880187e-01 8.527142575880966024e-01 2.011241104764950105e+00 3.657182629209476232e+00 5.606478975529854303e+00 5.606478975529854303e+00 5.606478975529854303e+00 5.606478975529854303e+00
-8.191417412728545955e+00 -6.108508026421509030e+00 -3.113291421604382769e+00 -1.612793015846051947e+00 -5.505467057120978502e-01 3.132539929812779178e+00 3.124653099683468938e+00 4.081268829784069574e+00 2.984273299605140650e+00 1.406929435258478911e+00 -3.753507825582729635e-02 2.293961679676981280e-01 1.268289841022748998e+00 3.361007330562414186e+00 5.416952694888206743e+00 5.416952694888206743e+00 5.416952694888206743e+00 5.416952694888206743e+00
-8.269452815719391836e+00 -6.394031810032968721e+00 -3.400134025472096422e+00 -1.535608376176196499e+00 -6.588223586877470783e-01 3.277145719364043863e+00 3.231875826995242118e+00 4.149400923597478474e+00 2.785233777912635045e+00 1.193396671645649665e+00 -2.569864199811914940e+00 -1.636119858102994318e+00 1.200491270276236699e+00 3.214350970887106751e+00 5.300643469842112765e+00 5.300643469842112765e+00 5.300643469842112765e+00 5.300643469842112765e+00
-8.010372946477353651e+00 -7.118534671673347525e+00 -4.569757700485584273e+00 -1.762026849127790395e+00 -1.991271473208306553e+00 2.904357437751033277e+00 3.185546905747681290e+00 3.981885269993019616e+00 2.368756138529910071e+00 2.736306671821257530e-01 -2.757605284009311042e+00 -1.594051575896466399e+00 1.199577844995661113e+00 3.420039259941951570e+00 5.742216251024867546e+00 5.742216251024867546e+00 5.742216251024867546e+00 5.742216251024867546e+00
-8.043826594719320155e+00 -7.133645692796400262e+00 -5.152750022332011071e+00 -2.971834011605821502e+00 -1.806839486256806460e+00 2.302602788495201613e-01 3.166678752011219622e+00 3.801841146191788923e+00 2.107600933982843205e+00 -2.966222785721539967e+00 -2.767894001555353256e+00 -1.283976103878084585e+00 1.267304349538628694e+00 3.725480474031772182e+00 5.627969068650516604e+00 5.627969068650516604e+00 5.627969068650516604e+00 5.627969068650516604e+00
-7.927120579736468997e+00 -7.096796109978235734e+00 -5.308030561757987265e+00 -3.646270558003372297e+00 -1.443426590521046604e+00 -7.482736589310458042e-01 2.967176222779944084e+00 3.024964426172402021e+00 2.017656760617080991e+00 -3.924456508954408562e+00 -2.407856351453812049e+00 -7.329808696991345629e-01 1.522898928144799324e+00 3.729817792878620253e+00 5.505548904713785774e+00 5.505548904713785774e+00 5.505548904713785774e+00 5.505548904713785774e+00
-8.405348891116890542e+00 -7.586773929576782649e+00 -6.257237796907691774e+00 -4.409571333331144594e+00 -2.988801546269395981e+00 -2.274236778911804979e+00 4.470709192168288992e-01 2.750622932345813343e+00 1.370529162478833829e+00 -3.441559164703310358e+00 -2.952800105260688923e-01 1.050693473214188156e+00 1.867609828259061189e+00 4.148431397672903920e+00 5.389175576930702150e+00 5.389175576930702150e+00 5.389175576930702150e+00 5.389175576930702150e+00
-8.838267139899759428e+00 -7.969647027292756647e+00 -6.826239761561160968e+00 -5.422761418922696919e+00 -3.447579136207282513e+00 -2.383359437621178856e+00 -1.586089069009665398e+00 1.288399997398032237e+00 1.805355696169482993e+00 -4.331047695738520220e-01 2.204235549940582739e-01 3.304707223606002664e-01 2.165316688758235575e+00 4.562186006938702576e+00 5.199956388180121181e+00 5.199956388180121181e+00 5.199956388180121181e+00 5.199956388180121181e+00
-9.141191522055096996e+00 -8.326709361214119198e+00 -7.463869443101740053e+00 -6.353843551448525417e+00 -4.906464944071174727e+00 -3.198108295781848742e+00 -2.541930397384477569e+00 -6.730765971951142845e-02 1.009977902995607746e+00 1.269858679161178783e+00 1.600013884497101038e-02 3.839305869886342482e-01 1.816458762561752982e+00 4.698285520058290921e+00 5.615941616801986669e+00 5.615941616801986669e+00 5.615941616801986669e+00 5.615941616801986669e+00
-9.380874834362995074e+00 -8.509753801142593943e+00 -7.997424758259022326e+00 -7.305495444042459319e+00 -6.197613338605660438e+00 -4.776573765048160780e+00 -2.280282713556751162e+00 -2.213035802688928744e+00 3.858599121911399643e-01 7.039259163500430905e-01 -7.565277549880173869e-01 1.588425966865136818e-02 1.251279452979008555e+00 4.093493923997187700e+00 5.583972476365951287e+00 5.583972476365951287e+00 5.583972476365951287e+00 5.583972476365951287e+00
-1.008774291209537211e+01 -9.093081971946174846e+00 -8.660514512652808250e+00 -8.240350168115325502e+00 -7.436629885289958608e+00 -6.509023274126060521e+00 -4.401807565832383418e+00 -2.380331159061125135e+00 -1.896040865100668826e+00 6.096319367648178611e-01 2.832447179435959583e-01 7.200967313427227845e-01 -1.132207570515999240e-01 3.990027061512308570e+00 5.404797720314796550e+00 5.404797720314796550e+00 5.404797720314796550e+00 5.404797720314796550e+00
-1.032140344898792961e+01 -9.922765142284733386e+00 -9.403745320641299088e+00 -9.032312506739769375e+00 -8.418146503908712219e+00 -7.374642603968890597e+00 -5.620339360767489190e+00 -3.453296392290588823e+00 -2.390055652599782920e+00 -4.836209691428136614e-01 4.077067272805496856e-01 1.270525240252999621e+00 5.201200260066729530e-01 4.413082764158232862e+00 5.288488495268698131e+00 5.288488495268698131e+00 5.288488495268698131e+00 5.288488495268698131e+00
-1.049538485860356118e+01 -1.011973781161805874e+01 -9.639179199012758659e+00 -9.243782851844791537e+00 -8.740711086170968258e+00 -7.750848602055681269e+00 -6.359794949925098528e+00 -4.716434390997421566e+00 -2.237671411751965600e+00 -2.162688445938112825e+00 3.572697349038702064e-01 7.017106577244611731e-01 7.122481819092258970e-01 3.909593666674731072e+00 5.112075832883290261e+00 5.112075832883290261e+00 5.112075832883290261e+00 5.112075832883290261e+00
-1.054000447392046524e+01 -1.020478129440509285e+01 -9.776048864434017105e+00 -9.353240526671520172e+00 -8.900891709111224515e+00 -8.025924037087875718e+00 -6.701637445971400098e+00 -5.379395227888322140e+00 -3.448851961627117380e+00 -2.153815480972794738e+00 -1.321452276386520186e+00 -8.912469999452148073e-02 7.120739473209154458e-01 3.050756095967952941e+00 5.201461341936727045e+00 5.201461341936727045e+00 5.201461341936727045e+00 5.201461341936727045e+00
-1.050123221794876294e+01 -1.025978292792938795e+01 -9.730517727472532741e+00 -9.516937982279053188e+00 -8.986279835436169705e+00 -8.151200253641556870e+00 -6.826522701567993678e+00 -5.691599511975144132e+00 -4.146669826282559868e+00 -2.994719779344917399e+00 -2.919069825107065252e+00 1.872010158166722560e-01 6.079389990968842028e-01 2.655409699809599733e+00 5.468708219385380431e+00 5.468708219385380431e+00 5.468708219385380431e+00 5.468708219385380431e+00
-1.046578607838473118e+01 -1.023370209134551168e+01 -9.917959838957386864e+00 -9.600265563058371754e+00 -9.110564397314654173e+00 -8.420232786618537801e+00 -7.029689568907504515e+00 -5.787451836347107914e+00 -4.912360919247434232e+00 -3.370604250910929078e+00 -2.794515630647792737e+00 -5.722150785123105710e-01 5.580164718191994444e-01 2.689184476444637095e+00 5.341078324483453876e+00 5.341078324483453876e+00 5.341078324483453876e+00 5.341078324483453876e+00
-1.058936395214444026e+01 -1.023684743310468903e+01 -9.966615734599773901e+00 -9.616569739014325435e+00 -9.216848482339178972e+00 -8.545573750242894562e+00 -7.185790114240438342e+00 -5.748014384900486107e+00 -5.261524604070425326e+00 -3.662077433171181617e+00 -2.413961158785440375e+00 -9.259812481998024314e-01 -8.673211048304095561e-02 2.261780187672948639e+00 5.318973815398785554e+00 5.318973815398785554e+00 5.318973815398785554e+00 5.318973815398785554e+00
-1.052799110504756541e+01 -1.025493923923469097e+01 -9.960746873692944092e+00 -9.663631804007582815e+00 -9.246966067356083840e+00 -8.659189272053701814e+00 -7.350101859754028411e+00 -5.758666262429252392e+00 -5.050293022197857695e+00 -3.107619520618893905e+00 -3.128794346701079920e+00 -1.194080092362439949e+00 -2.328742371531955860e-02 2.367834956211054109e+00 5.253097173823240595e+00 5.253097173823240595e+00 5.253097173823240595e+00 5.253097173823240595e+00
-1.054077197703010249e+01 -1.031372400609747508e+01 -1.002169351694974964e+01 -9.670796630877521949e+00 -9.361806480029311928e+00 -8.722103536202791219e+00 -7.445640224273707197e+00 -5.834328422979933926e+00 -5.111730791927429962e+00 -3.724577333813410274e+00 -2.618716582270478987e+00 -1.746923822652142411e+00 -1.940507827735886426e-02 2.276794429596094460e+00 4.936872048621954612e+00 4.936872048621954612e+00 4.936872048621954612e+00 4.936872048621954612e+00
-1.066142444758962782e+01 -1.030003798159060935e+01 -1.000862612461774148e+01 -9.685010832402671355e+00 -9.306526325807467970e+00 -8.766404634616501212e+00 -7.567235262645122695e+00 -5.878574038319842820e+00 -5.132346080048772130e+00 -3.869963229173791319e+00 -3.957209500447662620e+00 -2.349176682679177119e+00 -8.422110629958518002e-01 2.159799472135353504e+00 5.337025633587235696e+00 5.337025633587235696e+00 5.337025633587235696e+00 5.337025633587235696e+00
-1.068314080452051940e+01 -1.035654872592693465e+01 -1.001187045167934464e+01 -9.715718720157159538e+00 -9.377256066131007373e+00 -8.945214616576528499e+00 -7.609773284587382669e+00 -5.811405819258928851e+00 -5.283523335734598980e+00 -3.656487188792833187e+00 -3.917772667517861240e+00 -1.737751256444075576e+00 -7.118119935513960161e-01 2.205706222178760001e+00 5.341584397098479542e+00 5.341584397098479542e+00 5.341584397098479542e+00 5.341584397098479542e+00
