-1.042203517363704712e+01 -1.037452963682055795e+01 -9.997356751091341920e+00 -9.685217627376804472e+00 -9.370328383604483946e+00 -8.998583823013760252e+00 -8.393718261914271395e+00 -7.233909455998674076e+00 -4.779040110939608788e+00 -2.462953254238014811e+00 -1.905907492668863279e+00 -7.906900520282849065e-01 6.371990768882808132e-01 1.963980643350706323e+00 4.967860393681815978e+00 4.967860393681815978e+00 4.967860393681815978e+00 4.967860393681815978e+00
-1.038482661399009643e+01 -1.014243349348751266e+01 -9.986147251401105152e+00 -9.833444761321620931e+00 -9.524122195564569182e+00 -8.968970935404730227e+00 -8.192084278292139032e+00 -6.921948022359339703e+00 -4.255085398897758608e+00 -2.986457106928499083e+00 -2.345650005097889235e+00 -3.789557504830329826e-01 9.014384531720902594e-01 2.011330989192996910e+00 4.936814078546079898e+00 4.936814078546079898e+00 4.936814078546079898e+00 4.936814078546079898e+00
-1.038364267466560520e+01 -1.007650501311388069e+01 -9.747424393180299518e+00 -9.831404030040339137e+00 -9.723458912863542025e+00 -9.155935710435427310e+00 -8.158443587552074661e+00 -6.849017634179878300e+00 -3.110553087590961496e+00 -2.850235794069992057e+00 -1.519161827615540306e+00 -9.799893645454199609e-02 3.588789548021418252e-01 2.012096635299581049e+00 4.996831709967469948e+00 4.996831709967469948e+00 4.996831709967469948e+00 4.996831709967469948e+00
-1.034123204744146385e+01 -1.029219399367621079e+01 -9.862945422833874431e+00 -9.283641305931075394e+00 -9.201238721436315160e+00 -9.235092985806193866e+00 -8.222806253702778179e+00 -6.575996985790144578e+00 -2.691594906176377755e+00 -2.590194635320369532e+00 -5.082282356320093619e-01 -2.286366532996438605e-01 8.217224991391929301e-01 2.255507799585996231e+00 4.799461424624411165e+00 4.799461424624411165e+00 4.799461424624411165e+00 4.799461424624411165e+00
-1.054975080548630118e+01 -1.033578934620133616e+01 -9.923404231914096485e+00 -9.596372776657497994e+00 -9.059288411593747981e+00 -8.655390952047824271e+00 -8.188758666607103720e+00 -5.583389069620440459e+00 -3.030557046412039934e+00 -3.217144267715642769e+00 -1.859561079049905086e-01 4.912939482979285510e-01 2.056276375974998682e+00 2.364422161966961422e+00 4.710397904063913899e+00 4.710397904063913899e+00 4.710397904063913899e+00 4.710397904063913899e+00
-1.040765967174186279e+01 -1.004520878483392821e+01 -1.017442122757051237e+01 -9.910754613943161928e+00 -9.404068291070025509e+00 -8.653962868243581852e+00 -7.718097370166464799e+00 -3.889803700928585073e+00 -3.833082131101615442e+00 -2.150461874178948296e+00 -1.971020851635602589e-01 2.725545592010255591e-01 1.265112228566187991e+00 2.158538012760941704e+00 4.415082786869445997e+00 4.415082786869445997e+00 4.415082786869445997e+00 4.415082786869445997e+00
-1.045484628116677683e+01 -1.030024516866702911e+01 -9.986408431218420034e+00 -9.871173436963559311e+00 -9.367987804811528818e+00 -8.616145573513534828e+00 -7.449558565586163361e+00 -2.732468088624781632e+00 -3.779165211401157354e+00 -4.998602657231074886e-01 5.071488483674575498e-01 1.868787488225196913e+00 1.612480710017052843e+00 3.353270482840972733e+00 4.734941947875297430e+00 4.734941947875297430e+00 4.734941947875297430e+00 4.734941947875297430e+00
-1.051126008369370268e+01 -1.012645294953295405e+01 -1.002427818881481869e+01 -9.807913683814879491e+00 -9.277583034200524992e+00 -8.306981009018242545e+00 -4.981718795575010184e+00 -3.321157543974820214e+00 -2.932603111116083294e+00 7.630722079359839038e-02 1.556818071552081406e+00 2.015397587029771120e+00 1.861037245424579822e+00 4.383177185491064165e+00 5.018465302891666369e+00 5.018465302891666369e+00 5.018465302891666369e+00 5.018465302891666369e+00
-1.037301264464339923e+01 -1.020731403649407376e+01 -9.537527328013643668e+00 -9.111454085586103702e+00 -8.276905129582333487e+00 -6.963844820419387460e+00 -3.323007122006111924e+00 -3.866709319071042650e+00 -1.097091901812718318e+00 9.825031190761075450e-01 2.089367541911937742e+00 2.740506668793898815e+00 3.453282164349325001e+00 4.771081709820829353e+00 5.094751635095185804e+00 5.094751635095185804e+00 5.094751635095185804e+00 5.094751635095185804e+00
-1.042884734749058140e+01 -1.003867657680905801e+01 -9.528561126770490830e+00 -8.434736265162046109e+00 -7.430666432371637597e+00 -5.321899848069324257e+00 -2.641364405484108335e+00 -3.470706472221901429e+00 4.503885381607626581e-03 2.181521151290841676e+00 3.024873533718197116e+00 3.483875735350983938e+00 4.956348224016046800e+00 4.943388043084218531e+00 5.286326416861804489e+00 5.286326416861804489e+00 5.286326416861804489e+00 5.286326416861804489e+00
-1.022737830210053822e+01 -9.501619620852828518e+00 -8.878597563346652066e+00 -8.449080211529974349e+00 -6.841556836669523634e+00 -3.408471525503403932e+00 -4.105193875215194410e+00 -1.331520449147841623e+00 1.204309706572375793e+00 3.102406494122763814e+00 3.047784586819928698e+00 4.581228955980175321e+00 2.933433526626037846e+00 2.187982973128039355e+00 5.358346694567205581e+00 5.358346694567205581e+00 5.358346694567205581e+00 5.358346694567205581e+00
-9.904533260394863703e+00 -9.033018397508477904e+00 -8.203600214585861750e+00 -7.638172270516523810e+00 -5.170846623513193130e+00 -2.497335739365103446e+00 -3.324480826117958809e+00 1.763121945069800467e-01 3.000436178287431588e+00 3.111453279456458443e+00 4.481278775371570156e+00 3.771461191210004227e+00 1.939178630636637424e+00 2.525182213348525551e+00 5.402127487891491775e+00 5.402127487891491775e+00 5.402127487891491775e+00 5.402127487891491775e+00
-9.545751893017271783e+00 -8.513271645453569292e+00 -7.724747166819184940e+00 -6.163792827752593517e+00 -3.529280741432539337e+00 -3.616112152859693563e+00 -1.625964339749418786e+00 1.909069493106335003e+00 3.234220045816210032e+00 4.022308789252698524e+00 4.712736128402515767e+00 8.415208996128260566e-01 4.386737960651057033e-01 2.327197458445398048e+00 5.210103112724748797e+00 5.210103112724748797e+00 5.210103112724748797e+00 5.210103112724748797e+00
-1.007024268905943920e+01 -7.851047015703814580e+00 -6.587850668825078415e+00 -4.899267675892891916e+00 -2.384192377144841224e+00 -3.033642115686784102e+00 2.058372665057822126e-01 3.020916447247249614e+00 3.321562505467146487e+00 5.021214171858169983e+00 3.366512131618251580e+00 -1.989875639411860853e+00 3.741028186035679770e-01 2.592578798574625587e+00 5.252552963876628844e+00 5.252552963876628844e+00 5.252552963876628844e+00 5.252552963876628844e+00
-9.421053515157192138e+00 -7.587062064692041474e+00 -5.677368826449856520e+00 -3.683854422329392975e+00 -3.118497514177534402e+00 -1.950842075997471170e+00 1.617147145937705588e+00 3.105493294538038018e+00 3.592661579848887232e+00 5.598884570248124248e+00 4.484388536677623271e+00 -9.466414166380971995e-01 9.973446664234846271e-01 2.620611497697826753e+00 5.203112382643023892e+00 5.203112382643023892e+00 5.203112382643023892e+00 5.203112382643023892e+00
-9.046273484986400604e+00 -6.910326638377089381e+00 -4.770504010992089761e+00 -2.428527493575604268e+00 -3.110661009749725814e+00 -1.149275745456641851e-01 3.062520043525865265e+00 3.047814595124530790e+00 4.128485955774833016e+00 6.210458187081047576e+00 6.098043048631268448e+00 1.929245632173756553e+00 6.407769586853602206e-01 2.717914694608865034e+00 5.144058415687020158e+00 5.144058415687020158e+00 5.144058415687020158e+00 5.144058415687020158e+00
-8.618993696942965244e+00 -6.374946146965731586e+00 -4.160626010359903759e+00 -1.819104212709501844e+00 -2.499315109351296194e+00 1.050351653844177724e+00 3.150324214698768444e+00 3.277868454139841958e+00 4.197535695171670689e+00 5.085771226949313828e+00 4.644033175805919456e+00 4.759979919294459627e+00 3.743338373017365939e+00 3.320175701475095664e+00 5.334742686895102004e+00 5.334742686895102004e+00 5.334742686895102004e+00 5.334742686895102004e+00
-7.812188829815466917e+00 -5.903660840776504770e+00 -3.591089278214153691e+00 -1.700266434783371139e+00 -1.330628217051812889e+00 2.433889298070514684e+00 3.526428442490065152e+00 3.885552174280753945e+00 4.092718183990925240e+00 3.278926652825461918e+00 3.352813362840509903e+00 3.215259094056978295e+00 3.988936100715290145e+00 5.181170061184450226e+00 5.219493906180686871e+00 5.219493906180686871e+00 5.219493906180686871e+00 5.219493906180686871e+00
-7.502131892094361376e+00 -6.010743432421190136e+00 -2.982534307935938322e+00 -1.744021434828923134e+00 -4.838624089808915008e-01 3.091725533268085524e+00 3.169812374092529694e+00 3.866185827478436643e+00 3.786691631211543285e+00 1.817863738453436184e+00 1.460340002321387720e+00 1.502819999745581336e+00 2.841869222698879760e+00 4.352116780417890851e+00 5.240089018773682383e+00 5.240089018773682383e+00 5.240089018773682383e+00 5.240089018773682383e+00
-8.103412951500981620e+00 -5.998449005927763089e+00 -3.145648319299711115e+00 -2.575527921658177455e+00 -3.231336156314250085e-01 3.042554790755894079e+00 3.076798051460098993e+00 4.052392077765714973e+00 3.114840475112578222e+00 1.542546746124240808e+00 -2.092486809415609605e-01 8.652790705260056114e-01 2.009473345719561710e+00 3.669744199240575711e+00 5.197406075479834797e+00 5.197406075479834797e+00 5.197406075479834797e+00 5.197406075479834797e+00
-8.118286625204515161e+00 -6.136574462289198451e+00 -3.093282609979636888e+00 -1.498792037896788498e+00 3.246839377453429876e-01 3.125510068845005485e+00 3.148870124364234968e+00 4.107967841508033402e+00 2.987184090694896099e+00 1.464470136515149790e+00 1.136669840787840891e-01 2.193288019115637311e-01 1.262749723687486725e+00 3.323626044362678389e+00 5.099933848413689574e+00 5.099933848413689574e+00 5.099933848413689574e+00 5.099933848413689574e+00
-8.144581375828012781e+00 -6.381381979287557016e+00 -3.246555274167397531e+00 -1.552303612499519536e+00 -1.817147192585727433e-01 3.214314974273031922e+00 3.236042341911490094e+00 4.163554775196262270e+00 2.772649506271560593e+00 1.175958270640557135e+00 -2.605002490527923875e+00 -1.649770423871890435e+00 1.191833468258292505e+00 3.175451650621220701e+00 5.040879881457685840e+00 5.040879881457685840e+00 5.040879881457685840e+00 5.040879881457685840e+00
-8.051494010660999123e+00 -6.989497411032662200e+00 -4.478439748167075685e+00 -2.246222834343668762e+00 -1.364298451835385784e+00 3.091178057407952373e+00 3.160779518579149627e+00 3.989265229048780448e+00 2.375565887490728834e+00 4.937264969180003571e-01 -2.642290482456328693e+00 -1.622500150901008631e+00 1.204886270025024686e+00 3.454774510394337028e+00 5.185175222518845217e+00 5.185175222518845217e+00 5.185175222518845217e+00 5.185175222518845217e+00
-8.067873559513360604e+00 -7.038918071862937609e+00 -5.078173787483065027e+00 -2.459662062720199049e+00 -2.033079272539298099e+00 1.016562105070524469e+00 3.195197281556336755e+00 3.775979742678732265e+00 2.158821874306565025e+00 -3.504785851229257343e+00 -2.783070996221873816e+00 -1.193036031790047469e+00 1.296635132694332171e+00 3.717480791956224273e+00 5.212272314778509497e+00 5.212272314778509497e+00 5.212272314778509497e+00 5.212272314778509497e+00
-7.928086059984881473e+00 -7.069940627203486372e+00 -5.434153295480069090e+00 -3.238640488102600301e+00 -2.257731339232332157e+00 6.454343194451744870e-02 3.113236698912681177e+00 2.979830244863967081e+00 2.029234037193333506e+00 -4.004023874317191201e+00 -2.613535635035560301e+00 -7.393936269243380766e-01 1.537085870110394659e+00 3.692469152043263314e+00 5.153281508206504213e+00 5.153281508206504213e+00 5.153281508206504213e+00 5.153281508206504213e+00
-8.393111378401309608e+00 -7.639118986050169369e+00 -6.281146895727276913e+00 -4.388535042311533907e+00 -2.370589749506714305e+00 -1.917639186902370785e+00 8.046894392782169003e-01 2.790291270395969025e+00 1.416914236280779837e+00 -3.527673955602488753e+00 -1.179729920130948351e+00 1.109464702879152442e+00 1.888753474344122552e+00 4.186531122544442596e+00 5.094227541250500479e+00 5.094227541250500479e+00 5.094227541250500479e+00 5.094227541250500479e+00
-8.850576244314495966e+00 -7.851308413232565009e+00 -6.809927222366915167e+00 -5.445146872284802875e+00 -3.547573439700070885e+00 -2.407812188041140722e+00 -8.172905270518127097e-01 8.329154505746509951e-01 1.862808233071955311e+00 -4.789215897442977710e-01 -1.962846276950539204e-01 2.477591487502943945e-01 2.207509102280440505e+00 4.565397784979580820e+00 4.996755314184357921e+00 4.996755314184357921e+00 4.996755314184357921e+00 4.996755314184357921e+00
-9.121957532507478206e+00 -8.320511881693223089e+00 -7.496264433396017779e+00 -6.256088203720925556e+00 -4.820731612640066110e+00 -3.170666673058411433e+00 -2.383226040985580774e+00 -7.507256430515985013e-02 3.328968310462937508e-01 1.383268019471049382e+00 9.305077159380888141e-02 4.054801819560439613e-01 1.838153275558272348e+00 4.625104245805399472e+00 5.172711277415871223e+00 5.172711277415871223e+00 5.172711277415871223e+00 5.172711277415871223e+00
-9.403788401417328302e+00 -8.522316331389610866e+00 -7.979842718550051117e+00 -7.341896757361735304e+00 -6.144323439480801952e+00 -4.742412845283889844e+00 -2.319553029983257630e+00 -2.275515956716464228e+00 2.170946703896254604e-01 2.737114207134228039e-01 6.360345208033613140e-02 6.220422311962441747e-02 1.354260980271768000e+00 4.096463909201517595e+00 5.178708458625667532e+00 5.178708458625667532e+00 5.178708458625667532e+00 5.178708458625667532e+00
-1.006669571341803149e+01 -9.062714742730353379e+00 -8.660093614605209211e+00 -8.263676934846220234e+00 -7.416155774991660010e+00 -6.548331145731391523e+00 -4.451592439360218201e+00 -2.228540511636417865e+00 -1.804847100996899378e+00 1.822137132383161440e-03 5.877058149667981901e-01 7.694390866673636031e-01 -1.352099753299507712e-01 4.001782667660721771e+00 5.109156940933172741e+00 5.109156940933172741e+00 5.109156940933172741e+00 5.109156940933172741e+00
-1.037807462493043964e+01 -9.900833088595753395e+00 -9.448827971873885900e+00 -8.979704894958024042e+00 -8.437256226841714835e+00 -7.339051027828672247e+00 -5.641716767030523272e+00 -3.583691245917410395e+00 -2.253245571455360086e+00 -1.561484606010938636e+00 7.513822359613590851e-02 1.273892209859506019e+00 7.199000158605701749e-01 4.393607596343674260e+00 5.050102973977167231e+00 5.050102973977167231e+00 5.050102973977167231e+00 5.050102973977167231e+00
-1.042475341327567584e+01 -1.009394452279979859e+01 -9.617257190091358154e+00 -9.242408901031206270e+00 -8.730334443516895249e+00 -7.759762675034632906e+00 -6.382665286051372178e+00 -4.739680460842696341e+00 -2.176112594297588743e+00 -2.512887819096385034e+00 -6.247132471410893340e-01 6.802398287181399272e-01 8.311967038591467904e-01 3.937059086735273716e+00 4.956642667979125783e+00 4.956642667979125783e+00 4.956642667979125783e+00 4.956642667979125783e+00
-1.047319246805106729e+01 -1.021851865633326284e+01 -9.808452358519460290e+00 -9.410840137991403509e+00 -8.981603651177238135e+00 -8.043846157349499038e+00 -6.716981381617055824e+00 -5.404422189720165193e+00 -3.422287264856507694e+00 -2.574618951661697075e+00 -1.888224974951805635e+00 -1.146766958849292639e-01 7.757738991245383131e-01 3.033603768806299783e+00 4.962027020501835750e+00 4.962027020501835750e+00 4.962027020501835750e+00 4.962027020501835750e+00
-1.051911656431058972e+01 -1.022532482489460470e+01 -9.771854050846325634e+00 -9.519670821425576079e+00 -9.015007932960312331e+00 -8.206467221732310691e+00 -6.826102920499294235e+00 -5.652024868690344483e+00 -3.929388844252759583e+00 -2.674553785596772482e+00 -2.686491458382395336e+00 -5.758667664361785121e-01 5.618566075636276524e-01 2.682197005835060821e+00 5.162379209584156747e+00 5.162379209584156747e+00 5.162379209584156747e+00 5.162379209584156747e+00
-1.047524255589912734e+01 -1.018898778914508796e+01 -9.902413193439938865e+00 -9.578922382538282321e+00 -9.119276011281653993e+00 -8.374594106381852754e+00 -7.027838555047279279e+00 -5.798278263730790805e+00 -4.895730469830629872e+00 -3.583513395501274346e+00 -2.582912399012704530e+00 -7.753698110938966881e-01 -2.125263645540958202e-01 2.660959133180521796e+00 5.103450633769981870e+00 5.103450633769981870e+00 5.103450633769981870e+00 5.103450633769981870e+00
-1.057044656887358158e+01 -1.024146999825199877e+01 -9.940979573053496665e+00 -9.595625203925408186e+00 -9.223506612421033424e+00 -8.515001213376335087e+00 -7.168402912695278850e+00 -5.768503059814687361e+00 -5.363328083257802525e+00 -3.729205124777734248e+00 -2.727086356070178574e+00 -7.843140799238902394e-01 2.350811255139005074e-01 2.270192988486773977e+00 5.047070995536851790e+00 5.047070995536851790e+00 5.047070995536851790e+00 5.047070995536851790e+00
-1.053592976690481997e+01 -1.028695448576614524e+01 -9.981713637869333411e+00 -9.671939879422616571e+00 -9.290074026991568701e+00 -8.708521048365595263e+00 -7.361243435095540022e+00 -5.724330234764853920e+00 -5.116179919187109348e+00 -3.228621779310439255e+00 -3.095625991055269477e+00 -9.628308784295042111e-01 -1.464093757240038374e-01 2.339970862883316460e+00 5.003816124945855037e+00 5.003816124945855037e+00 5.003816124945855037e+00 5.003816124945855037e+00
-1.057878240108344770e+01 -1.030378722245260015e+01 -1.002263681806497786e+01 -9.654578277996190394e+00 -9.328562071999044747e+00 -8.703797724636753941e+00 -7.436556998605471591e+00 -5.821716616801847266e+00 -5.119503903888613650e+00 -3.851478804718764248e+00 -2.825818695969199545e+00 -1.799251582884352718e+00 -2.261842584511632170e-01 2.228918685616060991e+00 4.866556544331102074e+00 4.866556544331102074e+00 4.866556544331102074e+00 4.866556544331102074e+00
-1.066674680639933648e+01 -1.029907376315092193e+01 -1.001411750019620861e+01 -9.673766323467393846e+00 -9.355570369458078517e+00 -8.775406894261788437e+00 -7.594591975477191781e+00 -5.884142633903780784e+00 -5.192016329362065363e+00 -3.852641316544770156e+00 -3.943503819610088001e+00 -2.683548426226241013e+00 -5.125962714179082003e-01 2.197143667272234424e+00 5.112094788021162017e+00 5.112094788021162017e+00 5.112094788021162017e+00 5.112094788021162017e+00
-1.070214240495607960e+01 -1.033809111952701087e+01 -1.004749661385366899e+01 -9.719676309703171313e+00 -9.396130405103580330e+00 -8.976827671152181054e+00 -7.604301122906721666e+00 -5.795482968467602802e+00 -5.334100270560980128e+00 -3.624755569535358379e+00 -3.985853452533871355e+00 -1.581303602626049631e+00 -5.557595257381945375e-01 2.217051843632627417e+00 5.080753196057898435e+00 5.080753196057898435e+00 5.080753196057898435e+00 5.080753196057898435e+00
