-1.052200141866802063e+01 -1.023652349420293817e+01 -9.929338941758304671e+00 -9.584226271862837265e+00 -9.290362903065251032e+00 -8.896578564055902305e+00 -8.149312483370952265e+00 -6.380782300652561467e+00 -4.029492147136001456e+00 -3.818582399571441410e+00 -2.758445788755886863e+00 -4.355870922709216830e-01 1.821994665697943550e+00 2.157729567454333530e+00 5.792573382527661963e+00 5.792573382527661963e+00 5.792573382527661963e+00 5.792573382527661963e+00
-1.048238340589314888e+01 -1.008906387072910427e+01 -9.962184047414302412e+00 -9.733232104055803191e+00 -9.363064702805045769e+00 -8.779926315116224345e+00 -7.923372074470042215e+00 -5.985642276323271282e+00 -4.100711363737846504e+00 -4.273818376946741715e+00 -1.911647564422008339e+00 -2.203203069938812486e-02 1.596410234213276880e+00 2.101473500026457497e+00 5.658405590188673173e+00 5.658405590188673173e+00 5.658405590188673173e+00 5.658405590188673173e+00
-1.024155045316773283e+01 -9.828140363992858397e+00 -9.976750551851452542e+00 -9.844509661004968493e+00 -9.497878881186386124e+00 -8.928614129279745626e+00 -7.868141098690568214e+00 -5.495958945901740833e+00 -2.813650926467759827e+00 -3.524386959926362195e+00 -9.780828109648711521e-01 -9.217041671599711383e-02 2.138206815859733823e+00 2.112295447414551219e+00 5.795907812295453709e+00 5.795907812295453709e+00 5.795907812295453709e+00 5.795907812295453709e+00
-1.040582311867111365e+01 -1.013355725400653284e+01 -9.696754859208885691e+00 -9.333290813478622994e+00 -9.369903806183078387e+00 -8.974292750079586156e+00 -7.662927886879822736e+00 -4.496947125379179511e+00 -2.920045521746061024e+00 -2.372421507612895830e+00 -7.024294851604646617e-01 4.556415821801234611e-01 2.155314820103336970e+00 2.165694468498145397e+00 5.296856697238501610e+00 5.296856697238501610e+00 5.296856697238501610e+00 5.296856697238501610e+00
-1.051104948917186732e+01 -1.015947188194894935e+01 -9.956291989181295321e+00 -9.458368030630802892e+00 -8.918353142779508858e+00 -8.607481067259232788e+00 -6.967272145628411018e+00 -4.169162320742485051e+00 -3.553951031440801600e+00 -3.077799111835429091e+00 -7.759448090224685401e-01 1.802797257994196434e+00 1.740273235515227501e+00 2.356595824464960298e+00 5.019592639888775132e+00 5.019592639888775132e+00 5.019592639888775132e+00 5.019592639888775132e+00
-1.028978588242378578e+01 -1.012009388006110377e+01 -1.014472377262748104e+01 -9.809243648471344557e+00 -9.225167753806145399e+00 -8.242688919897302569e+00 -6.476106696652368377e+00 -4.984027684359611854e+00 -3.972867734893473113e+00 -2.002600269534835498e+00 -3.515005324940171372e-01 1.395292048701183507e+00 1.601756423998679235e+00 2.138569877601149472e+00 4.690552853755326268e+00 4.690552853755326268e+00 4.690552853755326268e+00 4.690552853755326268e+00
-1.052471170852446569e+01 -1.017268990739163570e+01 -1.003267416105975940e+01 -9.689156513702796403e+00 -9.173241932568082291e+00 -8.195944996866717958e+00 -5.213049831125583289e+00 -5.263552458868975492e+00 -3.665716284080320797e+00 -1.449534136438337395e+00 1.210810415151118424e-01 1.882109797753366065e+00 1.727688154436778367e+00 3.017409348732226881e+00 4.336556186558984116e+00 4.336556186558984116e+00 4.336556186558984116e+00 4.336556186558984116e+00
-1.036798254767696648e+01 -1.023722646223825983e+01 -1.008872703944182092e+01 -9.571376501728748210e+00 -9.063607663945157711e+00 -7.883057052437270507e+00 -4.166429824434168872e+00 -4.693507621065906577e+00 -3.279695700492350152e+00 -8.025916049206468506e-01 1.528054911252761050e+00 2.036864684712505369e+00 1.910039894289584650e+00 4.277001956274768979e+00 5.746550023960032227e+00 5.746550023960032227e+00 5.746550023960032227e+00 5.746550023960032227e+00
-1.049439474700867159e+01 -1.001680543581504423e+01 -9.619456606540161658e+00 -9.543549160689863697e+00 -8.500719276703225802e+00 -6.892864825979399868e+00 -3.721217898465336127e+00 -4.854664152152775358e+00 -2.318469113677385174e+00 -4.156631679896728992e-01 1.849164457653921012e+00 2.582781388372336728e+00 3.224006360682130534e+00 4.671246678216811610e+00 5.561724247635363660e+00 5.561724247635363660e+00 5.561724247635363660e+00 5.561724247635363660e+00
-1.054758144852073265e+01 -1.001291882677236522e+01 -9.378066547142086762e+00 -8.423072444394813729e+00 -7.604523702075945302e+00 -5.549876069659057443e+00 -2.695261890763167578e+00 -3.844233858399947135e+00 -9.399475902993724707e-01 7.062959479003700913e-01 2.697668888423195188e+00 3.346136940810843008e+00 4.863177434979940372e+00 4.930330596123415177e+00 5.734064754315013168e+00 5.734064754315013168e+00 5.734064754315013168e+00 5.734064754315013168e+00
-1.027845818297591052e+01 -9.682045678102880970e+00 -8.892536450109023605e+00 -8.454320918517252537e+00 -6.774027253460848108e+00 -4.384630082531251638e+00 -3.554938326489477163e+00 -2.590465510622563361e+00 1.089176320892884520e-02 1.942341487123740107e+00 2.828779987277123098e+00 4.489072854653946898e+00 3.114952718804895326e+00 2.172836256288804169e+00 5.700691280058941324e+00 5.700691280058941324e+00 5.700691280058941324e+00 5.700691280058941324e+00
-9.979873563130389869e+00 -9.173466800288602840e+00 -8.601217685784940059e+00 -7.730879438382167734e+00 -6.042860217138214196e+00 -3.338584885445037731e+00 -3.834756965945660401e+00 -2.600224887824470699e+00 2.244048934494879410e-01 3.086922122295130411e+00 4.271966657539431722e+00 3.685242124467962732e+00 1.963878845994700528e+00 2.436032247681424234e+00 5.654277408044842801e+00 5.654277408044842801e+00 5.654277408044842801e+00 5.654277408044842801e+00
-9.494943259123342472e+00 -8.836897155639668711e+00 -7.931375184318905980e+00 -6.813459600853863485e+00 -4.983457935964988650e+00 -2.315859921004228994e+00 -3.877610334230763289e+00 -9.343979582983041876e-01 1.499584663021204189e+00 3.881340897990746885e+00 4.462296349222794944e+00 2.036182100840944642e+00 1.711382255304425337e+00 2.370234711247499071e+00 5.477420814929920390e+00 5.477420814929920390e+00 5.477420814929920390e+00 5.477420814929920390e+00
-9.904697983325032595e+00 -8.195865635771461655e+00 -7.262339338935617228e+00 -5.757276522759716464e+00 -3.930733547953578988e+00 -1.968156083711068316e+00 -3.063606673374737355e+00 1.706045458785620250e-01 3.202284996957830199e+00 4.829005942522659467e+00 3.208737993505814678e+00 -1.972794462421591399e+00 3.488537616162621924e-01 2.446141867920748947e+00 5.512366459299892441e+00 5.512366459299892441e+00 5.512366459299892441e+00 5.512366459299892441e+00
-9.740069469238425981e+00 -7.785694959952413896e+00 -6.357447731522447576e+00 -4.835461967696225827e+00 -2.684015781552254065e+00 -2.124013602558015190e+00 -2.419066548477051715e+00 8.010518778049328104e-01 3.374090017990319712e+00 5.275780031780777257e+00 4.316913086902955499e+00 -1.059502172744485771e+00 9.911513736891793824e-01 2.589228090317557296e+00 5.554764499147928802e+00 5.554764499147928802e+00 5.554764499147928802e+00 5.554764499147928802e+00
-9.066320722194999959e+00 -7.342093041353916938e+00 -5.722046658592215174e+00 -3.990522187762177708e+00 -3.046840787375672654e+00 -2.268757448449581826e+00 -1.973810933132509327e+00 2.624038407338117995e+00 3.881737087451359258e+00 5.919968673993363240e+00 5.852186015725194146e+00 1.953817484481993105e+00 6.029406105127557147e-01 2.703177359762936494e+00 5.539780913819256192e+00 5.539780913819256192e+00 5.539780913819256192e+00 5.539780913819256192e+00
-8.871677129672125517e+00 -6.858050042625859710e+00 -5.106789292863609830e+00 -3.496050367795546343e+00 -3.516987931575110249e+00 -2.803386833523355826e+00 -1.419444603135638472e+00 3.271146598965351870e+00 4.093907157943482922e+00 4.924406110730059183e+00 4.559873638860530320e+00 4.576039640168152900e+00 3.430990552362536583e+00 3.202364337940583727e+00 5.531361926158615105e+00 5.531361926158615105e+00 5.531361926158615105e+00 5.531361926158615105e+00
-8.305030708632857639e+00 -6.645168533836578462e+00 -4.990139988087626044e+00 -2.904759946916043667e+00 -2.686900957520514055e+00 -3.136554025547511504e+00 1.715676039886081250e-01 3.832980535327206173e+00 3.835000098995044571e+00 3.198378806874522695e+00 3.229319251039867833e+00 3.118094254852994851e+00 3.854735292606620511e+00 5.078323601989045422e+00 5.501355197860512192e+00 5.501355197860512192e+00 5.501355197860512192e+00 5.501355197860512192e+00
-7.761894219222132740e+00 -6.615962030423057527e+00 -4.704511568405393973e+00 -2.930398439034747060e+00 -1.746187902176864259e+00 -1.856026131944560786e+00 9.066362044303275525e-01 3.670569306231599160e+00 3.662851999195068764e+00 1.790081987464236191e+00 1.625310817960972987e+00 1.687568775655130526e+00 2.729622265031806716e+00 4.238947359128353298e+00 5.463008670964472735e+00 5.463008670964472735e+00 5.463008670964472735e+00 5.463008670964472735e+00
-7.810373488331848080e+00 -6.503016404248450399e+00 -4.804486817118766240e+00 -2.949873782276577039e+00 -1.467399036875673524e+00 -1.165534188224172318e+00 2.159240560504805284e+00 3.853464205499138373e+00 3.023307370226604451e+00 1.580744393146954696e+00 1.214309302260772050e+00 1.226147135606064920e+00 1.941908079447636881e+00 3.576591286363144828e+00 5.311579291493266908e+00 5.311579291493266908e+00 5.311579291493266908e+00 5.311579291493266908e+00
-8.197007318394037512e+00 -6.372241241928063182e+00 -4.762770225877861030e+00 -2.950438792627004148e+00 -1.547732146861031222e+00 -1.171648753292161421e-02 2.973306911617889181e+00 3.882180199977253388e+00 2.915184886283505250e+00 1.483238050321851187e+00 9.490990071094079772e-01 7.739405701818166117e-01 1.271107888555365495e+00 3.175841440938027560e+00 5.367343836882790598e+00 5.367343836882790598e+00 5.367343836882790598e+00 5.367343836882790598e+00
-8.209078367850596081e+00 -6.974436686674313712e+00 -4.780028659682101555e+00 -2.782634630290520938e+00 -1.666669206337312303e+00 -7.558397967430617870e-01 1.828863402549440353e+00 3.985561576956718532e+00 2.671713138476941918e+00 1.363257359078346331e+00 3.504112657113554047e-02 -1.563260520235825402e+00 1.165026006353822696e+00 3.021743364203936633e+00 5.352360251554110882e+00 5.352360251554110882e+00 5.352360251554110882e+00 5.352360251554110882e+00
-8.282629421907985900e+00 -7.092333372639243905e+00 -5.376022771516712595e+00 -3.234292720115429010e+00 -2.361301696895082625e+00 -1.257790648529537814e+00 2.845908397053773520e-01 3.812939100089629552e+00 2.266380905227082021e+00 1.194202987086059098e+00 -2.332898765103962102e+00 -1.437774172802401829e+00 1.145084278315452675e+00 3.402884776606294182e+00 5.367428133179378946e+00 5.367428133179378946e+00 5.367428133179378946e+00 5.367428133179378946e+00
-8.137904541847856166e+00 -7.357285809437825286e+00 -5.617359808975503910e+00 -4.074145870181244078e+00 -2.075571001597285914e+00 -1.614969739056664855e+00 -7.335258165647111639e-01 3.432951595731262184e+00 2.131414926158621714e+00 9.963676157039563774e-01 -2.450350970607321877e+00 -1.166392116708497628e+00 1.171577413174771154e+00 3.633203484668341421e+00 5.337531335114309883e+00 5.337531335114309883e+00 5.337531335114309883e+00 5.337531335114309883e+00
-8.176544227009051369e+00 -7.319914446346204251e+00 -6.014128402789864936e+00 -4.573478081031988829e+00 -3.059358173991741925e+00 -1.654576282115581831e+00 -1.622329261592757810e+00 5.896882422421829695e-01 2.394097014117287259e+00 -3.498758717685877873e+00 -2.200608307345395698e+00 -6.754954755771107600e-01 1.456496585986336800e+00 3.651017266754086332e+00 5.126181652570895864e+00 5.126181652570895864e+00 5.126181652570895864e+00 5.126181652570895864e+00
-8.349047557961965182e+00 -7.681652319782953597e+00 -6.393928829571938977e+00 -5.161251882671891167e+00 -3.959308532967150462e+00 -2.194801041080323145e+00 -2.236572140819264476e+00 -4.524457466737568101e-01 2.143433315922342430e+00 -2.852044579949803982e+00 2.129698790389715213e-01 9.322342522640680862e-01 1.835816375332077532e+00 4.399783604911163160e+00 5.172406212821988980e+00 5.172406212821988980e+00 5.172406212821988980e+00 5.172406212821988980e+00
-8.742480295080650166e+00 -7.840768720993394503e+00 -6.848918643198745215e+00 -5.761472342801378765e+00 -4.740111664503188216e+00 -3.196622715716717522e+00 -1.804068104938750139e+00 -2.296751739972870965e+00 1.249706214636760793e+00 1.292578560469935134e+00 1.846268192506692607e-01 8.753444614773199239e-01 2.079843494493534450e+00 4.798187999189154951e+00 5.179923174617656834e+00 5.179923174617656834e+00 5.179923174617656834e+00 5.179923174617656834e+00
-9.115824809893853242e+00 -8.185165712885121181e+00 -7.336293868384069938e+00 -6.354170784910468939e+00 -5.421352913783605842e+00 -4.281437580729245518e+00 -1.869349658110114998e+00 -2.939674056027084426e+00 -2.003402460663022411e-01 1.531055422613553763e+00 1.076559519491850025e+00 3.345526034992030162e-01 1.644931260802087625e+00 4.905874844110146960e+00 5.164939589288975341e+00 5.164939589288975341e+00 5.164939589288975341e+00 5.164939589288975341e+00
-9.404252137818268409e+00 -8.551635263368469353e+00 -7.826834982473040547e+00 -7.148352363379022023e+00 -6.380782655218459887e+00 -5.250850825903918384e+00 -2.688554125008034035e+00 -2.540889104988969471e+00 -1.822264125944212276e+00 1.589230463294946549e+00 1.270650196199244020e+00 9.823389131476663039e-01 9.999633515345867085e-01 4.040715355422274335e+00 5.172456551084645859e+00 5.172456551084645859e+00 5.172456551084645859e+00 5.172456551084645859e+00
-9.765851864897038936e+00 -8.926595111751996825e+00 -8.399851598074308257e+00 -7.884529145959183083e+00 -7.273122546123735432e+00 -6.354053006059549702e+00 -4.004602321653422337e+00 -3.076668917055521035e+00 -2.531180144357366046e+00 6.142057420236248788e-01 1.334820452778868516e+00 1.138672795273181659e+00 2.179497171268945654e-01 3.840389929967512828e+00 4.966979088349655846e+00 4.966979088349655846e+00 4.966979088349655846e+00 4.966979088349655846e+00
-1.013566694652669575e+01 -9.700372279113031126e+00 -9.167168673337821261e+00 -8.717338842389176889e+00 -8.085557638026909189e+00 -7.030403517049710338e+00 -4.984078054637471666e+00 -2.819410159690737050e+00 -3.321019536836912422e+00 1.263349250511195121e-01 1.396972217854522302e+00 1.205833404888354554e+00 6.362099757494169561e-01 4.461646322919063046e+00 4.999969135885526050e+00 4.999969135885526050e+00 4.999969135885526050e+00 4.999969135885526050e+00
-1.034397013562224643e+01 -9.958225030676290501e+00 -9.426611493030140565e+00 -9.000829303407003934e+00 -8.423572866764049039e+00 -7.429653936653206614e+00 -6.087832142189596674e+00 -2.329374744168695166e+00 -3.307895446545562113e+00 -1.592903228264110238e+00 1.236014720744141426e+00 1.237041470643668539e+00 9.014584513540989663e-01 2.927228589285512328e+00 5.007486097681193904e+00 5.007486097681193904e+00 5.007486097681193904e+00 5.007486097681193904e+00
-1.044675060940257083e+01 -1.007541000573270296e+01 -9.677214735976658488e+00 -9.183744408467109821e+00 -8.674225198368786138e+00 -7.725919091912894388e+00 -6.530103217472146504e+00 -3.766503371747926376e+00 -2.678606197087089136e+00 -2.875912318973564474e+00 9.971936991119398908e-01 1.251802693832530622e+00 9.600665272393994476e-01 2.127475866242346747e+00 4.992502512352518629e+00 4.992502512352518629e+00 4.992502512352518629e+00 4.992502512352518629e+00
-1.045026592935053777e+01 -1.009512036409687497e+01 -9.779036121584301355e+00 -9.359122723679842437e+00 -8.768729656088360969e+00 -7.973546156136128715e+00 -6.781280089361172436e+00 -4.974846687645713139e+00 -1.929001408154602526e+00 -3.742777983751611082e+00 5.093727902044035138e-01 1.211571159920937779e+00 9.945718484658881975e-01 2.292136417071900745e+00 4.977518927023838913e+00 4.977518927023838913e+00 4.977518927023838913e+00 4.977518927023838913e+00
-1.043889513753795306e+01 -1.014213720030609345e+01 -9.836483233957409311e+00 -9.417072481064925782e+00 -8.865643172746663581e+00 -8.170249670290230526e+00 -7.007762202166933463e+00 -5.293653756186444070e+00 -2.921190416616756824e+00 -3.961794672701567155e+00 -4.956526079095780433e-03 1.154111073599703552e+00 9.357117596081280242e-01 2.717956734394638474e+00 4.848833478699901001e+00 4.848833478699901001e+00 4.848833478699901001e+00 4.848833478699901001e+00
-1.048894431632389868e+01 -1.015690595692157316e+01 -9.812564205202004786e+00 -9.465454375263540499e+00 -9.020666081632892741e+00 -8.273810847748064745e+00 -7.159804047911210390e+00 -5.767777117941871978e+00 -3.269702248086467034e+00 -4.760887250439922447e+00 -1.165331526453701194e+00 9.794439669429426676e-01 9.775808189772285939e-01 2.222206253270555543e+00 4.827532058949071114e+00 4.827532058949071114e+00 4.827532058949071114e+00 4.827532058949071114e+00
-1.050965812878331640e+01 -1.020370670931520962e+01 -9.872612082201097650e+00 -9.517485979630574633e+00 -9.062273703982567596e+00 -8.409549156423990368e+00 -7.358060907850576093e+00 -5.966013103579171251e+00 -3.157813704612811190e+00 -3.136964565788987969e+00 -2.889495853182038054e+00 7.193071398445357589e-01 9.797230763621613825e-01 2.379252930857420179e+00 4.812548473620394063e+00 4.812548473620394063e+00 4.812548473620394063e+00 4.812548473620394063e+00
-1.053882468969632491e+01 -1.021729389595383886e+01 -9.873793516280350957e+00 -9.531740900559007912e+00 -9.133057684634604101e+00 -8.475449132662161489e+00 -7.436875965846777348e+00 -6.066643781310621542e+00 -3.823934426353089666e+00 -3.646934394817428426e+00 -3.278813050013306807e+00 2.938530886058461911e-01 9.263105004647018692e-01 2.346639272734766912e+00 4.820065435416061916e+00 4.820065435416061916e+00 4.820065435416061916e+00 4.820065435416061916e+00
-1.058797896829982754e+01 -1.024126412563684596e+01 -9.940467371356279003e+00 -9.572642852631332744e+00 -9.209594071205923882e+00 -8.512558235341177948e+00 -7.502209321585093349e+00 -6.035974244520275533e+00 -3.994695719884394425e+00 -3.776809062099496739e+00 -3.440076802322276528e+00 -9.797582957047884511e-02 7.361644344871596246e-01 2.440856318644907041e+00 4.805081850087380424e+00 4.805081850087380424e+00 4.805081850087380424e+00 4.805081850087380424e+00
-1.062075473029296369e+01 -1.029083205351490982e+01 -9.986160759029655054e+00 -9.627509644651452092e+00 -9.274001095028937769e+00 -8.714498425558556249e+00 -7.550153910651774325e+00 -6.027854479909080965e+00 -4.817277724603902023e+00 -3.462221103475655593e+00 -3.174161965429334487e+00 -5.704635908060232685e-01 8.959422731457636901e-01 2.587031636725920514e+00 4.670078567341289677e+00 4.670078567341289677e+00 4.670078567341289677e+00 4.670078567341289677e+00
