-1.050845704805626468e+01 -1.028733801791715763e+01 -9.986681629510046676e+00 -9.621611979334291576e+00 -9.339335377619176981e+00 -9.031889409044788763e+00 -8.354195289770533606e+00 -7.025788034750905631e+00 -3.440089157721273327e+00 -3.970068723378390008e+00 -2.401119366521986986e+00 -7.509157919185740493e-01 1.740349064693505365e+00 2.075811462065447976e+00 5.454016730579350991e+00 5.454016730579350991e+00 5.454016730579350991e+00 5.454016730579350991e+00
-1.044005656142104144e+01 -1.019151740222347868e+01 -1.001374953958408653e+01 -9.785660402053688145e+00 -9.412802232669806202e+00 -8.898730292357099003e+00 -8.126798713396850005e+00 -6.564645463644811940e+00 -3.182193992786801040e+00 -4.581532977753758118e+00 -2.069851423579538885e+00 -7.610793927574321938e-01 1.459942465305267500e+00 1.920999906330808749e+00 5.811791465243246080e+00 5.811791465243246080e+00 5.811791465243246080e+00 5.811791465243246080e+00
-1.022516187664927934e+01 -9.975811557816040676e+00 -9.849246077627554996e+00 -9.847839977974855330e+00 -9.552496462938755428e+00 -9.000078352301873252e+00 -8.101304840476835523e+00 -6.325364050850843967e+00 -2.504945997044844219e+00 -4.498478374641271316e+00 -5.982698792159524270e-01 -4.080894887220767320e-01 1.925624989502906281e+00 2.029113744720444146e+00 5.635629121596776869e+00 5.635629121596776869e+00 5.635629121596776869e+00 5.635629121596776869e+00
-1.042479449311628947e+01 -1.023254477183655631e+01 -9.727448581814574169e+00 -9.369921548794820865e+00 -9.306649122602504320e+00 -9.117904115841142243e+00 -8.118766546610890700e+00 -5.773848815194896567e+00 -2.746958708393852255e+00 -4.178459632481662744e+00 -3.918983769946116080e-02 -2.260729169151335094e-01 1.521166187046122387e+00 2.154927813890096022e+00 5.107172370988209309e+00 5.107172370988209309e+00 5.107172370988209309e+00 5.107172370988209309e+00
-1.052122799640782880e+01 -1.021021859630138451e+01 -9.926044356670585600e+00 -9.556215477801847769e+00 -8.978650638456240785e+00 -8.682403611803414023e+00 -7.917856925554728420e+00 -4.261322722039957434e+00 -3.290535990364044316e+00 -3.186532743280016344e+00 -1.251521101451916473e-01 1.418447238776624486e+00 1.485713967921158840e+00 2.327859124707814420e+00 4.914734864284075577e+00 4.914734864284075577e+00 4.914734864284075577e+00 4.914734864284075577e+00
-1.032160302560328446e+01 -1.018286988490480560e+01 -1.014005439238907158e+01 -9.849181146691911692e+00 -9.275328570000199946e+00 -8.466753673247103151e+00 -7.610903611883268027e+00 -3.091994823981600859e+00 -4.240289460719007586e+00 -1.553230368201313771e+00 -5.830090268949494892e-02 1.465676799600034830e+00 1.618468121187435216e+00 2.128035622192320453e+00 4.560230311363024924e+00 4.560230311363024924e+00 4.560230311363024924e+00 4.560230311363024924e+00
-1.054932153035089826e+01 -1.023443570200844910e+01 -1.005182992147797627e+01 -9.737982503276070290e+00 -9.258254404132209459e+00 -8.453531488401523575e+00 -6.593094391816516797e+00 -2.965283307715357974e+00 -4.241113027877577935e+00 -6.878178764390334710e-01 5.853240694637734665e-01 1.843821173556510207e+00 1.656728222139645545e+00 3.002942874596171485e+00 4.404385733083225674e+00 4.404385733083225674e+00 4.404385733083225674e+00 4.404385733083225674e+00
-1.042663298235943437e+01 -1.015386106458242033e+01 -1.009209995752529032e+01 -9.668349954733354679e+00 -9.210789045540431985e+00 -8.206829526184039381e+00 -4.786911898681390554e+00 -3.690816250930132991e+00 -3.467709965498636748e+00 -6.786440150478489919e-02 1.468451677235121267e+00 1.972954373990588151e+00 1.886747498223579678e+00 4.290304050003718395e+00 5.670050510910882302e+00 5.670050510910882302e+00 5.670050510910882302e+00 5.670050510910882302e+00
-1.043684287664587274e+01 -9.994015354919325134e+00 -9.546695511792893996e+00 -9.257710452162168480e+00 -8.471769993123805520e+00 -7.058025863640343900e+00 -3.655252037017823863e+00 -4.697980215161511985e+00 -2.541579095442836778e+00 2.066486611913962712e-01 2.177222114043575019e+00 2.678741715521530065e+00 3.241423167684094331e+00 4.750158951726442425e+00 5.562551773328924476e+00 5.562551773328924476e+00 5.562551773328924476e+00 5.562551773328924476e+00
-1.055318238814717091e+01 -1.013402578560488010e+01 -9.313720434011729665e+00 -8.452559144524034451e+00 -7.462919317008707587e+00 -5.754639957637555980e+00 -2.369806746199911274e+00 -4.453328460234405206e+00 -4.468326575059887729e-01 1.237729036454043641e+00 2.792481905205446591e+00 3.391755152095246473e+00 4.908611130557585689e+00 4.951610385600336173e+00 5.841717062415369810e+00 5.841717062415369810e+00 5.841717062415369810e+00 5.841717062415369810e+00
-1.015585044582094731e+01 -9.674794040244840687e+00 -9.074427544979460691e+00 -8.383871333071683196e+00 -6.888301420407497488e+00 -4.052666610374367373e+00 -3.395710557091767612e+00 -2.546247059095021026e+00 3.099154539628360405e-01 2.611003757896731781e+00 2.902380309178601347e+00 4.518054077104252109e+00 3.037286983139902752e+00 2.252768643508786806e+00 5.660745722116944378e+00 5.660745722116944378e+00 5.660745722116944378e+00 5.660745722116944378e+00
-9.880938327095009299e+00 -9.139199923963360561e+00 -8.385828309247736811e+00 -7.995459846569682227e+00 -5.631697132987346421e+00 -2.830246407541400000e+00 -3.545478394690693147e+00 -1.387581908057052171e+00 1.127871480721947650e+00 3.236223591730461369e+00 4.333985380244527619e+00 3.757535429399757376e+00 2.071514314992267902e+00 2.479747531046426978e+00 5.567790955189978241e+00 5.567790955189978241e+00 5.567790955189978241e+00 5.567790955189978241e+00
-9.541066425777072979e+00 -8.722544577906589325e+00 -7.897712974944860242e+00 -6.584784489049027023e+00 -4.760130881201996900e+00 -2.588104509364735684e+00 -3.789164149340925825e+00 -1.666245561412851572e-01 2.622921299803948614e+00 3.962348456086858484e+00 4.594049684278246559e+00 2.022380120332003983e+00 4.707304863564316655e-01 2.353823469497912768e+00 6.033519970371036045e+00 6.033519970371036045e+00 6.033519970371036045e+00 6.033519970371036045e+00
-1.001124875597540864e+01 -8.119853089431998683e+00 -6.981001449732076480e+00 -5.407248761907741397e+00 -3.218865922244153133e+00 -2.067629075424079588e+00 -2.893869060406145444e+00 6.651218059896667478e-01 3.328877560394497781e+00 4.908194092069281034e+00 3.309402722052491974e+00 -1.940587044731971078e+00 3.570281429681763097e-01 2.502545167214082156e+00 5.861721443714030144e+00 5.861721443714030144e+00 5.861721443714030144e+00 5.861721443714030144e+00
-9.579759539437635141e+00 -7.692782175839312231e+00 -6.101392135634888803e+00 -4.826230417100251024e+00 -2.317899087239302158e+00 -3.033727241214599246e+00 -7.941946952602871868e-01 2.147371167006673520e+00 3.445810891979306678e+00 5.389954913634674938e+00 4.325999363677913045e+00 -9.853648852825558357e-01 9.650035168507273831e-01 2.587377775710896000e+00 5.851122446746254369e+00 5.851122446746254369e+00 5.851122446746254369e+00 5.851122446746254369e+00
-9.088015456009104653e+00 -7.085310070938223070e+00 -5.433013766626964447e+00 -4.002427032484350278e+00 -2.084209850789621399e+00 -2.642384556318245536e+00 3.258119191505357004e-01 2.947810194650085425e+00 3.963790780238739764e+00 6.074076848507253601e+00 5.871039195419546886e+00 1.871845955437941855e+00 6.519890118495015319e-01 2.677103453288726342e+00 5.763963282969356783e+00 5.763963282969356783e+00 5.763963282969356783e+00 5.763963282969356783e+00
-8.775813310810482548e+00 -6.620551907554643734e+00 -4.758424772835440741e+00 -3.392499907258539338e+00 -2.537129773133900201e+00 -2.428979544269647128e+00 1.234419574590377211e+00 3.383739907853298590e+00 4.198567994314788443e+00 5.022847774423320644e+00 4.531757359225652593e+00 4.593658479016546003e+00 3.532231929969833484e+00 3.244617590449684563e+00 5.673819180860459888e+00 5.673819180860459888e+00 5.673819180860459888e+00 5.673819180860459888e+00
-8.200364740863395951e+00 -6.414292411756704837e+00 -4.558844231878002695e+00 -2.489263543777116894e+00 -2.444721787456914264e+00 -1.928578673759450357e+00 2.443767885313643973e+00 3.821240320434926563e+00 3.944256128269799433e+00 3.216762940539135585e+00 3.318305571047347247e+00 3.141047042105556297e+00 3.880419341195762151e+00 5.117715533177272569e+00 5.901289958234359645e+00 5.901289958234359645e+00 5.901289958234359645e+00 5.901289958234359645e+00
-7.675214165472484140e+00 -6.292013515490870290e+00 -4.247830884868366574e+00 -2.287608726451026087e+00 -2.093122605929781166e+00 -1.042355758867936411e+00 2.678519037933399183e+00 3.762232033493606576e+00 3.705254341460542111e+00 1.764614479006211045e+00 1.552661815799268208e+00 1.601329341179255294e+00 2.786766451742714867e+00 4.286802397307231338e+00 5.983609853191230066e+00 5.983609853191230066e+00 5.983609853191230066e+00 5.983609853191230066e+00
-7.854652528240134046e+00 -6.130166637643419847e+00 -4.129715178167964851e+00 -1.841181116886305702e+00 -2.487484062121190664e+00 -3.912395893688104531e-02 3.267975775482578005e+00 3.948089497110959911e+00 3.048492180051277867e+00 1.590807395137632252e+00 1.094863593315003270e+00 1.106858901851570653e+00 1.970388025645520624e+00 3.609831507238254744e+00 5.800012585137537258e+00 5.800012585137537258e+00 5.800012585137537258e+00 5.800012585137537258e+00
-8.204109080357209649e+00 -6.478713251072971246e+00 -4.186024032563560482e+00 -2.584791149193896853e+00 -1.951858894340844586e+00 -9.516608470808879394e-01 3.418430372971755560e+00 4.002337990533906265e+00 2.969702328562612514e+00 1.503150946369474106e+00 7.851212670256344506e-01 5.371225026881667475e-01 1.248953211371384153e+00 3.247032253428873805e+00 5.721081081762221743e+00 5.721081081762221743e+00 5.721081081762221743e+00 5.721081081762221743e+00
-8.203552759298457175e+00 -6.731405687007072203e+00 -4.220809058206054232e+00 -2.204604277258000344e+00 -2.147656912330031975e+00 -3.669908396941600759e-01 2.921390125026781526e+00 3.995995110669549710e+00 2.751932840717322026e+00 1.273089840649846760e+00 -2.353266862487312761e+00 -1.575565051212923562e+00 1.159150559319819696e+00 3.076639605511758635e+00 5.690454174067486548e+00 5.690454174067486548e+00 5.690454174067486548e+00 5.690454174067486548e+00
-8.203221417055033271e+00 -6.979869595407304672e+00 -4.831055166083107366e+00 -2.467283840036212705e+00 -1.848815952150892894e+00 -1.956312392639687259e+00 1.964128276878832846e+00 3.868681471720340159e+00 2.311241859057409087e+00 9.276098939135872801e-01 -2.455474628353369493e+00 -1.546214032942923255e+00 1.164016372266457600e+00 3.397214349264923605e+00 5.576434997416111372e+00 5.576434997416111372e+00 5.576434997416111372e+00 5.576434997416111372e+00
-8.143543646170652295e+00 -7.244509190211193328e+00 -5.257977805990549314e+00 -3.365367712344708107e+00 -1.800744872540095631e+00 -1.944717234184021981e+00 7.109539620958522654e-01 3.604648378422818933e+00 2.163045670124680075e+00 5.124743501978208660e-02 -2.626176782431061341e+00 -1.149719843825817822e+00 1.249448609228219098e+00 3.647101846313208107e+00 6.079851086727790843e+00 6.079851086727790843e+00 6.079851086727790843e+00 6.079851086727790843e+00
-8.067482165536755900e+00 -7.174354217808621037e+00 -5.794776442572437070e+00 -4.248630095565059328e+00 -2.348331859225095908e+00 -1.667221292171568781e+00 -1.328369337328918931e+00 2.487109452464092207e+00 2.576137412565297602e+00 -3.614901899291862453e+00 -2.228462224077134124e+00 -7.245073781871603780e-01 1.468425153184664600e+00 3.718986422577954087e+00 5.990257823201873499e+00 5.990257823201873499e+00 5.990257823201873499e+00 5.990257823201873499e+00
-8.311034621946872036e+00 -7.818848735550525397e+00 -6.486218416495916905e+00 -4.940162956664692295e+00 -3.569606000763882125e+00 -1.622273582254807112e+00 -2.201197378283727524e+00 1.241388483325335912e+00 2.224784673246817945e+00 -3.026097344478436479e+00 2.625970205795551404e-01 1.039247368916715875e+00 1.835069559390306360e+00 4.214253796942339036e+00 5.890901797207012791e+00 5.890901797207012791e+00 5.890901797207012791e+00 5.890901797207012791e+00
-8.759327898992667727e+00 -7.833707379150869343e+00 -6.937305249177493138e+00 -5.691899572344615521e+00 -4.413954471027250470e+00 -2.408541848187960355e+00 -2.341689945718500532e+00 -9.201746991724124580e-01 1.731471632128769311e+00 9.664722478253104376e-02 3.089567957374508289e-01 7.958543116495896408e-01 2.147487961264039402e+00 4.793968661332780101e+00 5.616175882302016475e+00 5.616175882302016475e+00 5.616175882302016475e+00 5.616175882302016475e+00
-9.123985951584288046e+00 -8.195463666614992704e+00 -7.357238901590784863e+00 -6.385106670468006840e+00 -5.291762559924132248e+00 -3.959856841439513886e+00 -1.993456779801075607e+00 -2.564975372446442137e+00 9.688511062143321251e-01 1.396345236379469501e+00 8.817019926782443395e-01 -4.477605825067070278e-01 1.769533423492480217e+00 4.974066884025264201e+00 5.526444443128252892e+00 5.526444443128252892e+00 5.526444443128252892e+00 5.526444443128252892e+00
-9.438297465756482651e+00 -8.507537590587190834e+00 -7.915940936621897350e+00 -7.210726659561716545e+00 -6.308556474036760342e+00 -5.089016790670313206e+00 -2.606100336899725090e+00 -2.264504816542643795e+00 6.571830072755488472e-02 1.555994229897807113e+00 9.516685821004924328e-01 7.992215337655671492e-01 9.265882148031239218e-01 4.078807484061682587e+00 6.012761041657791239e+00 6.012761041657791239e+00 6.012761041657791239e+00 6.012761041657791239e+00
-9.836740534280499659e+00 -9.007847600283353628e+00 -8.465719081407263147e+00 -8.078942751246625420e+00 -7.320123347028074434e+00 -6.392153851219882554e+00 -4.064173070171825053e+00 -2.118355451087179375e+00 -2.256959188198469413e+00 9.476730476690422567e-01 1.149265498716841805e+00 9.689417843983764156e-01 4.733373193097852316e-01 3.977664023879817989e+00 6.094515777326777517e+00 6.094515777326777517e+00 6.094515777326777517e+00 6.094515777326777517e+00
-1.024358523548537647e+01 -9.814077609172535688e+00 -9.283672403852536448e+00 -8.753715813623600184e+00 -8.193488070568697879e+00 -7.138847705736178106e+00 -5.052529521089838660e+00 -2.590747359851426790e+00 -2.755642071250048897e+00 4.441845755222905145e-01 1.216127408796580101e+00 9.945053963799164176e-01 5.650993891687632331e-01 4.476122057626453099e+00 6.084758886452219073e+00 6.084758886452219073e+00 6.084758886452219073e+00 6.084758886452219073e+00
-1.040607046434823602e+01 -1.000967818826138611e+01 -9.551803536140837991e+00 -9.112457355168711359e+00 -8.492124002110475800e+00 -7.551962130624152003e+00 -6.244219519176886557e+00 -3.058924804323771784e+00 -2.640354660377728813e+00 -1.492340687747165884e+00 9.151639928534395230e-01 1.065123404465015078e+00 8.247872475794049141e-01 3.045172248819525862e+00 5.720049221159449360e+00 5.720049221159449360e+00 5.720049221159449360e+00 5.720049221159449360e+00
-1.046888453983421030e+01 -1.012312581797086963e+01 -9.715585251091978236e+00 -9.280125154978831503e+00 -8.733192219254288347e+00 -7.851943469197928849e+00 -6.629730739855117072e+00 -4.559827750076056674e+00 -3.098670699934466644e+00 -2.684180689239673345e+00 5.966101150547444831e-01 1.107306486026054637e+00 7.500937111247532041e-01 2.616038909893513509e+00 5.511270682841813873e+00 5.511270682841813873e+00 5.511270682841813873e+00 5.511270682841813873e+00
-1.045718317221806970e+01 -1.014329717667979125e+01 -9.779930605182689973e+00 -9.401568312168137709e+00 -8.815546136524432086e+00 -8.015311064300352228e+00 -6.863313143360342927e+00 -5.479016342836757758e+00 -2.640087514282147829e+00 -2.709389798618112355e+00 2.827486961619391503e-01 1.104050969602994758e+00 7.113482940585553749e-01 2.588656329968610059e+00 5.433324238859233546e+00 5.433324238859233546e+00 5.433324238859233546e+00 5.433324238859233546e+00
-1.045860956552647281e+01 -1.016646597198549706e+01 -9.843209338272206566e+00 -9.459649679470814476e+00 -8.966736278962308404e+00 -8.219521937247719734e+00 -7.069026304988515363e+00 -5.647270595215840849e+00 -3.621147408301972348e+00 -2.344440009971551220e+00 -9.190525550054706727e-01 7.480745329367575192e-01 1.556381757899255036e-01 2.798314533240703117e+00 5.511411169508475538e+00 5.511411169508475538e+00 5.511411169508475538e+00 5.511411169508475538e+00
-1.051024298304572469e+01 -1.015814598477123809e+01 -9.835226214842673897e+00 -9.489566652377597222e+00 -9.040573478661126927e+00 -8.313846918429904420e+00 -7.234697044369619690e+00 -5.859597688836577056e+00 -3.849912746427530674e+00 -2.647597671938957120e+00 -2.821025874249650123e+00 2.891298871071393828e-01 7.373823668456417346e-01 2.381802919140049379e+00 6.224515843042880192e+00 6.224515843042880192e+00 6.224515843042880192e+00 6.224515843042880192e+00
-1.050938265669839566e+01 -1.018200590855925292e+01 -9.895110166203695101e+00 -9.546048081031932142e+00 -9.058399364320816716e+00 -8.499897830823494260e+00 -7.363344808138691633e+00 -5.890728112806384864e+00 -4.459368901512645422e+00 -3.630563252346236336e+00 -2.787591868568112918e+00 1.789793067762890932e-01 9.718076597726728327e-02 2.444147356384083203e+00 6.155804140952696457e+00 6.155804140952696457e+00 6.155804140952696457e+00 6.155804140952696457e+00
-1.051131865196285631e+01 -1.022881299685699119e+01 -9.877568027736801426e+00 -9.564484927119696778e+00 -9.180303298128034584e+00 -8.501606587993356001e+00 -7.396137210985534338e+00 -5.957612167081904886e+00 -5.062902533265295268e+00 -3.015935568926503052e+00 -2.814240750620630394e+00 1.863533471047630619e-01 4.941872410593031728e-02 2.491281208533787872e+00 5.728675149282066670e+00 5.728675149282066670e+00 5.728675149282066670e+00 5.728675149282066670e+00
-1.056073014374089247e+01 -1.028125259780769341e+01 -9.936644078472969710e+00 -9.599744586723625517e+00 -9.235523653969117674e+00 -8.568232599005110472e+00 -7.497981284386071366e+00 -5.891426576358800737e+00 -5.174928624034331293e+00 -3.105230582734870293e+00 -3.059091667716251628e+00 -1.047531228522121938e-01 2.890404532658514825e-01 2.389611287169186138e+00 5.515795908529171676e+00 5.515795908529171676e+00 5.515795908529171676e+00 5.515795908529171676e+00
-1.058826456813826233e+01 -1.029666306399769482e+01 -9.992071783646133909e+00 -9.659165313523498497e+00 -9.325137547851390707e+00 -8.752502750708131884e+00 -7.540696467673462244e+00 -5.812706170946595030e+00 -5.349158034264574368e+00 -3.504110203306181504e+00 -2.521542358634158987e+00 -6.165831727064848833e-01 4.051081988478557050e-01 2.566738436179804683e+00 6.046371095766396309e+00 6.046371095766396309e+00 6.046371095766396309e+00 6.046371095766396309e+00
