-1.056091157160110861e+01 -1.023043049502750357e+01 -9.970843949779268911e+00 -9.612313225645479520e+00 -9.299655505983729142e+00 -8.941986522478146071e+00 -8.219539751070445988e+00 -6.566639210140141181e+00 -3.946376442188724187e+00 -3.849915008173147690e+00 -2.491333882021608215e+00 -3.280706528924103305e-01 1.481943903456601319e+00 2.097885093420873925e+00 5.481315451199714417e+00 5.481315451199714417e+00 5.481315451199714417e+00 5.481315451199714417e+00
-1.043531326539195270e+01 -1.012617285024043667e+01 -9.994645095207420837e+00 -9.760544128211964932e+00 -9.386566178214472700e+00 -8.842148748788670076e+00 -7.964440039361486257e+00 -6.005559205252597010e+00 -4.109644282461388798e+00 -4.242211854909324842e+00 -1.760780686830766051e+00 1.197085863449248166e-01 1.752963763769394223e+00 2.067258970714126232e+00 5.342808399545141640e+00 5.342808399545141640e+00 5.342808399545141640e+00 5.342808399545141640e+00
-1.034697185617869764e+01 -9.892632996430792858e+00 -9.923144165833905461e+00 -9.879613118276120431e+00 -9.502600007326488907e+00 -8.922897482060538010e+00 -7.928069544072252839e+00 -5.721038080118129088e+00 -2.876343853111161586e+00 -3.715353110503270884e+00 -9.579282495427812183e-01 2.020899575658542391e-01 2.158724553104654831e+00 2.098822772486653054e+00 5.701958179769367696e+00 5.701958179769367696e+00 5.701958179769367696e+00 5.701958179769367696e+00
-1.041868700193275288e+01 -1.016742875997682916e+01 -9.698178587932178019e+00 -9.408290806193727818e+00 -9.376170919353512545e+00 -9.030744653496066476e+00 -7.804893351795310963e+00 -4.684262614773809119e+00 -2.794570397675931517e+00 -2.488391064551071619e+00 -6.496256910645414884e-01 5.433015911204619464e-01 2.180744100725977130e+00 2.115298476648980852e+00 4.998768114884743596e+00 4.998768114884743596e+00 4.998768114884743596e+00 4.998768114884743596e+00
-1.052138397365088451e+01 -1.020794658502389751e+01 -9.961702446023338098e+00 -9.476657717159888250e+00 -8.925742069788592303e+00 -8.586783554618545367e+00 -7.159389151447843602e+00 -4.068117793849898689e+00 -3.476388348642064585e+00 -3.479566711126192757e+00 -6.468177620046655640e-01 1.224016662062259231e+00 1.682431283854977089e+00 2.335325104644084604e+00 4.987650727656215643e+00 4.987650727656215643e+00 4.987650727656215643e+00 4.987650727656215643e+00
-1.026023661094470718e+01 -1.015811218053754139e+01 -1.016121567245382273e+01 -9.782819484373336039e+00 -9.217325657731775479e+00 -8.272858904978789951e+00 -6.700176257750954711e+00 -4.846068342299007625e+00 -3.979731779805414593e+00 -2.276890143529078703e+00 -1.944433179637453102e-01 1.359041036799898849e+00 1.604401682290665043e+00 2.132437279634673111e+00 4.616146897073882371e+00 4.616146897073882371e+00 4.616146897073882371e+00 4.616146897073882371e+00
-1.049019289366172458e+01 -1.020114066322563140e+01 -1.003125311150354371e+01 -9.701687218945863833e+00 -9.203049578884787252e+00 -8.262732235732972441e+00 -5.278027673055900593e+00 -5.068974733512209951e+00 -3.577261018136221438e+00 -1.404811208249354681e+00 8.310344507337483755e-01 1.892120180596279511e+00 1.740698523962994182e+00 3.008911928024725846e+00 4.446152921308391903e+00 4.446152921308391903e+00 4.446152921308391903e+00 4.446152921308391903e+00
-1.037752122835535573e+01 -1.020983786317046338e+01 -1.008039878373570097e+01 -9.635921526093927270e+00 -9.101796836789821654e+00 -7.956159213062260704e+00 -4.040375272018079222e+00 -4.628922040414282790e+00 -3.087232691457733935e+00 -8.375839008153060927e-01 1.204637110805701017e+00 1.961287443790474594e+00 1.905695373154976169e+00 4.279253386574263018e+00 5.384115005906684459e+00 5.384115005906684459e+00 5.384115005906684459e+00 5.384115005906684459e+00
-1.043570095858165558e+01 -1.000075798479961975e+01 -9.619032388952060586e+00 -9.513137731029651434e+00 -8.426439951819935104e+00 -6.875230538355904031e+00 -3.662732203384234886e+00 -4.812692775574808124e+00 -2.165513544844774874e+00 -4.237538492111621036e-01 1.956610333783722844e+00 2.603235412414199423e+00 3.231385356379628426e+00 4.675864425635877453e+00 5.591050249969933716e+00 5.591050249969933716e+00 5.591050249969933716e+00 5.591050249969933716e+00
-1.059857773827646454e+01 -1.011816983340070841e+01 -9.242466590103706636e+00 -8.439106549955139869e+00 -7.542753498183003558e+00 -5.537619500002556094e+00 -2.566826956826045336e+00 -3.999946990216943554e+00 -8.840624178688641921e-01 6.635958219459956453e-01 2.709995109978950545e+00 3.350001475202442514e+00 4.876087930376900026e+00 4.934378061798860848e+00 5.600492838436914589e+00 5.600492838436914589e+00 5.600492838436914589e+00 5.600492838436914589e+00
-1.028171607216883388e+01 -9.696871226672133304e+00 -8.964204788214278352e+00 -8.478412859108637178e+00 -6.771569570706082786e+00 -4.258425572584561891e+00 -3.740523717982717322e+00 -2.295737207788060896e+00 -7.756125322253014376e-02 2.077961615332553968e+00 2.817169293627810323e+00 4.524785328268214890e+00 3.056932844005024297e+00 2.209831158449332200e+00 5.632081315647987196e+00 5.632081315647987196e+00 5.632081315647987196e+00 5.632081315647987196e+00
-9.929751026033709849e+00 -9.174005752446300122e+00 -8.523324744236852268e+00 -7.820323433788184175e+00 -5.893180734135167853e+00 -3.051183672830523719e+00 -3.689303794564700478e+00 -2.347808077075267175e+00 5.084279368190277593e-01 3.138666177178565331e+00 4.375109332347173918e+00 3.707846767271854027e+00 2.035777019473441474e+00 2.483729036434123127e+00 5.714182073987392307e+00 5.714182073987392307e+00 5.714182073987392307e+00 5.714182073987392307e+00
-9.549633497397691073e+00 -8.807019862484796846e+00 -7.923524367969592141e+00 -6.719149496961431822e+00 -4.974898680517576999e+00 -2.353617800109171654e+00 -4.038223344508198309e+00 -6.212653925964133350e-01 1.656651980105888988e+00 3.881827110807227310e+00 4.513958399853406966e+00 2.055783284631606200e+00 9.330252230441770100e-01 2.370814433881350602e+00 5.569253458598034001e+00 5.569253458598034001e+00 5.569253458598034001e+00 5.569253458598034001e+00
-9.904111931184360174e+00 -8.161134720158980116e+00 -7.212373808121396834e+00 -5.755317515121372018e+00 -3.697989347979078190e+00 -2.032025280605404660e+00 -2.960531820795079927e+00 1.997800431400280075e-01 3.217253169236173438e+00 4.844667011825587011e+00 3.237174136182489725e+00 -1.941016732142773371e+00 4.155436587332093090e-01 2.447307564053129880e+00 5.561926963731744777e+00 5.561926963731744777e+00 5.561926963731744777e+00 5.561926963731744777e+00
-9.724436177487151056e+00 -7.749189528917769465e+00 -6.311153636978657389e+00 -4.829244933681789753e+00 -2.726611296635115256e+00 -2.066267982574653050e+00 -2.105598353558630009e+00 1.210988313749744139e+00 3.343135569358974379e+00 5.437486421030504502e+00 4.329317834319001967e+00 -1.025138540102024542e+00 9.897492495255777456e-01 2.438942052005602434e+00 5.513089431994872669e+00 5.513089431994872669e+00 5.513089431994872669e+00 5.513089431994872669e+00
-9.019370413210742399e+00 -7.286268151452748754e+00 -5.688737549187496079e+00 -3.834049441917005030e+00 -3.296275973937035975e+00 -2.273708909414974499e+00 -1.387372162375820395e+00 2.666988576530259003e+00 3.962193031588983061e+00 5.984520169775898957e+00 5.840809324636076383e+00 1.945614720258278085e+00 7.332885086513691864e-01 2.635202744709198797e+00 5.488073436312616238e+00 5.488073436312616238e+00 5.488073436312616238e+00 5.488073436312616238e+00
-8.876026165757121333e+00 -6.839421633528354860e+00 -5.110943083434560386e+00 -3.069806762203352690e+00 -3.354219414120854559e+00 -2.770223686760921122e+00 -4.919580032361802191e-01 3.299110752873092522e+00 4.123261766823921093e+00 5.004025093355936704e+00 4.511171800636190277e+00 4.543380281095935835e+00 3.535969353090163469e+00 3.126807889170389210e+00 5.486014224828288377e+00 5.486014224828288377e+00 5.486014224828288377e+00 5.486014224828288377e+00
-8.262075514376727270e+00 -6.593606325677880520e+00 -4.936691323358703087e+00 -2.948016308635889260e+00 -2.509832401164296289e+00 -3.113270876325178627e+00 1.003363581618015726e-01 3.803983718810947323e+00 3.881606766159312549e+00 3.169172444470219396e+00 3.201128030413506131e+00 3.112299626882139236e+00 3.879667708907579282e+00 5.045710926723252499e+00 5.563837212227796591e+00 5.563837212227796591e+00 5.563837212227796591e+00 5.563837212227796591e+00
-7.740343295077002139e+00 -6.588223015216247092e+00 -4.753148866852411558e+00 -2.903269517709344605e+00 -1.705516073634736340e+00 -2.123937335897326584e+00 9.960539652337555561e-01 3.722066159458660817e+00 3.660428058557650743e+00 1.789316059660207792e+00 1.633514777484876390e+00 1.678448917948470065e+00 2.713639598415609644e+00 4.255162882821536208e+00 5.429546483240158317e+00 5.429546483240158317e+00 5.429546483240158317e+00 5.429546483240158317e+00
-7.824823468984909880e+00 -6.395108442711149088e+00 -4.832976546655311623e+00 -2.799102651659315377e+00 -1.226686471723425820e+00 -5.072566798415580891e-01 2.504625195184112307e+00 3.889450630073175041e+00 3.012366993176560648e+00 1.590548336824945119e+00 1.175975918876235093e+00 1.214217963133291001e+00 1.932768644084430276e+00 3.607420663369283353e+00 5.458914351918251029e+00 5.458914351918251029e+00 5.458914351918251029e+00 5.458914351918251029e+00
-8.315901950014335853e+00 -6.471776173664418152e+00 -4.673929403766829971e+00 -2.622046873834634084e+00 -1.402519039173435900e+00 -3.689010825686061534e-01 3.177726653031266224e+00 3.932625773961762938e+00 2.908203352386033558e+00 1.502873587060127747e+00 9.070749917101028625e-01 6.864194344511793666e-01 1.280896256632623409e+00 3.223766967524858806e+00 5.431115140524688911e+00 5.431115140524688911e+00 5.431115140524688911e+00 5.431115140524688911e+00
-8.179105765114632831e+00 -6.933834243548130161e+00 -4.763534234606062512e+00 -2.598069985954231775e+00 -1.899887142387512551e+00 -1.214036725123853966e+00 1.624705776508914790e+00 3.958589425060512479e+00 2.675053812030440792e+00 1.354401213513260149e+00 -1.722039526056688086e+00 -1.571577550156264103e+00 1.183666875667682028e+00 3.067809404885374125e+00 5.406099144842430704e+00 5.406099144842430704e+00 5.406099144842430704e+00 5.406099144842430704e+00
-8.237023380042431953e+00 -6.999920251011914729e+00 -5.246911415893334762e+00 -2.971141822526837117e+00 -2.284859601335776702e+00 -1.515186884615484342e+00 2.072880360082361151e-01 3.806476727270163174e+00 2.262065089221608094e+00 1.103576865282492214e+00 -2.359086126255154792e+00 -1.472308746087001463e+00 1.155619391160225051e+00 3.396657184221095083e+00 5.398868022587812732e+00 5.398868022587812732e+00 5.398868022587812732e+00 5.398868022587812732e+00
-8.170402556334437350e+00 -7.371967837940647250e+00 -5.523299115089972844e+00 -3.752897414990038705e+00 -2.089749273986737599e+00 -1.458485592134986408e+00 -1.238598213492071221e+00 3.495285037043450060e+00 2.104458826801231641e+00 6.686564241409708176e-01 -2.473706892402300905e+00 -1.062438763064797786e+00 1.200331095472991549e+00 3.643596784189011561e+00 5.399560889924876150e+00 5.399560889924876150e+00 5.399560889924876150e+00 5.399560889924876150e+00
-8.193696515605424224e+00 -7.293561944061808688e+00 -6.042446568321885536e+00 -4.643017742484850885e+00 -2.942337033366579035e+00 -1.446345973770577942e+00 -1.720920716816131346e+00 1.382949122874352454e+00 2.439125893319673111e+00 -3.305775344361146395e+00 -2.227185147182278335e+00 -5.352482293911642319e-01 1.457305858664919240e+00 3.725476926077273987e+00 5.431016823009898076e+00 5.431016823009898076e+00 5.431016823009898076e+00 5.431016823009898076e+00
-8.321391555123197392e+00 -7.756041792308009164e+00 -6.383143970105521703e+00 -5.182245560733537815e+00 -3.942234646425037070e+00 -1.990507208231561131e+00 -2.265571042194021167e+00 2.125211410197080375e-01 2.256327910849932117e+00 -2.843160345289144075e+00 2.384064604999744375e-01 1.031725760696854621e+00 1.807015811188627863e+00 4.194304163811490405e+00 5.402956135822670092e+00 5.402956135822670092e+00 5.402956135822670092e+00 5.402956135822670092e+00
-8.756997514136365623e+00 -7.867978546282367702e+00 -6.827882791479211733e+00 -5.783474227581583804e+00 -4.651838386343948528e+00 -3.036596121381520685e+00 -2.552426834015199208e+00 -1.913831718787572633e+00 1.399415312499651787e+00 1.113960947785495037e+00 2.390022747950993065e-01 8.931912570193591971e-01 2.133944063042519268e+00 4.775538399810306700e+00 5.349140849054498048e+00 5.349140849054498048e+00 5.349140849054498048e+00 5.349140849054498048e+00
-9.115828218965459584e+00 -8.203908617434485961e+00 -7.305967425548566041e+00 -6.376922849336097876e+00 -5.391923142199217978e+00 -4.260888561740840963e+00 -2.121036679359225463e+00 -2.618844927537968381e+00 2.958625907224881613e-01 1.573713277361406648e+00 1.021192261040131832e+00 4.472637012837904491e-01 1.727727322962046452e+00 4.904469488709669811e+00 5.324124853372238952e+00 5.324124853372238952e+00 5.324124853372238952e+00 5.324124853372238952e+00
-9.415057001090207933e+00 -8.524782564800839069e+00 -7.842508447120700055e+00 -7.185434246517761636e+00 -6.378612051072920508e+00 -5.182889987005870225e+00 -2.654532015849431215e+00 -2.903385430939664946e+00 -1.465023545513272074e+00 1.417304929116736556e+00 1.306657946962046291e+00 8.926351552796121247e-01 9.923610987331035194e-01 4.065467408305909025e+00 5.290487720301754848e+00 5.290487720301754848e+00 5.290487720301754848e+00 5.290487720301754848e+00
-9.793004465252867163e+00 -8.948667012286419364e+00 -8.432804705005956691e+00 -7.956386177835694795e+00 -7.302192093861589406e+00 -6.377753308021381073e+00 -4.022330457542538262e+00 -2.268937580805921783e+00 -2.326147514311617925e+00 7.075051030579529998e-01 1.335294255942696573e+00 1.142159607288264267e+00 1.024633578111215637e-01 3.904886887148969254e+00 5.236343817160779679e+00 5.236343817160779679e+00 5.236343817160779679e+00 5.236343817160779679e+00
-1.019735618168668800e+01 -9.755193152185217542e+00 -9.244627727948190099e+00 -8.696854266621629748e+00 -8.116731713132047332e+00 -7.103916786040487708e+00 -5.049401235305936098e+00 -2.216227525941373955e+00 -3.168753672625498119e+00 3.321847681237220518e-01 1.254467223571387846e+00 1.210736094754306658e+00 5.711909530812168123e-01 4.488790652911017531e+00 5.345052555009599082e+00 5.345052555009599082e+00 5.345052555009599082e+00 5.345052555009599082e+00
-1.037404063061384818e+01 -9.973611109558069288e+00 -9.483450934389740183e+00 -9.055893541049448103e+00 -8.470916534143347221e+00 -7.486826916934055554e+00 -6.131324087886715901e+00 -2.807089496007235674e+00 -3.257022724934265590e+00 -1.382525173745103420e+00 1.228275502028094657e+00 1.232248673303444120e+00 8.682069950749338183e-01 2.927144925999051406e+00 5.292182553266565392e+00 5.292182553266565392e+00 5.292182553266565392e+00 5.292182553266565392e+00
-1.044960643567786462e+01 -1.010152047216518767e+01 -9.687456484552019020e+00 -9.258818738026215911e+00 -8.698679985912374235e+00 -7.831402422688725551e+00 -6.575562273259395241e+00 -3.768908310931757377e+00 -2.993107492734900621e+00 -2.823114240283219889e+00 8.928302346158553116e-01 1.247499461928664566e+00 9.271624877105784091e-01 2.249690258438235890e+00 5.267166557584309849e+00 5.267166557584309849e+00 5.267166557584309849e+00 5.267166557584309849e+00
-1.045776723626510574e+01 -1.013781791887427275e+01 -9.763148400098847546e+00 -9.369834560803960599e+00 -8.793759777360074636e+00 -7.980393057524403311e+00 -6.830136407812421595e+00 -4.987628848259102021e+00 -2.760598920298144687e+00 -3.464399912991292130e+00 4.177172085881032393e-01 1.155857514495835403e+00 9.419465846920174190e-01 2.360815134306717855e+00 5.242150561902048977e+00 5.242150561902048977e+00 5.242150561902048977e+00 5.242150561902048977e+00
-1.047130577408847429e+01 -1.016940645875780902e+01 -9.867230551551260831e+00 -9.450894284575269921e+00 -8.932750353714649094e+00 -8.223000128073714166e+00 -7.088650146520700801e+00 -5.317364372548938789e+00 -2.577151890592334738e+00 -3.578883755036402547e+00 2.017311059052968175e-03 1.050999400305899556e+00 8.182691568590805264e-01 2.705021012778047851e+00 5.179385521372848800e+00 5.179385521372848800e+00 5.179385521372848800e+00 5.179385521372848800e+00
-1.051142839361945036e+01 -1.016861061299028890e+01 -9.857865478498609946e+00 -9.493927289163021754e+00 -9.038639591091772729e+00 -8.279021912102956904e+00 -7.184218499080905929e+00 -5.810368859231095584e+00 -3.354741323176928525e+00 -3.734756456608712138e+00 -1.533603890515272239e+00 1.004806225933552399e+00 9.788172283603729928e-01 2.214661717632151028e+00 5.254980330965539181e+00 5.254980330965539181e+00 5.254980330965539181e+00 5.254980330965539181e+00
-1.049507380415967006e+01 -1.018340284705759302e+01 -9.874712054800841798e+00 -9.535498652437253142e+00 -9.085673935751536590e+00 -8.464004141251349367e+00 -7.357580236847285349e+00 -5.944688507619711793e+00 -3.304567897789235431e+00 -3.071579815949277759e+00 -2.796610126604089253e+00 7.289537065055426979e-01 9.532614175544240620e-01 2.397106271848580938e+00 5.243845394866863074e+00 5.243845394866863074e+00 5.243845394866863074e+00 5.243845394866863074e+00
-1.053501788770468295e+01 -1.023010398573170221e+01 -9.899410014113879441e+00 -9.564997744709192062e+00 -9.160713263939493700e+00 -8.473157700136418669e+00 -7.445305406001480719e+00 -6.051844415824875867e+00 -3.892707775018717342e+00 -3.355144980513809827e+00 -3.535477527799948394e+00 3.015616310405751510e-01 8.139785962621467474e-01 2.388945774190102345e+00 5.210208261796384299e+00 5.210208261796384299e+00 5.210208261796384299e+00 5.210208261796384299e+00
-1.055997909908314014e+01 -1.026554063569748187e+01 -9.973762164168208599e+00 -9.598111844407165805e+00 -9.242653638590507370e+00 -8.541830843687197472e+00 -7.543536335683510785e+00 -6.020979075053202401e+00 -4.509902038195490626e+00 -3.298183274074558025e+00 -3.617880348764337395e+00 4.075104428366308623e-02 6.469990280804638338e-01 2.444055838207441322e+00 5.185192266114123427e+00 5.185192266114123427e+00 5.185192266114123427e+00 5.185192266114123427e+00
-1.059474497559449269e+01 -1.029228930339389692e+01 -9.988258071601411103e+00 -9.639933058158044688e+00 -9.323162234735701048e+00 -8.726648417604661034e+00 -7.584039832164853223e+00 -6.043695793766928226e+00 -5.039093890000362563e+00 -3.229566242076328475e+00 -4.096411143083862783e+00 -2.670947049528817896e-01 4.236270552825178171e-01 2.575155465884535033e+00 5.063232518812342597e+00 5.063232518812342597e+00 5.063232518812342597e+00 5.063232518812342597e+00
