-1.036373254421576107e+01 -1.032696634165499106e+01 -9.973772158152630851e+00 -9.653569122492513088e+00 -9.385137820182926305e+00 -8.975426099908400346e+00 -8.347602515546419966e+00 -7.246212621898531658e+00 -4.878581420126471002e+00 -3.028259374237194379e+00 -2.029727573374123129e+00 -1.319027954957619153e+00 5.294030951121984074e-01 1.808674110412622937e+00 4.967521571877430375e+00 4.967521571877430375e+00 4.967521571877430375e+00 4.967521571877430375e+00
-1.041189279793440292e+01 -1.008883218118249481e+01 -1.003271801138990682e+01 -9.865396919471269399e+00 -9.437362590526191752e+00 -8.962340030162625482e+00 -8.235242343947213328e+00 -6.923355618691612534e+00 -4.652643404591055187e+00 -2.256369335021397138e+00 -2.468595775536522652e+00 -2.026984933761929453e-01 5.744080867778877941e-01 2.051838109705295121e+00 4.930951993311568415e+00 4.930951993311568415e+00 4.930951993311568415e+00 4.930951993311568415e+00
-1.040427432320814916e+01 -1.006983160268278787e+01 -9.721054436966639400e+00 -9.740859464942683843e+00 -9.619997030303867547e+00 -9.153517028427756941e+00 -8.166866825187995005e+00 -6.941697630075012171e+00 -4.230597017938830362e+00 -2.141278501517203114e+00 -2.767493848205331730e+00 1.424357840977285294e-01 -2.464737771012368017e-02 2.044997195232686416e+00 5.178875355519697798e+00 5.178875355519697798e+00 5.178875355519697798e+00 5.178875355519697798e+00
-1.028148218211039477e+01 -1.022851339936450188e+01 -9.918026889823059022e+00 -9.304218178360923019e+00 -9.196679571041759260e+00 -9.109192710883611710e+00 -8.222717612049180502e+00 -6.773368113303123828e+00 -3.277079448397524963e+00 -2.712824392529358697e+00 -1.373804922009845608e+00 1.931020349307285833e-01 8.947233160581120615e-01 2.282372699105841729e+00 4.769494232579479132e+00 4.769494232579479132e+00 4.769494232579479132e+00 4.769494232579479132e+00
-1.053333449931049337e+01 -1.031300664107125975e+01 -9.955176387075070465e+00 -9.607814728895220924e+00 -9.083818876163068268e+00 -8.672170571965553520e+00 -8.128826312553126598e+00 -5.991553050688827042e+00 -2.641008509665405235e+00 -3.191821338348976411e+00 -4.277634679282589225e-01 9.848455484533520654e-02 1.489969680149822118e+00 2.409614476000009553e+00 4.709863531149711235e+00 4.709863531149711235e+00 4.709863531149711235e+00 4.709863531149711235e+00
-1.042453952573499798e+01 -9.986312599215054320e+00 -1.019994853070309659e+01 -9.945631536489914382e+00 -9.374672063462208271e+00 -8.682577605645560581e+00 -7.810245286902126161e+00 -5.071703151656927311e+00 -2.566721389976876377e+00 -2.131515846126797342e+00 -3.486625907369770849e-01 2.974614976251909737e-01 1.229024875865714073e+00 2.179643527366996736e+00 4.450984593688780855e+00 4.450984593688780855e+00 4.450984593688780855e+00 4.450984593688780855e+00
-1.041218865364219681e+01 -1.024124629589726965e+01 -1.010955288697410737e+01 -9.843263087441874504e+00 -9.357129845367607501e+00 -8.639170482276909979e+00 -7.614712494486393979e+00 -3.611146164609182474e+00 -3.400268884264566971e+00 -7.688408979412180155e-01 3.432855133161703542e-01 1.799981730970108496e+00 1.599408031645764616e+00 3.333952757960394919e+00 4.278161407441389841e+00 4.278161407441389841e+00 4.278161407441389841e+00 4.278161407441389841e+00
-1.052128834936019963e+01 -1.007455928094758768e+01 -9.999442963782518845e+00 -9.813983000169393733e+00 -9.284973859789174000e+00 -8.281571654897900814e+00 -5.705804331569463095e+00 -2.096535962663567787e+00 -2.795191834051006019e+00 -1.324206871495375859e-02 1.507262307667059043e+00 2.050262859590751496e+00 1.759909375759473038e+00 4.375381952168951649e+00 5.670474693468994687e+00 5.670474693468994687e+00 5.670474693468994687e+00 5.670474693468994687e+00
-1.044553080968402448e+01 -1.032586612973340756e+01 -9.598784175390914442e+00 -9.111185940206315337e+00 -8.166359316352668429e+00 -6.985659227181189479e+00 -3.780452924491969124e+00 -3.244618196299421609e+00 -8.377047723664166057e-01 9.481250611206206713e-01 2.060258422591542793e+00 2.740101208614990291e+00 3.425566481834039223e+00 4.829499737358726286e+00 5.663683326732122936e+00 5.663683326732122936e+00 5.663683326732122936e+00 5.663683326732122936e+00
-1.024856162024235751e+01 -1.002070989675994284e+01 -9.524361529485990019e+00 -8.487730559928913010e+00 -7.415225066904914897e+00 -5.156707529191256967e+00 -2.452719564992556833e+00 -3.158448514804323093e+00 -1.092783961927004249e-01 2.073649528855190383e+00 3.040930321380625578e+00 3.490224903804981516e+00 4.965860352251452170e+00 4.958996664720794811e+00 5.235557063391003574e+00 5.235557063391003574e+00 5.235557063391003574e+00 5.235557063391003574e+00
-1.022370504246681122e+01 -9.421673939869748438e+00 -8.809259556366736632e+00 -8.568049690439551114e+00 -6.764151235054254307e+00 -3.441735596462606850e+00 -3.575792352715878586e+00 -8.810495768978108266e-01 1.704373592065137055e+00 3.103570174024240735e+00 3.131735643104565536e+00 4.647562216774241861e+00 3.037602257393635874e+00 2.273436017256362796e+00 5.520566480329163639e+00 5.520566480329163639e+00 5.520566480329163639e+00 5.520566480329163639e+00
-9.908058549335676091e+00 -9.059643559373636634e+00 -8.184492475824166391e+00 -7.571028237783960613e+00 -4.859980739962200147e+00 -2.465764559319454374e+00 -2.837933717865871230e+00 -3.108996324095796709e-02 2.929849897784343682e+00 3.181769915004390104e+00 4.429847565518866048e+00 3.795015725443326104e+00 1.684453028191937651e+00 2.457363283179123670e+00 5.275577556376320310e+00 5.275577556376320310e+00 5.275577556376320310e+00 5.275577556376320310e+00
-9.532985676810508124e+00 -8.536304056875525959e+00 -7.599593018698967306e+00 -6.026769458382769784e+00 -3.296485267647665030e+00 -3.548024582334596388e+00 -6.155786788966600698e-01 3.015289008052989495e+00 3.277877165774439661e+00 4.090483968078245880e+00 4.730731064151529885e+00 2.818996318652481903e-01 4.627344690434970209e-01 2.426387632627172053e+00 5.088721274601022415e+00 5.088721274601022415e+00 5.088721274601022415e+00 5.088721274601022415e+00
-1.014874045387317736e+01 -7.956357917235970412e+00 -6.439291801000132764e+00 -4.538580763555315478e+00 -2.184244237574318959e+00 -2.506682071678679957e+00 7.697995519308874490e-01 3.135654229845252772e+00 3.393374026960096934e+00 5.038573023852848998e+00 3.400831856714630064e+00 -1.933082999142885727e+00 3.528688361811188612e-01 2.624987075140802872e+00 6.155282664681552163e+00 6.155282664681552163e+00 6.155282664681552163e+00 6.155282664681552163e+00
-9.387912490648147923e+00 -7.478562748623527767e+00 -5.375497122172102848e+00 -3.266927718018144411e+00 -3.009834121635985849e+00 -5.103462258221624914e-01 3.075290364522745623e+00 3.166368789650387150e+00 3.612270954511227927e+00 5.629332836213069235e+00 4.534201097221671972e+00 -8.929470783659201327e-01 9.158259581809533589e-01 2.590651789929374615e+00 5.744515196663533274e+00 5.744515196663533274e+00 5.744515196663533274e+00 5.744515196663533274e+00
-9.168046602135005330e+00 -6.833010252512332627e+00 -4.372389767185227427e+00 -2.148157462192351375e+00 -2.328197401743771877e+00 4.900791597610559824e-01 3.016189294720509118e+00 3.073609288221105906e+00 4.187917844350314667e+00 6.206345346265877971e+00 6.137289530218309253e+00 1.910562021444494940e+00 5.789561086730946604e-01 2.788351504100531120e+00 5.741981475092120313e+00 5.741981475092120313e+00 5.741981475092120313e+00 5.741981475092120313e+00
-8.770256855259273010e+00 -6.141408990132151580e+00 -3.678045297801780578e+00 -2.370347765635043125e+00 -1.275464906293048983e+00 2.531502430781337853e+00 3.249806590912084125e+00 3.293104838661498501e+00 4.239070979348659840e+00 5.150403241393000542e+00 4.690748809951881704e+00 4.760522609110112491e+00 3.700065526186683051e+00 3.356777743299071304e+00 5.849328210282727092e+00 5.849328210282727092e+00 5.849328210282727092e+00 5.849328210282727092e+00
-7.786365410340769344e+00 -5.751127401914763126e+00 -3.266746375060430196e+00 -2.018228482491323028e+00 -6.363327939442824099e-02 2.725754448644693184e+00 3.554679570414521095e+00 3.916194848835333087e+00 4.094816828236452544e+00 3.278527899842040405e+00 3.334415847945147782e+00 3.207671867265580179e+00 4.043610695995211834e+00 5.252418977690140878e+00 5.486235237165765000e+00 5.486235237165765000e+00 5.486235237165765000e+00 5.486235237165765000e+00
-7.451791044232103367e+00 -5.810803176839030471e+00 -2.987356636519622022e+00 -2.111962068284228611e+00 2.284541372381280466e-01 3.140428838910096054e+00 3.137404215086847081e+00 3.969207651389435210e+00 3.818331446339467750e+00 1.813320395294356402e+00 1.428814384946243798e+00 1.509509347797712620e+00 2.848717440496101538e+00 4.388591773281154573e+00 6.049232682435575548e+00 6.049232682435575548e+00 6.049232682435575548e+00 6.049232682435575548e+00
-8.202923549042125728e+00 -5.755869279233157165e+00 -2.779426188536906484e+00 -1.640179688353511134e+00 1.024769829291057865e+00 3.060613622589972493e+00 3.133773850919608250e+00 4.067749186057314503e+00 3.207866339028081271e+00 1.567939978629134368e+00 -1.960740237364326233e-01 8.931517941828319707e-01 2.008302872075044210e+00 3.660387620824901767e+00 6.212909309148908932e+00 6.212909309148908932e+00 6.212909309148908932e+00 6.212909309148908932e+00
-8.110254221916694206e+00 -5.717377055186325663e+00 -2.990940495983223535e+00 -1.451685136963868139e+00 1.091738941595655543e+00 3.124177757867461658e+00 3.211753993179705446e+00 4.095962290758585311e+00 3.036531556671133281e+00 1.485364310377865316e+00 -4.359272979508743706e-02 1.520404161400884524e-01 1.280277050651807969e+00 3.340374019486901602e+00 6.183549653438239702e+00 6.183549653438239702e+00 6.183549653438239702e+00 6.183549653438239702e+00
-8.218947113179943642e+00 -6.163367958728578344e+00 -3.341797882305854728e+00 -1.859620497391292204e+00 2.144317675344428742e-01 3.189177144706209166e+00 3.233926226097393108e+00 4.187502293736407033e+00 2.792509317375405420e+00 1.187779761575774584e+00 -2.644450625044549863e+00 -1.659152167651774867e+00 1.246193298751218093e+00 3.174971852483825074e+00 6.083105333749485588e+00 6.083105333749485588e+00 6.083105333749485588e+00 6.083105333749485588e+00
-8.141188421831341060e+00 -6.862676062910660235e+00 -3.771605144910669782e+00 -2.164318155390112075e+00 -1.946850310817884733e-01 3.176547667308069478e+00 3.247731227973112755e+00 4.037827703913688282e+00 2.356572685369273668e+00 3.511263622690330433e-01 -2.722499341659501582e+00 -1.627372147476304320e+00 1.255845971990114496e+00 3.462951551343053325e+00 6.174619372405022233e+00 6.174619372405022233e+00 6.174619372405022233e+00 6.174619372405022233e+00
-8.111929891526058256e+00 -7.037363103426326205e+00 -4.653947141860363956e+00 -2.414833788625837752e+00 -8.931210545686313340e-01 2.204044792499683325e+00 3.216610832430002898e+00 3.757229700360096736e+00 2.146011134750181348e+00 -3.763596138343087816e+00 -2.892222396839827958e+00 -1.362184677446984127e+00 1.331828354574052575e+00 3.710453019608117575e+00 5.919022230980063526e+00 5.919022230980063526e+00 5.919022230980063526e+00 5.919022230980063526e+00
-7.847846907519246074e+00 -7.115960440891774041e+00 -5.239081752376426593e+00 -3.333111172264197286e+00 -1.145621022612386630e+00 3.537993850953303210e-01 3.210486398750299397e+00 3.024109347201925591e+00 2.001933272564798472e+00 -4.105356066178575070e+00 -2.494607275011170078e+00 -7.747382211451284695e-01 1.547556384166616894e+00 3.734107785961238157e+00 6.701782233718745374e+00 6.701782233718745374e+00 6.701782233718745374e+00 6.701782233718745374e+00
-8.439816480475974103e+00 -7.629811018827925118e+00 -6.227911230720252433e+00 -4.156541908344693503e+00 -2.608458146730758376e+00 -8.594813207625093820e-01 9.498642272051710522e-01 2.782065380166593993e+00 1.407498734796287732e+00 -3.704343196135027494e+00 -1.770773620155331685e+00 1.103346441596738892e+00 1.859461022236007288e+00 4.144943451454264682e+00 6.733561489376940656e+00 6.733561489376940656e+00 6.733561489376940656e+00 6.733561489376940656e+00
-8.901651790950447563e+00 -7.876331435534163816e+00 -6.816122621884176169e+00 -5.264898286112379644e+00 -3.536230758870757995e+00 -1.848212873241210641e+00 -9.763853697440846302e-01 -4.966462256595993718e-02 1.699671369100314244e+00 -7.390810479858838100e-01 -4.062900766211990367e-01 1.511718788680463561e-02 2.169610400361910330e+00 4.524924339205567136e+00 6.636339768222543789e+00 6.636339768222543789e+00 6.636339768222543789e+00 6.636339768222543789e+00
-9.135557096114393261e+00 -8.390544705858722807e+00 -7.529938323992286797e+00 -6.098715908900580907e+00 -4.524238291059233141e+00 -3.271849476637600951e+00 -1.525745163726174525e+00 -9.941627209482540861e-01 -5.105856251656466505e-01 1.532637962065137804e+00 -3.916010757921035701e-01 3.607836649225777403e-01 1.824898775304764964e+00 4.677998513334142849e+00 6.697220060693411803e+00 6.697220060693411803e+00 6.697220060693411803e+00 6.697220060693411803e+00
-9.350937049726333328e+00 -8.532613775664799505e+00 -7.997799882900300972e+00 -7.354002276621329770e+00 -6.175578457345318739e+00 -4.415490299381158223e+00 -2.815437134756172188e+00 -1.621152861160410907e+00 -1.404557109688262084e+00 9.098314551624910873e-01 5.274291548468584834e-01 -1.553014200387989874e-01 1.435215871218344041e+00 4.097742776275507204e+00 5.761962210924456151e+00 5.761962210924456151e+00 5.761962210924456151e+00 5.761962210924456151e+00
-1.007706336399580849e+01 -9.005784729836213032e+00 -8.681041565206282229e+00 -8.243834639362304983e+00 -7.470617100969690227e+00 -6.622037647143033112e+00 -4.269909616601442082e+00 -2.247618458623718674e+00 -1.837813336341051595e+00 -9.111778365579222827e-01 1.408328373316232618e+00 3.688878282110379381e-01 -5.225144367809937407e-01 4.027110118129053618e+00 7.197097272133662571e+00 7.197097272133662571e+00 7.197097272133662571e+00 7.197097272133662571e+00
-1.032273847138856127e+01 -9.959724034286260519e+00 -9.457658359040783225e+00 -9.045022120550639144e+00 -8.472206930451648077e+00 -7.380245454700459007e+00 -5.681426382669754638e+00 -3.403127913794945059e+00 -2.682274579154766414e+00 -1.630474873316114959e+00 -1.646280334578260340e-01 1.098019108864032534e+00 -1.036239894143419216e-01 4.466715857055936212e+00 7.253489451261357246e+00 7.253489451261357246e+00 7.253489451261357246e+00 7.253489451261357246e+00
-1.037364536294217032e+01 -1.006303944613348023e+01 -9.622242699462514537e+00 -9.261187597471213451e+00 -8.801084105545932346e+00 -7.776645983559335562e+00 -6.389314539181788710e+00 -4.730397975507391273e+00 -3.379715774079460555e+00 -2.494472787261184266e+00 -1.638981450476816537e+00 9.230327411001402194e-01 8.235469183379054425e-02 3.980735682048988977e+00 7.024611722629891197e+00 7.024611722629891197e+00 7.024611722629891197e+00 7.024611722629891197e+00
-1.042569321071565014e+01 -1.016272619241373221e+01 -9.792474155719634865e+00 -9.394873448382401904e+00 -9.007124306470526420e+00 -8.086146754004241544e+00 -6.656491919597163687e+00 -5.559318077575754913e+00 -3.898886971375393085e+00 -3.020534459983641895e+00 -2.634347958982350413e+00 4.126507221391545466e-02 2.287326622131107545e-01 3.117340200801426597e+00 6.441810175372034486e+00 6.441810175372034486e+00 6.441810175372034486e+00 6.441810175372034486e+00
-1.045985790966931361e+01 -1.016594823205339893e+01 -9.890331434170652969e+00 -9.517101841058373424e+00 -9.054734474297791991e+00 -8.251015104912433173e+00 -6.914108310638381383e+00 -5.751188408426738619e+00 -4.486448981746354647e+00 -2.697006343959772678e+00 -2.248236551474582345e+00 -1.160603420791382900e-01 4.076402361464826485e-01 2.797296623034945195e+00 5.615078537847013607e+00 5.615078537847013607e+00 5.615078537847013607e+00 5.615078537847013607e+00
-1.046716496225439030e+01 -1.020612671378015968e+01 -9.972417123947140638e+00 -9.560341369173100290e+00 -9.154761446708562289e+00 -8.504166332431459807e+00 -7.144577221170004933e+00 -5.857510247262730729e+00 -5.449492952325276640e+00 -3.473641867376139114e+00 -1.698678498273550774e+00 -6.892976743319978450e-01 3.375909239553924746e-01 2.676286444281340771e+00 5.953684273112063607e+00 5.953684273112063607e+00 5.953684273112063607e+00 5.953684273112063607e+00
-1.058621320254840370e+01 -1.024036932878695794e+01 -9.924349498915411516e+00 -9.560185227327114177e+00 -9.210533192045966544e+00 -8.565617311460943739e+00 -7.311610071214508011e+00 -5.850928082643539696e+00 -5.727272069306585500e+00 -4.151890823502513150e+00 -2.290940640124961458e+00 -1.403825143865936598e+00 -6.195000875550715075e-02 2.146119186886856767e+00 6.289226377929036715e+00 6.289226377929036715e+00 6.289226377929036715e+00 6.289226377929036715e+00
-1.054542623742848484e+01 -1.023457974465082110e+01 -1.000886436421617631e+01 -9.657375900609649122e+00 -9.209599847698591191e+00 -8.715403765388373358e+00 -7.469613049161377916e+00 -5.797141188107495680e+00 -5.326801131589951055e+00 -4.107916569162327391e+00 -2.420967130777661236e+00 -2.696418897284868166e+00 -1.632576101231076604e-01 2.207369884816987149e+00 5.816294655491475396e+00 5.816294655491475396e+00 5.816294655491475396e+00 5.816294655491475396e+00
-1.057014729176686885e+01 -1.030436003398520484e+01 -9.992605262582310743e+00 -9.651192448659816847e+00 -9.324437380656974028e+00 -8.726529498837134469e+00 -7.479502096866017524e+00 -5.912977135234008585e+00 -5.278693274242038491e+00 -3.883554646257813214e+00 -4.892945723506183953e+00 -1.794153918514479251e+00 -5.696830892143407432e-01 2.059214094101758263e+00 5.136555482312903820e+00 5.136555482312903820e+00 5.136555482312903820e+00 5.136555482312903820e+00
-1.059166503495242750e+01 -1.030325897424218162e+01 -9.973001780671093996e+00 -9.635389260333436567e+00 -9.350773084431354576e+00 -8.780530830604433845e+00 -7.613529668803311168e+00 -5.901707119088413833e+00 -5.335540709495933065e+00 -3.621678595956796975e+00 -3.951674843799097836e+00 -2.310113843721137261e+00 -7.660911038130464590e-01 2.279873694216198121e+00 5.475915996709457723e+00 5.475915996709457723e+00 5.475915996709457723e+00 5.475915996709457723e+00
-1.064746146437907015e+01 -1.035558229512347062e+01 -9.986603332694937052e+00 -9.676479826072645452e+00 -9.395561430371481393e+00 -8.923770226767359759e+00 -7.599255774883742376e+00 -5.714664990375137421e+00 -5.366055144190469584e+00 -3.675171204600926167e+00 -4.119858671361012803e+00 -2.237263928415869962e+00 -7.002828056652283806e-01 2.274359178829655548e+00 5.106402393866211753e+00 5.106402393866211753e+00 5.106402393866211753e+00 5.106402393866211753e+00
