-1.030242431794255253e+01 -1.033692390521802018e+01 -1.008612184560675473e+01 -9.719868120197959982e+00 -9.431334922559303280e+00 -9.121193155314538004e+00 -8.612423973179724968e+00 -7.529249882183577824e+00 -5.829664203577978654e+00 -4.490917663029702744e+00 -3.022820894143018577e+00 -2.425191165837655483e+00 -6.147835901285020332e-01 2.323825261331402992e+00 4.830945821951644348e+00 4.830945821951644348e+00 4.830945821951644348e+00 4.830945821951644348e+00
-1.038716983523676696e+01 -1.021788697381652256e+01 -9.977412899350085240e+00 -9.865975878379334318e+00 -9.559562939405042314e+00 -9.057709912052482437e+00 -8.437275614236243726e+00 -7.354379233366884705e+00 -5.735201762680114612e+00 -4.545037836165420231e+00 -2.987892992466922415e+00 -2.336863558887546155e+00 -1.803634182002344377e-01 2.510316193115196715e+00 4.723791315848165695e+00 4.723791315848165695e+00 4.723791315848165695e+00 4.723791315848165695e+00
-1.038752630070833582e+01 -1.003908327455684812e+01 -9.822431939107943322e+00 -9.616549290946174722e+00 -9.569488974204794829e+00 -9.266836521066254662e+00 -8.194121504949119839e+00 -7.239990139873354380e+00 -5.561558416291592977e+00 -3.951600497499740960e+00 -3.427161434798514428e+00 -2.271644948494082605e+00 -5.407499909269031235e-04 2.482953417389036410e+00 4.787429437760161832e+00 4.787429437760161832e+00 4.787429437760161832e+00 4.787429437760161832e+00
-1.039389891296985979e+01 -1.022869313724663520e+01 -1.002747016129192481e+01 -9.472943435706007165e+00 -9.352719902337925717e+00 -9.170235928773172063e+00 -8.381385511716731074e+00 -6.984409961922976251e+00 -5.538503734564748093e+00 -3.355188038531698780e+00 -2.543185764498079315e+00 -1.862784284938466151e+00 5.453084368497422840e-01 2.378036372599334314e+00 5.226004263083195767e+00 5.226004263083195767e+00 5.226004263083195767e+00 5.226004263083195767e+00
-1.043961628931424990e+01 -1.034522419830990181e+01 -1.010334392359428257e+01 -9.701550640113715929e+00 -9.237408905791964386e+00 -8.864545470644008773e+00 -8.369355198079148295e+00 -7.019284032174171628e+00 -5.467101499324835245e+00 -2.415022222134680430e+00 -2.284823613262005004e+00 -1.080452648462723708e+00 8.167839342539275904e-01 2.499012492042239852e+00 5.025132013454296498e+00 5.025132013454296498e+00 5.025132013454296498e+00 5.025132013454296498e+00
-1.054064180888767410e+01 -9.971003160653143738e+00 -1.004756124487031954e+01 -9.982510568726658207e+00 -9.525848636619892673e+00 -8.847692840647804147e+00 -7.987299836421735577e+00 -6.609358697629496682e+00 -4.284694003888191993e+00 -2.173706426535447100e+00 -6.587371004543564057e-01 -3.870157693727526160e-01 5.607821447890212196e-01 2.312772585536305492e+00 4.724629309467911042e+00 4.724629309467911042e+00 4.724629309467911042e+00 4.724629309467911042e+00
-1.030289059772468541e+01 -1.026529758556280214e+01 -1.004176302996409653e+01 -9.773672167254185084e+00 -9.476752604591508700e+00 -8.693504527852976338e+00 -7.758944950808953855e+00 -6.369262737702536370e+00 -2.266658827977542590e+00 -1.840622774886910396e+00 2.762680538869063951e-01 1.294495810284716830e+00 1.535283119922318029e+00 3.429603251025076460e+00 4.533558724041661492e+00 4.533558724041661492e+00 4.533558724041661492e+00 4.533558724041661492e+00
-1.042950461892917957e+01 -1.004412815857903496e+01 -9.943073946942764252e+00 -9.857989756858019703e+00 -9.331612246096334218e+00 -7.966229287615155030e+00 -6.754785340856032327e+00 -2.362035479158166140e+00 -1.876232694358212161e+00 1.390761558485371918e-01 1.399277960345042926e+00 2.132341469966932745e+00 1.594692926737012684e+00 4.433630584598272861e+00 5.419313111221834234e+00 5.419313111221834234e+00 5.419313111221834234e+00 5.419313111221834234e+00
-1.052051129055386625e+01 -1.033929025716637540e+01 -9.718221267841952837e+00 -9.238335135434505574e+00 -7.939616970350346747e+00 -7.541689696215494898e+00 -3.596378813773273286e+00 -2.264656840369077440e+00 -9.939774585966953957e-02 1.654653812232811827e+00 2.141154401614764335e+00 2.929529260784735634e+00 3.446269621187640020e+00 4.846378840187563597e+00 5.945142029355786839e+00 5.945142029355786839e+00 5.945142029355786839e+00 5.945142029355786839e+00
-1.026676338723828863e+01 -9.862405067290318073e+00 -9.489813328163567263e+00 -8.370233969863225099e+00 -7.678472401730581431e+00 -4.679800960283322375e+00 -2.169559052889347139e+00 -7.366805221943070192e-01 2.042936534309355068e+00 2.466444966471184497e+00 3.139892616898310784e+00 3.521772325686671756e+00 5.019278415394936133e+00 4.984850494974197410e+00 5.568503859424204450e+00 5.568503859424204450e+00 5.568503859424204450e+00 5.568503859424204450e+00
-1.029473639278839237e+01 -9.371693479599333187e+00 -8.571702631852168963e+00 -8.470987763016626815e+00 -7.221712891852579475e+00 -2.290187620428008053e+00 -6.478396603409068977e-01 1.274440485032644066e+00 2.735992982067340762e+00 3.215164247721626456e+00 3.201357685353411586e+00 4.726433490215528721e+00 3.026964641301447489e+00 2.394651303606129211e+00 5.310946245267413879e+00 5.310946245267413879e+00 5.310946245267413879e+00 5.310946245267413879e+00
-9.435590443695758722e+00 -8.737367807165817624e+00 -8.041868925047513272e+00 -7.724450042409623407e+00 -3.158541014067963726e+00 -1.800990391481162689e+00 4.452111950294873610e-01 2.246354325843696209e+00 3.096055253632398419e+00 3.312955788029874782e+00 4.632762259762021273e+00 2.957117985256983328e+00 8.165452581167570445e-01 2.507388186817236075e+00 5.510787887601365398e+00 5.510787887601365398e+00 5.510787887601365398e+00 5.510787887601365398e+00
-9.769483770102926457e+00 -8.353696245196172043e+00 -7.218085961816963270e+00 -5.588545958441080153e+00 -2.564044179142879187e+00 -3.807382789405145962e-01 2.277075783789405783e+00 3.231806621636191146e+00 3.428608426129238218e+00 4.239353173231471317e+00 4.852703004181252666e+00 -1.652781684791884975e-01 4.863162235136276323e-01 2.534544587971456320e+00 5.585140615254899465e+00 5.585140615254899465e+00 5.585140615254899465e+00 5.585140615254899465e+00
-9.901601874601890785e+00 -7.694897576660800098e+00 -5.695058235209980779e+00 -2.614659509048893771e+00 -1.696415532361242207e+00 7.340811527377990586e-01 2.887477306988473380e+00 3.296441254543841737e+00 3.478569575963626370e+00 5.125553338600855824e+00 2.588203262095048807e+00 -1.937908073056404668e+00 3.612341700482564200e-01 2.769665150536851250e+00 5.458647709414938376e+00 5.458647709414938376e+00 5.458647709414938376e+00 5.458647709414938376e+00
-9.402856307028933713e+00 -7.362564281621592599e+00 -3.769208391167187422e+00 -2.468740968548548853e+00 -1.452800990777305679e-01 2.583119802460644987e+00 3.256519700345235080e+00 3.416743752514904031e+00 3.697489549615681437e+00 5.777160439848226581e+00 4.379840485178712051e+00 -9.444015191345037641e-01 8.538477041282332980e-01 2.812598103028128183e+00 5.434234332685249136e+00 5.434234332685249136e+00 5.434234332685249136e+00 5.434234332685249136e+00
-9.241792253652157285e+00 -6.206539620982988836e+00 -2.984478392007133607e+00 -1.580973607729144526e+00 7.763414939099340106e-01 3.136936504803280901e+00 3.200206139089594171e+00 3.260769009615599234e+00 4.314407089085338320e+00 6.386604315935032972e+00 6.131279994885505680e+00 1.516824437258069036e+00 7.933126227452697021e-01 2.820151570482253067e+00 5.555873721809033938e+00 5.555873721809033938e+00 5.555873721809033938e+00 5.555873721809033938e+00
-8.317191623551529744e+00 -5.076126247915308198e+00 -2.157566573893688666e+00 -6.406190987278256310e-01 1.816566403363968796e+00 3.231711272666498935e+00 3.372410193993902183e+00 3.413854947470001733e+00 4.290302772324368519e+00 5.008408772187834757e+00 4.688672574720088804e+00 4.826012600856371293e+00 4.115879035813510889e+00 3.200781117104499085e+00 5.650618502477003702e+00 5.650618502477003702e+00 5.650618502477003702e+00 5.650618502477003702e+00
-7.274762979428924581e+00 -4.737331172456249462e+00 -1.444610754782646778e+00 -4.861041070005833187e-01 2.311875913552987605e+00 2.798497531981674946e+00 3.584542878412441791e+00 3.956118640458724744e+00 4.209438088742810891e+00 3.283276927697940550e+00 3.266762770238551106e+00 3.210272302515036813e+00 4.050761419077530512e+00 5.218948458312017813e+00 5.705978506713099918e+00 5.705978506713099918e+00 5.705978506713099918e+00 5.705978506713099918e+00
-7.597651790724857079e+00 -4.894719135894860962e+00 -1.226630571636622147e+00 5.027619011736300658e-01 2.686940172090964474e+00 3.326035725943649268e+00 3.335495884471102013e+00 4.162853460497025537e+00 3.888068038564940210e+00 1.740010280711957069e+00 1.136007143999660851e+00 1.444645547660355245e+00 2.845553743208173891e+00 4.499259649525610527e+00 5.594922579248850170e+00 5.594922579248850170e+00 5.594922579248850170e+00 5.594922579248850170e+00
-7.975006152851690011e+00 -4.957517828132506743e+00 -1.367726265036930622e+00 3.817115787645284919e-01 2.741062649621348157e+00 3.290081206951282589e+00 3.292261041243866870e+00 4.206196751983287463e+00 3.178716502646837139e+00 1.436239929256450054e+00 -9.536305631962107565e-01 9.152208879133647557e-01 2.016567519857377810e+00 3.681851283059941249e+00 5.517009938452790863e+00 5.517009938452790863e+00 5.517009938452790863e+00 5.517009938452790863e+00
-7.818347923877609240e+00 -5.405966275390786890e+00 -2.160975712844157570e+00 2.624015237498751874e-01 2.732693078973954304e+00 3.227182766485589660e+00 3.268660088009027298e+00 4.217214773204489120e+00 3.025200576899752747e+00 1.365024860844405108e+00 -1.064681794982240470e+00 -2.782317661662675121e-02 1.284510205661365534e+00 3.433905004695074759e+00 5.438091688942149560e+00 5.438091688942149560e+00 5.438091688942149560e+00 5.438091688942149560e+00
-7.862547827665236966e+00 -6.177640576008024631e+00 -2.007837333558154747e+00 1.941795823199864712e-01 2.462074998932178183e+00 3.384513160900383344e+00 3.338591331196243406e+00 4.331595559023204700e+00 2.759525902532449670e+00 8.655240278178696345e-01 -2.848580986521198621e+00 -1.809675654331754480e+00 1.232624316011640131e+00 3.278892582254977928e+00 5.364989703893248141e+00 5.364989703893248141e+00 5.364989703893248141e+00 5.364989703893248141e+00
-7.964969536290746888e+00 -6.172394579118199331e+00 -1.947038110514784481e+00 -2.045951430080730493e-01 2.453433946224687912e+00 3.361692762505897658e+00 3.403747023759900348e+00 4.201651111289133489e+00 2.358215130694515160e+00 -1.078274089082527309e+00 -2.863584611246963618e+00 -1.701019356027499985e+00 1.259878148744516757e+00 3.565263827582259015e+00 5.541797045595673765e+00 5.541797045595673765e+00 5.541797045595673765e+00 5.541797045595673765e+00
-7.936523286268529986e+00 -6.684162537789200442e+00 -2.473117174852378142e+00 -1.289508676378273710e+00 2.122541514932420714e+00 3.281295147958389613e+00 3.368936658050581290e+00 3.946144109441458880e+00 2.105639985101172229e+00 -4.097681930450379539e+00 -3.236748866908127020e+00 -1.280870519748182002e+00 1.249971764235731531e+00 3.791520056049062504e+00 5.496131234233590845e+00 5.496131234233590845e+00 5.496131234233590845e+00 5.496131234233590845e+00
-8.114560926290863563e+00 -7.526322581169612391e+00 -3.076295266724691224e+00 -1.924206694707213394e+00 1.159974368141275747e+00 3.227417895185675345e+00 3.362995441254875928e+00 3.238415322516227324e+00 1.603636996868119891e+00 -4.409988176155075656e+00 -2.801635719776548683e+00 -8.505822062398593619e-01 1.583425627004862779e+00 3.752522253368163696e+00 5.414626968154711228e+00 5.414626968154711228e+00 5.414626968154711228e+00 5.414626968154711228e+00
-8.115698479231046036e+00 -7.596308035367992595e+00 -5.401189858966711554e+00 -1.739184681301293001e+00 1.095887966335011843e-01 2.593347921975542647e+00 3.162802894427320766e+00 2.930377586240521026e+00 1.136242487045955762e+00 -4.310214766347614912e+00 -2.203925398408205005e+00 1.193583616351014065e+00 1.955256781499809415e+00 4.224363646055473431e+00 5.343964105425143885e+00 5.343964105425143885e+00 5.343964105425143885e+00 5.343964105425143885e+00
-8.754995262169979142e+00 -7.673598883519283653e+00 -6.787603246102388965e+00 -2.752992018668510177e+00 -1.476497851306563858e+00 6.387183515868000150e-01 1.957054690493962745e+00 1.721627426714508413e+00 1.089913668280341419e+00 -1.517995623453144205e+00 -2.212902169320800638e+00 4.426641971223317373e-01 2.367573676024021356e+00 4.325695821359318849e+00 5.215704811474100033e+00 5.215704811474100033e+00 5.215704811474100033e+00 5.215704811474100033e+00
-9.016805806783402488e+00 -8.503871239257710712e+00 -7.485374344604970531e+00 -5.123266732678152025e+00 -2.048202929165737540e+00 -1.970221189722728417e+00 -9.914223069463652671e-02 4.604061984742942037e-01 4.685127942663785960e-01 -6.173235146039266485e-01 -2.482359987662210443e+00 -7.949506113404971597e-01 1.832710216672695402e+00 4.461734557316712646e+00 5.308779501409262913e+00 5.308779501409262913e+00 5.308779501409262913e+00 5.308779501409262913e+00
-9.247368951257097791e+00 -8.558280154828878494e+00 -8.040707364759704490e+00 -7.415494791393596685e+00 -5.787473428671658482e+00 -3.158290638405011563e+00 -2.579015192437120962e+00 -1.694951237231753449e+00 -4.612659313555474982e-01 -4.665915546197181296e-01 -3.314149213719245424e+00 -8.934259266768902474e-01 1.285454854412702019e+00 4.100203543639861614e+00 5.351044941713553271e+00 5.351044941713553271e+00 5.351044941713553271e+00 5.351044941713553271e+00
-1.039044562091499913e+01 -8.969662797225332440e+00 -8.797183243544292708e+00 -8.441718098553844030e+00 -7.713276245345847215e+00 -6.661720101504100988e+00 -5.476674598787727888e+00 -3.334129301319594063e+00 -3.027641081802950218e+00 -2.727079375904707170e+00 -1.716955127768517997e+00 -1.558264068891348497e+00 7.226627417441836565e-01 4.191284459104682725e+00 5.221427541296732144e+00 5.221427541296732144e+00 5.221427541296732144e+00 5.221427541296732144e+00
-1.042619327187596490e+01 -1.003626218583719520e+01 -9.660422599120725096e+00 -9.200106829089158111e+00 -8.873116179063874398e+00 -7.288108889330922935e+00 -5.749535798434656897e+00 -5.707338865862090493e+00 -4.980891460019258865e+00 -4.106241347077448367e+00 -2.824691892965432327e+00 -2.197309748032640009e+00 4.966152559107555042e-01 4.581548321824669756e+00 5.115504837314107434e+00 5.115504837314107434e+00 5.115504837314107434e+00 5.115504837314107434e+00
-1.058447526574649800e+01 -1.024705146760773466e+01 -9.848742456636108145e+00 -9.573273876128073567e+00 -9.233159267647492285e+00 -7.880722599487954838e+00 -6.021906249622018592e+00 -5.885800707204623450e+00 -5.093956917467300727e+00 -4.553575101258406477e+00 -2.805414210318518453e+00 -2.407952511047504185e+00 3.257226906803992184e-01 4.419210193792991070e+00 5.076330166196894922e+00 5.076330166196894922e+00 5.076330166196894922e+00 5.076330166196894922e+00
-1.057273291499432233e+01 -1.027513566882527840e+01 -1.001454087426257544e+01 -9.649539920650624936e+00 -9.347097317801988936e+00 -8.286083250628660579e+00 -6.130277341036642014e+00 -5.858445782628418641e+00 -5.103695587654518917e+00 -4.243127270424191799e+00 -2.695676618497998778e+00 -2.662750885723450978e+00 4.488390523686751621e-01 3.540740323332947082e+00 4.925374156222668276e+00 4.925374156222668276e+00 4.925374156222668276e+00 4.925374156222668276e+00
-1.051935607197372313e+01 -1.044572456154132922e+01 -9.926537994385482122e+00 -9.665600877810241798e+00 -9.381656661432145938e+00 -8.584456329013653075e+00 -6.281559732139557539e+00 -6.128453610324034351e+00 -5.294079249909500184e+00 -4.095666819619067311e+00 -3.360733425166317456e+00 -2.462914065108485762e+00 3.572678892099498960e-01 3.369147812937394626e+00 5.185968917770330755e+00 5.185968917770330755e+00 5.185968917770330755e+00 5.185968917770330755e+00
-1.051425079470354262e+01 -1.042209808977139929e+01 -9.970731731024427447e+00 -9.738244758809118551e+00 -9.394320137150556249e+00 -8.689326278695318706e+00 -6.830080699814516265e+00 -6.062597956475293870e+00 -5.561135511203581849e+00 -4.378664104839479876e+00 -3.399525705420004762e+00 -2.513255286922588372e+00 3.232168953036251291e-01 3.488429041508546380e+00 5.268706560617333778e+00 5.268706560617333778e+00 5.268706560617333778e+00 5.268706560617333778e+00
-1.060229514445750532e+01 -1.028458072241505050e+01 -9.970219985818078001e+00 -9.711952697719496541e+00 -9.400767516842938321e+00 -8.930386213325281375e+00 -7.052351642872750404e+00 -5.924549959378679453e+00 -5.919115056580928069e+00 -4.892761078908993255e+00 -3.179330733537943932e+00 -2.884669649371787159e+00 1.148642538477896713e-01 3.153570646611820294e+00 5.115692763487574624e+00 5.115692763487574624e+00 5.115692763487574624e+00 5.115692763487574624e+00
-1.059843516719655199e+01 -1.030060559697228939e+01 -1.002736251050274419e+01 -9.751934551384552563e+00 -9.417105360310056739e+00 -9.013029468674723432e+00 -7.464679998171209974e+00 -5.827366620223148885e+00 -5.675437851400351619e+00 -5.391871282516761177e+00 -2.802352251282892226e+00 -2.614988288894650292e+00 1.078677551719256639e-01 3.130223313086896386e+00 5.075181855552452603e+00 5.075181855552452603e+00 5.075181855552452603e+00 5.075181855552452603e+00
-1.073556643222038787e+01 -1.047065644611870106e+01 -1.002355015559638929e+01 -9.745399365125607005e+00 -9.461349093359007867e+00 -8.975265379487051831e+00 -7.737605323265547952e+00 -6.142905494329294669e+00 -5.866708048695452149e+00 -5.415491260487142355e+00 -3.497033990908898993e+00 -2.705136672041176471e+00 2.985150485648156438e-01 2.977346619085371238e+00 4.922168058422693449e+00 4.922168058422693449e+00 4.922168058422693449e+00 4.922168058422693449e+00
-1.074300963071670445e+01 -1.041607960726199522e+01 -1.003083463135014242e+01 -9.839542687649249331e+00 -9.499250968990100574e+00 -8.998038117119136814e+00 -7.907432582610256944e+00 -6.135909257094821712e+00 -5.883626295869753164e+00 -5.486399396922260863e+00 -3.463239157903131638e+00 -2.469525224844984823e+00 1.913535226308813453e-01 3.033052164475676715e+00 4.973546109903622003e+00 4.973546109903622003e+00 4.973546109903622003e+00 4.973546109903622003e+00
-1.072037859911291235e+01 -1.039295111168624786e+01 -1.001592436374658490e+01 -9.843485882874746906e+00 -9.506410257856547474e+00 -9.153671352230688285e+00 -8.012725185167079545e+00 -5.786610181985835766e+00 -5.969405473130815487e+00 -5.091456793470562125e+00 -3.242862019003193375e+00 -2.146114757868618828e+00 1.320304890082358851e-01 2.980660785802076163e+00 5.041680819093556032e+00 5.041680819093556032e+00 5.041680819093556032e+00 5.041680819093556032e+00
