-1.049523350428085777e+01 -1.031233600471886547e+01 -9.950966391505119191e+00 -9.618576991932323850e+00 -9.321791151754394988e+00 -8.932268162209240359e+00 -8.353639920218851600e+00 -7.060867939078470990e+00 -3.537604678050366047e+00 -3.628707770411534028e+00 -2.195093288456733571e+00 -5.507300262371342958e-01 7.250061164387251456e-01 2.072929788065865697e+00 5.267692601104164929e+00 5.267692601104164929e+00 5.267692601104164929e+00 5.267692601104164929e+00
-1.043779710635911862e+01 -1.023785780579365934e+01 -1.000719987257941135e+01 -9.765783342483725704e+00 -9.409090748909374469e+00 -8.879248233226086029e+00 -8.117332493764500612e+00 -6.689262907827376203e+00 -3.341397488092956891e+00 -4.242354241894862099e+00 -1.787309722387981470e+00 -5.837690421099714366e-02 1.026297527244997898e+00 1.953120643780910326e+00 5.121342879002523496e+00 5.121342879002523496e+00 5.121342879002523496e+00 5.121342879002523496e+00
-1.023978518719673048e+01 -9.890808307328764926e+00 -9.858003676732460363e+00 -9.842688573659023277e+00 -9.595237187819456892e+00 -9.014381076407294913e+00 -8.084574418866704804e+00 -6.410202939983392412e+00 -2.953239101792575205e+00 -4.253125731750258431e+00 -6.635213831306153720e-01 -6.797563152672220221e-02 1.770331624594697395e+00 2.003532101407161647e+00 5.206674031818065096e+00 5.206674031818065096e+00 5.206674031818065096e+00 5.206674031818065096e+00
-1.043767837918970187e+01 -1.023001948302958120e+01 -9.720028210360114329e+00 -9.360836268807954497e+00 -9.274305114511630421e+00 -9.214207742782331678e+00 -8.099156143850201772e+00 -5.852463675404099064e+00 -2.330725076894053949e+00 -3.860281333578589269e+00 -2.259048503706085065e-01 4.114656878172448518e-01 1.472697770855389887e+00 2.130044830840765790e+00 4.901318181941920926e+00 4.901318181941920926e+00 4.901318181941920926e+00 4.901318181941920926e+00
-1.053612397355468389e+01 -1.022542641819700471e+01 -9.972044653226850741e+00 -9.550338988787880012e+00 -8.992091394752398159e+00 -8.619252055939185198e+00 -7.957188795898550993e+00 -4.858868929904366141e+00 -2.507415384130917246e+00 -3.028747332947025583e+00 -1.460431525480472836e-01 9.716422194546379121e-01 1.487718852788980417e+00 2.306363466780918525e+00 4.824125212916453798e+00 4.824125212916453798e+00 4.824125212916453798e+00 4.824125212916453798e+00
-1.032077871537012648e+01 -1.014091021115687141e+01 -1.014881395806114384e+01 -9.832505209100554922e+00 -9.279299245873502855e+00 -8.461284005016533882e+00 -7.719097489506555831e+00 -3.599256703023164583e+00 -4.125818951513233301e+00 -1.401493493506229537e+00 1.711532333860244226e-01 1.170517255760624487e+00 1.633726187858794532e+00 2.102478912598620742e+00 4.461761245716957092e+00 4.461761245716957092e+00 4.461761245716957092e+00 4.461761245716957092e+00
-1.053807426131882075e+01 -1.025176778579098347e+01 -1.006035596366550244e+01 -9.786334726990961741e+00 -9.272586520616508565e+00 -8.462698386353919133e+00 -6.696133938701521515e+00 -2.713545260477837395e+00 -4.166921222443584760e+00 -3.797175540482211620e-01 9.242894182483836207e-01 1.864370468641612044e+00 1.694822662979991179e+00 3.073465808091344176e+00 4.405824925697608307e+00 4.405824925697608307e+00 4.405824925697608307e+00 4.405824925697608307e+00
-1.036422873594840866e+01 -1.014320302997337109e+01 -1.009665212577334614e+01 -9.686417234093729789e+00 -9.168847100014613005e+00 -8.235018978403589429e+00 -4.966674891506970724e+00 -3.403490257147332443e+00 -3.258588500702801483e+00 -1.272235666593526382e-01 1.510394152067414453e+00 2.003831567620244947e+00 1.861783618959934383e+00 4.282588890543150839e+00 5.236155825410371278e+00 5.236155825410371278e+00 5.236155825410371278e+00 5.236155825410371278e+00
-1.035214429592368646e+01 -1.005435014484556966e+01 -9.502632919626671892e+00 -9.224948990691924422e+00 -8.410987978486000216e+00 -7.013137278315388912e+00 -3.604303322040936841e+00 -4.345823022132408120e+00 -2.414801491589006144e+00 2.605621164321580419e-01 2.057400037852213259e+00 2.702494399866491204e+00 3.253616547846140961e+00 4.724922909797250270e+00 5.126644360854172078e+00 5.126644360854172078e+00 5.126644360854172078e+00 5.126644360854172078e+00
-1.053833656885746706e+01 -1.013435536015212968e+01 -9.330111535176937920e+00 -8.434283964999645278e+00 -7.476178579219880049e+00 -5.582000121537840975e+00 -2.337868005906151847e+00 -4.237387293802032495e+00 -4.021874867443573365e-01 1.800805999602618890e+00 2.793749385075489311e+00 3.390828496899101818e+00 4.916579616277296338e+00 4.993380705896285576e+00 5.370564395311094863e+00 5.370564395311094863e+00 5.370564395311094863e+00 5.370564395311094863e+00
-1.019328882931796798e+01 -9.586912631450637434e+00 -9.039098660476112101e+00 -8.384259801092955655e+00 -6.843056279634335937e+00 -4.040048883492898035e+00 -3.681107323531705333e+00 -2.771822298520251415e+00 2.338408880361568798e-01 2.751958076685077526e+00 2.977335617389080813e+00 4.577242408897786774e+00 3.050587985837484695e+00 2.341691873139531310e+00 5.572685769187232019e+00 5.572685769187232019e+00 5.572685769187232019e+00 5.572685769187232019e+00
-9.903317917821741645e+00 -9.096097540029127515e+00 -8.345460566388839041e+00 -8.050035485178952399e+00 -5.529752312295685535e+00 -2.918259283737376641e+00 -3.364633776172447632e+00 -1.321724813049463432e+00 1.450508878531359791e+00 3.188307998071544080e+00 4.346797318315909209e+00 3.749644453068833094e+00 2.099480202854348221e+00 2.405528649681365927e+00 5.348278854411431027e+00 5.348278854411431027e+00 5.348278854411431027e+00 5.348278854411431027e+00
-9.487320357684755123e+00 -8.662800479283429667e+00 -7.898956709679604948e+00 -6.512067903789963808e+00 -4.347609934547759458e+00 -3.255798390978700940e+00 -3.216860989880315991e+00 3.155041870435167373e-01 3.291881834301162435e+00 3.998701892168541328e+00 4.637974705486749727e+00 2.217555393915383810e+00 4.690333786916556780e-01 2.373695594669956055e+00 5.208571040791619033e+00 5.208571040791619033e+00 5.208571040791619033e+00 5.208571040791619033e+00
-1.001916110568342511e+01 -8.051547750045184415e+00 -6.909043894148412690e+00 -5.356005736123827354e+00 -3.040392883724233553e+00 -2.504886003442171827e+00 -2.767308673716389222e+00 6.692698699562048548e-01 3.278583169363588734e+00 4.975997780856634911e+00 3.352447440969449133e+00 -2.004701328165325425e+00 3.450228995058449155e-01 2.533642623722784037e+00 5.048813187081693243e+00 5.048813187081693243e+00 5.048813187081693243e+00 5.048813187081693243e+00
-9.520808831964959751e+00 -7.663871402106335218e+00 -6.029303435189977911e+00 -4.751950752545468504e+00 -2.286952476698726144e+00 -3.153265342547936445e+00 -8.228482756003794307e-01 2.615859694049251782e+00 3.467894304920226212e+00 5.442010824367808475e+00 4.384056854265510061e+00 -9.933103993578453750e-01 9.654703535642910062e-01 2.468208905940602271e+00 5.265414329789538606e+00 5.265414329789538606e+00 5.265414329789538606e+00 5.265414329789538606e+00
-9.072857918658787213e+00 -7.050832730262037273e+00 -5.335567492697910197e+00 -3.946948117793994015e+00 -1.838238831672750706e+00 -2.476717656907601928e+00 5.860551358469328065e-01 2.942375477620389645e+00 4.028404642862165375e+00 6.143782116749404665e+00 5.933175743641129429e+00 2.010356012799352499e+00 6.482750262676406638e-01 2.746967853958628414e+00 5.290616652498723482e+00 5.290616652498723482e+00 5.290616652498723482e+00 5.290616652498723482e+00
-8.805603975584084253e+00 -6.549684031478976820e+00 -4.777006103478584009e+00 -3.285553180450736299e+00 -2.034367131911679394e+00 -1.922866471140876055e+00 2.140561992518021039e+00 3.306989611090360270e+00 4.192294593770695244e+00 5.110224515591319516e+00 4.538132140344579568e+00 4.629451394460289748e+00 3.542164900122904747e+00 3.201355074862111572e+00 5.447994183858604345e+00 5.447994183858604345e+00 5.447994183858604345e+00 5.447994183858604345e+00
-8.115179972692565968e+00 -6.391870314082865434e+00 -4.449401930628825497e+00 -2.495427665525877359e+00 -2.599995150095393281e+00 -1.070573380516818940e+00 3.453889768825904483e+00 3.861867061144374169e+00 3.978623823014816985e+00 3.257831710511302603e+00 3.251157718371698202e+00 3.156873598245718782e+00 3.880220626217978364e+00 5.111386990492095883e+00 5.236955216501846699e+00 5.236955216501846699e+00 5.236955216501846699e+00 5.236955216501846699e+00
-7.589973563590771022e+00 -6.242989252428712277e+00 -4.234540611124592679e+00 -2.053211526116698771e+00 -2.723877923081443164e+00 3.172954100714537873e-01 2.908810800657612106e+00 3.773561331455225876e+00 3.742532305724895370e+00 1.833286027478647107e+00 1.562050511220728133e+00 1.591383994875185781e+00 2.750762242331897589e+00 4.295425944899307069e+00 4.970982013309201974e+00 4.970982013309201974e+00 4.970982013309201974e+00 4.970982013309201974e+00
-7.944525282435824565e+00 -6.140017226655672289e+00 -3.924618953779727359e+00 -1.770407304818600203e+00 -2.263612838351510614e+00 6.476789966009963706e-01 3.124651377986934264e+00 3.968585471074762339e+00 3.032964631629587515e+00 1.550622877429506996e+00 9.470056883479867071e-01 1.047949793158304388e+00 1.951611754516812791e+00 3.572141745257938261e+00 5.165790118146298404e+00 5.165790118146298404e+00 5.165790118146298404e+00 5.165790118146298404e+00
-8.208775200056823707e+00 -6.407965320434193757e+00 -4.074780483789223418e+00 -2.718370450654767456e+00 -1.962163830045697610e+00 -1.654775602838968740e-01 3.081394737080098700e+00 4.004456431488311985e+00 2.961306536917249765e+00 1.424680445767514625e+00 6.609373526664589216e-01 3.622812955544679747e-01 1.228786238042089307e+00 3.243216468584600332e+00 5.313134700410087063e+00 5.313134700410087063e+00 5.313134700410087063e+00 5.313134700410087063e+00
-8.169447619195810972e+00 -6.760975433152450975e+00 -4.085814226035193286e+00 -2.417788821333249238e+00 -1.853636712697360300e+00 -5.140975675029905156e-01 3.244658021794801339e+00 4.035530901680129290e+00 2.715044414375678006e+00 1.151559771499250928e+00 -2.198173622339252287e+00 -1.629155542673264678e+00 1.140568332218272474e+00 3.086069184912417995e+00 5.227705891729506504e+00 5.227705891729506504e+00 5.227705891729506504e+00 5.227705891729506504e+00
-8.199420844711543310e+00 -6.965617564679300600e+00 -4.884767197940037775e+00 -2.385743308803466523e+00 -1.830177420320575177e+00 -1.216587035930388749e+00 3.358740788921240394e+00 3.900499205184841500e+00 2.275232207247551486e+00 8.910777956157793778e-01 -2.469143722839954869e+00 -1.572321771169463922e+00 1.151698628674419744e+00 3.399743912758685482e+00 5.263280787192370802e+00 5.263280787192370802e+00 5.263280787192370802e+00 5.263280787192370802e+00
-8.174013284364935572e+00 -7.296980903305251509e+00 -5.408217794496712472e+00 -3.267388429057152877e+00 -2.002014098647881379e+00 -1.453925438238012235e+00 1.907064698846054895e+00 3.642395348720273596e+00 2.041616202408187863e+00 -1.007438293853243350e+00 -2.598227800119960129e+00 -1.297059324450729356e+00 1.189604632048651078e+00 3.633191712761946413e+00 4.932344920188312720e+00 4.932344920188312720e+00 4.932344920188312720e+00 4.932344920188312720e+00
-8.069924058602579109e+00 -7.183689337298101663e+00 -5.711447033340578017e+00 -4.299163069130974790e+00 -1.908860731900794416e+00 -1.814461008150966670e+00 1.490751030623103657e-01 2.738505027240537792e+00 2.282597775115622785e+00 -3.686973371889013862e+00 -2.306671903124435374e+00 -4.872234028642588033e-01 1.470076291405884472e+00 3.712442480908403120e+00 5.229635720072884020e+00 5.229635720072884020e+00 5.229635720072884020e+00 5.229635720072884020e+00
-8.337293342627402737e+00 -7.862320961775900230e+00 -6.540241392144138466e+00 -4.971093660167595019e+00 -3.366242331226516615e+00 -2.039229833338346065e+00 -1.846940239247223836e+00 1.527435103834946073e+00 2.097436281338037389e+00 -3.096882749011767189e+00 -4.070509740933137000e-02 1.047461532403996198e+00 1.865115072712660416e+00 4.195187413121285402e+00 5.449504826028518600e+00 5.449504826028518600e+00 5.449504826028518600e+00 5.449504826028518600e+00
-8.767931987454367970e+00 -7.872317284637140311e+00 -6.942063065363271335e+00 -5.652228809973698809e+00 -4.249342241811895349e+00 -2.271758663603839157e+00 -2.462091996832276308e+00 -1.542085561407447181e-01 1.515227944730649812e+00 -1.379794402413014875e-01 4.680586947892095839e-02 7.686148369507193046e-01 2.172165701184076259e+00 4.697787172903423958e+00 5.353779661651095978e+00 5.353779661651095978e+00 5.353779661651095978e+00 5.353779661651095978e+00
-9.104489838936681068e+00 -8.223600528808926668e+00 -7.428036205869648967e+00 -6.471960347487941689e+00 -5.199809301414859419e+00 -3.823329961640714814e+00 -2.207235301150901385e+00 -2.117246780231373915e+00 9.971199309394862542e-01 1.210383124235290264e+00 8.007020503006372358e-01 -2.970923583110964827e-01 1.749379055434963970e+00 4.777283352594506205e+00 5.268350852970517195e+00 5.268350852970517195e+00 5.268350852970517195e+00 5.268350852970517195e+00
-9.403870467606310513e+00 -8.509044701873811789e+00 -7.991999487729520624e+00 -7.239675284834001801e+00 -6.306818488081729512e+00 -5.083379024577057592e+00 -2.451429798706710184e+00 -2.433671349900920600e+00 -9.696140087525206841e-02 1.103117455343360476e+00 9.193279155146998338e-01 5.586703672663114739e-01 1.007255104115790223e+00 4.058658094858499155e+00 5.206430470359640239e+00 5.206430470359640239e+00 5.206430470359640239e+00 5.206430470359640239e+00
-9.901625381284754113e+00 -8.970190523998194720e+00 -8.521239373704844411e+00 -8.016514610632006210e+00 -7.328654872234688256e+00 -6.374657122036047063e+00 -4.039136938318564241e+00 -2.545316821851970612e+00 -2.159937898237383802e+00 9.360580919486873874e-01 8.335859813562743748e-01 9.410826339542233132e-01 3.042619938964727933e-01 3.937178071896797693e+00 5.255332065683652409e+00 5.255332065683652409e+00 5.255332065683652409e+00 5.255332065683652409e+00
-1.024694336444631304e+01 -9.793788257615609893e+00 -9.302201567663338722e+00 -8.794178291893427257e+00 -8.212433594361430167e+00 -7.154186813068605488e+00 -5.219939880924840736e+00 -3.215997920357745343e+00 -2.656911178839960641e+00 4.053148358040846166e-01 9.431631940154483473e-01 9.528180745158030263e-01 1.058685836185792595e-01 4.409108059548108471e+00 5.510042407196614533e+00 5.510042407196614533e+00 5.510042407196614533e+00 5.510042407196614533e+00
-1.036899597194855716e+01 -1.001916411704818444e+01 -9.534398786511005142e+00 -9.129971563731110962e+00 -8.531522502507035810e+00 -7.574814609254640452e+00 -6.330540370968328112e+00 -3.329275918125012890e+00 -2.757279735323793002e+00 -1.614099150330429833e+00 8.342081043753004632e-01 9.158558313683797802e-01 8.105166320171105498e-01 2.764480054579275148e+00 5.479853431572689004e+00 5.479853431572689004e+00 5.479853431572689004e+00 5.479853431572689004e+00
-1.046433991611794845e+01 -1.009573538376518975e+01 -9.737895578876942793e+00 -9.263665200466670413e+00 -8.773127406706212383e+00 -7.850190446483108708e+00 -6.646827060501920847e+00 -4.960582982101131577e+00 -2.252430828585617384e+00 -2.787296386949396521e+00 8.214862016341445417e-01 8.095414668229601318e-01 6.064168195618901969e-01 2.773052256759328316e+00 5.394424622892095122e+00 5.394424622892095122e+00 5.394424622892095122e+00 5.394424622892095122e+00
-1.045610249798614610e+01 -1.013947246152183190e+01 -9.786295099986414670e+00 -9.402807242511560304e+00 -8.842576587161833146e+00 -8.044145816861563603e+00 -6.915434415130062185e+00 -5.560024509909493595e+00 -3.238302035340771212e+00 -3.060242924238125717e+00 -5.540405429590111730e-02 8.177802281134813889e-01 7.800165668423421073e-01 2.650416834279279765e+00 5.308995814211532327e+00 5.308995814211532327e+00 5.308995814211532327e+00 5.308995814211532327e+00
-1.047839943051001299e+01 -1.016478789707510444e+01 -9.853209473718425926e+00 -9.461420679092066521e+00 -8.974590033321947047e+00 -8.278950076082006504e+00 -7.092946794438417690e+00 -5.726216536453373251e+00 -4.172747747455947120e+00 -2.904478721452899759e+00 -1.460128497239048029e+00 6.441813509884412037e-01 9.866783058331474177e-02 2.773296755392342217e+00 5.060294691609619200e+00 5.060294691609619200e+00 5.060294691609619200e+00 5.060294691609619200e+00
-1.053235056800240521e+01 -1.021843629930224040e+01 -9.850072378629857184e+00 -9.491561578697067958e+00 -9.063926517025016949e+00 -8.342969104255310242e+00 -7.215979195837205040e+00 -5.914697578400474498e+00 -4.491994434139852999e+00 -3.044319808558470619e+00 -2.613676464395364274e+00 3.052918111153473113e-01 5.656429645267631034e-01 2.407271096213634110e+00 5.570579988364701585e+00 5.570579988364701585e+00 5.570579988364701585e+00 5.570579988364701585e+00
-1.053427984303634979e+01 -1.019677855687546142e+01 -9.932035702456660786e+00 -9.559973510799984808e+00 -9.128212589799844068e+00 -8.532023469444860453e+00 -7.340728875288316857e+00 -5.899707160597398747e+00 -4.737811106101387004e+00 -3.345143552419128419e+00 -2.817676132798980326e+00 4.403396903475448321e-01 1.660809478092266644e-01 2.543845862522245760e+00 5.698644290222083519e+00 5.698644290222083519e+00 5.698644290222083519e+00 5.698644290222083519e+00
-1.052202360416818294e+01 -1.026319592085334520e+01 -9.910344590262280207e+00 -9.607088430105795496e+00 -9.204413997556285310e+00 -8.570777095741817675e+00 -7.373660307449195983e+00 -5.986388692408277201e+00 -5.062926620768638308e+00 -2.449777450579374349e+00 -3.065233644435470417e+00 -1.770428341855124765e-01 3.271101074992627811e-01 2.498140651088508246e+00 5.520498392813706801e+00 5.520498392813706801e+00 5.520498392813706801e+00 5.520498392813706801e+00
-1.061163553346175803e+01 -1.030397534904570556e+01 -9.980676887433283184e+00 -9.619806913822275263e+00 -9.276300828272987076e+00 -8.635849142768524445e+00 -7.514243394164543233e+00 -5.962271570607986071e+00 -5.255341135959419319e+00 -3.461307268201089471e+00 -2.796465990092023013e+00 -5.635091193995667158e-01 -2.226221684288606784e-02 2.488089940821700097e+00 5.435069584133113807e+00 5.435069584133113807e+00 5.435069584133113807e+00 5.435069584133113807e+00
-1.064605347717835926e+01 -1.034069464312522513e+01 -9.991469180303379716e+00 -9.629557608827148840e+00 -9.362055072220243801e+00 -8.795644348263405021e+00 -7.540146116246681629e+00 -5.814259900281920856e+00 -5.411671044312975631e+00 -3.939905666305334009e+00 -2.018692645331443547e+00 -9.236826296722583374e-01 -3.710138003578632993e-01 2.315535027184628447e+00 4.871191283821045381e+00 4.871191283821045381e+00 4.871191283821045381e+00 4.871191283821045381e+00
