-1.040821879239760683e+01 -1.038492113367579428e+01 -1.001617761532394013e+01 -9.699481246057439776e+00 -9.381907226604155881e+00 -9.003195213070242175e+00 -8.383478964870311856e+00 -7.245061076481632334e+00 -4.755128545218086700e+00 -2.599428137365218383e+00 -1.755364427751255452e+00 -7.501390469032560571e-01 6.221882904844393547e-01 1.954168569132967992e+00 4.949237848201388346e+00 4.949237848201388346e+00 4.949237848201388346e+00 4.949237848201388346e+00
-1.039195456457411382e+01 -1.015338376082956628e+01 -9.985165358652427159e+00 -9.834856165132812578e+00 -9.527961752231554726e+00 -8.981044493106494997e+00 -8.198430498511108055e+00 -6.919205230603141743e+00 -4.239539617913135494e+00 -3.026937271863298307e+00 -2.503155396951648015e+00 -3.987131386858786541e-01 8.775013683376207130e-01 1.956567420772175048e+00 4.804233136205676935e+00 4.804233136205676935e+00 4.804233136205676935e+00 4.804233136205676935e+00
-1.039709412675065181e+01 -1.009579171525981955e+01 -9.721631716216805330e+00 -9.838831986454092515e+00 -9.733653304298659492e+00 -9.158642582990545122e+00 -8.163563323286078699e+00 -6.852896602711494367e+00 -3.102618269908728799e+00 -2.749324443314204558e+00 -1.789344568042716688e+00 -8.676755562587330772e-02 1.964104955395706009e-01 2.021380489274914538e+00 4.911724715426251109e+00 4.911724715426251109e+00 4.911724715426251109e+00 4.911724715426251109e+00
-1.031335964204828315e+01 -1.027413877443082590e+01 -9.852180175104772175e+00 -9.278699535013881672e+00 -9.183186438157179055e+00 -9.239367768922603474e+00 -8.222587809220694766e+00 -6.602465046124597947e+00 -2.683449476171246850e+00 -2.434558916603605461e+00 -4.516859134677479459e-01 -2.828769424009494049e-01 9.166100701868776790e-01 2.260102976814726272e+00 4.855080810305417494e+00 4.855080810305417494e+00 4.855080810305417494e+00 4.855080810305417494e+00
-1.054459178494538740e+01 -1.033671787484852445e+01 -9.922947151618327410e+00 -9.571407258778409144e+00 -9.055855370279642713e+00 -8.653652262746200918e+00 -8.155847529778656124e+00 -5.648939776631654475e+00 -2.989562500175316551e+00 -3.242556353391580437e+00 -1.667074626165046813e-01 5.364612221346097831e-01 2.083123578881879823e+00 2.372259922754760719e+00 4.735159492952298876e+00 4.735159492952298876e+00 4.735159492952298876e+00 4.735159492952298876e+00
-1.040854171896487834e+01 -1.007512798254392195e+01 -1.018415435226903654e+01 -9.922130299913805018e+00 -9.430140082800296142e+00 -8.658695457886933511e+00 -7.736588057712639355e+00 -3.950354914291044572e+00 -3.850302378982385587e+00 -2.317472943556853515e+00 -1.532154958870594053e-01 2.637347561378447502e-01 1.253446672693564690e+00 2.164798810942137219e+00 4.428667704660734117e+00 4.428667704660734117e+00 4.428667704660734117e+00 4.428667704660734117e+00
-1.044285139810340013e+01 -1.030510979339302224e+01 -9.995871103568584104e+00 -9.883280466948308529e+00 -9.380916628918214428e+00 -8.634424835538190734e+00 -7.477431559915977743e+00 -2.770378432112825084e+00 -3.788859142702605265e+00 -4.382084064267471324e-01 6.098881375159789231e-01 1.883333117091618103e+00 1.625955625921751357e+00 3.359445407661422855e+00 4.261093503480156031e+00 4.261093503480156031e+00 4.261093503480156031e+00 4.261093503480156031e+00
-1.054310992327914676e+01 -1.014801471336821415e+01 -1.003766133556937845e+01 -9.822085929034450658e+00 -9.303167228868643335e+00 -8.324212293566684906e+00 -5.040493357154261389e+00 -3.294256428767044831e+00 -2.936876929287473459e+00 5.455299656909699119e-02 1.612968775307541458e+00 2.030093275881462489e+00 1.858639715346799948e+00 4.410226395272856870e+00 4.858716027504804025e+00 4.858716027504804025e+00 4.858716027504804025e+00 4.858716027504804025e+00
-1.035224008875017354e+01 -1.022661631845013019e+01 -9.541149093087831545e+00 -9.128092137879812995e+00 -8.282879028822510037e+00 -6.971420505644970511e+00 -3.287001120445671276e+00 -3.782251010411931347e+00 -1.094677621879303064e+00 9.753878269764879594e-01 2.107175678196982815e+00 2.746087560009484285e+00 3.472345968857201814e+00 4.778452234600653270e+00 4.968938367644207155e+00 4.968938367644207155e+00 4.968938367644207155e+00 4.968938367644207155e+00
-1.042471663928341030e+01 -1.003577214579641108e+01 -9.535492501609192928e+00 -8.439116053762536040e+00 -7.446729984217903109e+00 -5.308819849629369259e+00 -2.741014002823865869e+00 -3.444969558292990008e+00 -3.046047604321238528e-02 2.202008672026941838e+00 3.041664284285414688e+00 3.489107488708983240e+00 4.991816541158728526e+00 4.921476570987346477e+00 5.101838355013018855e+00 5.101838355013018855e+00 5.101838355013018855e+00 5.101838355013018855e+00
-1.022905200368243150e+01 -9.503413667463968650e+00 -8.874367960962009860e+00 -8.492540374641281531e+00 -6.837887843155527889e+00 -3.341328841110977166e+00 -4.116992272440712419e+00 -1.363296341435799919e+00 1.267546345716938916e+00 3.096329447333575402e+00 3.047995683289853375e+00 4.581804634765184403e+00 2.950582270713403066e+00 2.169948827228803001e+00 5.327889789420934719e+00 5.327889789420934719e+00 5.327889789420934719e+00 5.327889789420934719e+00
-9.915088145838430123e+00 -9.032261512919420809e+00 -8.211241245265030742e+00 -7.647488706679361314e+00 -5.147111966106622916e+00 -2.563943360482614509e+00 -3.333480293404874395e+00 1.711556203161724576e-01 3.005785837483300860e+00 3.109984276495187938e+00 4.494493498307489787e+00 3.779818246178522578e+00 1.888119331627460040e+00 2.541001483099866842e+00 5.108823778012832051e+00 5.108823778012832051e+00 5.108823778012832051e+00 5.108823778012832051e+00
-9.569059273980846214e+00 -8.485650807617927782e+00 -7.711713416768023244e+00 -6.158379177196041887e+00 -3.393857414157289920e+00 -3.653920127144558272e+00 -1.416470258784550129e+00 1.976774958638135127e+00 3.255205121743889762e+00 4.018235238392270148e+00 4.719432570905114588e+00 4.723710031602886827e-01 4.176160538971101510e-01 2.333399896928465278e+00 4.888023680996532505e+00 4.888023680996532505e+00 4.888023680996532505e+00 4.888023680996532505e+00
-1.007341500201860107e+01 -7.859721372184372612e+00 -6.564871508273634859e+00 -4.864934750741744196e+00 -2.415187173028363610e+00 -2.989692837576968909e+00 2.914203137618309736e-01 3.036785726620702341e+00 3.342338686108370815e+00 4.991904936588359654e+00 3.369312405541693423e+00 -1.962399825824561850e+00 3.790276556968183996e-01 2.606437078344481240e+00 4.998246021135936523e+00 4.998246021135936523e+00 4.998246021135936523e+00 4.998246021135936523e+00
-9.418904288924760948e+00 -7.591178867167723610e+00 -5.672384768269767008e+00 -3.511548490791922994e+00 -3.324188603391553976e+00 -1.853819541375094193e+00 1.792188758645410607e+00 3.119672874925935258e+00 3.605041170669624151e+00 5.618746526740132197e+00 4.512186557785519803e+00 -9.552456684448654700e-01 9.950968206501236146e-01 2.634113811952036421e+00 5.009594440578999830e+00 5.009594440578999830e+00 5.009594440578999830e+00 5.009594440578999830e+00
-9.007845079807944799e+00 -6.910478464046872382e+00 -4.729833316984983327e+00 -2.280744749499049817e+00 -3.191047498451021980e+00 3.761935405922156583e-02 3.090889579980007795e+00 3.064179378828180145e+00 4.144532253964799295e+00 6.154221608123767950e+00 6.108171082477767300e+00 1.971079823522090324e+00 6.368539949340543682e-01 2.730780140940548772e+00 4.976517272801392444e+00 4.976517272801392444e+00 4.976517272801392444e+00 4.976517272801392444e+00
-8.601737656651522457e+00 -6.331030750292719667e+00 -4.134449698079406765e+00 -1.816963738714256538e+00 -2.423954753232553827e+00 1.260250787375235326e+00 3.140378051561809603e+00 3.290557846816720478e+00 4.196246406604151602e+00 5.081473108209019429e+00 4.665882064195939094e+00 4.762763844037043448e+00 3.735375667923861442e+00 3.314972709588785982e+00 5.060596105537358724e+00 5.060596105537358724e+00 5.060596105537358724e+00 5.060596105537358724e+00
-7.800436626456487943e+00 -5.874665135461009768e+00 -3.468881146265459847e+00 -1.737706530274867767e+00 -1.180376503199103810e+00 2.541257613295630158e+00 3.531620568586843589e+00 3.896051892137307959e+00 4.084702036777487777e+00 3.318483942992469515e+00 3.390985396101269700e+00 3.235946005332452025e+00 3.966737441552821153e+00 5.217877303888387885e+00 4.917331334488246775e+00 4.917331334488246775e+00 4.917331334488246775e+00 4.917331334488246775e+00
-7.499531581360860066e+00 -5.987396451078664583e+00 -2.934883734845893599e+00 -1.815754857412272161e+00 -1.253339323742673483e-01 3.106872397805412245e+00 3.180537957405719318e+00 3.869548635290992245e+00 3.789835883323570354e+00 1.825963258910763720e+00 1.452105341042335684e+00 1.500620065761088195e+00 2.817991377590697955e+00 4.359126738308729543e+00 5.027553674627679214e+00 5.027553674627679214e+00 5.027553674627679214e+00 5.027553674627679214e+00
-8.042275563008436379e+00 -5.964116487612681539e+00 -3.145454292841174393e+00 -2.506860320124467911e+00 1.811486736444649359e-02 3.036448567820899225e+00 3.080585634842452070e+00 4.054154956504476104e+00 3.125226882960248975e+00 1.534728690682123808e+00 -1.116175404312508140e-01 8.722377604489042202e-01 2.009152626921882678e+00 3.674009633792014284e+00 5.017588540255468743e+00 5.017588540255468743e+00 5.017588540255468743e+00 5.017588540255468743e+00
-8.087454257427545201e+00 -6.147626509970466557e+00 -3.091193974659380395e+00 -1.446049709858422627e+00 6.623820038646175412e-01 3.122911000432418760e+00 3.159700437086615743e+00 4.117306573677852910e+00 2.989495652612315091e+00 1.486636469594337040e+00 1.775617107068044320e-01 2.174217583811008658e-01 1.261105965107356841e+00 3.307424413640871919e+00 4.961127577346708506e+00 4.961127577346708506e+00 4.961127577346708506e+00 4.961127577346708506e+00
-8.086387473246416491e+00 -6.377558823882544914e+00 -3.187040308363623176e+00 -1.555779615383316328e+00 1.838951339919623479e-02 3.184064897331780220e+00 3.238576708638649659e+00 4.168627535674826134e+00 2.767641402503282055e+00 1.166505283118106195e+00 -2.620715030516221233e+00 -1.658659262785269650e+00 1.188169102597805393e+00 3.158926342603074477e+00 4.928050409569101120e+00 4.928050409569101120e+00 4.928050409569101120e+00 4.928050409569101120e+00
-8.069929637588661109e+00 -6.934035032850280444e+00 -4.429486814133327677e+00 -2.483714113225783837e+00 -1.098615442272901976e+00 3.169599498617381883e+00 3.154429217740576163e+00 3.993249670563030485e+00 2.376569486086447469e+00 5.922373403948801851e-01 -2.591834999649823779e+00 -1.632701775096729424e+00 1.206664792922781393e+00 3.471560625111199894e+00 4.946638987980004565e+00 4.946638987980004565e+00 4.946638987980004565e+00 4.946638987980004565e+00
-8.077823691251738936e+00 -6.999083321776495836e+00 -5.042635373642257335e+00 -2.249068118889688161e+00 -2.123083760125470398e+00 1.345041595346911922e+00 3.206203274809408921e+00 3.765267286492193222e+00 2.181166014347052151e+00 -3.722978379900980350e+00 -2.790100137499102573e+00 -1.157632492812319391e+00 1.309094385188496856e+00 3.717625806126010346e+00 5.035186844977456389e+00 5.035186844977456389e+00 5.035186844977456389e+00 5.035186844977456389e+00
-7.925828047899993400e+00 -7.058548785360360789e+00 -5.486229219771253440e+00 -3.063227100843937123e+00 -2.600010041810940198e+00 3.697795505388811188e-01 3.178804573076481788e+00 2.962546944994285170e+00 2.034633046411189028e+00 -4.036038917691537442e+00 -2.696887595994039266e+00 -7.312045263971863607e-01 1.543624258174920216e+00 3.678637488385541054e+00 5.002198844800785693e+00 5.002198844800785693e+00 5.002198844800785693e+00 5.002198844800785693e+00
-8.387718500809121736e+00 -7.663159079160470455e+00 -6.289255096888084040e+00 -4.386830081080658417e+00 -2.110977325007997951e+00 -1.769060041481118617e+00 9.478463278121708191e-01 2.808669873138013973e+00 1.435370182122740701e+00 -3.562542718970030720e+00 -1.541151724637867870e+00 1.133025133260064266e+00 1.898493476974921101e+00 4.200845324431872641e+00 4.969121677023177419e+00 4.969121677023177419e+00 4.969121677023177419e+00 4.969121677023177419e+00
-8.853501094410471950e+00 -7.798769484115155137e+00 -6.802610680887834604e+00 -5.455352255828296748e+00 -3.598518743467095771e+00 -2.406076365544770113e+00 -5.144147967273811073e-01 6.546649066630506608e-01 1.887340508328301025e+00 -4.931834815535220407e-01 -3.666860911821960833e-01 2.137696749681736730e-01 2.226192839518253308e+00 4.569355169350476586e+00 4.912660714114421623e+00 4.912660714114421623e+00 4.912660714114421623e+00 4.912660714114421623e+00
-9.114095409125999581e+00 -8.316365529570573401e+00 -7.511061416857582884e+00 -6.214592838814003706e+00 -4.785593132239327474e+00 -3.168461698280572225e+00 -2.314581334214958375e+00 -1.022398280982453056e-01 6.596193092934808655e-02 1.429892034972074732e+00 1.289549433839088100e-01 4.126962024325866452e-01 1.847447346018833203e+00 4.597338344125410536e+00 4.975946641471705512e+00 4.975946641471705512e+00 4.975946641471705512e+00 4.975946641471705512e+00
-9.414038329420431950e+00 -8.531917204894144291e+00 -7.972174303434142573e+00 -7.357255840981684614e+00 -6.123639017079235636e+00 -4.727529304573261371e+00 -2.346091384578354422e+00 -2.303406525802761173e+00 1.502372481935083659e-01 9.923550756490030766e-02 4.348325397859944541e-01 8.577099013536794436e-02 1.397270408019791077e+00 4.098063922282701554e+00 5.003852640197948176e+00 5.003852640197948176e+00 5.003852640197948176e+00 5.003852640197948176e+00
-1.005828779223066327e+01 -9.049146242026322895e+00 -8.657525956895467445e+00 -8.270223158061730473e+00 -7.407506105580686118e+00 -6.564233904095273964e+00 -4.474150248375121208e+00 -2.170445060813025240e+00 -1.774422604458770092e+00 -2.193685872512508572e-01 7.251604626140660814e-01 7.909807441132432615e-01 -1.343414498071630603e-01 4.007914182526237212e+00 4.986809149346102643e+00 4.986809149346102643e+00 4.986809149346102643e+00 4.986809149346102643e+00
-1.040157470870448897e+01 -9.891488429449053044e+00 -9.466864220475201819e+00 -8.955824012292131542e+00 -8.443413111719317854e+00 -7.321990594491040838e+00 -5.650238341799254549e+00 -3.644359716829052243e+00 -2.193613568789684276e+00 -2.013481166700036962e+00 -4.201380168248313590e-02 1.273950533694686804e+00 7.998462676790616399e-01 4.388924105829760336e+00 4.953731981568493481e+00 4.953731981568493481e+00 4.953731981568493481e+00 4.953731981568493481e+00
-1.039337106230971841e+01 -1.008178617459510207e+01 -9.606876065708693346e+00 -9.240459860388625657e+00 -8.723824346451298339e+00 -7.762726130155673587e+00 -6.393210219982860210e+00 -4.750160387797490280e+00 -2.164698242656167171e+00 -2.658119311775299476e+00 -1.020768510819112018e+00 6.508123160658259021e-01 8.820332452844562576e-01 3.953495454660016506e+00 4.897271018659736797e+00 4.897271018659736797e+00 4.897271018659736797e+00 4.897271018659736797e+00
-1.044085223200258206e+01 -1.022304102315179009e+01 -9.821776095876488810e+00 -9.435283859226874625e+00 -9.015350602645936462e+00 -8.052057140701503357e+00 -6.722091672925649242e+00 -5.414108696899389450e+00 -3.416797536465871588e+00 -2.743052104261277435e+00 -2.127329002189117357e+00 -1.046636574435884925e-01 8.011429870331627789e-01 3.025268031357496668e+00 4.864193850882132963e+00 4.864193850882132963e+00 4.864193850882132963e+00 4.864193850882132963e+00
-1.052699987297692985e+01 -1.020885605837231402e+01 -9.787664104607786797e+00 -9.519460600060718036e+00 -9.026452867954732895e+00 -8.230476666927408758e+00 -6.825743793285144356e+00 -5.633987655616190082e+00 -3.840008628918679445e+00 -2.542093028242053077e+00 -2.594193245079502219e+00 -8.859517107856200724e-01 5.358675300478947801e-01 2.691577259755245422e+00 5.027703394011716398e+00 5.027703394011716398e+00 5.027703394011716398e+00 5.027703394011716398e+00
-1.047881697233504994e+01 -1.016952276720514270e+01 -9.896657009103961400e+00 -9.568913583280615143e+00 -9.122562837443554784e+00 -8.355320572574708393e+00 -7.027185720090353804e+00 -5.801855686965667225e+00 -4.889749609873790703e+00 -3.669412092215992072e+00 -2.492851523626668175e+00 -8.570388650929561258e-01 -5.485679517117449944e-01 2.648767595313440193e+00 4.994803249022573333e+00 4.994803249022573333e+00 4.994803249022573333e+00 4.994803249022573333e+00
-1.056091307438058990e+01 -1.024278680746198589e+01 -9.928687264964672465e+00 -9.585532550538244934e+00 -9.225393011419633638e+00 -8.501627629625954086e+00 -7.161826671252382148e+00 -5.777832243430973236e+00 -5.406674415125167776e+00 -3.756651548566376508e+00 -2.850913089224037300e+00 -7.157507916187040298e-01 3.775940800219026450e-01 2.274978553900403266e+00 4.938342286113813095e+00 4.938342286113813095e+00 4.938342286113813095e+00 4.938342286113813095e+00
-1.053982844630516880e+01 -1.030057184335292852e+01 -9.989789576933254978e+00 -9.675154018480828455e+00 -9.307116326199237122e+00 -8.729850642384437975e+00 -7.366190429670226081e+00 -5.709891363687347621e+00 -5.144232886328680365e+00 -3.285481572400555716e+00 -3.082916692394326752e+00 -8.843319386833806695e-01 -1.865923678823507015e-01 2.328975002693706386e+00 4.905265118336212815e+00 4.905265118336212815e+00 4.905265118336212815e+00 4.905265118336212815e+00
-1.059512273445639075e+01 -1.029891295252426531e+01 -1.002080356797672067e+01 -9.647565017188526326e+00 -9.313228016893535965e+00 -8.696297024302769074e+00 -7.432309698017727229e+00 -5.815948082424737819e+00 -5.122963983264074095e+00 -3.906058948836956368e+00 -2.916755106922289009e+00 -1.833172608299224349e+00 -2.955838523600339274e-01 2.209208608309068733e+00 4.848804155427442808e+00 4.848804155427442808e+00 4.848804155427442808e+00 4.848804155427442808e+00
-1.066745305436412572e+01 -1.029875382470045864e+01 -1.001605653270009455e+01 -9.668593522225496173e+00 -9.376496204481243879e+00 -8.779590865956011569e+00 -7.605785851279557974e+00 -5.885258485339336154e+00 -5.217939858957731047e+00 -3.843253770817957271e+00 -3.936933395076677833e+00 -2.811901963759532386e+00 -3.521629064258343655e-01 2.213824332055482902e+00 5.012490721345502998e+00 5.012490721345502998e+00 5.012490721345502998e+00 5.012490721345502998e+00
-1.070978931364766673e+01 -1.033025827436428656e+01 -1.006307121390181258e+01 -9.721576537065473644e+00 -9.404058819991917062e+00 -8.990306924629795304e+00 -7.601272566059321889e+00 -5.790179136102556079e+00 -5.356262325965053250e+00 -3.614484189390384294e+00 -4.017862262368708137e+00 -1.521124162458132645e+00 -4.981957049946696969e-01 2.221383547029333272e+00 4.979413553567892947e+00 4.979413553567892947e+00 4.979413553567892947e+00 4.979413553567892947e+00
