-1.049302479441220903e+01 -1.030894740221922312e+01 -9.947115707453892952e+00 -9.617372375548615793e+00 -9.324495161609931415e+00 -8.945440622485838489e+00 -8.365864790998132960e+00 -7.070857279288254915e+00 -3.577135367598720528e+00 -3.659218617288158004e+00 -2.044057697268987006e+00 -4.923736728102542370e-01 1.029152095692859703e+00 2.058848257342809518e+00 5.305885982834750436e+00 5.305885982834750436e+00 5.305885982834750436e+00 5.305885982834750436e+00
-1.043967208388613876e+01 -1.024213356811801745e+01 -1.000547474851333263e+01 -9.760639251756948909e+00 -9.404351180459956439e+00 -8.881879803764940462e+00 -8.106634824154488328e+00 -6.666609365023399292e+00 -3.365418965879937829e+00 -4.260302143826057986e+00 -1.724015628232645536e+00 -3.401161612507212495e-01 1.085921126566009587e+00 1.934335335634557396e+00 5.169924871356975871e+00 5.169924871356975871e+00 5.169924871356975871e+00 5.169924871356975871e+00
-1.019696797379376108e+01 -9.898213353990524155e+00 -9.873579293534106682e+00 -9.829186557111082578e+00 -9.583167648057937527e+00 -9.020193573221739314e+00 -8.088406381070827322e+00 -6.392238068437054110e+00 -2.992397102394941388e+00 -4.326953486628303480e+00 -6.903372517825582255e-01 -3.144370235882504860e-01 1.712467865340538520e+00 2.004312105336831351e+00 5.039824675216040717e+00 5.039824675216040717e+00 5.039824675216040717e+00 5.039824675216040717e+00
-1.043901172938468491e+01 -1.022610700067490264e+01 -9.711930263186900447e+00 -9.355930827815345907e+00 -9.291526344501342294e+00 -9.162598663186161119e+00 -8.094151667625336444e+00 -5.840046537768046164e+00 -2.326656926161720040e+00 -3.871206028860362913e+00 -2.144816298970869117e-01 1.650161895864869499e-01 1.491064962568334096e+00 2.132312374842482594e+00 4.929845622562482710e+00 4.929845622562482710e+00 4.929845622562482710e+00 4.929845622562482710e+00
-1.052297991170160429e+01 -1.022628081198226724e+01 -9.958286490618464271e+00 -9.543828945340003145e+00 -8.976405842491853804e+00 -8.610810298005493024e+00 -7.938250845299952729e+00 -4.835878018979832049e+00 -2.559391386173404115e+00 -3.046724057659722540e+00 -7.049029716168647708e-02 1.195224826462916168e+00 1.481925318681356352e+00 2.319706364430771828e+00 4.812777987235715926e+00 4.812777987235715926e+00 4.812777987235715926e+00 4.812777987235715926e+00
-1.031217220824979108e+01 -1.016823381831475892e+01 -1.015397985868481356e+01 -9.833663671840847442e+00 -9.283372038944960991e+00 -8.455584479881846249e+00 -7.731007071565071165e+00 -3.511777461613900364e+00 -4.066555135016081124e+00 -1.446228800069215392e+00 1.732949672346758008e-01 1.312229773702521030e+00 1.622662171185107916e+00 2.099497307146778624e+00 4.476517049790214919e+00 4.476517049790214919e+00 4.476517049790214919e+00 4.476517049790214919e+00
-1.052645901862311817e+01 -1.024105123738802803e+01 -1.006957502840520746e+01 -9.777410754792574821e+00 -9.267415194157852198e+00 -8.450874644002420055e+00 -6.694453797739116752e+00 -2.764424431567617191e+00 -4.156027212041697005e+00 -4.940801252763654672e-01 8.868039070019301251e-01 1.862483434634737645e+00 1.684768590033850488e+00 3.089593425212981970e+00 4.390275430663295175e+00 4.390275430663295175e+00 4.390275430663295175e+00 4.390275430663295175e+00
-1.035240424733820497e+01 -1.014013089066220985e+01 -1.008850513484217615e+01 -9.683818933189950684e+00 -9.164725875141391143e+00 -8.228107206471845458e+00 -4.969762312687905137e+00 -3.438934670267050464e+00 -3.272931861362012196e+00 -1.671194716984644724e-01 1.674373134140007213e+00 1.990681123076978754e+00 1.859799751355520891e+00 4.274396316450346234e+00 5.172444042863072688e+00 5.172444042863072688e+00 5.172444042863072688e+00 5.172444042863072688e+00
-1.034939438497676711e+01 -1.002445876461111496e+01 -9.520631797504178095e+00 -9.253447794513471436e+00 -8.407040516792104512e+00 -7.025443500743431713e+00 -3.615709963510772340e+00 -4.349788405882254239e+00 -2.363249982429066698e+00 2.592619335342072895e-01 2.045710286587879789e+00 2.696823748914744634e+00 3.254865301517334775e+00 4.711759899904699900e+00 4.971835058866291845e+00 4.971835058866291845e+00 4.971835058866291845e+00 4.971835058866291845e+00
-1.054811020247845832e+01 -1.012283518168467822e+01 -9.326839263710684946e+00 -8.430059892702269408e+00 -7.449761080810215930e+00 -5.641524726188592354e+00 -2.365897321228230599e+00 -4.195673573199533379e+00 -4.670691783462663227e-01 1.809078075442649647e+00 2.768013338442697702e+00 3.383077548955306213e+00 4.889647772471728437e+00 4.978878966865036837e+00 5.302773696626569055e+00 5.302773696626569055e+00 5.302773696626569055e+00 5.302773696626569055e+00
-1.020487878310070684e+01 -9.596261304790942859e+00 -9.028399697134059210e+00 -8.378645010267328885e+00 -6.818749154574215154e+00 -4.105627260274940404e+00 -3.631613312346273936e+00 -2.751809999985528776e+00 2.392203970349476294e-01 2.738487387508217630e+00 2.971464422341830058e+00 4.559997461412594433e+00 3.055407852451411443e+00 2.320338592623814478e+00 5.412642913553090906e+00 5.412642913553090906e+00 5.412642913553090906e+00 5.412642913553090906e+00
-9.900821901202874642e+00 -9.100005153102690869e+00 -8.348955760981231933e+00 -8.042832298476469077e+00 -5.530544269089368470e+00 -2.827375352514053919e+00 -3.360388012534238911e+00 -1.332717158134161917e+00 1.399990622057913914e+00 3.180862758041358873e+00 4.339225931686052640e+00 3.739960747406794184e+00 2.084640567030379366e+00 2.437561020803289402e+00 5.289544264605792634e+00 5.289544264605792634e+00 5.289544264605792634e+00 5.289544264605792634e+00
-9.501111038167220357e+00 -8.675719411521884084e+00 -7.890729001966676925e+00 -6.529127216811128953e+00 -4.473008033534311423e+00 -3.214613167881321232e+00 -3.286792256210204322e+00 1.309339703768152563e-01 3.269904313578173571e+00 3.989827282808018349e+00 4.631450650962861459e+00 2.175788599167246318e+00 4.759017853816145394e-01 2.382575274468862858e+00 5.205175100381802977e+00 5.205175100381802977e+00 5.205175100381802977e+00 5.205175100381802977e+00
-1.001151976539798483e+01 -8.060848238653825604e+00 -6.922039260880630707e+00 -5.347919320464018966e+00 -3.120894271581547752e+00 -2.418289645107293051e+00 -2.794586427664262018e+00 4.846687439694006283e-01 3.258450543275671407e+00 4.947854974283399265e+00 3.340507498588236146e+00 -1.992038151207646379e+00 3.570954355470353780e-01 2.522148419644412165e+00 4.925365687528179492e+00 4.925365687528179492e+00 4.925365687528179492e+00 4.925365687528179492e+00
-9.539004190390736326e+00 -7.644335136379286411e+00 -6.042029449038238909e+00 -4.789463420955739181e+00 -2.312242451940933474e+00 -3.161166098071523045e+00 -8.092093119455414651e-01 2.580899413362277794e+00 3.452707701970502807e+00 5.428500753838388704e+00 4.376673011884204101e+00 -9.688888366471308800e-01 9.783051467472225760e-01 2.470651117516119655e+00 5.311021394890188319e+00 5.311021394890188319e+00 5.311021394890188319e+00 5.311021394890188319e+00
-9.060527062927990372e+00 -7.057548455543740218e+00 -5.359139516659538138e+00 -3.989566467724326770e+00 -1.824427514821144403e+00 -2.501005654292048241e+00 5.423118900796235486e-01 2.938513975221205499e+00 4.016846290506865813e+00 6.125563787752709821e+00 5.913394691898520961e+00 1.962240891814986288e+00 6.615917406527694888e-01 2.710624415711855750e+00 5.264934966683654238e+00 5.264934966683654238e+00 5.264934966683654238e+00 5.264934966683654238e+00
-8.796241011925317821e+00 -6.550456242762698444e+00 -4.776512628364736557e+00 -3.290692766054191587e+00 -2.166210102749396960e+00 -2.042316369652984243e+00 2.058875669435257016e+00 3.313992499831868166e+00 4.187061883708262044e+00 5.115488364501477925e+00 4.545646609629811152e+00 4.618694184289636517e+00 3.494968756949504041e+00 3.183787055842572489e+00 5.285316498577660838e+00 5.285316498577660838e+00 5.285316498577660838e+00 5.285316498577660838e+00
-8.104671937059727327e+00 -6.386591607609387822e+00 -4.482907924990281678e+00 -2.491173248085996939e+00 -2.545450274342388131e+00 -1.324349221518901665e+00 3.422082799583614054e+00 3.860547487520811671e+00 3.980466238262824863e+00 3.241545578621452872e+00 3.225542123480239276e+00 3.151768971882976444e+00 3.876498892546713648e+00 5.093948618748672885e+00 5.156131086497389049e+00 5.156131086497389049e+00 5.156131086497389049e+00 5.156131086497389049e+00
-7.593107039056336660e+00 -6.246644966340049621e+00 -4.235555844980041229e+00 -2.119864668641970429e+00 -2.650369274595178126e+00 -9.615024170884167720e-02 2.857316617711376683e+00 3.775933732441207447e+00 3.731746310366941266e+00 1.801874516120220537e+00 1.554616878963188675e+00 1.588966584730417964e+00 2.737789792324496485e+00 4.285769542976663793e+00 4.878896316190048488e+00 4.878896316190048488e+00 4.878896316190048488e+00 4.878896316190048488e+00
-7.880063255820660473e+00 -6.112789330497205853e+00 -3.992924192982534315e+00 -1.739225562657745749e+00 -2.386611637748883741e+00 3.741758169687232627e-01 3.108020145385607336e+00 3.980164482282096294e+00 3.051009312632558590e+00 1.567089571539180382e+00 9.839975777442986349e-01 1.070058796354381503e+00 1.967892845857991180e+00 3.582952536207746785e+00 5.019582193399793724e+00 5.019582193399793724e+00 5.019582193399793724e+00 5.019582193399793724e+00
-8.226187717132425803e+00 -6.414882465578248372e+00 -4.138537425562081040e+00 -2.661730957416021059e+00 -1.840179214316604028e+00 -5.280109208949759214e-01 3.088730314548958411e+00 4.020196237514410242e+00 2.973836144734490539e+00 1.442456560614536976e+00 7.245713256652015488e-01 4.244193325970292974e-01 1.244735176668747334e+00 3.257687865933765359e+00 5.357150312368824885e+00 5.357150312368824885e+00 5.357150312368824885e+00 5.357150312368824885e+00
-8.147579758350316226e+00 -6.756228832155677821e+00 -4.146171143390464664e+00 -2.311481198445326957e+00 -1.969345138031657338e+00 -8.424949163098820470e-01 3.220593958884877317e+00 4.047494332032805175e+00 2.721210106432132569e+00 1.179374007945014569e+00 -1.940573661160650776e+00 -1.608013063073408189e+00 1.153049937636165367e+00 3.094307481393732573e+00 5.236959752660457212e+00 5.236959752660457212e+00 5.236959752660457212e+00 5.236959752660457212e+00
-8.194533417079913562e+00 -6.950475240167026669e+00 -4.828557627963979471e+00 -2.400429978689238464e+00 -1.768390489983794778e+00 -1.452570995120241681e+00 3.337427531583899487e+00 3.877111811287099030e+00 2.297150955320117927e+00 9.082430671652358400e-01 -2.442911472077559765e+00 -1.579948742833350739e+00 1.157249158189124438e+00 3.413461216396985076e+00 5.114402832225837692e+00 5.114402832225837692e+00 5.114402832225837692e+00 5.114402832225837692e+00
-8.164771306801345219e+00 -7.277443926706311572e+00 -5.364817777984455915e+00 -3.340125358715112291e+00 -1.889912194900097653e+00 -1.610584501617402298e+00 1.591137156928936314e+00 3.634739537912552887e+00 2.090882229374991574e+00 -5.532590534342106681e-01 -2.579812880457814650e+00 -1.243387088662610163e+00 1.198629648563854122e+00 3.667541769453758427e+00 4.910815106155118848e+00 4.910815106155118848e+00 4.910815106155118848e+00 4.910815106155118848e+00
-8.066057429598512130e+00 -7.173335464386397575e+00 -5.741951714471104751e+00 -4.232284793942251433e+00 -2.021551647709931565e+00 -1.751215894913016768e+00 -4.059567746458727644e-01 2.717652553310514474e+00 2.296551384758096503e+00 -3.674324054531967754e+00 -2.294157123527803321e+00 -4.823956849619976950e-01 1.469189513967847471e+00 3.721275338630210427e+00 5.030427408677081047e+00 5.030427408677081047e+00 5.030427408677081047e+00 5.030427408677081047e+00
-8.311513525466304841e+00 -7.837650902930766605e+00 -6.486549688563307825e+00 -4.943785461671284409e+00 -3.474693076156654126e+00 -1.910043986643927827e+00 -1.909229758059647786e+00 1.606695598326940200e+00 2.111953956421242840e+00 -3.054892049886749561e+00 3.195285232775318257e-02 1.042296532899419814e+00 1.861311546645941117e+00 4.189964629397397999e+00 5.469382259785189326e+00 5.469382259785189326e+00 5.469382259785189326e+00 5.469382259785189326e+00
-8.761334833255070009e+00 -7.846311681220688783e+00 -6.932620319591086044e+00 -5.667508073709718985e+00 -4.287922651365941640e+00 -2.348403738248638462e+00 -2.287982608400306539e+00 -3.482005341597489423e-01 1.545909196598965973e+00 -8.371389471777392066e-02 9.373132700456446309e-02 7.744622873570201627e-01 2.169591510166430481e+00 4.725242931658492296e+00 5.389128411088392134e+00 5.389128411088392134e+00 5.389128411088392134e+00 5.389128411088392134e+00
-9.098301911325318514e+00 -8.203998231843247169e+00 -7.430639080497613236e+00 -6.400133782428294893e+00 -5.241869050174391198e+00 -3.887941883518612141e+00 -2.025038936796542011e+00 -2.216282145143936066e+00 1.008745277429804021e+00 1.216812842690328411e+00 7.798340472398490597e-01 -3.368054501594691108e-01 1.723396376316905787e+00 4.820770566000404322e+00 5.268937851380015580e+00 5.268937851380015580e+00 5.268937851380015580e+00 5.268937851380015580e+00
-9.388442435972955025e+00 -8.500558833330414288e+00 -7.963927042283474478e+00 -7.211250562283154864e+00 -6.301702875970208950e+00 -5.068533950804155808e+00 -2.596643249087812855e+00 -2.471027463393471457e+00 -3.185217730131505165e-02 1.274664868131277107e+00 9.362824277521952787e-01 6.276241017251257270e-01 9.719407779843733941e-01 4.067084681044859096e+00 5.089936296271124760e+00 5.089936296271124760e+00 5.089936296271124760e+00 5.089936296271124760e+00
-9.874645293426034698e+00 -8.972344860512617259e+00 -8.502394692855629543e+00 -7.992076361514815375e+00 -7.316362636810794129e+00 -6.362265362592766316e+00 -4.043389251691026587e+00 -2.266661461993205950e+00 -2.179523911506364264e+00 9.361273985321649782e-01 9.127009703842670074e-01 9.393259751853638706e-01 3.954799889926047807e-01 3.919286311322595751e+00 5.019186212403241143e+00 5.019186212403241143e+00 5.019186212403241143e+00 5.019186212403241143e+00
-1.022004186351658106e+01 -9.772173300078286218e+00 -9.292256002378982416e+00 -8.763850618303626661e+00 -8.201592906973932173e+00 -7.148703714847977508e+00 -5.100825590698825351e+00 -3.305322912287723458e+00 -2.641934041204176964e+00 3.595176126017374241e-01 1.037512991071611435e+00 9.597695152984792033e-01 1.414291943875950475e-01 4.416855879366030635e+00 5.490478540706140720e+00 5.490478540706140720e+00 5.490478540706140720e+00 5.490478540706140720e+00
-1.036332171171087602e+01 -1.001709601268190042e+01 -9.526773412778487327e+00 -9.116306957695645252e+00 -8.518778495658576588e+00 -7.559162718535401559e+00 -6.291936373925786974e+00 -3.173051645700970980e+00 -2.738537439014465225e+00 -1.530030678659852317e+00 8.863819781456732105e-01 9.183898190093804370e-01 8.181303909976094246e-01 2.956044166768953207e+00 5.541297069516334162e+00 5.541297069516334162e+00 5.541297069516334162e+00 5.541297069516334162e+00
-1.046696782530941405e+01 -1.010048217633136147e+01 -9.730940290711640017e+00 -9.260834308751316968e+00 -8.753032828322560022e+00 -7.842567861799267348e+00 -6.644935173887313695e+00 -4.937750920563559909e+00 -2.365913850867287671e+00 -2.644808177769577107e+00 8.099218051892101977e-01 8.494981520271256414e-01 6.572610274690073862e-01 2.767116485664116610e+00 5.421106509807949614e+00 5.421106509807949614e+00 5.421106509807949614e+00 5.421106509807949614e+00
-1.044563465195338914e+01 -1.014498824748785744e+01 -9.771796355982530713e+00 -9.392530109235597280e+00 -8.834212973729139051e+00 -8.026160381225981411e+00 -6.889411724183748476e+00 -5.535782838479978096e+00 -3.241832060324246534e+00 -2.896881755809715742e+00 5.374984688267508970e-02 9.366088592593488915e-01 7.607579042344334574e-01 2.625332565919668681e+00 5.300915950099589935e+00 5.300915950099589935e+00 5.300915950099589935e+00 5.300915950099589935e+00
-1.046530437531879620e+01 -1.015081414686627426e+01 -9.850929620841851531e+00 -9.455878911326266234e+00 -8.965898515791543844e+00 -8.255426695271474102e+00 -7.076075911708537447e+00 -5.687002936127059982e+00 -4.085852113956557119e+00 -2.497671410992402308e+00 -1.362376309766442972e+00 6.795109588459894434e-01 1.878185667846084539e-01 2.788199138487172490e+00 4.880151809995825651e+00 4.880151809995825651e+00 4.880151809995825651e+00 4.880151809995825651e+00
-1.053504407322675007e+01 -1.020037260914017097e+01 -9.848023537189993348e+00 -9.484950179752521748e+00 -9.060015506113611394e+00 -8.328043006059134612e+00 -7.222211367317287412e+00 -5.884904716718905249e+00 -4.342624968424798837e+00 -3.107541419639897384e+00 -2.656209842069868543e+00 2.881642024479140751e-01 6.016000833314705254e-01 2.359800231317224828e+00 5.511574821627070797e+00 5.511574821627070797e+00 5.511574821627070797e+00 5.511574821627070797e+00
-1.051871461958063847e+01 -1.019229253672713043e+01 -9.928197748113650078e+00 -9.560386266217353324e+00 -9.114361632757958631e+00 -8.522383743159814173e+00 -7.341831929213205932e+00 -5.879242536885344705e+00 -4.695534860392579724e+00 -3.456560512042579525e+00 -2.754827488674528091e+00 3.903197333905627509e-01 1.633366908239464732e-01 2.523135316856980559e+00 5.818370482994634330e+00 5.818370482994634330e+00 5.818370482994634330e+00 5.818370482994634330e+00
-1.051407836859979028e+01 -1.024491948448484813e+01 -9.907688175055703539e+00 -9.592278002226143130e+00 -9.194575119633483951e+00 -8.543982244485128774e+00 -7.383958719338258980e+00 -5.956981353271994628e+00 -5.078708566723612705e+00 -2.542199142902175524e+00 -3.051583022163496306e+00 -2.665800085695969046e-01 6.222780103805989338e-01 2.489433489589949478e+00 5.573275168235911181e+00 5.573275168235911181e+00 5.573275168235911181e+00 5.573275168235911181e+00
-1.059692067443398500e+01 -1.029191121302162770e+01 -9.967353717407442915e+00 -9.601378527239820215e+00 -9.263595277089613944e+00 -8.618235308870445976e+00 -7.505668099808703531e+00 -5.927063668817657671e+00 -5.240953233997949212e+00 -3.415383691158376589e+00 -2.768137585100487463e+00 -5.250769665567933675e-01 2.716690266250791908e-01 2.456682814576082841e+00 5.453084608527525745e+00 5.453084608527525745e+00 5.453084608527525745e+00 5.453084608527525745e+00
-1.064042772728737063e+01 -1.033103320567578010e+01 -9.988845134911631618e+00 -9.624104580710277190e+00 -9.349636919519937805e+00 -8.787833678550743599e+00 -7.513827125750023761e+00 -5.810902758324106188e+00 -5.400331773200814922e+00 -3.952245368160403061e+00 -1.931585842771527783e+00 -8.177281544225143417e-01 -1.583605053909235005e-01 2.317073099928063762e+00 4.752985340159473715e+00 4.752985340159473715e+00 4.752985340159473715e+00 4.752985340159473715e+00
