-1.040093578669488750e+01 -1.027359140701187279e+01 -9.927356307834610760e+00 -9.608561626495053076e+00 -9.296642912264644565e+00 -8.952587888219415646e+00 -8.331092887149676329e+00 -7.260294537551956751e+00 -4.941303915834597049e+00 -2.390615219956359283e+00 -2.469298605813972536e+00 -2.432073568080090897e-01 6.706203585400104528e-01 1.793400270503249239e+00 5.111429336931411882e+00 5.111429336931411882e+00 5.111429336931411882e+00 5.111429336931411882e+00
-1.032332849837268363e+01 -1.006160339467824905e+01 -9.928835821670805473e+00 -9.769041604085593633e+00 -9.430776018153164131e+00 -8.876231668172447797e+00 -8.134091744562123694e+00 -6.811098189582941664e+00 -4.182091331193681150e+00 -2.406494280482155190e+00 -1.677866345307994056e+00 -8.458422759294352555e-02 1.637769759288781435e+00 1.930803446330605855e+00 5.057557068961854974e+00 5.057557068961854974e+00 5.057557068961854974e+00 5.057557068961854974e+00
-1.026826708132372090e+01 -9.936792679799657080e+00 -9.782193129785326846e+00 -9.776480057469365548e+00 -9.577938726714886997e+00 -9.058959740789136461e+00 -8.110277842974788598e+00 -6.768972908790993337e+00 -3.484205205091638557e+00 -3.271725618429256244e+00 -6.760182254744816488e-01 1.023413967074094238e-01 1.201694833810019292e+00 1.932964842362940638e+00 4.721781251362398457e+00 4.721781251362398457e+00 4.721781251362398457e+00 4.721781251362398457e+00
-1.043448244735560770e+01 -1.026931401104735997e+01 -9.776620296317656056e+00 -9.292018756704269578e+00 -9.158077922115561265e+00 -9.093034272436529619e+00 -8.158242881782577172e+00 -6.387117633190989352e+00 -2.748297009993310613e+00 -3.202915903402741460e+00 -4.840586553398072978e-01 8.258447152868025887e-01 1.107941858412371916e+00 2.151853568556731489e+00 4.843844959714660448e+00 4.843844959714660448e+00 4.843844959714660448e+00 4.843844959714660448e+00
-1.052515992439908743e+01 -1.025414136825355804e+01 -9.867928894189558875e+00 -9.566863804705123542e+00 -8.970714552256731977e+00 -8.642864446550456492e+00 -8.106250952962748002e+00 -5.213613797508553915e+00 -2.678857745426530990e+00 -3.033879867537485620e+00 -2.692216409151739764e-01 4.226845360675095531e-01 1.806088386462461726e+00 2.312335926883792414e+00 4.852625266657483394e+00 4.852625266657483394e+00 4.852625266657483394e+00 4.852625266657483394e+00
-1.036487494302247825e+01 -1.000031409833116669e+01 -1.012461502823281911e+01 -9.834073588761429008e+00 -9.301700112666903664e+00 -8.545472265416744762e+00 -7.553215241592834417e+00 -4.053799005086236029e+00 -3.760674543335941422e+00 -1.311193021211874088e+00 2.891710023867676005e-02 4.227195392646421190e-01 1.475101757890383114e+00 2.139342632060988514e+00 4.461736320767347053e+00 4.461736320767347053e+00 4.461736320767347053e+00 4.461736320767347053e+00
-1.040182982406812862e+01 -1.022767493417461893e+01 -9.886463032185261568e+00 -9.738628107936518674e+00 -9.283159279298713429e+00 -8.507313626592329925e+00 -7.248925427715382064e+00 -2.907928735662813402e+00 -3.675629945998959869e+00 -5.001918404638060478e-01 1.260391714520626261e+00 1.599902696649716738e+00 1.593426349446479984e+00 3.312560166007190610e+00 4.251363002583868678e+00 4.251363002583868678e+00 4.251363002583868678e+00 4.251363002583868678e+00
-1.044762418449360375e+01 -1.005397711316874165e+01 -9.956661231169308124e+00 -9.702791073978870529e+00 -9.164914917914366299e+00 -8.274510878732867170e+00 -4.912578733858623536e+00 -2.485323681559479247e+00 -2.765036839841645833e+00 -7.253579874687657303e-02 1.514447880848386108e+00 1.977362181693472332e+00 1.768843576184683908e+00 4.350235327040191891e+00 5.037471680487043635e+00 5.037471680487043635e+00 5.037471680487043635e+00 5.037471680487043635e+00
-1.041941528481955004e+01 -1.009735776412636987e+01 -9.540604942121126086e+00 -9.044725867923261831e+00 -8.245673447662522193e+00 -6.905536469817430856e+00 -3.799436982710260313e+00 -4.060521108632093146e+00 -1.065962427168062110e+00 1.280863865614425556e+00 2.050714553541743701e+00 2.698426013134499701e+00 3.370952817446491778e+00 4.746485161067551140e+00 5.024147770741204333e+00 5.024147770741204333e+00 5.024147770741204333e+00 5.024147770741204333e+00
-1.042106025258284241e+01 -1.005493143096033748e+01 -9.459754261424356159e+00 -8.438812240459126812e+00 -7.408992946972069227e+00 -5.408081255882401628e+00 -2.498834341440323570e+00 -3.603992273816207348e+00 4.084716468707978720e-02 1.997959259827034595e+00 3.080260756779860554e+00 3.471762720096103205e+00 4.955474639217188226e+00 4.983639505694661409e+00 5.295288927644897115e+00 5.295288927644897115e+00 5.295288927644897115e+00 5.295288927644897115e+00
-1.023018412778578679e+01 -9.443773782588941401e+00 -8.921827879353706692e+00 -8.423828968689683450e+00 -6.858978296163237509e+00 -3.967560985334099399e+00 -3.817202090164695250e+00 -1.681998217788507333e+00 1.433289922806409766e+00 3.096427420992629465e+00 3.034370381171832332e+00 4.576486314850781945e+00 2.843865282221273549e+00 2.225288284315695808e+00 5.307220841478308415e+00 5.307220841478308415e+00 5.307220841478308415e+00 5.307220841478308415e+00
-9.897730678930862780e+00 -8.988985705077963573e+00 -8.215349836870549538e+00 -7.709321983533416578e+00 -5.280363742675396210e+00 -2.617612717125705757e+00 -2.872083872966389340e+00 1.040867479918221837e-02 2.789351799418483768e+00 3.087836574434499770e+00 4.416638068987685628e+00 3.762558148460780405e+00 1.926626769437838060e+00 2.537855940018654444e+00 5.177858599281057295e+00 5.177858599281057295e+00 5.177858599281057295e+00 5.177858599281057295e+00
-9.380284564424185234e+00 -8.500990250664514747e+00 -7.850568685410652670e+00 -6.217199862631531460e+00 -4.158740450137953459e+00 -2.692598692625573609e+00 -2.449959913057981886e+00 1.366528550185054147e+00 3.231256607563891770e+00 4.046516947461113567e+00 4.699383884504382713e+00 1.981974342506601872e+00 4.983688701111023134e-01 2.396413128968707618e+00 5.036810628492363051e+00 5.036810628492363051e+00 5.036810628492363051e+00 5.036810628492363051e+00
-9.987571149473904342e+00 -7.763248739223069350e+00 -6.682889937392635815e+00 -5.057594006651805252e+00 -3.056276071133048333e+00 -3.210751919378580954e+00 -5.926582625558274309e-01 2.893622554429660099e+00 3.280093016433897724e+00 4.997550148542737602e+00 3.275269438427995894e+00 -1.936163562233754076e+00 3.495863077373839167e-01 2.591099873804569853e+00 5.044798047982596678e+00 5.044798047982596678e+00 5.044798047982596678e+00 5.044798047982596678e+00
-9.375701031951356512e+00 -7.548515199568050171e+00 -5.687290146364783361e+00 -4.256140491872627329e+00 -2.059290903016722130e+00 -2.580035556081071046e+00 1.443620601871751230e-01 3.096251695154254691e+00 3.528401452151724182e+00 5.506619178834172068e+00 4.469244123170974525e+00 -8.977671428786425656e-01 9.721460351515406328e-01 2.552953523897600441e+00 5.308138162474421051e+00 5.308138162474421051e+00 5.308138162474421051e+00 5.308138162474421051e+00
-8.999912859114362007e+00 -6.819659171933186492e+00 -4.963939076705191411e+00 -3.293830004873424588e+00 -1.648512678635107420e+00 -1.548316706806023735e+00 2.822380346121947436e+00 2.984857803782078101e+00 4.181773180521590305e+00 6.236051794398405512e+00 6.038733921433914631e+00 1.910603359946125623e+00 6.222577007545304628e-01 2.739733091936733533e+00 5.294120222152350230e+00 5.294120222152350230e+00 5.294120222152350230e+00 5.294120222152350230e+00
-8.612520047906139453e+00 -6.433598245219756429e+00 -4.281371706128597410e+00 -2.401185681425846319e+00 -2.037476625006236830e+00 -2.496982885406176522e-01 3.199689460959252774e+00 3.274192661616958322e+00 4.242772922396890856e+00 5.096788272960281141e+00 4.601675651331317951e+00 4.753343970066432611e+00 4.171367973456613143e+00 3.175577582808734700e+00 5.305178257400125830e+00 5.305178257400125830e+00 5.305178257400125830e+00 5.305178257400125830e+00
-7.861429938642807258e+00 -6.023853147541679220e+00 -4.011730375594889431e+00 -1.719209858012830772e+00 -1.893610634376647450e+00 6.686549641294187163e-01 3.525899155352581804e+00 3.860826983290096326e+00 4.109535647542947423e+00 3.262480694885670385e+00 3.384493154599363951e+00 3.186411589006418410e+00 3.919871214132923942e+00 5.149089831148122798e+00 5.208661821275087256e+00 5.208661821275087256e+00 5.208661821275087256e+00 5.208661821275087256e+00
-7.542030819293162658e+00 -5.992244821718425207e+00 -3.711950732869057745e+00 -1.532952491728829747e+00 -1.046472441459307623e+00 2.834154228302758760e+00 3.112071638488072445e+00 3.881862341209891820e+00 3.775933016681122467e+00 1.744708421154130384e+00 1.498181097273547202e+00 1.538245442848199307e+00 2.799878006124681740e+00 4.267935530440870373e+00 5.065448325225462511e+00 5.065448325225462511e+00 5.065448325225462511e+00 5.065448325225462511e+00
-7.929289082213145434e+00 -6.061105068311603006e+00 -3.433766954967981011e+00 -1.942956407150215670e+00 -1.679053470585410768e+00 2.887276990841888491e+00 3.031376712316444788e+00 4.009911876470948044e+00 3.057174573847071919e+00 1.511312304896185177e+00 6.286400769841423708e-01 9.471662440564967422e-01 1.989321333730041941e+00 3.612867610235544369e+00 5.314555896519450151e+00 5.314555896519450151e+00 5.314555896519450151e+00 5.314555896519450151e+00
-8.138185611204114878e+00 -6.104239396235592530e+00 -3.452100396872919141e+00 -1.448225882293057154e+00 -1.076044651333027957e+00 2.933619915180718962e+00 3.103940988161631775e+00 4.031517008187518236e+00 2.942402012024159852e+00 1.394854928400712346e+00 5.046757509066301939e-01 4.196342027769308092e-01 1.256584529902315506e+00 3.338887326538408029e+00 5.335803944587132364e+00 5.335803944587132364e+00 5.335803944587132364e+00 5.335803944587132364e+00
-7.954358409378792238e+00 -6.175516601413206352e+00 -3.521501269549213831e+00 -1.644392065937981595e+00 -9.851354124545175228e-01 3.013106046075738842e+00 3.189008790703390606e+00 4.132025162531518525e+00 2.755009942060112849e+00 1.138123382498054337e+00 -2.578640764257309037e+00 -1.554345922022333237e+00 1.176188740287372303e+00 3.159678714822763190e+00 5.321786004265064207e+00 5.321786004265064207e+00 5.321786004265064207e+00 5.321786004265064207e+00
-8.046719664376830394e+00 -6.918888463626001517e+00 -4.467725740982888993e+00 -2.881630750962103971e+00 -1.773902685420373437e+00 9.443008592913881838e-01 3.154054215645843318e+00 3.949112104722436900e+00 2.317672537905600016e+00 7.469790959667788055e-01 -2.512094915497286252e+00 -1.593288710473583114e+00 1.185510603572156985e+00 3.461724724659035690e+00 5.304517300067300489e+00 5.304517300067300489e+00 5.304517300067300489e+00 5.304517300067300489e+00
-8.041842611314848455e+00 -7.144258997444409509e+00 -5.036567175921260464e+00 -2.792465636024835884e+00 -1.602150232551930564e+00 -5.675458281834345753e-01 3.168023931847335994e+00 3.761111138826907840e+00 2.042533355618321611e+00 -2.697425034574035596e+00 -2.676652131483423958e+00 -1.317693523288748558e+00 1.255703441491594852e+00 3.678175958139663138e+00 5.239465043269121658e+00 5.239465043269121658e+00 5.239465043269121658e+00 5.239465043269121658e+00
-7.912878746810205755e+00 -7.097511213941840147e+00 -5.388558195759326708e+00 -3.755509930332990631e+00 -2.555887312171360115e+00 -1.207111591349810720e+00 1.240514413092171697e+00 2.978856303401432370e+00 1.934281566163984944e+00 -3.767167600065635114e+00 -2.495149706290552771e+00 -4.852294832961404070e-01 1.484667280346876117e+00 3.747686879576309860e+00 5.370029282949245975e+00 5.370029282949245975e+00 5.370029282949245975e+00 5.370029282949245975e+00
-8.312259510990758216e+00 -7.600287301139093898e+00 -6.234253466800049992e+00 -4.719907595040617743e+00 -3.061585436493472034e+00 -2.263388091357501963e+00 -9.052492001316677639e-01 2.670623382508836130e+00 1.335066991900529576e+00 -3.303602224753925398e+00 -1.446919454905384039e-01 1.026173960707734922e+00 1.865497652544435114e+00 4.194865851131495127e+00 5.397038763766525804e+00 5.397038763766525804e+00 5.397038763766525804e+00 5.397038763766525804e+00
-8.743613636933400102e+00 -7.638264136207596700e+00 -6.692005059648817422e+00 -5.367204273984449436e+00 -3.938330033367404059e+00 -2.312426202912244655e+00 -1.712392319746190328e+00 4.934666148627847027e-01 1.823689089256733009e+00 -4.011733475498252544e-01 3.837491266876210672e-01 3.347507870115534190e-01 2.161552414361904262e+00 4.662091316688674603e+00 5.363469726699844564e+00 5.363469726699844564e+00 5.363469726699844564e+00 5.363469726699844564e+00
-8.995557820865915488e+00 -8.303908029836309268e+00 -7.457134294178923817e+00 -6.171228240644714980e+00 -4.959289758856005648e+00 -3.732526910703718670e+00 -2.119425732980283694e+00 -1.422549726478106846e+00 1.508466473906883820e+00 1.261324983296163049e+00 4.153676913481367805e-01 3.034268556146918483e-01 1.882005430309268146e+00 4.757249485811573031e+00 5.349451786377774631e+00 5.349451786377774631e+00 5.349451786377774631e+00 5.349451786377774631e+00
-9.329608269327447800e+00 -8.471251574317451016e+00 -7.892550014466457320e+00 -7.258369488248289869e+00 -6.213368329308816662e+00 -4.884402270974551818e+00 -2.900303226769113785e+00 -1.799012376719689055e+00 2.853238656514988092e-01 1.052464387501770293e+00 7.055954590457768072e-01 4.179034547145907830e-01 1.227922716816917559e+00 4.103456701213999303e+00 5.306389295440534504e+00 5.306389295440534504e+00 5.306389295440534504e+00 5.306389295440534504e+00
-9.962485223165492343e+00 -8.994598378038093145e+00 -8.567167838674748737e+00 -8.063359368029125562e+00 -7.384870357015146602e+00 -6.483307423790762414e+00 -4.408038301311553830e+00 -2.240928902216860585e+00 -1.678600209113671804e+00 9.149053616711694259e-01 8.875142137036626799e-01 9.519050172586924763e-01 8.780432083649890307e-02 3.950915393010360432e+00 5.392124239650287976e+00 5.392124239650287976e+00 5.392124239650287976e+00 5.392124239650287976e+00
-1.028439405406775364e+01 -9.812922915771514099e+00 -9.319021326288662976e+00 -8.837595576784817553e+00 -8.273614583197613115e+00 -7.244212365898536454e+00 -5.587491874324460817e+00 -3.719319719887296483e+00 -1.651168026175584336e+00 -4.001776626741232468e-01 1.054478964177329114e+00 1.100523240339762010e+00 1.220391714397704302e-01 4.194080568102116047e+00 5.438722486201306161e+00 5.438722486201306161e+00 5.438722486201306161e+00 5.438722486201306161e+00
-1.037430907391335744e+01 -1.000577637388687080e+01 -9.554723698276196941e+00 -9.148238846000136704e+00 -8.593858102931273280e+00 -7.673200600998905330e+00 -6.364058159279034399e+00 -4.638883530125957222e+00 -2.787735984378150622e+00 -1.827803970943390421e+00 1.308621091865112218e+00 7.476303618809259088e-01 8.095853909258463599e-01 3.921549003625661278e+00 5.405153449134624921e+00 5.405153449134624921e+00 5.405153449134624921e+00 5.405153449134624921e+00
-1.034565197664672453e+01 -1.010096971833413981e+01 -9.714880587765593489e+00 -9.302035315011726979e+00 -8.824135016759313999e+00 -7.913224762066622731e+00 -6.651319242004525734e+00 -5.343714015538250983e+00 -3.673128519220021371e+00 -2.135060758020036253e+00 -1.607012241020480958e-01 9.749027613845576701e-01 4.907804454305107478e-01 2.925703738144223465e+00 5.391135508812556765e+00 5.391135508812556765e+00 5.391135508812556765e+00 5.391135508812556765e+00
-1.040986421637340342e+01 -1.010458899045148939e+01 -9.589873183857946515e+00 -9.435000137870124703e+00 -8.963091217573802894e+00 -8.072028061606484783e+00 -6.858185356634847629e+00 -5.607463568308409307e+00 -4.116269920628197632e+00 -2.703621534389837322e+00 -2.650507042765957166e+00 8.135619219096068555e-01 3.071816937896749977e-02 2.585135175191501045e+00 5.377117568490486832e+00 5.377117568490486832e+00 5.377117568490486832e+00 5.377117568490486832e+00
-1.044360853337411577e+01 -1.013537780031569646e+01 -9.848541828292891154e+00 -9.501719856608692893e+00 -9.033807809392101262e+00 -8.297230735250360922e+00 -7.000956665430507542e+00 -5.752592752367853279e+00 -4.785464241229712812e+00 -3.071010244851430482e+00 -2.331549118406982313e+00 1.945004711162701683e-01 1.386282892588002746e-01 2.795369093775041058e+00 5.395708470265425660e+00 5.395708470265425660e+00 5.395708470265425660e+00 5.395708470265425660e+00
-1.051844743495806611e+01 -1.017944915719293064e+01 -9.859334239743104078e+00 -9.525558720004951851e+00 -9.121245052157796351e+00 -8.425651617067781984e+00 -7.179664130581832282e+00 -5.767104874610072152e+00 -5.165863603242924817e+00 -3.588861125244841244e+00 -2.074859907692168992e+00 -1.099164508978420912e-01 -1.339631054122780163e-01 2.294203565968427228e+00 5.480406208636086518e+00 5.480406208636086518e+00 5.480406208636086518e+00 5.480406208636086518e+00
-1.049424163566046531e+01 -1.022030483480097374e+01 -9.912898293899440105e+00 -9.604808445310098364e+00 -9.156829886437467536e+00 -8.607502408094790169e+00 -7.325238772360624928e+00 -5.810895000091344187e+00 -5.015184477200551605e+00 -3.425386250928914134e+00 -2.777307460173935816e+00 -1.002944021335431923e+00 5.581330339193392165e-01 2.346807261221383722e+00 5.466388268314016585e+00 5.466388268314016585e+00 5.466388268314016585e+00 5.466388268314016585e+00
-1.051497694899628321e+01 -1.027115857976690272e+01 -9.915596962638501211e+00 -9.580720199172962026e+00 -9.240974165278275976e+00 -8.619051422649679495e+00 -7.354711473731438076e+00 -5.864629472814248068e+00 -5.084300952151213693e+00 -3.638379962403440970e+00 -3.108962144275803752e+00 -2.166504734627813011e+00 3.081916138899757351e-01 2.218295508368938851e+00 5.432819231247335345e+00 5.432819231247335345e+00 5.432819231247335345e+00 5.432819231247335345e+00
-1.060037460736874770e+01 -1.023120136060744301e+01 -9.937073859959154376e+00 -9.576066235358414502e+00 -9.268704742462132273e+00 -8.716751208718589439e+00 -7.531407589341263531e+00 -5.886859583871544288e+00 -5.140889994372961347e+00 -3.799539272784532962e+00 -3.792873648389693209e+00 -1.687794510386081859e+00 -3.732632808430871862e-01 2.180783509720181534e+00 5.422408796008017617e+00 5.422408796008017617e+00 5.422408796008017617e+00 5.422408796008017617e+00
-1.061386524317732416e+01 -1.023683749237579654e+01 -9.951146111032890929e+00 -9.617330679743860244e+00 -9.306531236351379022e+00 -8.882500091812072895e+00 -7.586692663335607989e+00 -5.865030698080492044e+00 -5.250147907007716164e+00 -3.838894422687755714e+00 -4.071048643237897835e+00 -2.249658209951415966e+00 -8.459112533196518902e-01 2.140609940637350217e+00 5.246803327482089330e+00 5.246803327482089330e+00 5.246803327482089330e+00 5.246803327482089330e+00
