-1.014864905649614890e+01 -1.011035229738790342e+01 -1.004146109592138814e+01 -9.733733403958348518e+00 -9.415634415787415890e+00 -9.123623600785924381e+00 -8.628768522513107442e+00 -7.555748109529990764e+00 -5.839697071062892597e+00 -4.358253589801393879e+00 -4.146604593438365960e+00 -2.188576766324376255e+00 -8.504710197626479395e-01 2.479437402896890408e+00 5.141937815105193543e+00 5.141937815105193543e+00 5.141937815105193543e+00 5.141937815105193543e+00
-1.017675459181579178e+01 -1.012767133067388592e+01 -9.946730979710547871e+00 -9.822849425101132681e+00 -9.527939578655232111e+00 -9.070517793117044647e+00 -8.393848311523315786e+00 -7.304797074683843761e+00 -5.663569399514044811e+00 -4.498399135816523398e+00 -4.057495003314402382e+00 -2.158329718527747243e+00 -7.033475307308673097e-01 2.632825473481243073e+00 5.283434242055713881e+00 5.283434242055713881e+00 5.283434242055713881e+00 5.283434242055713881e+00
-1.024959788710568453e+01 -1.014115578418437735e+01 -9.861486347678747322e+00 -9.619600467090711149e+00 -9.551751213587836631e+00 -9.260303060737459901e+00 -8.250745925862004171e+00 -7.231040951187044818e+00 -5.684896696434361907e+00 -4.356874429725944076e+00 -3.575359891056796968e+00 -2.245883337613192587e+00 -4.255348035293492481e-01 2.592705601914786939e+00 5.269473170690164743e+00 5.269473170690164743e+00 5.269473170690164743e+00 5.269473170690164743e+00
-1.032299823302427555e+01 -1.017060791443157441e+01 -1.003881436415981909e+01 -9.543423089735535214e+00 -9.358924736710442005e+00 -9.203961149092039662e+00 -8.379209848741171029e+00 -6.984549076841945592e+00 -5.566783571029843003e+00 -4.344449419849777172e+00 -2.605989444364213092e+00 -2.236764681400094545e+00 -5.159977144143069322e-02 2.443734305936140938e+00 5.331641171858516159e+00 5.331641171858516159e+00 5.331641171858516159e+00 5.331641171858516159e+00
-1.029760775355997104e+01 -1.027255055244891047e+01 -1.006306090948918985e+01 -9.724455640721703986e+00 -9.217061250639885017e+00 -8.897942166211253223e+00 -8.332397054261539537e+00 -6.887011930367560986e+00 -5.571921841709921885e+00 -3.454942682220406791e+00 -2.079349397778507136e+00 -6.662523290976823942e-01 5.108759234925885906e-01 2.682582719158666862e+00 5.202821772233138020e+00 5.202821772233138020e+00 5.202821772233138020e+00 5.202821772233138020e+00
-1.032710824761795365e+01 -1.012086225783671445e+01 -1.004497901160154072e+01 -9.924113046866631649e+00 -9.543962120113580028e+00 -8.899601096835500158e+00 -8.078295908004701431e+00 -6.846221210550909930e+00 -5.048968503515239625e+00 -1.888978252892462351e+00 -1.008528488860998440e+00 -2.010844618812787088e-01 7.371003385048807699e-01 2.456428375125033092e+00 5.150853347790999237e+00 5.150853347790999237e+00 5.150853347790999237e+00 5.150853347790999237e+00
-1.032629455958299047e+01 -1.021099330314230080e+01 -1.004931788000303605e+01 -9.746659554794586455e+00 -9.493517229467862251e+00 -8.733605643628564508e+00 -7.823597309946384470e+00 -6.714641222708379154e+00 -2.197096827716328971e+00 -1.568829119366674574e+00 2.529063462404973484e-01 1.432979452667558329e+00 1.505024403498598895e+00 3.554186047193620190e+00 5.023186130547740547e+00 5.023186130547740547e+00 5.023186130547740547e+00 5.023186130547740547e+00
-1.049344832932689187e+01 -1.010929154916706452e+01 -9.943893282397803901e+00 -9.774795076329816368e+00 -9.312178863444184884e+00 -7.959263250939132561e+00 -7.017979625150030820e+00 -2.268947722408049650e+00 -1.399945650846957212e+00 2.098179534819132608e-01 1.480929019092459553e+00 2.283732461819637294e+00 1.564231039662352218e+00 4.496756630945401234e+00 5.389498294380615562e+00 5.389498294380615562e+00 5.389498294380615562e+00 5.389498294380615562e+00
-1.055955892334565327e+01 -1.031664585643156862e+01 -9.734291342532547020e+00 -9.203045766071339173e+00 -7.906406726242932947e+00 -7.790956243726281372e+00 -3.223791452362677390e+00 -1.846589577676542193e+00 1.921176244706266079e-01 1.818962000674541724e+00 2.253443459533017723e+00 3.075127890285530796e+00 3.515322483259631703e+00 4.938420887222876310e+00 7.269125337957603961e+00 7.269125337957603961e+00 7.269125337957603961e+00 7.269125337957603961e+00
-1.027290742283496705e+01 -9.881459425119215823e+00 -9.427878791718153906e+00 -8.369735718804715674e+00 -7.821627893708988033e+00 -4.402776838168890983e+00 -1.974735256482631929e+00 -6.499014068941803834e-02 1.956214871690841406e+00 2.480505220645841113e+00 3.260931605852849025e+00 3.595637721091017536e+00 5.115341185241341293e+00 5.117900028783443744e+00 6.371404119002667343e+00 6.371404119002667343e+00 6.371404119002667343e+00 6.371404119002667343e+00
-1.023663126393547884e+01 -9.366726480432960855e+00 -8.496977898116840677e+00 -8.503210463142318432e+00 -7.617121589259004288e+00 -2.072994662356694384e+00 -3.612242737306370910e-01 2.109577882006779870e+00 2.823204785355730273e+00 3.310608713155584582e+00 3.304671996281705493e+00 4.793877787581634742e+00 3.393744099528497316e+00 2.463436504246795611e+00 5.208865300414280419e+00 5.208865300414280419e+00 5.208865300414280419e+00 5.208865300414280419e+00
-9.330361397850206018e+00 -8.736589834079570238e+00 -7.908925900832681322e+00 -7.805982565856384170e+00 -3.195065582952915317e+00 -1.566164050156307885e+00 6.681286726534204634e-01 2.342141872863144236e+00 3.202884443932172420e+00 3.339204530267231519e+00 4.719558460675029821e+00 2.415901204684552717e+00 6.216440808473875368e-01 2.576081902415690461e+00 5.131749692402896912e+00 5.131749692402896912e+00 5.131749692402896912e+00 5.131749692402896912e+00
-9.820440403567657128e+00 -8.305915752237920557e+00 -7.216859940242803972e+00 -5.967205097879887177e+00 -2.248342553222804963e+00 4.708542842371853804e-02 2.382986098154757482e+00 3.276688168601094464e+00 3.482346437311311771e+00 4.328745140478052811e+00 4.740827222243387595e+00 -2.039574131694112946e-01 3.863649506152070368e-01 2.555994363097677802e+00 5.598576168523297980e+00 5.598576168523297980e+00 5.598576168523297980e+00 5.598576168523297980e+00
-9.838404154932268497e+00 -7.638142122013528379e+00 -5.588201372232952657e+00 -2.225392926384558656e+00 -1.091446802293071450e+00 1.743595714046236145e+00 3.171881665788407467e+00 3.391237051407273384e+00 3.544068074705079674e+00 5.121030632428098528e+00 2.236763071538663272e+00 -1.758695233017671722e+00 2.773239438354329067e-01 2.783376983018784223e+00 5.366027849037483755e+00 5.366027849037483755e+00 5.366027849037483755e+00 5.366027849037483755e+00
-9.517303946765940381e+00 -7.614952312903398024e+00 -3.239620248089000398e+00 -2.380857768815999087e+00 4.722311116187541402e-01 2.717576168816702609e+00 3.266727820290710405e+00 3.337319138779944350e+00 3.787598427411903668e+00 5.912419147646680528e+00 4.359242807672615960e+00 -6.917692625448786936e-01 4.541730719933881333e-01 2.831016857656674990e+00 5.596952605843100947e+00 5.596952605843100947e+00 5.596952605843100947e+00 5.596952605843100947e+00
-9.256919892114481740e+00 -5.983994702258636167e+00 -2.872841539807365674e+00 -1.461223862787851102e+00 1.572161880137541434e+00 3.170545012707794985e+00 3.257495217636496854e+00 3.269791230680242577e+00 4.325860570821427942e+00 6.110020854784945499e+00 6.194657800837978456e+00 1.744709406396504514e+00 4.373164232289253328e-01 2.854131292154190813e+00 6.220460703982209516e+00 6.220460703982209516e+00 6.220460703982209516e+00 6.220460703982209516e+00
-8.388461617044168150e+00 -4.800889758178863431e+00 -1.653244029462168196e+00 -1.749483240334526180e-01 1.734634809671320888e+00 3.327954425308403685e+00 3.386382714939392358e+00 3.486271406315819554e+00 4.344364839805652245e+00 4.973584783650091268e+00 4.691271895322758567e+00 4.905899693670801476e+00 4.270832719018404333e+00 2.968574003065175049e+00 5.836052036583533109e+00 5.836052036583533109e+00 5.836052036583533109e+00 5.836052036583533109e+00
-7.223006918773323903e+00 -4.376750035069657763e+00 -1.358757772158673882e+00 2.031268636487940094e-01 2.442481243731457585e+00 2.841927654295773209e+00 3.531959771977976725e+00 3.994064527305777101e+00 4.320366012216277696e+00 3.322303714138276742e+00 3.268651985939743820e+00 3.277528682310732133e+00 4.096207830867606425e+00 5.277392266538290855e+00 6.113160995507732842e+00 6.113160995507732842e+00 6.113160995507732842e+00 6.113160995507732842e+00
-7.909430532160562244e+00 -4.574196821879614738e+00 -1.562873544448576402e+00 7.034442392510981135e-01 2.770830692801323103e+00 3.396025273232996078e+00 3.446942353213990451e+00 4.192553104146772291e+00 3.964222798555792071e+00 1.797828445730141445e+00 1.057752000483853205e+00 1.495267576301828383e+00 2.875182792014423061e+00 4.559655958954198951e+00 6.061297098823723140e+00 6.061297098823723140e+00 6.061297098823723140e+00 6.061297098823723140e+00
-7.920496736707373309e+00 -4.996312101784022630e+00 -1.454175974502619040e+00 7.972662375987646932e-01 2.888125398589864279e+00 3.385989609105885645e+00 3.428181462950736780e+00 4.354616868252688455e+00 3.242915367974510854e+00 1.431057763698191598e+00 -1.044126240056516775e+00 8.614865057922407310e-01 2.049878172442445745e+00 3.714374457477615188e+00 6.001196486765957516e+00 6.001196486765957516e+00 6.001196486765957516e+00 6.001196486765957516e+00
-7.832718509846284149e+00 -5.531417011203827450e+00 -1.744950223631081432e+00 8.033851562126741452e-01 2.842576266106978888e+00 3.338565777636795850e+00 3.365216675892410247e+00 4.338433698630391078e+00 3.137193450211008372e+00 1.378519961804446581e+00 -1.039820886192709626e+00 7.237760121548178494e-02 1.325263374702688290e+00 3.485740227303326222e+00 6.073028008934693744e+00 6.073028008934693744e+00 6.073028008934693744e+00 6.073028008934693744e+00
-7.846827921246594784e+00 -6.354923462747519736e+00 -1.640616312054910209e+00 9.623651232257548482e-01 2.553556304383254538e+00 3.476050137517631367e+00 3.454977473473947569e+00 4.423962294725723332e+00 2.819431508565009903e+00 5.786858069986478004e-01 -2.851056642932812579e+00 -1.822502616428702815e+00 1.222941347997154926e+00 3.328734006493575759e+00 6.024678366178029876e+00 6.024678366178029876e+00 6.024678366178029876e+00 6.024678366178029876e+00
-8.104499784798584017e+00 -6.043225608634593016e+00 -1.668094602638245050e+00 7.064521543481299126e-01 2.525014002323801243e+00 3.419280143147787498e+00 3.461013090746122955e+00 4.311711298799074221e+00 2.394923862216569610e+00 -1.194820334667452411e+00 -2.866195529229426775e+00 -1.727519944007424701e+00 1.342614716653728335e+00 3.596835761083895910e+00 5.988162937684939457e+00 5.988162937684939457e+00 5.988162937684939457e+00 5.988162937684939457e+00
-7.850759485194715559e+00 -6.863051375905737217e+00 -2.371051948252985930e+00 2.113589149920027110e-01 2.242860649328817679e+00 3.362030421622248078e+00 3.405931646962544690e+00 4.034402762113903584e+00 2.026058436053042922e+00 -4.197536997600380460e+00 -3.146868722459676082e+00 -1.306487294997247695e+00 1.256039964060995606e+00 3.858374055949421066e+00 5.942353681380760477e+00 5.942353681380760477e+00 5.942353681380760477e+00 5.942353681380760477e+00
-8.136498541906455273e+00 -7.484824169741560951e+00 -3.274128095658649151e+00 -5.290153026328888730e-01 1.996708179517529436e+00 3.264785614469917885e+00 3.407002027870331240e+00 3.317129042671903338e+00 1.584052808910192178e+00 -4.377885898912467155e+00 -2.870050774746482070e+00 -1.027385553535261398e+00 1.627719364312144146e+00 3.849101869724774527e+00 5.869861962097277619e+00 5.869861962097277619e+00 5.869861962097277619e+00 5.869861962097277619e+00
-8.170038749345485130e+00 -7.693023796699545613e+00 -5.135638150573941907e+00 -1.161128387154020558e+00 7.210884536482510265e-01 2.652439681136268046e+00 3.229893111812779605e+00 2.946737393507392166e+00 1.027089964047636750e+00 -4.371575544067709984e+00 -2.161489064562914120e+00 1.019384781760516834e+00 2.002364891209763353e+00 4.190203200174339671e+00 5.834773084368912954e+00 5.834773084368912954e+00 5.834773084368912954e+00 5.834773084368912954e+00
-8.806482513254131561e+00 -7.677099579441456711e+00 -7.092326599373179441e+00 -2.544893283396418848e+00 -6.344799353472467818e-01 7.837361902475936670e-01 1.963071401807854999e+00 1.845022862331882951e+00 1.019260003991373065e+00 -2.345770337066314326e+00 -2.461168355829694399e+00 4.587325878511342991e-01 2.400984000761710924e+00 4.351810417180224100e+00 5.723557573305453339e+00 5.723557573305453339e+00 5.723557573305453339e+00 5.723557573305453339e+00
-9.076055795821472927e+00 -8.553538071195651682e+00 -7.473180382077625694e+00 -4.900453576712808790e+00 -2.017608387417127780e+00 -1.095655753503261609e+00 -6.540836624737449423e-01 3.120111972465584027e-01 1.620023255786566252e-01 -3.243158868945789308e+00 -2.575309422577685137e+00 -1.436895612537315348e+00 1.970147228467069356e+00 4.448611616299947613e+00 5.710761404410940045e+00 5.710761404410940045e+00 5.710761404410940045e+00 5.710761404410940045e+00
-9.317190819446951267e+00 -8.729294983701384680e+00 -8.027469683361694308e+00 -7.414042328064114784e+00 -6.037000781168417873e+00 -3.985255947321183267e+00 -1.946432022059199296e+00 -1.376189616013612227e+00 -1.639831149126122822e+00 -1.656910093885175739e+00 -3.567636942970252800e+00 -1.011176530511249005e+00 1.634476140091748908e+00 4.159811126702416040e+00 5.567747198830580224e+00 5.567747198830580224e+00 5.567747198830580224e+00 5.567747198830580224e+00
-1.040788523787069408e+01 -9.013598928112720898e+00 -8.856240361932389504e+00 -8.486564295512911471e+00 -7.616020711703215262e+00 -6.668165379860893083e+00 -5.735261790506770652e+00 -4.708059738472338829e+00 -4.530122451306426434e+00 -4.187982441667052136e+00 -2.848030034055658799e+00 -1.359233046816554769e+00 8.063984624571574056e-01 4.179165955251028741e+00 5.425210662296940711e+00 5.425210662296940711e+00 5.425210662296940711e+00 5.425210662296940711e+00
-1.049415168049558211e+01 -1.005639806630072641e+01 -9.631447253921763263e+00 -9.245004459254815288e+00 -8.866200377514322994e+00 -7.234841340177489144e+00 -5.724590293538277308e+00 -5.767526854727587526e+00 -5.139384097605271151e+00 -4.689190557362701739e+00 -3.054863544957248767e+00 -1.857188667542883698e+00 5.473922631744292389e-01 4.480454575049178878e+00 5.268475332245542653e+00 5.268475332245542653e+00 5.268475332245542653e+00 5.268475332245542653e+00
-1.060946904688850267e+01 -1.026646609298770407e+01 -9.846077369106581045e+00 -9.633911511643370673e+00 -9.255243261094996399e+00 -7.938290273052232671e+00 -5.921318689223006970e+00 -5.984617071875853789e+00 -5.140296203547036313e+00 -4.918025178309967771e+00 -2.826426108216884892e+00 -2.447315445580223958e+00 3.255878135893590652e-01 4.320893147582014926e+00 5.464601769958789212e+00 5.464601769958789212e+00 5.464601769958789212e+00 5.464601769958789212e+00
-1.063175313782005560e+01 -1.027958874866231120e+01 -9.992746837272893146e+00 -9.725124591399900709e+00 -9.389703537976117786e+00 -8.414763579044144848e+00 -6.005018547571414622e+00 -5.763156617515400981e+00 -5.308201793651092792e+00 -4.706094870508360728e+00 -3.157249467719532188e+00 -1.947625900411351862e+00 7.373096719465592752e-01 3.559971465896429876e+00 5.152501534236358260e+00 5.152501534236358260e+00 5.152501534236358260e+00 5.152501534236358260e+00
-1.053272576923738590e+01 -1.035703275855763117e+01 -9.921258550054188774e+00 -9.719044710931003195e+00 -9.405138678647942285e+00 -8.645608259086317915e+00 -6.160126180381735317e+00 -6.231221507591347297e+00 -5.436653011325815577e+00 -4.603168973326540403e+00 -3.075147765092609564e+00 -1.702591129672442083e+00 7.397995268862298524e-01 3.428745770433288431e+00 5.524743910395571334e+00 5.524743910395571334e+00 5.524743910395571334e+00 5.524743910395571334e+00
-1.053579163571302146e+01 -1.039618091128748745e+01 -9.979580531498635665e+00 -9.816634235968182409e+00 -9.433679901560909187e+00 -8.805820168781592017e+00 -6.716161085654807295e+00 -6.091081111182508501e+00 -5.621599596315855152e+00 -4.657987330249298452e+00 -3.038208201790677521e+00 -2.696010714099562389e+00 4.973186314084697690e-01 3.519039404132078719e+00 5.687628947433737814e+00 5.687628947433737814e+00 5.687628947433737814e+00 5.687628947433737814e+00
-1.066325348649223770e+01 -1.029516392429755633e+01 -1.002707181914470880e+01 -9.736806044880280453e+00 -9.424095428286378251e+00 -8.978696719794662329e+00 -6.933867757513864305e+00 -5.932860352285552530e+00 -5.916083306334855685e+00 -5.043250903353949433e+00 -2.939833596696277862e+00 -2.935878404470945835e+00 4.696100680717561482e-01 3.123435670432467504e+00 5.491010400403698810e+00 5.491010400403698810e+00 5.491010400403698810e+00 5.491010400403698810e+00
-1.064394645738570588e+01 -1.033992385964421601e+01 -1.007789067775533454e+01 -9.782857519185078843e+00 -9.460236522951875671e+00 -9.042335123189612744e+00 -7.481931785132418966e+00 -5.886066748686977768e+00 -5.677956398002523386e+00 -5.320479111401441585e+00 -3.514741236916946843e+00 -2.666559147432917332e+00 7.672888382624003523e-01 3.146803295558721292e+00 5.559945766716180238e+00 5.559945766716180238e+00 5.559945766716180238e+00 5.559945766716180238e+00
-1.069941522534838718e+01 -1.041313675193729971e+01 -1.007330021211564741e+01 -9.797392604395506410e+00 -9.519363942531949618e+00 -8.954672678195414903e+00 -7.757213573833040776e+00 -6.210314071008288472e+00 -5.906558982053494056e+00 -5.375471750925647108e+00 -3.877450979185925739e+00 -2.816988403595690471e+00 6.509753197665751889e-01 3.024796308134366285e+00 5.363327219686142122e+00 5.363327219686142122e+00 5.363327219686142122e+00 5.363327219686142122e+00
-1.073171157649549734e+01 -1.039025684659354987e+01 -1.006221514917375259e+01 -9.889334903986522818e+00 -9.589263573928711537e+00 -9.053239833313593721e+00 -7.922635281374858174e+00 -6.060836551197080979e+00 -5.971590088023162046e+00 -5.475980494797417109e+00 -3.590478487775810024e+00 -2.311348933676002471e+00 6.750829475463271390e-02 3.088260909234589402e+00 5.318394217424565085e+00 5.318394217424565085e+00 5.318394217424565085e+00 5.318394217424565085e+00
-1.070726971183445819e+01 -1.041512840778648830e+01 -1.009043969295268184e+01 -9.819940772926248229e+00 -9.580216347645889030e+00 -9.166593752043544541e+00 -8.157503144878251788e+00 -5.876591439201249933e+00 -5.960603207032029616e+00 -5.363701209767924638e+00 -3.267950475101354613e+00 -2.257220871122983308e+00 -2.191468298734302600e-01 3.034631776409514092e+00 5.264628989499670730e+00 5.264628989499670730e+00 5.264628989499670730e+00 5.264628989499670730e+00
