-1.032977504047287276e+01 -1.037530744924443482e+01 -1.008207841190931298e+01 -9.706159401185637137e+00 -9.423721045730651724e+00 -9.123092333404226650e+00 -8.596847919507840885e+00 -7.517799914818358076e+00 -5.822549565023109608e+00 -4.458274640033387470e+00 -2.719642005166132304e+00 -2.457677932187394276e+00 -4.226686754824816594e-01 2.268088111740968582e+00 4.971940137840912044e+00 4.971940137840912044e+00 4.971940137840912044e+00 4.971940137840912044e+00
-1.039411826983112341e+01 -1.019869764466593409e+01 -9.970571460557332344e+00 -9.846491304521315158e+00 -9.582726954346465931e+00 -9.042767999754223851e+00 -8.440822372030460485e+00 -7.357239376198786651e+00 -5.764141270636073955e+00 -4.460007717761665269e+00 -2.827460061920045842e+00 -2.367646181360195889e+00 3.998485061449755240e-02 2.474599858801247443e+00 4.801548850817288105e+00 4.801548850817288105e+00 4.801548850817288105e+00 4.801548850817288105e+00
-1.044982217395284962e+01 -9.995723150874033180e+00 -9.794876723876093649e+00 -9.595047103119986431e+00 -9.551667933121803955e+00 -9.236802852244105466e+00 -8.177867419175560926e+00 -7.225279285732652212e+00 -5.475082147936615407e+00 -3.767079526077654172e+00 -3.344873320878697598e+00 -2.308321863664276385e+00 2.437721975702634714e-01 2.469357532732987970e+00 4.936773621225835740e+00 4.936773621225835740e+00 4.936773621225835740e+00 4.936773621225835740e+00
-1.034579583856960561e+01 -1.018074898793090988e+01 -1.002278125837194622e+01 -9.442275928929934281e+00 -9.330311264390577008e+00 -9.154449326046963265e+00 -8.361269786061692244e+00 -6.969669987184569315e+00 -5.501095029858766416e+00 -2.956253185198130407e+00 -2.237169377000961745e+00 -1.664379039149253448e+00 7.479396725690110603e-01 2.337076687234660000e+00 5.375431100710935439e+00 5.375431100710935439e+00 5.375431100710935439e+00 5.375431100710935439e+00
-1.051165810088460617e+01 -1.035661783361172006e+01 -1.012442751654952389e+01 -9.667581621901693012e+00 -9.226446691229963193e+00 -8.848112092034440934e+00 -8.370248594884941440e+00 -7.006676802645320556e+00 -5.465715711413332123e+00 -1.940179158514919289e+00 -2.402746465901570261e+00 -6.952455767286362942e-01 9.916272949675256632e-01 2.450307568733235630e+00 5.183290571279377090e+00 5.183290571279377090e+00 5.183290571279377090e+00 5.183290571279377090e+00
-1.063753534598699702e+01 -9.933533259034765805e+00 -1.005124160330801608e+01 -9.980390637787925456e+00 -9.523377832954333044e+00 -8.825723722839427410e+00 -7.976394296964359754e+00 -6.477665818682649679e+00 -3.923141426686953537e+00 -2.228154230560008831e+00 -5.829368760741752142e-01 -4.238369365141911871e-01 5.309707945290245146e-01 2.266000262172625401e+00 5.094842329801151593e+00 5.094842329801151593e+00 5.094842329801151593e+00 5.094842329801151593e+00
-1.034663129238722767e+01 -1.030735207208888937e+01 -1.003476677021944496e+01 -9.811020480669052191e+00 -9.481777448605226866e+00 -8.703364348533380479e+00 -7.765224764210788777e+00 -6.262453024325122186e+00 -2.283205508675858031e+00 -1.738861255495844915e+00 4.238686302168586661e-01 1.242742188386510627e+00 1.555684519088009310e+00 3.349163117200068651e+00 4.934614407505809375e+00 4.934614407505809375e+00 4.934614407505809375e+00 4.934614407505809375e+00
-1.041002869221671645e+01 -1.004230796780446333e+01 -9.955207326066304319e+00 -9.897884242601730165e+00 -9.331404797036698895e+00 -7.989357089033831016e+00 -6.656363776395597398e+00 -2.603043324303659922e+00 -2.141990182881656324e+00 1.963456572903178876e-01 1.429825343292814299e+00 2.075482558196243055e+00 1.614348291800675295e+00 4.415516089536774658e+00 5.790016864610324276e+00 5.790016864610324276e+00 5.790016864610324276e+00 5.790016864610324276e+00
-1.049991499911775783e+01 -1.034745788091286300e+01 -9.713901416178931214e+00 -9.258318461861282600e+00 -7.952229112332500627e+00 -7.373272482074830769e+00 -3.835959922630066465e+00 -2.285380133080133103e+00 -2.412436474588840474e-01 1.642744075685545591e+00 2.091129100010405750e+00 2.878066200883817594e+00 3.426280169543830301e+00 4.804056516876737071e+00 5.703617913007821727e+00 5.703617913007821727e+00 5.703617913007821727e+00 5.703617913007821727e+00
-1.025060933336381197e+01 -9.903210267028189406e+00 -9.545155784317893577e+00 -8.417400116276505528e+00 -7.616893034629349302e+00 -4.787933372938394605e+00 -2.068683510364875744e+00 -1.159348750108622816e+00 2.012867410819569436e+00 2.478128505120535507e+00 3.123019476781630388e+00 3.515632550695008796e+00 4.987385479172442793e+00 4.948792333179291347e+00 5.545485500729582462e+00 5.545485500729582462e+00 5.545485500729582462e+00 5.545485500729582462e+00
-1.032863393390505280e+01 -9.382247254341095299e+00 -8.599441636382502807e+00 -8.505333120542035275e+00 -6.998614758251337165e+00 -2.335636577119440283e+00 -6.460954903855460341e-01 9.395600666771861675e-01 2.682326368465174582e+00 3.168844696330308519e+00 3.153086772000223803e+00 4.687974951593668393e+00 2.815440086533096853e+00 2.372696765569807908e+00 5.741891847908528135e+00 5.741891847908528135e+00 5.741891847908528135e+00 5.741891847908528135e+00
-9.471227367200906855e+00 -8.722619263214982155e+00 -8.098361860679577973e+00 -7.674551196240898321e+00 -3.151839582008749918e+00 -1.973931462675851289e+00 3.091209668780131592e-01 2.166731362828183904e+00 3.052589971347872577e+00 3.310044128242604522e+00 4.610419356100216248e+00 3.253907900858689750e+00 8.056106136953249397e-01 2.491056511303990195e+00 5.906312764504358270e+00 5.906312764504358270e+00 5.906312764504358270e+00 5.906312764504358270e+00
-9.732949583122655568e+00 -8.372245036172415666e+00 -7.198850903495595865e+00 -5.391726941752935431e+00 -2.715506565994644461e+00 -4.934111510556487001e-01 2.226961919192326889e+00 3.214058197777140968e+00 3.412806807182605429e+00 4.216511278424188269e+00 4.855826638606690615e+00 -1.940216529910787635e-01 4.986965017658235855e-01 2.509333899694866865e+00 5.868081462866820530e+00 5.868081462866820530e+00 5.868081462866820530e+00 5.868081462866820530e+00
-9.927481622792779348e+00 -7.716012504141547268e+00 -5.745716569282286912e+00 -2.752595345052815112e+00 -2.048420064731582890e+00 3.167499642428749929e-01 2.779203120910682223e+00 3.245157526041772655e+00 3.428547130627363604e+00 5.131306278798822618e+00 2.713904118275623834e+00 -2.029158077221001388e+00 3.640187436867924342e-01 2.758030092461813076e+00 5.780065813592416113e+00 5.780065813592416113e+00 5.780065813592416113e+00 5.780065813592416113e+00
-9.332158829638618869e+00 -7.242630640198482794e+00 -4.030909210158732492e+00 -2.138704078577499335e+00 -5.874109187893781225e-01 2.545955053767440024e+00 3.235256011433875312e+00 3.436578776108985434e+00 3.685970761530721340e+00 5.729907784373876822e+00 4.384460592060715811e+00 -1.019996094560805533e+00 8.302307264247701379e-01 2.796614636320622793e+00 5.683766325878019110e+00 5.683766325878019110e+00 5.683766325878019110e+00 5.683766325878019110e+00
-9.201196907348943910e+00 -6.308476036925567243e+00 -3.016313336099356146e+00 -1.627776783908868818e+00 5.409939104785109754e-01 3.105019019989958551e+00 3.173538349723287411e+00 3.265135407695823222e+00 4.325767436025476975e+00 6.471116949333123536e+00 6.109637876619856023e+00 1.352348865419330082e+00 1.065048759130652556e+00 2.814955165008456106e+00 5.598135271651443645e+00 5.598135271651443645e+00 5.598135271651443645e+00 5.598135271651443645e+00
-8.329293378870355369e+00 -5.178387243676064067e+00 -2.372379711654386103e+00 -1.076362256871763012e+00 1.824081029855717517e+00 3.174516084098093494e+00 3.358514379469231148e+00 3.385473763299966965e+00 4.276682066016526562e+00 5.011254659522183630e+00 4.671591889371102369e+00 4.812127232401931742e+00 3.925650089365538165e+00 3.326859079784783013e+00 5.747685112787049633e+00 5.747685112787049633e+00 5.747685112787049633e+00 5.747685112787049633e+00
-7.349403162704430947e+00 -4.952886782914523778e+00 -1.568916387993268602e+00 -9.261433188524794691e-01 2.280382881994014177e+00 2.782845230850249152e+00 3.605986168575868511e+00 3.959071457861649268e+00 4.196205119166672937e+00 3.258994148670459445e+00 3.272343389797828017e+00 3.209488533315978387e+00 4.051648208677526952e+00 5.210315976711623165e+00 5.711032073038551538e+00 5.711032073038551538e+00 5.711032073038551538e+00 5.711032073038551538e+00
-7.450084095980007426e+00 -5.024511360967554907e+00 -1.244007791258995521e+00 3.709762479665124624e-01 2.637305690112390355e+00 3.266885462190423972e+00 3.285804167363668427e+00 4.142451071102582816e+00 3.853466555732471654e+00 1.696612814118767742e+00 1.178124118925722996e+00 1.439339770852087641e+00 2.828454735945642451e+00 4.452382521428018158e+00 5.597992973187587928e+00 5.597992973187587928e+00 5.597992973187587928e+00 5.597992973187587928e+00
-8.003354464587756567e+00 -4.955258086200918122e+00 -1.315415042505206689e+00 1.543392763353444719e-01 2.673735089185728331e+00 3.223905653103892543e+00 3.227568097007983638e+00 4.148476875110603146e+00 3.121357917686075290e+00 1.445666667867208099e+00 -9.534445207627986196e-01 9.420676925490100162e-01 2.013651581967227155e+00 3.685060222418414355e+00 5.566191027746944187e+00 5.566191027746944187e+00 5.566191027746944187e+00 5.566191027746944187e+00
-7.882924072157910800e+00 -5.328872550400969743e+00 -2.484093660662701541e+00 -3.457178133474097526e-01 2.681535683398008629e+00 3.188481038229429299e+00 3.241264019119419082e+00 4.174126387093936685e+00 2.984408841342930607e+00 1.332648540359797185e+00 -1.111696044574215225e+00 -4.561350010368960678e-02 1.264827300560080081e+00 3.428757184828638671e+00 5.442132994278852109e+00 5.442132994278852109e+00 5.442132994278852109e+00 5.442132994278852109e+00
-7.828843908690863884e+00 -6.081580877873326685e+00 -2.296574068244376043e+00 -2.595408412190420289e-01 2.448281237958031209e+00 3.333443486891541685e+00 3.306911229654462048e+00 4.307291040216659539e+00 2.731773008885563847e+00 8.569974749538846748e-01 -2.841104569022566029e+00 -1.773074590826171359e+00 1.251910743605511689e+00 3.264022081086429328e+00 5.354117345004448580e+00 5.354117345004448580e+00 5.354117345004448580e+00 5.354117345004448580e+00
-7.929542601615038322e+00 -6.207727388114737010e+00 -2.177781586011573900e+00 -8.213751455773766752e-01 2.412150705754673385e+00 3.315977633207422670e+00 3.366626792667163137e+00 4.157640799640097029e+00 2.327662983925157469e+00 -9.266550708834524475e-01 -2.884331659534971948e+00 -1.698691935660677110e+00 1.270350374099640689e+00 3.567174780189514394e+00 5.465697908674364669e+00 5.465697908674364669e+00 5.465697908674364669e+00 5.465697908674364669e+00
-7.931498022576441542e+00 -6.600009855768224298e+00 -2.374208809607268655e+00 -1.799255273092843943e+00 2.017157130996286796e+00 3.227175493637530312e+00 3.330874508103709886e+00 3.891329571782086383e+00 2.115134293635315910e+00 -4.074187157961744354e+00 -3.250610683033077208e+00 -1.249354062162962631e+00 1.289157627056444877e+00 3.761765115209657839e+00 5.401354897601619243e+00 5.401354897601619243e+00 5.401354897601619243e+00 5.401354897601619243e+00
-8.075952298376209981e+00 -7.515369613718455355e+00 -3.113859444272348842e+00 -2.508507986389589828e+00 8.047641900084006039e-01 3.190044112588399816e+00 3.323521990267761517e+00 3.200276591054050268e+00 1.597334798070825901e+00 -4.394722203920381709e+00 -2.765102597007687457e+00 -7.616004052634068877e-01 1.586506238812891212e+00 3.767122594331436147e+00 5.312093919809425024e+00 5.312093919809425024e+00 5.312093919809425024e+00 5.312093919809425024e+00
-8.151980739125693987e+00 -7.629620141260086363e+00 -5.503836318654771631e+00 -1.787361769731400152e+00 -4.838444825648402503e-01 2.591014581774958359e+00 3.117601114891546565e+00 2.911098218155612649e+00 1.181108922833139729e+00 -4.277501872738857180e+00 -2.224986482916226471e+00 1.265127715705008482e+00 1.969426260449443244e+00 4.195852842493216883e+00 5.203895513669254846e+00 5.203895513669254846e+00 5.203895513669254846e+00 5.203895513669254846e+00
-8.748038815983893102e+00 -7.662952091492736706e+00 -6.685526022692841686e+00 -2.971261676584767031e+00 -1.859090980799405157e+00 6.872926969128134722e-01 1.943910054382626207e+00 1.680872471123538769e+00 1.134653998789792118e+00 -1.376277193745403693e+00 -1.962266055874895887e+00 4.502885673962820912e-01 2.335220197519241925e+00 4.330396083406330199e+00 5.232384121517442033e+00 5.232384121517442033e+00 5.232384121517442033e+00 5.232384121517442033e+00
-8.936520614112859917e+00 -8.437613228428070045e+00 -7.441106588314243098e+00 -5.187598327574793444e+00 -2.166530432964855812e+00 -2.057967422573565131e+00 6.016635356867968548e-02 6.895880888148497867e-01 6.661515471329186866e-01 4.282826943019896193e-01 -2.401204034622567374e+00 -4.728092918362507002e-01 1.824242963755396740e+00 4.465273966447597331e+00 5.282567307196313067e+00 5.282567307196313067e+00 5.282567307196313067e+00 5.282567307196313067e+00
-9.216559903830102485e+00 -8.463755389500677850e+00 -8.027925766795117823e+00 -7.431781498185504375e+00 -5.706461648558263100e+00 -2.905151255535340482e+00 -2.503419137209417222e+00 -2.051977850118804625e+00 5.730945108073243199e-02 2.468066838605939561e-01 -3.225302827677781536e+00 -7.906033205516643791e-01 1.177148729299005936e+00 4.098328552121628832e+00 5.321166881882102295e+00 5.321166881882102295e+00 5.321166881882102295e+00 5.321166881882102295e+00
-1.035684623046986275e+01 -8.928188135075693310e+00 -8.724099989771215036e+00 -8.392146687880094547e+00 -7.702834800780179236e+00 -6.677131393519476710e+00 -5.325321003562665467e+00 -2.841865615627042985e+00 -2.448922465671423687e+00 -2.147488704412718441e+00 -1.299053138217473924e+00 -1.491199132391464621e+00 6.259953847942427707e-01 4.141425985460347015e+00 5.207248709295241085e+00 5.207248709295241085e+00 5.207248709295241085e+00 5.207248709295241085e+00
-1.037552024991710553e+01 -1.003526610498952465e+01 -9.636081375174557095e+00 -9.167522389107000791e+00 -8.873379959767540015e+00 -7.311176068764108749e+00 -5.738017297055827193e+00 -5.690907879397920865e+00 -4.919962356516516699e+00 -3.769565605528773844e+00 -2.554459086126130707e+00 -2.442554739777657247e+00 4.052549880154613926e-01 4.542731533052842607e+00 5.099050303155062913e+00 5.099050303155062913e+00 5.099050303155062913e+00 5.099050303155062913e+00
-1.055695836591416992e+01 -1.020483508659415151e+01 -9.816157377512414683e+00 -9.515014725448775579e+00 -9.191997823312542337e+00 -7.861276931228108111e+00 -6.052114356400647210e+00 -5.852932122814497262e+00 -5.068067121098859928e+00 -4.341900609996228511e+00 -2.783902916314006326e+00 -2.343384614193920079e+00 3.211579953924120767e-01 4.409787958929918261e+00 4.978287013579904219e+00 4.978287013579904219e+00 4.978287013579904219e+00 4.978287013579904219e+00
-1.054728578961369401e+01 -1.031725686997382496e+01 -1.000972895712797772e+01 -9.590433063790850809e+00 -9.316787502207006355e+00 -8.275691613175055750e+00 -6.159404689972880931e+00 -5.895922472429660388e+00 -5.076248367798855909e+00 -4.050665481601985363e+00 -2.630016785866903017e+00 -2.880831797920877957e+00 2.796067912035976044e-01 3.520715429467795587e+00 4.889026035787692237e+00 4.889026035787692237e+00 4.889026035787692237e+00 4.889026035787692237e+00
-1.051984905267170411e+01 -1.048473512937206031e+01 -9.926874358618086092e+00 -9.632026622287931161e+00 -9.344835718786750789e+00 -8.527661177946619375e+00 -6.307897792764951106e+00 -6.093486833686688975e+00 -5.205540669376159002e+00 -3.864566224772436609e+00 -3.494678833844673260e+00 -2.765269738744281725e+00 9.944475157027106438e-02 3.349298818486407203e+00 4.969846954632723524e+00 4.969846954632723524e+00 4.969846954632723524e+00 4.969846954632723524e+00
-1.053372512140895267e+01 -1.040236862414197994e+01 -9.975578258808189602e+00 -9.697011448818408041e+00 -9.367379860305394601e+00 -8.690946084632482638e+00 -6.841850780660343467e+00 -6.061973000698720249e+00 -5.530423994100946317e+00 -4.236553940284627728e+00 -3.593782966429663439e+00 -2.461164235051484628e+00 1.841751370689293787e-01 3.429361818330346701e+00 5.114968382216025233e+00 5.114968382216025233e+00 5.114968382216025233e+00 5.114968382216025233e+00
-1.059856692523817934e+01 -1.028553124985481659e+01 -9.954797502869269010e+00 -9.693770341745349128e+00 -9.391201092876295675e+00 -8.902635275568737683e+00 -7.104443642457690444e+00 -5.919745860840588847e+00 -5.881904773802829389e+00 -4.825351295288083264e+00 -3.377686664292249397e+00 -2.764695978890722383e+00 -8.971781510915156910e-02 3.138884118536093837e+00 4.994205092640878085e+00 4.994205092640878085e+00 4.994205092640878085e+00 4.994205092640878085e+00
-1.060261373748210545e+01 -1.028975017879431419e+01 -1.000339523746825421e+01 -9.742319985917895053e+00 -9.409170751109964925e+00 -9.003807397120159095e+00 -7.472934762966208844e+00 -5.816293810761974825e+00 -5.659867207499997832e+00 -5.460701511755178039e+00 -2.663329862571711892e+00 -2.727003692188977091e+00 -1.057796505866743925e-01 3.087767730652694276e+00 4.904944114848666104e+00 4.904944114848666104e+00 4.904944114848666104e+00 4.904944114848666104e+00
-1.070307511277163037e+01 -1.045759808659070522e+01 -1.000760408883982855e+01 -9.734855990539095671e+00 -9.431035578137660025e+00 -8.975611425231694085e+00 -7.679830828668595899e+00 -6.115168815102575373e+00 -5.826607852474722904e+00 -5.435264683409879893e+00 -3.334287232284075309e+00 -2.618183802182478370e+00 1.602309950245530135e-01 2.917075444515661253e+00 4.784180825273507409e+00 4.784180825273507409e+00 4.784180825273507409e+00 4.784180825273507409e+00
-1.076138534671093616e+01 -1.041129173687546050e+01 -1.003061889709198695e+01 -9.833230818519201222e+00 -9.463373657609704281e+00 -8.986870165835201263e+00 -7.917296313960235921e+00 -6.134660626979165698e+00 -5.850265122150123176e+00 -5.498420096910010102e+00 -3.477140742669057261e+00 -2.486234773900170225e+00 2.724640235808022948e-01 3.088679331233479264e+00 4.786716353154650605e+00 4.786716353154650605e+00 4.786716353154650605e+00 4.786716353154650605e+00
-1.070838896692380793e+01 -1.038987086944533011e+01 -1.001801137398789976e+01 -9.876842403333691678e+00 -9.481331388202532295e+00 -9.164983953968501851e+00 -7.981770536753098888e+00 -5.762991489247281329e+00 -5.963415314351683705e+00 -5.045105178839397908e+00 -3.307905632494647641e+00 -1.832135945290108481e+00 2.519052444357366971e-01 2.974631687671303482e+00 4.825315927840465591e+00 4.825315927840465591e+00 4.825315927840465591e+00 4.825315927840465591e+00
