-1.049607554410646948e+01 -1.024136913547279804e+01 -9.980431099498597192e+00 -9.671099868536218835e+00 -9.321094799813945286e+00 -8.906281720195892149e+00 -8.201931401843870262e+00 -6.509037707717951093e+00 -4.128376110464862414e+00 -4.085567331363627375e+00 -2.611207908225633201e+00 -5.637846601106623057e-01 2.312150890866849551e+00 2.134288422182359035e+00 6.050484437590695208e+00 6.050484437590695208e+00 6.050484437590695208e+00 6.050484437590695208e+00
-1.046766233043093308e+01 -1.011543652591545239e+01 -9.976876639488258647e+00 -9.744042526368643209e+00 -9.385609631786573814e+00 -8.843655423108888414e+00 -7.955446552236884905e+00 -5.995791425154154197e+00 -3.189180252323625453e+00 -4.544084498988537391e+00 -1.649439436043485419e+00 -8.715711356514717345e-02 1.810170852977414535e+00 2.044202135388146768e+00 6.346602882343638008e+00 6.346602882343638008e+00 6.346602882343638008e+00 6.346602882343638008e+00
-1.012053847305540444e+01 -9.847585534220607784e+00 -9.964711096168977988e+00 -9.864547935267220069e+00 -9.484366294257220886e+00 -9.022952989942007562e+00 -7.908466820029290467e+00 -5.301913966841980574e+00 -3.032770650541721125e+00 -3.219980424467521640e+00 -1.215976640831405220e+00 -1.471671109472905969e-01 2.138774466696540699e+00 2.085477064088008703e+00 5.702025490268745500e+00 5.702025490268745500e+00 5.702025490268745500e+00 5.702025490268745500e+00
-1.041561884928293935e+01 -1.011338504305467012e+01 -9.762937371406337661e+00 -9.416195801179119584e+00 -9.246014973100075807e+00 -8.988076609261167249e+00 -7.697066517851526513e+00 -4.151774060952615031e+00 -3.359111324825010847e+00 -2.053257652800628552e+00 -1.239861132226836249e+00 4.060769122865685032e-01 2.115198137383132337e+00 2.121555348533537888e+00 5.276574747673435262e+00 5.276574747673435262e+00 5.276574747673435262e+00 5.276574747673435262e+00
-1.055326326824699734e+01 -1.018746294616724235e+01 -1.000891150062697221e+01 -9.443870394466362228e+00 -8.904911375298212306e+00 -8.585278697733750519e+00 -6.937477489785698559e+00 -4.040165881811143223e+00 -4.030731545089757617e+00 -2.549882370645954133e+00 -7.915581672841092153e-01 1.772282453098117161e+00 1.679379320586559032e+00 2.376662721514744891e+00 5.125958362140226932e+00 5.125958362140226932e+00 5.125958362140226932e+00 5.125958362140226932e+00
-1.019483433384025517e+01 -1.029536734005395182e+01 -1.017077318644136597e+01 -9.780028805213534682e+00 -9.224755978027816994e+00 -8.273618549095898445e+00 -6.519304314201677997e+00 -4.412940617403783072e+00 -3.745398940335668669e+00 -1.510399066627461151e+00 -7.244600734755806126e-01 2.048898705161160905e+00 1.574161190352834527e+00 2.139104044643353575e+00 4.706396508870842155e+00 4.706396508870842155e+00 4.706396508870842155e+00 4.706396508870842155e+00
-1.053507646465454606e+01 -1.021304289546393740e+01 -1.010318704228052589e+01 -9.699766723769084109e+00 -9.156279661793405467e+00 -8.211365629452750170e+00 -5.409284774207596236e+00 -4.533168592956243970e+00 -3.704566605030159998e+00 -1.057725616616759901e+00 3.100534779431703969e-01 1.860063649403777220e+00 1.696927811327163305e+00 2.996401494423542200e+00 4.541474268407770687e+00 4.541474268407770687e+00 4.541474268407770687e+00 4.541474268407770687e+00
-1.038713982769872146e+01 -1.025854095372445407e+01 -1.008869051760527213e+01 -9.548336543636777307e+00 -9.093493544221518121e+00 -7.869497850885278645e+00 -4.467057344871892433e+00 -4.063013934911390734e+00 -3.501129372331877043e+00 -4.631156285763823321e-01 1.406720209724482418e+00 1.972333720112308786e+00 1.886942460261457510e+00 4.269037806980124472e+00 5.600571831610594131e+00 5.600571831610594131e+00 5.600571831610594131e+00 5.600571831610594131e+00
-1.046210040908658989e+01 -1.003759352926101833e+01 -9.645963269799054274e+00 -9.549959346983120767e+00 -8.621836001463552890e+00 -6.883394159614216079e+00 -3.849256073245976406e+00 -4.370253538983906338e+00 -2.730362754001691705e+00 -1.565008107265628556e-01 2.055024680091294798e+00 2.612251115406598156e+00 3.246398700193481091e+00 4.711243414648365935e+00 5.565111755793851422e+00 5.565111755793851422e+00 5.565111755793851422e+00 5.565111755793851422e+00
-1.039408075342507587e+01 -1.017122820109858949e+01 -9.349722599811837398e+00 -8.420178259381886576e+00 -7.645767373066418848e+00 -5.620350653400146612e+00 -2.739647111106815469e+00 -3.896044020477409386e+00 -1.093743291738643375e+00 7.228568491270824792e-01 2.701867441244726997e+00 3.307188432439054360e+00 4.869676686834418788e+00 4.925733348562537195e+00 5.727687859730255404e+00 5.727687859730255404e+00 5.727687859730255404e+00 5.727687859730255404e+00
-1.029561941696764826e+01 -9.652609629405842995e+00 -8.983360785244505209e+00 -8.487533446333594966e+00 -6.813486910148678355e+00 -4.527021178322296890e+00 -3.481475690683560220e+00 -2.881770406209691160e+00 1.834885842544823481e-03 1.939729702992245342e+00 2.733432979949714792e+00 4.500523534440118212e+00 3.056288598420904723e+00 2.187929149627902525e+00 5.824553004054345173e+00 5.824553004054345173e+00 5.824553004054345173e+00 5.824553004054345173e+00
-9.973156989037669007e+00 -9.201369860692212299e+00 -8.643193290954959807e+00 -7.732509135288260893e+00 -6.178227644101737859e+00 -3.532222768027548643e+00 -4.168996770645581051e+00 -2.637120166055483939e+00 1.140651015786643130e-01 3.076748123495407050e+00 4.246585998592052213e+00 3.665952401172913433e+00 1.951553155823650965e+00 2.429909036725504290e+00 5.842713589962175824e+00 5.842713589962175824e+00 5.842713589962175824e+00 5.842713589962175824e+00
-9.472451970415546540e+00 -8.827538025426266088e+00 -7.916775839251730673e+00 -6.946753529363165036e+00 -5.078606562817058467e+00 -2.353338993275553293e+00 -3.835630268692290734e+00 -1.368025590010695014e+00 1.416141238212945908e+00 3.901936950372728141e+00 4.468656403020360379e+00 2.010328988255671412e+00 1.782831698070296289e+00 2.324573882156632187e+00 5.447101757110796250e+00 5.447101757110796250e+00 5.447101757110796250e+00 5.447101757110796250e+00
-9.876406790869339147e+00 -8.258393786811630832e+00 -7.308116538977234455e+00 -5.842871754392462869e+00 -3.886937707779477336e+00 -2.354628319067512798e+00 -2.863519438781811477e+00 7.793027817447234495e-02 3.223807957564964077e+00 4.817555360655316754e+00 3.229953421665108237e+00 -1.997462305802833349e+00 3.435527597224906082e-01 2.419431210508029118e+00 5.497755098719667721e+00 5.497755098719667721e+00 5.497755098719667721e+00 5.497755098719667721e+00
-9.807511967951054288e+00 -7.842629468109253210e+00 -6.499537473970694812e+00 -4.915769149037833685e+00 -2.884835505315124671e+00 -2.097975731188729043e+00 -2.847748418785475799e+00 6.082520116964067469e-01 3.358053492461571476e+00 5.330795705793379469e+00 4.198693037611925583e+00 -1.163076812164993257e+00 1.035234388843840225e+00 2.468236004091858504e+00 5.623472364073482943e+00 5.623472364073482943e+00 5.623472364073482943e+00 5.623472364073482943e+00
-9.085265903675646015e+00 -7.380412908190582932e+00 -5.814494183162778107e+00 -4.136350516219316376e+00 -2.987803509618385700e+00 -2.199628629172956096e+00 -2.157598157354116974e+00 1.777610486361342002e+00 3.874897677341542224e+00 5.995128304591744950e+00 5.749574985741800148e+00 1.867235530373444696e+00 7.607330348991013791e-01 2.701490183681225510e+00 5.451662353788909066e+00 5.451662353788909066e+00 5.451662353788909066e+00 5.451662353788909066e+00
-8.826075357492777940e+00 -6.932292741125595015e+00 -5.257033660862675539e+00 -3.772706405422349807e+00 -3.669576816966632293e+00 -2.551253151866242685e+00 -1.709184674191954745e+00 3.208865849536782999e+00 4.093540019595153900e+00 4.923529707757497320e+00 4.516955892138831530e+00 4.624232620137476601e+00 3.436926963624835629e+00 3.198638592180314877e+00 5.477543770016968239e+00 5.477543770016968239e+00 5.477543770016968239e+00 5.477543770016968239e+00
-8.336599400071044386e+00 -6.749925466983382805e+00 -5.110816635593561585e+00 -3.118460663014462675e+00 -2.953437481109205898e+00 -3.020845353272492595e+00 -4.079330167861315304e-01 3.831796231800728147e+00 3.877093316437905113e+00 3.186774683762686688e+00 3.175996702822695195e+00 3.119743937584317006e+00 3.876798007520807499e+00 5.091890888329639431e+00 5.680255090049802114e+00 5.680255090049802114e+00 5.680255090049802114e+00 5.680255090049802114e+00
-7.814875642469091055e+00 -6.703796982176652541e+00 -4.781979011759847964e+00 -3.067007307827372742e+00 -1.670818681594916422e+00 -2.409415425801311628e+00 8.363795308804735651e-01 3.703328723735849870e+00 3.586707549305574450e+00 1.785049200052008400e+00 1.602749896576221689e+00 1.680954190895516343e+00 2.773253442300911864e+00 4.234039450341912314e+00 5.417430881180547608e+00 5.417430881180547608e+00 5.417430881180547608e+00 5.417430881180547608e+00
-7.844489193333747501e+00 -6.598090842904570152e+00 -4.911390563188114733e+00 -3.027370982735336113e+00 -1.405365946915103192e+00 -1.402780130725604479e+00 2.033823193320555056e+00 3.854905447152227271e+00 2.970448945723776824e+00 1.576718989093466750e+00 1.245734406115960979e+00 1.231433027521942281e+00 1.941371493685355443e+00 3.593673601456689237e+00 5.747116280065382554e+00 5.747116280065382554e+00 5.747116280065382554e+00 5.747116280065382554e+00
-8.190667656817909759e+00 -6.431641616592425059e+00 -4.823372840716970700e+00 -3.124760883894333485e+00 -1.206744996139530457e+00 -1.031760054039429608e+00 2.992503676554808756e+00 3.899178291751582481e+00 2.843009672756543704e+00 1.481983644928830390e+00 9.894534050520550350e-01 4.306451081502615796e-01 1.277780649185626727e+00 3.189658294252228909e+00 5.555335067764354484e+00 5.555335067764354484e+00 5.555335067764354484e+00 5.555335067764354484e+00
-8.219856778554708754e+00 -7.068615733257092693e+00 -4.998477719021998666e+00 -2.967560659934690204e+00 -1.783984434366003846e+00 -1.351242796892689446e+00 2.023737685617028603e+00 3.819677965367049843e+00 2.601167200496023124e+00 1.349361337060507315e+00 3.894997144415613399e-01 -1.641109451842244216e+00 1.167830214564837155e+00 3.014977783918248999e+00 5.452163859317812111e+00 5.452163859317812111e+00 5.452163859317812111e+00 5.452163859317812111e+00
-8.237412819448874046e+00 -7.190821215570511349e+00 -5.381959527032257107e+00 -3.259132900466811922e+00 -2.329243307837000732e+00 -1.351942465144200245e+00 9.396335604169265832e-01 3.721821541975178338e+00 2.240066208470624876e+00 1.193188455278606730e+00 -2.437632901683568498e+00 -1.527799949033386451e+00 1.163188599286641978e+00 3.382994736051053053e+00 5.290763893111932958e+00 5.290763893111932958e+00 5.290763893111932958e+00 5.290763893111932958e+00
-8.181100170061046839e+00 -7.415604719255423305e+00 -5.743788324041743110e+00 -3.941961280323814876e+00 -2.116362288103081912e+00 -1.604136073473304114e+00 -4.768746561763199110e-01 3.401680513306534870e+00 2.049385253906033988e+00 9.482870126331779392e-01 -2.430861336260697669e+00 -1.098025725416818199e+00 1.192476485487718341e+00 3.652455072911047651e+00 5.344449370185368586e+00 5.344449370185368586e+00 5.344449370185368586e+00 5.344449370185368586e+00
-8.205091836601726030e+00 -7.342120511212522516e+00 -6.056523403327468635e+00 -4.636005710165310489e+00 -3.129807107498935981e+00 -1.535441546752630781e+00 -1.489434573016703345e+00 9.352815243770875586e-01 2.354043547066393405e+00 -3.455006241117076549e+00 -2.213853527379361807e+00 -3.861344727774997931e-01 1.430652741405088024e+00 3.663087990922655912e+00 5.608237946631669857e+00 5.608237946631669857e+00 5.608237946631669857e+00 5.608237946631669857e+00
-8.387400651729038259e+00 -7.696144383651861709e+00 -6.475531086883307808e+00 -5.265037283442729255e+00 -4.058410373297712148e+00 -2.323330149546711354e+00 -1.636652914101929701e+00 -6.080231554234674096e-01 2.195122805248206355e+00 -2.863478399720029710e+00 2.103233616316440846e-01 1.033582253622512104e+00 1.889103332675126090e+00 4.358383808669320736e+00 5.684327379793450596e+00 5.684327379793450596e+00 5.684327379793450596e+00 5.684327379793450596e+00
-8.745244215472169458e+00 -7.910029596483375336e+00 -6.870158855812991128e+00 -5.905123762678370802e+00 -4.763358644811220621e+00 -3.416104375708495233e+00 -1.666911185193402423e+00 -2.388578618622839933e+00 1.178537490439850677e+00 1.481422249972591088e+00 2.764265574491396316e-01 8.592631526177262336e-01 2.085980970394728740e+00 4.798091522084328986e+00 5.487197771455237572e+00 5.487197771455237572e+00 5.487197771455237572e+00 5.487197771455237572e+00
-9.162329507673545592e+00 -8.242851483396323786e+00 -7.415357722764375659e+00 -6.409775935797012103e+00 -5.485516584446972210e+00 -4.446398316780283189e+00 -2.335973298443737356e+00 -3.071187175594736196e+00 -9.768955907155535412e-01 1.632078192266534167e+00 1.125317149725904242e+00 3.771480953276412085e-01 1.609063934779590532e+00 5.215927782694782522e+00 5.382755009879320873e+00 5.382755009879320873e+00 5.382755009879320873e+00 5.382755009879320873e+00
-9.411247194770721691e+00 -8.543433865406131034e+00 -7.947531200715560296e+00 -7.285326339239356130e+00 -6.403579195605927588e+00 -5.342893401276374021e+00 -2.591125666506600034e+00 -2.600502302173794078e+00 -2.378120939689736257e+00 1.094790587495296119e+00 1.359564958076547869e+00 9.981383125682145030e-01 1.097211530658182665e+00 4.083525943846729511e+00 5.187533083518275134e+00 5.187533083518275134e+00 5.187533083518275134e+00 5.187533083518275134e+00
-9.853254513707112139e+00 -8.967658008751676846e+00 -8.402825404882662497e+00 -7.902365063295071934e+00 -7.294884622333017710e+00 -6.420573703121523756e+00 -4.094196762804213741e+00 -1.819573359407331115e+00 -2.210732956358728352e+00 8.854290020084055746e-01 1.516388626502270576e+00 1.131376982753585114e+00 2.043476477081265785e-01 4.036092967380425556e+00 5.459960389726593810e+00 5.459960389726593810e+00 5.459960389726593810e+00 5.459960389726593810e+00
-1.024539202990795062e+01 -9.752465260724926921e+00 -9.213435296832232169e+00 -8.668718769031258375e+00 -8.075360146144067386e+00 -7.022679566260181083e+00 -4.918917997052749236e+00 -2.951838117875639877e+00 -3.519794876810638407e+00 -2.071777730215223490e-01 1.321026458159493711e+00 1.268440211593342193e+00 6.602014481723373907e-01 4.350940630905155260e+00 5.721568617284356506e+00 5.721568617284356506e+00 5.721568617284356506e+00 5.721568617284356506e+00
-1.036495327446681713e+01 -9.916363561004656546e+00 -9.458550561227555775e+00 -9.046920651349148912e+00 -8.401306824763198122e+00 -7.420400217086159600e+00 -5.919400758937386264e+00 -4.027814831373910387e+00 -3.327606478355302766e+00 -1.800903978322655696e+00 1.081765081518375027e+00 1.313449189119161975e+00 9.371665329965993552e-01 2.884208009707793341e+00 5.524439008946132823e+00 5.524439008946132823e+00 5.524439008946132823e+00 5.524439008946132823e+00
-1.043929751861222144e+01 -1.010529027854664896e+01 -9.700367599727876211e+00 -9.233395661932213727e+00 -8.689296079612192969e+00 -7.761924598868787051e+00 -6.194223208215809962e+00 -4.297574029066182355e+00 -2.834048460840838501e+00 -2.854644262370204633e+00 1.086708396979187974e+00 1.329213540666216442e+00 9.843550164931132995e-01 1.856766221096828984e+00 5.419060475146120659e+00 5.419060475146120659e+00 5.419060475146120659e+00 5.419060475146120659e+00
-1.049315140194635632e+01 -1.008966763412675860e+01 -9.730856222989942239e+00 -9.341999109934985057e+00 -8.751671563200220660e+00 -7.950553670112799232e+00 -6.805982090166333265e+00 -4.202070882015356723e+00 -2.748123556609014084e+00 -3.639341635616825776e+00 5.201927457704481617e-01 1.243146705315706591e+00 1.015053455324030240e+00 2.256078974277958338e+00 5.313681941346108495e+00 5.313681941346108495e+00 5.313681941346108495e+00 5.313681941346108495e+00
-1.047512239773465303e+01 -1.015824664124438037e+01 -9.863985760511729595e+00 -9.424766309826425825e+00 -8.906369594059103889e+00 -8.179025076818767559e+00 -7.065281308757689338e+00 -5.290784594711110067e+00 -2.664033543124817438e+00 -3.982407972263398488e+00 1.546429448144319430e-01 1.166104416860613613e+00 9.861790984735755439e-01 2.725608101248008008e+00 5.311682832821479572e+00 5.311682832821479572e+00 5.311682832821479572e+00 5.311682832821479572e+00
-1.063828123449778928e+01 -1.017568364409709503e+01 -9.843742413398121727e+00 -9.493046357376098143e+00 -8.999921202891977501e+00 -8.317508216073250082e+00 -7.219940415849229076e+00 -5.799857109015672307e+00 -3.327623148754226712e+00 -2.190237427631590794e+00 -1.424826203172764538e+00 9.124029547530727591e-01 9.811954514016463236e-01 2.084419513747099995e+00 5.758809854775252646e+00 5.758809854775252646e+00 5.758809854775252646e+00 5.758809854775252646e+00
-1.051133624034245884e+01 -1.018299040199387129e+01 -9.899993782046591306e+00 -9.536095993958221939e+00 -9.044001487559569341e+00 -8.437708492053367593e+00 -7.350852517751354398e+00 -5.977472363861000559e+00 -3.327176993581115294e+00 -3.252371817546355626e+00 -2.767493029648862013e+00 3.910966398608173855e-01 1.066255943849046650e+00 2.378454042512812006e+00 5.653431320975215613e+00 5.653431320975215613e+00 5.653431320975215613e+00 5.653431320975215613e+00
-1.053355400693715893e+01 -1.024987378336701482e+01 -9.914083832056231671e+00 -9.565546249745077390e+00 -9.161605731709608236e+00 -8.460909187958900901e+00 -7.463151789528198243e+00 -6.058415950248694948e+00 -3.662667588398420104e+00 -3.722643863902122874e+00 -3.045471357172872207e+00 1.765272072149614568e-01 1.101833665598565437e+00 2.299887128978996387e+00 5.456301712637015910e+00 5.456301712637015910e+00 5.456301712637015910e+00 5.456301712637015910e+00
-1.058739221039044587e+01 -1.026949896052106936e+01 -9.972869115424984443e+00 -9.620449633277511126e+00 -9.212124214613828244e+00 -8.556872803849055131e+00 -7.531477220133703909e+00 -5.954489627615979330e+00 -3.635603085070153728e+00 -4.121091813827565176e+00 -3.171799632270902336e+00 -9.562776265458956815e-02 9.586094156608472305e-01 2.405581857998464468e+00 5.350923178837002858e+00 5.350923178837002858e+00 5.350923178837002858e+00 5.350923178837002858e+00
-1.061433451644643533e+01 -1.032082496343913469e+01 -9.996172655304699006e+00 -9.685695084680341793e+00 -9.273284771349924682e+00 -8.723734370416597272e+00 -7.585252229179933359e+00 -6.125433927201020978e+00 -4.283827704211518039e+00 -4.265433285315151757e+00 -3.034302875361148732e+00 -6.546151198631405821e-01 9.295758873527849575e-01 2.495279048302393665e+00 5.164114777064704676e+00 5.164114777064704676e+00 5.164114777064704676e+00 5.164114777064704676e+00
