-1.045065097272393473e+01 -1.037256458069641596e+01 -1.005259382900223741e+01 -9.700739961531182232e+00 -9.439545675246499457e+00 -9.019523473022740490e+00 -8.317466192867545516e+00 -7.269366893733488766e+00 -4.807542155296831154e+00 -3.312571977464845663e+00 -1.674094252690827123e+00 -1.376407473785965063e+00 4.858101246627491987e-01 1.843650192863720338e+00 4.908042027332280455e+00 4.908042027332280455e+00 4.908042027332280455e+00 4.908042027332280455e+00
-1.042333151615716957e+01 -1.022567638762347997e+01 -1.004304333746773814e+01 -9.863006687218792479e+00 -9.503575613924022392e+00 -9.007297602594521280e+00 -8.240269579937315569e+00 -6.965606492738435129e+00 -4.627276333538556941e+00 -2.457841126501148388e+00 -2.316529790747726025e+00 -5.528701187101067727e-02 5.018604593281236204e-01 2.054782396292809121e+00 4.849959506565388878e+00 4.849959506565388878e+00 4.849959506565388878e+00 4.849959506565388878e+00
-1.038336173777960525e+01 -1.006404921873578928e+01 -9.740629218947431056e+00 -9.735917358944451649e+00 -9.617679653674921170e+00 -9.084504088425479296e+00 -8.177439734201199073e+00 -6.948938013611460462e+00 -4.271435133770520309e+00 -2.004127870377838239e+00 -2.850030085293300264e+00 1.790975771790336291e-01 -1.628199787836869805e-01 2.078616449660412702e+00 4.999461529799166470e+00 4.999461529799166470e+00 4.999461529799166470e+00 4.999461529799166470e+00
-1.031053946108647423e+01 -1.030531685878538006e+01 -9.937609580723055558e+00 -9.364347135538260147e+00 -9.209558442944022261e+00 -9.057783541751197376e+00 -8.255468373832689721e+00 -6.819979770253986828e+00 -3.409288867438677428e+00 -2.362881109327269691e+00 -1.679723830203831536e+00 -1.593012260104327282e-01 5.667272140619752374e-01 2.280631230492248918e+00 4.732214510725929912e+00 4.732214510725929912e+00 4.732214510725929912e+00 4.732214510725929912e+00
-1.055790889606926264e+01 -1.031021848712282463e+01 -9.923406228112012784e+00 -9.639872465940301893e+00 -9.106733270043777750e+00 -8.673769862275806375e+00 -8.122781704959104232e+00 -6.077962266207784126e+00 -2.887664281365998953e+00 -3.134400515026086964e+00 -5.330956052729783901e-01 7.985728431735181210e-02 1.432307583965603648e+00 2.380739801680507473e+00 4.602878351922569777e+00 4.602878351922569777e+00 4.602878351922569777e+00 4.602878351922569777e+00
-1.045745186638541924e+01 -1.004842188605308451e+01 -1.017514224639049658e+01 -9.974127274662405895e+00 -9.378917790128358689e+00 -8.676247492745520873e+00 -7.873434535781561827e+00 -5.215974521327176205e+00 -2.537672492723412887e+00 -2.567596151795376258e+00 -1.761088172602034985e-01 5.477477920407726186e-01 1.189065183603897013e+00 2.166381524336919995e+00 4.424790931449375186e+00 4.424790931449375186e+00 4.424790931449375186e+00 4.424790931449375186e+00
-1.050740046738528122e+01 -1.032919610010633704e+01 -9.974775367082321154e+00 -9.819261469705242718e+00 -9.364929845360865812e+00 -8.678568184106955741e+00 -7.647448680577147329e+00 -3.643719896107942002e+00 -3.232445530648311305e+00 -1.045562678524518674e+00 2.074006552277429249e-01 1.545080586549939294e+00 1.565352016457716156e+00 3.277620335062565005e+00 4.203391355615072378e+00 4.203391355615072378e+00 4.203391355615072378e+00 4.203391355615072378e+00
-1.054602720231021884e+01 -1.010111456488107784e+01 -1.000148697438460488e+01 -9.808937219944365182e+00 -9.220873775026905861e+00 -8.302499159421758534e+00 -5.782936510443207112e+00 -2.348040696950208339e+00 -2.820842329207911447e+00 2.011024116380841220e-01 1.407751538773915900e+00 2.037134436481776056e+00 1.745382863122635353e+00 4.317888855753149180e+00 4.898452333229933231e+00 4.898452333229933231e+00 4.898452333229933231e+00 4.898452333229933231e+00
-1.045413922435282394e+01 -1.022219836051819186e+01 -9.587586668889596098e+00 -9.034277622386399642e+00 -8.285811949900967477e+00 -7.016555325350420702e+00 -3.973026153461368892e+00 -3.251363261499644608e+00 -1.012235702272279436e+00 9.010272510193331197e-01 2.058517482276535748e+00 2.730983346215854368e+00 3.443341752082413443e+00 4.740473732320575451e+00 4.873720748661645175e+00 4.873720748661645175e+00 4.873720748661645175e+00 4.873720748661645175e+00
-1.023816257620963199e+01 -1.011540024359156753e+01 -9.506307019564758320e+00 -8.583259188033574461e+00 -7.452797480493853044e+00 -5.125997445760661186e+00 -2.373145736637948033e+00 -3.045870847267378778e+00 -1.205797904351606775e-01 2.073410524400255195e+00 3.109660207522762398e+00 3.477496024627265037e+00 4.978658477992016884e+00 4.963333516558294356e+00 5.096647351616585553e+00 5.096647351616585553e+00 5.096647351616585553e+00 5.096647351616585553e+00
-1.017280242615824726e+01 -9.450067516015849378e+00 -8.783020263446505993e+00 -8.539769241144462342e+00 -6.776015558683510243e+00 -3.416992727118352668e+00 -3.463782973671504006e+00 -7.172628334986268506e-01 1.926586752306278516e+00 3.130769159077496422e+00 3.108808687593158648e+00 4.601029548119324630e+00 3.033956538475024001e+00 2.290807767223619784e+00 5.186539188232869080e+00 5.186539188232869080e+00 5.186539188232869080e+00 5.186539188232869080e+00
-9.944808893269319938e+00 -9.114824260582814475e+00 -8.241567389699687496e+00 -7.636857204163667312e+00 -4.871338987596937287e+00 -2.583234941452706934e+00 -2.695518029881586397e+00 2.093374206192624154e-01 2.896021459358532724e+00 3.152888549715283428e+00 4.419338802860581339e+00 3.759752615319237101e+00 1.332886821322518456e+00 2.502221194507026070e+00 4.905555782598363557e+00 4.905555782598363557e+00 4.905555782598363557e+00 4.905555782598363557e+00
-9.642039363624922643e+00 -8.589294757621017240e+00 -7.618402994853724408e+00 -6.012214793740431773e+00 -3.285378489247448464e+00 -3.408858298026029132e+00 -1.817359274640469313e-01 3.112130459087284251e+00 3.254465508464655432e+00 4.109677524134253801e+00 4.747700877782695450e+00 -1.635765580610267986e-02 5.023424521278923027e-01 2.415244730078065949e+00 4.701801094656984148e+00 4.701801094656984148e+00 4.701801094656984148e+00 4.701801094656984148e+00
-1.013944715240137739e+01 -7.993503988706265773e+00 -6.545787103586119926e+00 -4.475339573116393410e+00 -2.561621189381039443e+00 -2.321404144442495099e+00 1.056485431712196554e+00 3.134761259957862034e+00 3.325795857470839501e+00 5.011407117095091124e+00 3.364927087709541187e+00 -1.896178192694309761e+00 3.617089959506567531e-01 2.606579049658293901e+00 4.772711552092513188e+00 4.772711552092513188e+00 4.772711552092513188e+00 4.772711552092513188e+00
-9.443872035032553569e+00 -7.492611724901509618e+00 -5.356825394455984934e+00 -3.189770537511845916e+00 -2.909445339753022886e+00 -8.333693883240243794e-02 3.110507864300807501e+00 3.156617368262792489e+00 3.670087359029485352e+00 5.659416882082021871e+00 4.483871029008261289e+00 -9.094597330549505365e-01 9.209807948427023438e-01 2.682085879245786675e+00 4.930005481355469676e+00 4.930005481355469676e+00 4.930005481355469676e+00 4.930005481355469676e+00
-9.169964986247418182e+00 -6.874691320137125139e+00 -4.355898116625282590e+00 -2.106903367248431191e+00 -1.986236455726108741e+00 9.302971602014327157e-01 3.022611806422438985e+00 3.106720595998131440e+00 4.199562604553120693e+00 6.188507561738383345e+00 6.167348557724295688e+00 1.918128369572713599e+00 5.435264280146580029e-01 2.736073560936707061e+00 4.877930818885062081e+00 4.877930818885062081e+00 4.877930818885062081e+00 4.877930818885062081e+00
-8.825513547686545834e+00 -6.038127330600208786e+00 -3.729661924945512297e+00 -2.447375618978355760e+00 -6.279522795049881090e-01 2.958087665010512346e+00 3.238884002222949476e+00 3.392941390768304810e+00 4.254295929634219320e+00 5.067150474881874089e+00 4.658678230725907810e+00 4.754727742272534918e+00 3.524460844260939307e+00 3.415113262253090642e+00 4.941425342150510325e+00 4.941425342150510325e+00 4.941425342150510325e+00 4.941425342150510325e+00
-7.764232662273320429e+00 -5.701529262096422634e+00 -3.264756085883019132e+00 -2.378664719741307998e+00 -1.549873194544551525e-01 2.720620675235444708e+00 3.551801334983882619e+00 3.928273471773153780e+00 4.104567810738320333e+00 3.226212661048348807e+00 3.312009489383447303e+00 3.171113834353726180e+00 3.959363134651868510e+00 5.097323197119975724e+00 4.789842335843399468e+00 4.789842335843399468e+00 4.789842335843399468e+00 4.789842335843399468e+00
-7.429225159842392401e+00 -5.846544501915695413e+00 -2.922739474509894020e+00 -1.697023339262508257e+00 -4.432623562625775948e-02 3.078440567751803414e+00 3.118788527948931133e+00 3.921893690273484445e+00 3.798700442379252085e+00 1.730328630199489570e+00 1.392696030572628141e+00 1.468684843114308025e+00 2.800438144347827674e+00 4.335767506811104788e+00 4.675720794962963112e+00 4.675720794962963112e+00 4.675720794962963112e+00 4.675720794962963112e+00
-8.189709840553717868e+00 -5.849515999723144510e+00 -2.623016970640781320e+00 -1.296600630148112554e+00 1.451471240291688947e+00 3.084611121250362853e+00 3.160490361789970670e+00 4.093944984800511833e+00 3.260483491106772380e+00 1.546520328139552536e+00 -8.473962775142610537e-01 8.678926022413808727e-01 1.970685649318394628e+00 3.650340272649653883e+00 4.770096417979542203e+00 4.770096417979542203e+00 4.770096417979542203e+00 4.770096417979542203e+00
-8.150652255527747414e+00 -5.765863000646751502e+00 -2.952155296951076480e+00 -1.485955649720365424e+00 1.335804330956891883e+00 3.145340536974650103e+00 3.262430706319875640e+00 4.096719378152235080e+00 3.006708734827618912e+00 1.462063187690637811e+00 -2.287197219744004362e-01 1.192192254950936448e-01 1.269315693427879310e+00 3.325433535680247132e+00 4.738411709277833062e+00 4.738411709277833062e+00 4.738411709277833062e+00 4.738411709277833062e+00
-8.177001577539611432e+00 -6.151123352772520647e+00 -3.572397333997712199e+00 -1.873177905890074602e+00 -1.157874375068367566e-03 3.219823897621423292e+00 3.264871661503183198e+00 4.199506958872765594e+00 2.761864970172452249e+00 1.196807562271799741e+00 -2.755598158743929993e+00 -1.685885621280375446e+00 1.245114382746157045e+00 3.170678998025942441e+00 4.686337046807431683e+00 4.686337046807431683e+00 4.686337046807431683e+00 4.686337046807431683e+00
-8.066104321520265685e+00 -6.806871535544029683e+00 -3.714373014918905369e+00 -2.499743925975717040e+00 -2.120412973977210958e-01 3.184038608985006569e+00 3.251543185024012850e+00 4.004591623291853253e+00 2.381888095972876762e+00 1.205204181282415882e-01 -2.663821081584623940e+00 -1.592836989327431452e+00 1.315755838700258806e+00 3.494235898884824554e+00 4.787563929589862433e+00 4.787563929589862433e+00 4.787563929589862433e+00 4.787563929589862433e+00
-8.138664909014412530e+00 -7.079744914301869585e+00 -4.594215855366251766e+00 -2.435427362205936586e+00 -6.118401100948703819e-01 2.467709437421965024e+00 3.231002140828140412e+00 3.738174367880714222e+00 2.189728687500585025e+00 -3.198604186983671660e+00 -2.920555892298988265e+00 -1.307526510578404633e+00 1.309226904047943396e+00 3.700765788404975609e+00 4.588162264576274296e+00 4.588162264576274296e+00 4.588162264576274296e+00 4.588162264576274296e+00
-7.834432971400786982e+00 -7.176717405968979335e+00 -5.241024922150204546e+00 -3.179148828369770641e+00 -1.176115797981568623e+00 7.690780101235343835e-01 3.217759573358092595e+00 3.016775226114061681e+00 2.050594910442851582e+00 -4.135312985040424216e+00 -2.740069832608295286e+00 -6.034106971872594816e-01 1.599064597795345488e+00 3.718172486556547085e+00 4.664723170195891555e+00 4.664723170195891555e+00 4.664723170195891555e+00 4.664723170195891555e+00
-8.385183450078276479e+00 -7.702490920065544699e+00 -6.229521519705077282e+00 -4.053965704272967763e+00 -2.500120402120737495e+00 -7.690553264634366615e-01 5.916196376484081920e-01 2.877569458981811490e+00 1.400638521390340729e+00 -3.738751184065202349e+00 -1.847141487250588021e+00 1.099833030046764915e+00 1.882866317496000530e+00 4.194212980805291480e+00 4.612648507725492841e+00 4.612648507725492841e+00 4.612648507725492841e+00 4.612648507725492841e+00
-8.900041383163229014e+00 -7.820789923931334542e+00 -6.848561116213701894e+00 -5.233650144155299166e+00 -3.443108867694912867e+00 -1.637786997059651251e+00 -7.309182908946604273e-01 -6.285541567491681469e-01 2.087288789490532537e+00 -8.809059224816651046e-01 -4.404638924170619640e-01 -6.140219015713847817e-02 2.130976434483367044e+00 4.517957070425142163e+00 4.546817937200213322e+00 4.546817937200213322e+00 4.546817937200213322e+00 4.546817937200213322e+00
-9.075436536545218758e+00 -8.322762364078313269e+00 -7.533672260959573208e+00 -6.090926553105821206e+00 -4.515610545792760888e+00 -3.162882001952653344e+00 -1.622009647150289613e+00 -1.073430856089357954e+00 -3.128795966760238856e-01 1.476974175514990550e+00 -3.543355538607813604e-01 1.488234336280613301e-01 1.857687519133191856e+00 4.524673401229280856e+00 4.494743274729824378e+00 4.494743274729824378e+00 4.494743274729824378e+00 4.494743274729824378e+00
-9.388328032536335854e+00 -8.637726810437310832e+00 -8.111270520531814299e+00 -7.371719245551307864e+00 -6.159211907470535152e+00 -4.465834685335284604e+00 -2.743439665792488658e+00 -2.130805952700130845e+00 -1.366346941280486504e+00 1.646488187589704388e+00 4.953244860402043481e-01 -3.145266144988494439e-01 1.476528877394755579e+00 4.121455021103313854e+00 4.478943578007867465e+00 4.478943578007867465e+00 4.478943578007867465e+00 4.478943578007867465e+00
-1.013399835458583986e+01 -9.116505977054018217e+00 -8.709113001531406439e+00 -8.343467646787813052e+00 -7.489205362684245415e+00 -6.636877395045166494e+00 -4.281997467872828977e+00 -2.146730146146416995e+00 -1.619931718415190458e+00 -3.603709653549410086e-01 1.388005827398764325e+00 3.137475253859286495e-01 -5.523543979511343904e-01 3.983043322888804916e+00 4.525204060588666088e+00 4.525204060588666088e+00 4.525204060588666088e+00 4.525204060588666088e+00
-1.033111874097554583e+01 -9.947136333109451556e+00 -9.433854332044987245e+00 -9.084633863835989587e+00 -8.493502356562098399e+00 -7.422489758109239943e+00 -5.750479450733179121e+00 -3.351551145074234128e+00 -2.791421837318087462e+00 -2.381308443066211478e+00 8.835332715612341514e-03 1.175747406524252581e+00 -2.745043249599101731e-01 4.488132363366507782e+00 4.473129398118268263e+00 4.473129398118268263e+00 4.473129398118268263e+00 4.473129398118268263e+00
-1.048905160084474986e+01 -1.004186057422232992e+01 -9.625397657222215742e+00 -9.275808743639149867e+00 -8.895353793764686046e+00 -7.869223737878045632e+00 -6.332177946888358555e+00 -4.821376335508840150e+00 -3.443937004110958711e+00 -2.740923866572142042e+00 -1.835102104705224058e+00 5.754321287826595910e-01 -5.136456275270998573e-01 3.938413213101979338e+00 4.407298827593003843e+00 4.407298827593003843e+00 4.407298827593003843e+00 4.407298827593003843e+00
-1.046240396984856957e+01 -1.019506799831536270e+01 -9.832313215051131650e+00 -9.435285954961408095e+00 -9.005636414856288852e+00 -8.145846523013531737e+00 -6.673332956643758251e+00 -5.605445491068106634e+00 -3.819974334664318683e+00 -2.964843298185086518e+00 -2.485901311665355440e+00 1.415365284509327304e-01 7.486502176806173470e-01 3.067513910966963131e+00 4.355224165122582036e+00 4.355224165122582036e+00 4.355224165122582036e+00 4.355224165122582036e+00
-1.048012327234274110e+01 -1.022038069350466039e+01 -9.893634177343640701e+00 -9.537390228920806123e+00 -9.151947217613368935e+00 -8.293533482811024982e+00 -6.930089875268034660e+00 -5.787003662250402414e+00 -4.651005363836279827e+00 -2.553195437951425895e+00 -2.563643049840265142e+00 4.322136068178134005e-02 9.489721525291514581e-01 2.763860304708265936e+00 4.395657573234838189e+00 4.395657573234838189e+00 4.395657573234838189e+00 4.395657573234838189e+00
-1.052320859539111986e+01 -1.028281546345284525e+01 -1.006841000459687940e+01 -9.576142930929439245e+00 -9.195348715763291381e+00 -8.513524700611350582e+00 -7.234339404951132479e+00 -5.867558481415859895e+00 -5.487375240417277311e+00 -3.453546538120404463e+00 -1.441614023768575059e+00 -7.398416044437223782e-01 4.965663454286214362e-01 2.659915727214545278e+00 4.399440859036329421e+00 4.399440859036329421e+00 4.399440859036329421e+00 4.399440859036329421e+00
-1.058462968306919549e+01 -1.027288873588564400e+01 -9.916126790773892807e+00 -9.622575432329306011e+00 -9.428589922609013740e+00 -8.624126405975900411e+00 -7.414047905638183167e+00 -5.974839018437410054e+00 -5.775417552474637617e+00 -4.132414630555180324e+00 -2.200269085503533617e+00 -1.668695834691633406e+00 -4.116696338013268314e-02 2.285237255889736030e+00 4.333610288511035691e+00 4.333610288511035691e+00 4.333610288511035691e+00 4.333610288511035691e+00
-1.059668077298360878e+01 -1.027622713831871160e+01 -1.005510288944945962e+01 -9.706552132181254677e+00 -9.287949801443488695e+00 -8.757350215012081662e+00 -7.528034896191584835e+00 -5.810435517791257887e+00 -5.360357534702043125e+00 -4.180022607448896643e+00 -2.276754523112393791e+00 -2.362096669943175353e+00 -2.019925594516587541e-01 2.147169530865984388e+00 4.281535626040639642e+00 4.281535626040639642e+00 4.281535626040639642e+00 4.281535626040639642e+00
-1.063141538646935302e+01 -1.043581895834789464e+01 -1.003070940297564917e+01 -9.727122206371852542e+00 -9.384491054865474524e+00 -8.759557105524148568e+00 -7.578762394639738886e+00 -5.975827968137103596e+00 -5.271972611100568251e+00 -3.797490564253221734e+00 -5.009681660560252325e+00 -1.850611780947676976e+00 -5.667948361121629697e-01 2.092422126137392979e+00 4.215705055515349464e+00 4.215705055515349464e+00 4.215705055515349464e+00 4.215705055515349464e+00
-1.074045620497606812e+01 -1.040298620886755998e+01 -1.000535493031213718e+01 -9.712043345180852327e+00 -9.445195283835044364e+00 -8.812871820563726644e+00 -7.634848547326813062e+00 -6.028551880499298576e+00 -5.380077341691623438e+00 -3.416402714976908506e+00 -3.872162869412447250e+00 -2.818842490204718221e+00 -4.152871915856774510e-01 2.247172452993818403e+00 4.300059135065186666e+00 4.300059135065186666e+00 4.300059135065186666e+00 4.300059135065186666e+00
-1.070248125250701499e+01 -1.045064864069470190e+01 -1.002021213825905122e+01 -9.714191822471159199e+00 -9.438642287051564495e+00 -8.967275365025468403e+00 -7.637241479895772400e+00 -5.789987050430353221e+00 -5.367667186372254484e+00 -3.661174461100477728e+00 -3.995337116208437678e+00 -2.362702753916498200e+00 -7.098834578763697500e-01 2.255192895320997870e+00 4.259921749429094184e+00 4.259921749429094184e+00 4.259921749429094184e+00 4.259921749429094184e+00
