-1.050266148906773367e+01 -1.034731988141195380e+01 -1.005788955723015121e+01 -9.707205764402131010e+00 -9.411281534542347060e+00 -9.085730708466133621e+00 -8.332418601689909110e+00 -7.316032774268810712e+00 -4.820048642340953648e+00 -3.067434326107278952e+00 -1.953983237725878119e+00 -2.119064320770960297e+00 3.777528821501133782e-01 1.853706703636470499e+00 4.809970280632247075e+00 4.809970280632247075e+00 4.809970280632247075e+00 4.809970280632247075e+00
-1.054559139152108216e+01 -1.020965137927605326e+01 -1.008553069203793839e+01 -9.918234270207916481e+00 -9.537701774648139619e+00 -9.003661960630726213e+00 -8.297929302117356798e+00 -7.046764662421160175e+00 -4.818082491627333930e+00 -2.036973003431152396e+00 -2.045370955680017921e+00 -3.406000195511493800e-01 3.419938044093873142e-01 2.092045340883427862e+00 5.158703771595626542e+00 5.158703771595626542e+00 5.158703771595626542e+00 5.158703771595626542e+00
-1.046678281089850771e+01 -1.007261183614670763e+01 -9.696835166428204644e+00 -9.683902281756065378e+00 -9.655152709897770080e+00 -9.146396240597450600e+00 -8.219879403102238413e+00 -6.988468441341420423e+00 -4.307445045382086057e+00 -2.202876871032994899e+00 -3.073405621714532021e+00 -1.572412158218828085e-02 -2.550409252672962701e-01 2.136575443865372570e+00 5.037963050840692070e+00 5.037963050840692070e+00 5.037963050840692070e+00 5.037963050840692070e+00
-1.025002071825362826e+01 -1.023900314270368561e+01 -9.995283372921553777e+00 -9.315210650659242475e+00 -9.196299543140208144e+00 -9.100479441194050167e+00 -8.269525611329061832e+00 -6.744065368359787982e+00 -3.200344225583271474e+00 -2.815576846727903426e+00 -1.849132043234683165e+00 3.493934505681746683e-01 3.061110723356513241e-01 2.319444916834396242e+00 4.681030727833995542e+00 4.681030727833995542e+00 4.681030727833995542e+00 4.681030727833995542e+00
-1.062031670322264532e+01 -1.030350947356386904e+01 -1.000339096383432924e+01 -9.613750639697093092e+00 -9.110807322087445925e+00 -8.672341211355645285e+00 -8.255883199152528107e+00 -6.301859475958322854e+00 -2.414178392779418925e+00 -2.799675540686028530e+00 -4.792768937697865494e-01 -8.864756547469734849e-02 1.264154748892942548e+00 2.402868683659067361e+00 4.536659714778615182e+00 4.536659714778615182e+00 4.536659714778615182e+00 4.536659714778615182e+00
-1.059998707299657639e+01 -9.990713103324484479e+00 -1.030857003462446109e+01 -9.944880804831267795e+00 -9.362749599316789073e+00 -8.726537994360555217e+00 -7.941194721351551244e+00 -5.064080015160325132e+00 -2.804461035757221943e+00 -2.622446939393668242e+00 -2.364989170325644541e-02 1.168539278405409387e+00 1.175226563011439129e+00 2.174099870942050483e+00 4.406409565214089774e+00 4.406409565214089774e+00 4.406409565214089774e+00 4.406409565214089774e+00
-1.044016443285896933e+01 -1.040710345249124735e+01 -9.965576949367868309e+00 -9.660378728658251646e+00 -9.369509002517606433e+00 -8.681528143237983386e+00 -7.701943507637021291e+00 -3.568955052829487773e+00 -3.242860160703717742e+00 -1.155614803060686757e+00 -1.446329137162252476e-01 1.359217950220086069e+00 1.577019480877346114e+00 3.318374387849259310e+00 4.171047867954073674e+00 4.171047867954073674e+00 4.171047867954073674e+00 4.171047867954073674e+00
-1.047382996002436606e+01 -1.019137530858171381e+01 -9.970241837466346624e+00 -9.861382445214569969e+00 -9.267814411576541289e+00 -8.307008710588830169e+00 -5.966110083854055723e+00 -2.188681294473727501e+00 -2.533481101021456183e+00 5.049316528598185583e-02 1.432152907231616368e+00 2.085514679463162491e+00 1.796239742239039039e+00 4.297782315035885148e+00 4.959771395205295086e+00 4.959771395205295086e+00 4.959771395205295086e+00 4.959771395205295086e+00
-1.055839126871088851e+01 -1.031030512872796834e+01 -9.658036427469218310e+00 -9.168690392436976921e+00 -8.229173059176336125e+00 -7.073599770488525174e+00 -3.711601339713960446e+00 -3.353303866437517211e+00 -7.702526766755096732e-01 5.560886791385803996e-01 2.128238184342850836e+00 2.749984903613666987e+00 3.415917055250130563e+00 4.780500628156745258e+00 4.551253043088040684e+00 4.551253043088040684e+00 4.551253043088040684e+00 4.551253043088040684e+00
-1.025801422040427902e+01 -1.001507311522375154e+01 -9.593779778630457500e+00 -8.541567577869185968e+00 -7.396495335141856309e+00 -5.153031947141983871e+00 -2.476014372388620988e+00 -2.773957410472207119e+00 1.305017440900110848e-01 2.075949733440759282e+00 3.110884588771411163e+00 3.476847424966225120e+00 4.897862668966214805e+00 4.933720873895676817e+00 5.134336726035868992e+00 5.134336726035868992e+00 5.134336726035868992e+00 5.134336726035868992e+00
-1.026577607384560764e+01 -9.559662746674327138e+00 -8.823182689509366128e+00 -8.434675117279372358e+00 -6.851873594986106042e+00 -3.305553910773745940e+00 -3.433528474772811645e+00 -6.394881410398941535e-01 1.980022026452779249e+00 3.093639212235621994e+00 3.087850367411554942e+00 4.620274418752469359e+00 2.778800393152078829e+00 2.300123369065131484e+00 5.366289220190429532e+00 5.366289220190429532e+00 5.366289220190429532e+00 5.366289220190429532e+00
-9.931607878907140474e+00 -9.004418165856712619e+00 -8.100956331976673752e+00 -7.561672598179294269e+00 -4.643832428104540888e+00 -2.401734198666625186e+00 -2.142021788673887261e+00 7.457295060047046675e-01 2.931441716885070825e+00 3.164462303188560810e+00 4.463731269129256773e+00 3.687375297063705482e+00 7.511381726184547247e-01 2.525462345015716092e+00 4.972216033370921551e+00 4.972216033370921551e+00 4.972216033370921551e+00 4.972216033370921551e+00
-9.639945793678180053e+00 -8.665713354047142047e+00 -7.505012762250981240e+00 -5.983567904681398986e+00 -3.007557150470526963e+00 -3.248012564546533643e+00 -2.377902527941804511e-01 3.087207424417492518e+00 3.292628559206199679e+00 4.089661419190514735e+00 4.764137329468424831e+00 -1.711464381229298726e-01 4.795160285804615508e-01 2.403270702244173496e+00 4.833691346611887596e+00 4.833691346611887596e+00 4.833691346611887596e+00 4.833691346611887596e+00
-1.010748083009390719e+01 -8.026055121712765583e+00 -6.480739186055895829e+00 -4.086650098856735802e+00 -2.646394598483500893e+00 -1.753884472951664941e+00 1.417667189366862646e+00 3.109339583371765414e+00 3.332750088336315475e+00 5.054795463111067200e+00 3.304080397387945567e+00 -2.002570828482561627e+00 3.522585606961005644e-01 2.637628855728799238e+00 4.720341222569215844e+00 4.720341222569215844e+00 4.720341222569215844e+00 4.720341222569215844e+00
-9.473040371884769328e+00 -7.470931516321855703e+00 -5.230507281908766792e+00 -2.479038033477719782e+00 -2.513336293739783400e+00 1.292129919688117801e-01 3.179515106035617489e+00 3.227827255854866184e+00 3.556187021531795445e+00 5.671670123634591221e+00 4.506475745976506353e+00 -1.016617618909803955e+00 9.547988951758483722e-01 2.558567411494411026e+00 4.814571703989035889e+00 4.814571703989035889e+00 4.814571703989035889e+00 4.814571703989035889e+00
-9.207159227860618245e+00 -6.900718979094696337e+00 -4.183080929342326115e+00 -2.460325545042678197e+00 -1.373712459594726987e+00 1.957844128922997973e+00 3.033796692084788305e+00 3.055019036701084545e+00 4.142996821979485489e+00 6.280553026839024611e+00 6.055971272186588372e+00 1.806456793508345537e+00 6.353802771975802788e-01 2.754916990059381732e+00 4.851663667045038153e+00 4.851663667045038153e+00 4.851663667045038153e+00 4.851663667045038153e+00
-8.635295170636755557e+00 -5.969072500253567171e+00 -3.427400215282613072e+00 -2.278891123212656744e+00 -1.249431102012544592e+00 3.037399024299517691e+00 3.262837967008982432e+00 3.348554576968281182e+00 4.223683640993790789e+00 5.042423307381023179e+00 4.566188001378862715e+00 4.723948814946228758e+00 3.736496860210621662e+00 3.345769362971627636e+00 5.067555829902739006e+00 5.067555829902739006e+00 5.067555829902739006e+00 5.067555829902739006e+00
-7.833699048706219692e+00 -5.715744228780041070e+00 -3.031333726919908766e+00 -1.725163562655757765e+00 -3.582734042365116056e-01 2.718614071531473719e+00 3.594081538346892035e+00 3.886459450989147246e+00 4.108823092541916466e+00 3.181801136775948891e+00 3.262525415473830570e+00 3.157118669348102813e+00 4.002440414267201874e+00 5.131376683875353173e+00 4.728742768292420351e+00 4.728742768292420351e+00 4.728742768292420351e+00 4.728742768292420351e+00
-7.550832135164649017e+00 -5.783659223068951860e+00 -2.797473064937015419e+00 -1.124707970116763045e+00 8.957387656292123967e-01 3.108481668016394917e+00 3.204394173368585452e+00 3.864625445283230043e+00 3.806567355180688228e+00 1.777491303145904311e+00 1.325969345729163251e+00 1.447955716771437862e+00 2.780297888574504217e+00 4.375308016834524416e+00 4.751663308886523218e+00 4.751663308886523218e+00 4.751663308886523218e+00 4.751663308886523218e+00
-8.253184972325350088e+00 -5.798333584876236735e+00 -2.470776770413516843e+00 -9.854020574349670047e-01 1.638794251491147325e+00 3.089676040084313513e+00 3.183759596334159170e+00 4.068333562670619408e+00 3.133944421239295064e+00 1.526929210509368806e+00 -9.382709055852694879e-01 8.053354274547988023e-01 1.947607395610996273e+00 3.575231229804839206e+00 4.750868706606165226e+00 4.750868706606165226e+00 4.750868706606165226e+00 4.750868706606165226e+00
-8.092850297678570115e+00 -5.966760022245131800e+00 -3.484468860054910078e+00 -1.487908930435834165e+00 1.097462393228125999e+00 3.140230034062279518e+00 3.185604890109249965e+00 4.095948111638755940e+00 3.049463166847097284e+00 1.407999915927931056e+00 -8.511943040354548184e-01 9.044294904358882517e-03 1.271750397131535149e+00 3.371488209297886396e+00 4.681219821130722991e+00 4.681219821130722991e+00 4.681219821130722991e+00 4.681219821130722991e+00
-8.160278792797871716e+00 -6.364981589578148302e+00 -3.302698789009923530e+00 -2.409900624294955218e+00 1.379664184251033071e-02 3.234700552526964756e+00 3.271480796260600954e+00 4.159135869174420463e+00 2.714300325056048457e+00 1.153055695213052623e+00 -2.707685656110378591e+00 -1.711016284782389762e+00 1.217065678095280878e+00 3.195383809689323229e+00 4.627945333433435060e+00 4.627945333433435060e+00 4.627945333433435060e+00 4.627945333433435060e+00
-8.036281134801271264e+00 -6.711423404553822358e+00 -3.824647768452258401e+00 -1.817242276978708659e+00 -4.296418494291482371e-01 3.175447765721155058e+00 3.229946960341473883e+00 4.041616260770822144e+00 2.350260157507383152e+00 -1.245527715128114110e-02 -2.893261965713177730e+00 -1.655774694110376144e+00 1.184830722766998745e+00 3.445701768777791330e+00 4.630863079368628732e+00 4.630863079368628732e+00 4.630863079368628732e+00 4.630863079368628732e+00
-8.098758143724802849e+00 -7.111048617110856895e+00 -4.371725598293775050e+00 -2.105725823205042424e+00 -6.042537444092280774e-01 2.387284371657045767e+00 3.208905317577661620e+00 3.815135131858831130e+00 2.095894050861641933e+00 -3.883066355380156764e+00 -3.007121879159459610e+00 -1.064936272006840268e+00 1.273335122366595407e+00 3.709797888082295270e+00 4.710247796142111198e+00 4.710247796142111198e+00 4.710247796142111198e+00 4.710247796142111198e+00
-7.928260595109394515e+00 -7.253995318697274541e+00 -5.270082396821250015e+00 -2.937979473038890177e+00 -8.550007581839257353e-01 2.926586486830912159e-01 3.178769236928129960e+00 3.077444228528938730e+00 2.002161483562826305e+00 -4.258359596072712527e+00 -2.676239325042006456e+00 -5.339708122914880173e-01 1.521961009825647526e+00 3.729428082498468022e+00 4.678427608373179503e+00 4.678427608373179503e+00 4.678427608373179503e+00 4.678427608373179503e+00
-8.452973101849444504e+00 -7.667258112702953987e+00 -6.315735191288270656e+00 -3.914680036709733191e+00 -1.796331925568480425e+00 -7.387261040956732971e-01 1.114762551422878500e+00 2.761310692991425064e+00 1.376348608051018774e+00 -3.833109455207833527e+00 -1.809764518844404257e+00 1.077375460341293723e+00 1.891132591762581194e+00 4.069681462409342032e+00 4.627746537095336343e+00 4.627746537095336343e+00 4.627746537095336343e+00 4.627746537095336343e+00
-8.920916313670046449e+00 -7.931196659514704983e+00 -6.995672058447277131e+00 -5.162245011728709088e+00 -3.193414669395532091e+00 -1.300454746840901787e+00 -1.147505514063937637e+00 1.132135256130808454e+00 1.990098041794936767e+00 -1.418688563695179816e+00 -4.631535133446854635e-01 -3.247345394088200221e-01 2.136605508791574959e+00 4.330639525420696856e+00 4.547867938272414534e+00 4.547867938272414534e+00 4.547867938272414534e+00 4.547867938272414534e+00
-9.193657203330143801e+00 -8.475717448568937940e+00 -7.623814130290123003e+00 -6.137431312998164579e+00 -4.386919615270555184e+00 -2.809762515413460893e+00 -1.815174096556008587e+00 -1.903129633232184981e+00 1.642688613390287600e+00 1.492231112599155862e+00 -6.980450182656312563e-01 -1.658962764271180723e-01 1.854129447081910964e+00 4.398944544673813795e+00 4.479782726277359295e+00 4.479782726277359295e+00 4.479782726277359295e+00 4.479782726277359295e+00
-9.368409109574479032e+00 -8.606848505366482271e+00 -8.123155129061036206e+00 -7.439907326486850714e+00 -6.136316880765949833e+00 -4.355663635941573020e+00 -2.381010831737958799e+00 -2.388670107196699366e+00 -4.751995951357400605e-01 1.069667839517972174e+00 -4.826317379578987654e-01 -2.688071407718570227e-01 1.568535062359558863e+00 4.076917346372030515e+00 4.616581958571387645e+00 4.616581958571387645e+00 4.616581958571387645e+00 4.616581958571387645e+00
-1.022569427243632845e+01 -9.102874377129946737e+00 -8.797515857896749836e+00 -8.340028465156640536e+00 -7.508789198557642486e+00 -6.695523362332760797e+00 -4.053850540849073703e+00 -2.964787450705332006e+00 -1.745646685493080552e+00 -5.879116882812273071e-01 9.338452485954861215e-01 1.798439387650191956e-01 -5.785243350956857933e-01 4.058256808618294187e+00 4.598350213212166082e+00 4.598350213212166082e+00 4.598350213212166082e+00 4.598350213212166082e+00
-1.050075592659765711e+01 -1.006728469214581523e+01 -9.577288728299894416e+00 -9.147368517381028852e+00 -8.702513597761765141e+00 -7.482849803729649807e+00 -5.768949325843719222e+00 -2.938560482538149721e+00 -2.866957849724821816e+00 -3.014290256284331448e+00 -6.487238679512640216e-01 7.359850795199140983e-01 -8.730308333226385331e-01 4.385555303977257680e+00 4.547669141934324699e+00 4.547669141934324699e+00 4.547669141934324699e+00 4.547669141934324699e+00
-1.053738387951018041e+01 -1.017936213671283241e+01 -9.774267355435046767e+00 -9.408207795345596480e+00 -8.980621540352371923e+00 -7.974853177734611442e+00 -6.307185559541221842e+00 -5.033993933527979081e+00 -3.519335367518333424e+00 -3.165535515967822899e+00 -2.338404055671578607e+00 3.587781539309638501e-01 -1.180967870216250493e+00 3.797383092019712247e+00 4.467790543111410884e+00 4.467790543111410884e+00 4.467790543111410884e+00 4.467790543111410884e+00
-1.053601849893817999e+01 -1.021236040426046188e+01 -9.902291708598898623e+00 -9.521180166456410632e+00 -9.227067811071378856e+00 -8.244308386131653066e+00 -6.827294591426745995e+00 -5.615859762091092833e+00 -3.657130867919793804e+00 -3.039935048633711556e+00 -2.792575121000045346e+00 -7.402362528042101542e-02 1.263721987488780063e-01 3.130981477348502295e+00 4.414516055414106077e+00 4.414516055414106077e+00 4.414516055414106077e+00 4.414516055414106077e+00
-1.054414436575595104e+01 -1.025790526618670384e+01 -9.936754280749516610e+00 -9.624198746556849926e+00 -9.214528333958348583e+00 -8.475185833661425860e+00 -7.024564831468534720e+00 -5.684696798405681761e+00 -4.795843172192258308e+00 -2.424079231538109447e+00 -2.618685135872056424e+00 -5.043275055591068812e-01 3.138892163259949797e-01 2.684703914567506899e+00 4.579346136870178441e+00 4.579346136870178441e+00 4.579346136870178441e+00 4.579346136870178441e+00
-1.058432711789575897e+01 -1.027393061259781426e+01 -1.003189336147814359e+01 -9.680191013009102008e+00 -9.260994070988482818e+00 -8.661048935961519035e+00 -7.202448626574206259e+00 -5.836485702014234001e+00 -5.487437880518800881e+00 -3.159772075065693908e+00 -1.682722631420435100e+00 -2.161549402224011374e+00 3.615386949009891659e-01 2.475083237707844219e+00 4.523478232753432415e+00 4.523478232753432415e+00 4.523478232753432415e+00 4.523478232753432415e+00
-1.063645959644849981e+01 -1.031931583241358297e+01 -1.004460931732593387e+01 -9.698789393961762428e+00 -9.376068159647607203e+00 -8.735447603937174677e+00 -7.502998121680107602e+00 -5.898708267742622802e+00 -5.723871852908346547e+00 -3.985578264410321037e+00 -1.852167436035917492e+00 -2.667779868056838755e+00 -2.724432508629522770e-02 2.122099296278067815e+00 4.467591746773301509e+00 4.467591746773301509e+00 4.467591746773301509e+00 4.467591746773301509e+00
-1.062257066882627754e+01 -1.027132251661421947e+01 -1.005807309632796454e+01 -9.751913715233671454e+00 -9.368077055156426525e+00 -8.833853242489999147e+00 -7.575481906284611711e+00 -5.806860933871280217e+00 -5.392782606811977963e+00 -4.077059446545765908e+00 -2.370829766381794546e+00 -1.527099582942216260e+00 -1.858749485546638269e-01 2.222706081489874919e+00 4.414317259076016242e+00 4.414317259076016242e+00 4.414317259076016242e+00 4.414317259076016242e+00
-1.063148254913504864e+01 -1.036780321598686072e+01 -1.003005254553007042e+01 -9.733822700409803019e+00 -9.421473206561463698e+00 -8.840127809724233288e+00 -7.605396708802873107e+00 -5.977063387656500915e+00 -5.336975188197738973e+00 -3.893266463319652093e+00 -4.964624330240463124e+00 -2.255343742341187951e+00 -2.293793948073241662e-01 2.167058231603856910e+00 4.334438660253086439e+00 4.334438660253086439e+00 4.334438660253086439e+00 4.334438660253086439e+00
-1.068668911559086965e+01 -1.031381505109423458e+01 -1.001641265110568924e+01 -9.762025877982726030e+00 -9.450790268161554764e+00 -8.897628585956388392e+00 -7.677517920169997012e+00 -5.987917607790815389e+00 -5.342537135393964576e+00 -3.775352482282137601e+00 -3.850424174053955984e+00 -2.460666170155468624e+00 -5.332696045331808410e-01 2.317392083520395385e+00 4.499268741709178343e+00 4.499268741709178343e+00 4.499268741709178343e+00 4.499268741709178343e+00
-1.072650723076988299e+01 -1.035079622594720838e+01 -1.005033464702224144e+01 -9.783945801340466986e+00 -9.480764491605823352e+00 -9.048976391787306284e+00 -7.689718991558048167e+00 -5.920176752230999817e+00 -5.324558316870250607e+00 -3.943169790674799113e+00 -3.706542695887310668e+00 -1.735385674603023620e+00 -9.388079363569487024e-01 2.367545383342028131e+00 4.414080644772782946e+00 4.414080644772782946e+00 4.414080644772782946e+00 4.414080644772782946e+00
