-1.045392554267075624e+01 -1.038503451780182729e+01 -1.007176096763942930e+01 -9.707204694762538111e+00 -9.458346346726443699e+00 -9.014824457173709504e+00 -8.314088438201491016e+00 -7.270007633997473739e+00 -4.804287901823196982e+00 -3.311939626884375265e+00 -1.642199763244847732e+00 -1.384313673220522123e+00 4.704347787463896147e-01 1.852099733304424012e+00 4.880069160842008813e+00 4.880069160842008813e+00 4.880069160842008813e+00 4.880069160842008813e+00
-1.043314606022067181e+01 -1.025818790853579188e+01 -1.004439294693480100e+01 -9.850158189806830222e+00 -9.517682792397225811e+00 -9.006979074744311475e+00 -8.231348352974238836e+00 -6.970984196713220449e+00 -4.645061259554238653e+00 -2.455684134347957848e+00 -2.308455834306956778e+00 3.831168392429046277e-02 5.074882264002946730e-01 2.053398486693198688e+00 4.823556412081313916e+00 4.823556412081313916e+00 4.823556412081313916e+00 4.823556412081313916e+00
-1.037707623047880823e+01 -1.007341551226830845e+01 -9.755180119849327980e+00 -9.718098379641967099e+00 -9.614663522417016495e+00 -9.074684604651817921e+00 -8.150358122692086482e+00 -6.950819260923222664e+00 -4.254281419050600199e+00 -1.998424126298927961e+00 -2.846845024069397656e+00 1.707901224703406440e-01 -2.181196054153839714e-01 2.083581973643390928e+00 5.001538084268330131e+00 5.001538084268330131e+00 5.001538084268330131e+00 5.001538084268330131e+00
-1.032188944583682400e+01 -1.033805108250614602e+01 -9.917578388131616407e+00 -9.368621625636029293e+00 -9.209821664534260321e+00 -9.051400374024039408e+00 -8.271702095155497148e+00 -6.830371274682622840e+00 -3.397419794013555538e+00 -2.375331334546444406e+00 -1.655996168424204162e+00 -1.653341275787138520e-01 5.603136159796734406e-01 2.272073019174127850e+00 4.738294847642018581e+00 4.738294847642018581e+00 4.738294847642018581e+00 4.738294847642018581e+00
-1.057290916295383276e+01 -1.031792213160171379e+01 -9.922995280029075715e+00 -9.650007286285196884e+00 -9.113355430154429726e+00 -8.681246315944378011e+00 -8.142004352655282773e+00 -6.086632769764133144e+00 -2.885466501801757122e+00 -3.130533605703978761e+00 -5.392691935197695408e-01 8.245187328510594771e-02 1.418829719887916729e+00 2.375257793279945684e+00 4.588002131248946291e+00 4.588002131248946291e+00 4.588002131248946291e+00 4.588002131248946291e+00
-1.045243160299589213e+01 -1.008725272840598208e+01 -1.015590897521780533e+01 -9.991994964513672528e+00 -9.392981669215473062e+00 -8.674040088713923069e+00 -7.882057162195511779e+00 -5.231056758499171622e+00 -2.555937600961831979e+00 -2.564299344411842707e+00 -1.719109728638579526e-01 4.995997704981919862e-01 1.189689433678535746e+00 2.165837211950230046e+00 4.408184872939520105e+00 4.408184872939520105e+00 4.408184872939520105e+00 4.408184872939520105e+00
-1.049769115147376475e+01 -1.030168336132091156e+01 -9.955401815059207848e+00 -9.817213225536470134e+00 -9.367328188197188155e+00 -8.668438398968516978e+00 -7.644105429858443657e+00 -3.642169510837714785e+00 -3.239594792386549127e+00 -1.023421093954013816e+00 2.004380231755044095e-01 1.537837970600781201e+00 1.560836668451614839e+00 3.232217616045581998e+00 4.195413353063565332e+00 4.195413353063565332e+00 4.195413353063565332e+00 4.195413353063565332e+00
-1.053946133258558682e+01 -1.008413350702066147e+01 -9.999446258137909993e+00 -9.794467151219032885e+00 -9.210819272460893714e+00 -8.285808879881109590e+00 -5.788942352061495988e+00 -2.351306432859784579e+00 -2.816731287646922599e+00 1.904713827770320167e-01 1.335643060667367044e+00 2.037706489176133839e+00 1.743792120770269349e+00 4.314345161392171057e+00 4.901092798956637964e+00 4.901092798956637964e+00 4.901092798956637964e+00 4.901092798956637964e+00
-1.045757862718685338e+01 -1.018894324923622108e+01 -9.569838253379643334e+00 -9.024624942972833352e+00 -8.320066044537661298e+00 -7.002735814304590356e+00 -3.996446784385224049e+00 -3.281671214165469586e+00 -1.008217141180602683e+00 8.992449867716804102e-01 2.050260665031822693e+00 2.729534611102445218e+00 3.447103855517891002e+00 4.732612891224495577e+00 4.879089055675914111e+00 4.879089055675914111e+00 4.879089055675914111e+00 4.879089055675914111e+00
-1.024116618431304992e+01 -1.013349070545662478e+01 -9.488052172413466323e+00 -8.584224177339420336e+00 -7.463329406084986850e+00 -5.125700914844210310e+00 -2.364906330991042083e+00 -3.039845776763788088e+00 -1.230023885603152012e-01 2.078511058145654733e+00 3.103923989261897276e+00 3.481435923107252695e+00 4.985021960972131794e+00 4.962275977562287110e+00 5.091932120970233733e+00 5.091932120970233733e+00 5.091932120970233733e+00 5.091932120970233733e+00
-1.017378704846222881e+01 -9.449407872054063517e+00 -8.773575669732171178e+00 -8.527109668547234733e+00 -6.764057791352512616e+00 -3.422109191295048536e+00 -3.488636586790498484e+00 -6.760570446496876329e-01 1.931421813364197604e+00 3.137262974516603187e+00 3.098268896252107218e+00 4.600962900442224779e+00 3.033899754235133361e+00 2.297615246043744897e+00 5.080786424049770211e+00 5.080786424049770211e+00 5.080786424049770211e+00 5.080786424049770211e+00
-9.944271814895602191e+00 -9.134815981448852540e+00 -8.270154878405286070e+00 -7.647539900003665458e+00 -4.876136102087270885e+00 -2.610023474358062145e+00 -2.693831216636083603e+00 2.941979737700468056e-01 2.897120812358891850e+00 3.155359520280061947e+00 4.411370792908241079e+00 3.750850360453564125e+00 1.225669401708436190e+00 2.505977472844810539e+00 4.827096882421367141e+00 4.827096882421367141e+00 4.827096882421367141e+00 4.827096882421367141e+00
-9.673262128429648499e+00 -8.593816652349302032e+00 -7.612876222460057463e+00 -6.020414312859511341e+00 -3.295810384737268173e+00 -3.409303705720164501e+00 -1.120124032002683956e-01 3.138480660109185028e+00 3.261029272190056894e+00 4.128942469709482310e+00 4.749716259478850233e+00 -6.395102151503131820e-03 5.127598228415628512e-01 2.420474955761583225e+00 4.681780429572527602e+00 4.681780429572527602e+00 4.681780429572527602e+00 4.681780429572527602e+00
-1.012449356426021474e+01 -8.006873616273612271e+00 -6.570387716203361705e+00 -4.479844003510139672e+00 -2.550744208943427349e+00 -2.297555918987779666e+00 9.939410416133811488e-01 3.143951399751501619e+00 3.329604611536543413e+00 5.010242697332493833e+00 3.377042668378058554e+00 -1.908647913060031787e+00 3.761074803211108541e-01 2.608984679405022877e+00 4.778643770364240595e+00 4.778643770364240595e+00 4.778643770364240595e+00 4.778643770364240595e+00
-9.455382645744190739e+00 -7.500949365899439947e+00 -5.387174847847078674e+00 -3.179726645822045228e+00 -2.922577527746144543e+00 -6.174614440058293074e-02 3.115842909523345305e+00 3.161725279460928295e+00 3.670666988640853834e+00 5.679968708229242935e+00 4.472492912950602140e+00 -8.956734561688621810e-01 9.222276268167008961e-01 2.663474072682544769e+00 4.956823330351799228e+00 4.956823330351799228e+00 4.956823330351799228e+00 4.956823330351799228e+00
-9.203435727860043158e+00 -6.900320786294196651e+00 -4.374470531367910198e+00 -2.102803191822290252e+00 -1.967486258962578338e+00 9.452710077049464310e-01 3.026230452621355038e+00 3.109819400745792439e+00 4.200407300780549136e+00 6.185480213662321702e+00 6.163850482896905625e+00 1.911935529511953558e+00 5.455774876164882770e-01 2.743404008262360971e+00 4.902782993881994678e+00 4.902782993881994678e+00 4.902782993881994678e+00 4.902782993881994678e+00
-8.852847816714891849e+00 -6.030816322710133015e+00 -3.739422162544739692e+00 -2.436761733353998594e+00 -5.764064195985386663e-01 2.955836077063873191e+00 3.247135018932680417e+00 3.424078441980755283e+00 4.259785032023857276e+00 5.067422579639869973e+00 4.654717120655145202e+00 4.775357154591955755e+00 3.477829567339642658e+00 3.437830062814112075e+00 4.886739458788662560e+00 4.886739458788662560e+00 4.886739458788662560e+00 4.886739458788662560e+00
-7.743512564016294064e+00 -5.713604162245228935e+00 -3.277227558308404287e+00 -2.390719558413691104e+00 -1.680532121027919767e-01 2.731112083457432949e+00 3.553487003389562915e+00 3.940239047787330140e+00 4.111560303642567860e+00 3.205992261940249666e+00 3.313165266753913318e+00 3.167744951274324983e+00 3.961191456738143657e+00 5.085291827047786484e+00 4.771609163196568026e+00 4.771609163196568026e+00 4.771609163196568026e+00 4.771609163196568026e+00
-7.430220507206583669e+00 -5.843703181170866401e+00 -2.931763102014068867e+00 -1.695925057795892421e+00 -9.532641495715789282e-03 3.070790568153771272e+00 3.117633941053391755e+00 3.928305384086555385e+00 3.796179569658450603e+00 1.724812239860278096e+00 1.393875865670691550e+00 1.473939685369427988e+00 2.786562282827590220e+00 4.334403246409928911e+00 4.679203094912461225e+00 4.679203094912461225e+00 4.679203094912461225e+00 4.679203094912461225e+00
-8.191266479902775899e+00 -5.853391349730118876e+00 -2.611493530012141573e+00 -1.281026063493154732e+00 1.475641786920261822e+00 3.102234718252598888e+00 3.178019184644096828e+00 4.098153487895313418e+00 3.278273209762484264e+00 1.548292223664773815e+00 -9.497773046610374914e-01 8.740269339525452708e-01 1.963132908650901731e+00 3.657261257512633978e+00 4.782061872132241653e+00 4.782061872132241653e+00 4.782061872132241653e+00 4.782061872132241653e+00
-8.166577173036055015e+00 -5.764997786600693175e+00 -2.956280876400431357e+00 -1.484458120915602697e+00 1.288240061802659930e+00 3.154245582283062621e+00 3.280033643498052154e+00 4.105372719073344889e+00 3.016275485683573621e+00 1.468956366879412556e+00 -2.523825204736034888e-01 1.158909772269152982e-01 1.268380972722869426e+00 3.332648723779602307e+00 4.758112904694704604e+00 4.758112904694704604e+00 4.758112904694704604e+00 4.758112904694704604e+00
-8.156226614152091159e+00 -6.161745042970133923e+00 -3.605109993205501961e+00 -1.876397293861719939e+00 -6.502023740725277126e-03 3.229945627987207413e+00 3.271764338689012064e+00 4.196112390749437537e+00 2.769289025645244262e+00 1.208676062245388927e+00 -2.776222571927227545e+00 -1.719629009195255742e+00 1.248210010587025742e+00 3.180108041668118890e+00 4.704072568224907158e+00 4.704072568224907158e+00 4.704072568224907158e+00 4.704072568224907158e+00
-8.044858236803806406e+00 -6.772063207599732237e+00 -3.704638902504107545e+00 -2.504613654075096285e+00 -2.007300403413493362e-01 3.191268216375712008e+00 3.256679089192530796e+00 3.998481992673193375e+00 2.393740499797787358e+00 7.654091242018074004e-02 -2.661931954686846069e+00 -1.579904138230227684e+00 1.345705811496282989e+00 3.501857238490478696e+00 4.742670127470484331e+00 4.742670127470484331e+00 4.742670127470484331e+00 4.742670127470484331e+00
-8.154177119539383511e+00 -7.086910229362355373e+00 -4.580234755221162857e+00 -2.446629336115003106e+00 -6.043324372965366287e-01 2.476514546663033389e+00 3.236326040700808537e+00 3.731085321796655307e+00 2.205238312593277517e+00 -3.002834179967674544e+00 -2.916849237659924654e+00 -1.296604411048300598e+00 1.308450541016118240e+00 3.704068530346920962e+00 4.582120476146399390e+00 4.582120476146399390e+00 4.582120476146399390e+00 4.582120476146399390e+00
-7.833501605160313908e+00 -7.165628664708888707e+00 -5.236278986590663820e+00 -3.153306323636807296e+00 -1.146936162709428553e+00 7.623915807748919971e-01 3.219850174430843648e+00 3.026947780471187954e+00 2.076569415080718350e+00 -4.159413703692828257e+00 -2.799287501082496910e+00 -5.489327541558477463e-01 1.616502013578772212e+00 3.705367850183199252e+00 4.681781403315604884e+00 4.681781403315604884e+00 4.681781403315604884e+00 4.681781403315604884e+00
-8.338800597790491764e+00 -7.695628696248661527e+00 -6.215191937760793373e+00 -4.047224565651392325e+00 -2.492592528277013386e+00 -7.471257885786157793e-01 3.766226319378295773e-01 2.900984863258770918e+00 1.405431344276717676e+00 -3.744010897617809697e+00 -1.756176800158788076e+00 1.107145733425422218e+00 1.903038284080104781e+00 4.206711013388017228e+00 4.627741066845808326e+00 4.627741066845808326e+00 4.627741066845808326e+00 4.627741066845808326e+00
-8.888158721389126882e+00 -7.791674126523589372e+00 -6.852918757072999689e+00 -5.232288473850559285e+00 -3.443720378131162718e+00 -1.611789910417655403e+00 -7.018863824038034105e-01 -6.090739303123192672e-01 2.115627831085964417e+00 -8.870470939193570992e-01 -4.402587788369234922e-01 -7.394994307376459575e-02 2.128871389023211602e+00 4.515840816245419553e+00 4.559402479037625966e+00 4.559402479037625966e+00 4.559402479037625966e+00 4.559402479037625966e+00
-9.059340287072430442e+00 -8.279886451670151359e+00 -7.542386064933074508e+00 -6.083493496618340934e+00 -4.520537252473718404e+00 -3.168428676950438838e+00 -1.620905399668367997e+00 -1.046055894469427594e+00 -2.094554548003010330e-01 1.525482436787827689e+00 -3.050866150085130846e-01 1.080665505953908589e-01 1.861270094334182890e+00 4.510307597010130287e+00 4.505362142567841843e+00 4.505362142567841843e+00 4.505362142567841843e+00 4.505362142567841843e+00
-9.395877857621863782e+00 -8.652799516450837558e+00 -8.125117510052982439e+00 -7.372739479650640249e+00 -6.163840524032377033e+00 -4.467505044467442232e+00 -2.752316469109099994e+00 -2.123791826620879952e+00 -1.341952213780590819e+00 1.713524269340427786e+00 4.892300309874225706e-01 -3.004463394220914241e-01 1.473958410236043237e+00 4.122674643769879133e+00 4.479622818334922485e+00 4.479622818334922485e+00 4.479622818334922485e+00 4.479622818334922485e+00
-1.013388498964318885e+01 -9.132031812526321346e+00 -8.700108106644728778e+00 -8.341961173298592769e+00 -7.497058648010561654e+00 -6.621496506929507753e+00 -4.283508544151815478e+00 -2.135168134440844412e+00 -1.610815152297275121e+00 -2.124229262969658527e-01 1.413017533331953235e+00 3.074542707939215136e-01 -5.495282277094418744e-01 3.974422439951901254e+00 4.537111314128317474e+00 4.537111314128317474e+00 4.537111314128317474e+00 4.537111314128317474e+00
-1.032951610261099873e+01 -9.944115118555988175e+00 -9.440395056814912422e+00 -9.103114067311990354e+00 -8.498479786936492530e+00 -7.399539444215016637e+00 -5.755306634010231903e+00 -3.343176784307518634e+00 -2.790791705155585500e+00 -2.399374285654855221e+00 -2.373809325961096645e-02 1.181985322899203439e+00 -3.122380610975389881e-01 4.482961240579800943e+00 4.483070977658520029e+00 4.483070977658520029e+00 4.483070977658520029e+00 4.483070977658520029e+00
-1.052266979372273248e+01 -1.004333148683694432e+01 -9.635316257809689588e+00 -9.283644005245117015e+00 -8.923993502926730770e+00 -7.898193227169183039e+00 -6.325043918959243783e+00 -4.807974358717095775e+00 -3.435369297625539442e+00 -2.740580556627849163e+00 -1.773876741008405977e+00 5.685739571148040739e-01 -4.641458547299951998e-01 3.956030988078476529e+00 4.414732389850362537e+00 4.414732389850362537e+00 4.414732389850362537e+00 4.414732389850362537e+00
-1.047445411755235689e+01 -1.020983817254622927e+01 -9.841389884088142637e+00 -9.459405668283732638e+00 -9.015919716159398689e+00 -8.167297014371746045e+00 -6.663030719568963534e+00 -5.605269694068366171e+00 -3.809629993883083987e+00 -2.948469212735162159e+00 -2.439430711354118486e+00 1.662307553624305656e-01 7.395433183299925384e-01 3.064753561565128237e+00 4.360692053380538447e+00 4.360692053380538447e+00 4.360692053380538447e+00 4.360692053380538447e+00
-1.051006561753559865e+01 -1.024457421711156968e+01 -9.924612192784323383e+00 -9.556238866122942710e+00 -9.181349131728046231e+00 -8.314757674185049297e+00 -6.966822160780569817e+00 -5.789915273181063249e+00 -4.646213012650192375e+00 -2.528395456037416889e+00 -2.562629983643752940e+00 1.549726741217477555e-02 9.233822767839019452e-01 2.741882361673547930e+00 4.402217682358232409e+00 4.402217682358232409e+00 4.402217682358232409e+00 4.402217682358232409e+00
-1.055067906221272800e+01 -1.032213067320379629e+01 -1.010748081892153216e+01 -9.595026985020750132e+00 -9.212660481554905800e+00 -8.523307759958367313e+00 -7.272796516415439783e+00 -5.868481609478973127e+00 -5.503152592458498304e+00 -3.442097759681374214e+00 -1.383595401237372347e+00 -7.367005738745988630e-01 4.407697612700107737e-01 2.653098458374596902e+00 4.406739476279427414e+00 4.406739476279427414e+00 4.406739476279427414e+00 4.406739476279427414e+00
-1.058891801316320525e+01 -1.029297319208668426e+01 -9.922604400350319764e+00 -9.643536559631957772e+00 -9.506137953316320832e+00 -8.641821289705331921e+00 -7.448451921199158221e+00 -5.978741610621813862e+00 -5.774836189034981082e+00 -4.109958124138206159e+00 -2.192263971935873634e+00 -1.602097625559498972e+00 3.677179140075947927e-02 2.349264760346125858e+00 4.338400888471229955e+00 4.338400888471229955e+00 4.338400888471229955e+00 4.338400888471229955e+00
-1.061693453601245984e+01 -1.029496741287596784e+01 -1.008412552783746641e+01 -9.728490250705585041e+00 -9.312835760981444722e+00 -8.770257687072897212e+00 -7.544316202005364680e+00 -5.822003458461828096e+00 -5.346095750539177516e+00 -4.172937744937921245e+00 -2.253512128506303114e+00 -2.347792003230871671e+00 -1.639620192978367974e-01 2.146153884941619516e+00 4.284360552001444056e+00 4.284360552001444056e+00 4.284360552001444056e+00 4.284360552001444056e+00
-1.065742934382274143e+01 -1.049017387652663125e+01 -1.005980768895020994e+01 -9.753344187500346152e+00 -9.410169633478385975e+00 -8.767292321167905911e+00 -7.605601390904471515e+00 -5.987416114308990345e+00 -5.261299699726622592e+00 -3.784980061433813159e+00 -5.042225582930484507e+00 -1.804892698460115685e+00 -6.279084955732998630e-01 2.102907327846117891e+00 4.216021964193247484e+00 4.216021964193247484e+00 4.216021964193247484e+00 4.216021964193247484e+00
-1.077485983909789269e+01 -1.043496569295566267e+01 -1.002541399699566504e+01 -9.736293104488304095e+00 -9.473767038332207235e+00 -8.819086162123760175e+00 -7.647223010166751322e+00 -6.038140027742776361e+00 -5.378092810345002306e+00 -3.368177133090663133e+00 -3.841132262979614076e+00 -2.774542512368226355e+00 -3.669049619589702660e-01 2.245479483646182217e+00 4.302266130028659319e+00 4.302266130028659319e+00 4.302266130028659319e+00 4.302266130028659319e+00
-1.071177241146273573e+01 -1.047779149832114953e+01 -1.003326114305370176e+01 -9.730890247614722099e+00 -9.448114891725648334e+00 -8.972943485978525757e+00 -7.641024996534255820e+00 -5.791527444691505266e+00 -5.357104758324236826e+00 -3.650010673484572088e+00 -3.998187647111693721e+00 -2.362530572708155141e+00 -6.577451685255335523e-01 2.253696168515199716e+00 4.262069387092136452e+00 4.262069387092136452e+00 4.262069387092136452e+00 4.262069387092136452e+00
