-1.036201414698336976e+01 -1.035265832987000678e+01 -9.989047746383354465e+00 -9.667327308325219803e+00 -9.386068840069707875e+00 -8.970731122194900209e+00 -8.369791930730064777e+00 -7.239497824664187675e+00 -4.839028059156706085e+00 -2.745155567415822784e+00 -1.975801909690238833e+00 -1.046071971171502524e+00 5.701819249161563796e-01 1.874146956125347430e+00 4.949113625589910193e+00 4.949113625589910193e+00 4.949113625589910193e+00 4.949113625589910193e+00
-1.040890268392362472e+01 -1.011039645576781254e+01 -1.000895121361714857e+01 -9.839341758902145685e+00 -9.473736796959087769e+00 -8.957481997182128453e+00 -8.207947196069866891e+00 -6.914277670074463700e+00 -4.485951489141656090e+00 -2.552374544445681792e+00 -2.521426188597988727e+00 -2.452057792558032523e-01 7.418230211402729868e-01 2.005432276693427163e+00 4.870120146566684127e+00 4.870120146566684127e+00 4.870120146566684127e+00 4.870120146566684127e+00
-1.040093287753636098e+01 -1.009275238184077139e+01 -9.729828869898486943e+00 -9.770282964743834953e+00 -9.670432201800688077e+00 -9.166563080356512572e+00 -8.135680034263833349e+00 -6.900229433787629318e+00 -3.678653252269470819e+00 -2.458010839602213782e+00 -2.286466550052411506e+00 1.721467880249078625e-02 6.429843458589162841e-02 2.029025603494722496e+00 5.109773767835045000e+00 5.109773767835045000e+00 5.109773767835045000e+00 5.109773767835045000e+00
-1.029884662646554538e+01 -1.025917433990895944e+01 -9.862095993433769081e+00 -9.278891657856096487e+00 -9.186892703199859511e+00 -9.178424431293937147e+00 -8.228939074791490782e+00 -6.690587816944473687e+00 -2.951260772548985223e+00 -2.698882805444414057e+00 -8.329381397475434934e-01 7.007329346156995764e-02 9.950384310364878138e-01 2.264167978604751941e+00 4.826109132011026759e+00 4.826109132011026759e+00 4.826109132011026759e+00 4.826109132011026759e+00
-1.054603225123032928e+01 -1.033237422748142720e+01 -9.949169097345031076e+00 -9.591437362384027665e+00 -9.070603126176163045e+00 -8.670440564878607148e+00 -8.161977593681699616e+00 -5.815749119582549476e+00 -2.727970205333067888e+00 -3.228445561310020917e+00 -2.817711748154413942e-01 3.096249921129617388e-01 1.768800693563811421e+00 2.395408075367861933e+00 4.738473533875132482e+00 4.738473533875132482e+00 4.738473533875132482e+00 4.738473533875132482e+00
-1.040252105659437731e+01 -1.004730065514820936e+01 -1.018106567388556272e+01 -9.943866947302204551e+00 -9.412933390996736094e+00 -8.671199559822582614e+00 -7.765955789230368111e+00 -4.524016513483827495e+00 -3.188451142698917273e+00 -2.086290330576355601e+00 -3.046473149109373835e-01 1.610251448542112385e-01 1.252713474841436359e+00 2.176125341100064503e+00 4.432059904717501553e+00 4.432059904717501553e+00 4.432059904717501553e+00 4.432059904717501553e+00
-1.038889366188590557e+01 -1.021803316843030984e+01 -1.007747380802686976e+01 -9.866872144362332619e+00 -9.368218585323941028e+00 -8.615454905439055011e+00 -7.538142400757944728e+00 -3.210126478369966563e+00 -3.636843005149558827e+00 -5.124271747596331750e-01 5.000611376301663524e-01 1.906495075258446859e+00 1.617308577425226268e+00 3.317836551773958753e+00 4.284412828597482736e+00 4.284412828597482736e+00 4.284412828597482736e+00 4.284412828597482736e+00
-1.051769780360644546e+01 -1.008417166869252313e+01 -1.001456603082939978e+01 -9.805040966712123662e+00 -9.302405292730842490e+00 -8.278833066980041622e+00 -5.380459600758280558e+00 -2.581243482126913680e+00 -2.849328332047581736e+00 -5.525221234544543808e-02 1.514866630763403776e+00 2.045330159689754179e+00 1.808409804396096776e+00 4.404974705493446940e+00 5.523618052247652344e+00 5.523618052247652344e+00 5.523618052247652344e+00 5.523618052247652344e+00
-1.040310546760001031e+01 -1.027772509687794233e+01 -9.557950476820927577e+00 -9.132180717593129771e+00 -8.218847052065523684e+00 -6.956424367119570462e+00 -3.517934226752216453e+00 -3.521679804377034984e+00 -9.016185305324350141e-01 9.728713782049989156e-01 2.074435690253527920e+00 2.744138647329941172e+00 3.445721920361607182e+00 4.824299490016452197e+00 5.579043313905740931e+00 5.579043313905740931e+00 5.579043313905740931e+00 5.579043313905740931e+00
-1.033625883509765231e+01 -1.001758282395216071e+01 -9.516939314226270596e+00 -8.438039191867376942e+00 -7.429110886049276274e+00 -5.235992399628046634e+00 -2.601744685698818671e+00 -3.318526898877395048e+00 -7.177649201735726570e-02 2.138248277295919486e+00 3.015437126054709260e+00 3.497311693445277481e+00 4.980372096502740931e+00 4.939284126361282112e+00 5.209768836683802640e+00 5.209768836683802640e+00 5.209768836683802640e+00 5.209768836683802640e+00
-1.024211848610775988e+01 -9.450586140370457855e+00 -8.837913080342552519e+00 -8.528938076346925357e+00 -6.783137959459585531e+00 -3.407461301651570018e+00 -3.884083125020119542e+00 -1.112473535788178092e+00 1.441181822631918852e+00 3.098579245503914059e+00 3.089310484480010111e+00 4.630684137890638041e+00 2.998261571460977937e+00 2.227006326134087111e+00 5.425774331557327912e+00 5.425774331557327912e+00 5.425774331557327912e+00 5.425774331557327912e+00
-9.899985299720391652e+00 -9.050314117394192337e+00 -8.208135810611626226e+00 -7.597601598031396009e+00 -4.994505185320350371e+00 -2.503011461789580672e+00 -3.107978124397927644e+00 7.518544000669949434e-02 2.976091841095213741e+00 3.159393022523419692e+00 4.455108208890364629e+00 3.789611113850216650e+00 1.777193994689386880e+00 2.486642914631990386e+00 5.230145946682686287e+00 5.230145946682686287e+00 5.230145946682686287e+00 5.230145946682686287e+00
-9.548251674750641627e+00 -8.501662510318496402e+00 -7.640642182060867427e+00 -6.100123073877144364e+00 -3.355134889197426418e+00 -3.638495757999365754e+00 -1.046239991983855644e+00 2.531010550092483768e+00 3.280680947625993049e+00 4.070216872526590812e+00 4.722476489840397917e+00 4.677058910669484870e-01 4.403739570025256289e-01 2.391666310392503991e+00 5.089798469178894891e+00 5.089798469178894891e+00 5.089798469178894891e+00 5.089798469178894891e+00
-1.010188208481445038e+01 -7.913722723603525466e+00 -6.490329112240374343e+00 -4.712945491528156339e+00 -2.169714030452514208e+00 -2.761794141165641037e+00 4.023323426960437876e-01 3.099073015552473720e+00 3.393311052754825141e+00 5.023776956850515951e+00 3.408648190644334441e+00 -1.969754463545803524e+00 3.765144232286113946e-01 2.624155310254807194e+00 6.031063292886777560e+00 6.031063292886777560e+00 6.031063292886777560e+00 6.031063292886777560e+00
-9.397112688995353125e+00 -7.534831863853067802e+00 -5.548423606014543097e+00 -3.393218966368043432e+00 -3.198014584717558950e+00 -1.237810307894635198e+00 2.475102057413131718e+00 3.152587061642703858e+00 3.592484524437508320e+00 5.635721730543727048e+00 4.527638719062725414e+00 -9.034699929776148775e-01 9.522955675068036641e-01 2.565677282794666780e+00 5.669486356530395454e+00 5.669486356530395454e+00 5.669486356530395454e+00 5.669486356530395454e+00
-9.125994434997394933e+00 -6.881802922770519970e+00 -4.561215111979027625e+00 -2.217759478828393860e+00 -2.810538597831274021e+00 1.654685554595836106e-01 3.052491313411783924e+00 3.062536673873933246e+00 4.165200680532414879e+00 6.184450011264170044e+00 6.111517241603078077e+00 1.930332991692709665e+00 6.182363146588509828e-01 2.784210100900343043e+00 5.665428927636332546e+00 5.665428927636332546e+00 5.665428927636332546e+00 5.665428927636332546e+00
-8.702647386429815057e+00 -6.252554480259320258e+00 -3.884099655648925342e+00 -2.080651059393451074e+00 -1.947981448669466431e+00 1.814286642102613367e+00 3.210356768074961842e+00 3.293086236599898520e+00 4.220113685341226883e+00 5.143183891693571042e+00 4.684764450482443721e+00 4.783487208199127316e+00 3.722371632586677581e+00 3.342502812792725209e+00 5.696916142665031657e+00 5.696916142665031657e+00 5.696916142665031657e+00 5.696916142665031657e+00
-7.779089583120412321e+00 -5.834841147716044674e+00 -3.373299954044318483e+00 -1.793956770751008234e+00 -5.674866727569780611e-01 2.651984120787554744e+00 3.546484229147601308e+00 3.915030079085009440e+00 4.094112613962618497e+00 3.292621982689076354e+00 3.368372776974098315e+00 3.228232653991813805e+00 4.034525529867270421e+00 5.270214271277145812e+00 5.409306568703623697e+00 5.409306568703623697e+00 5.409306568703623697e+00 5.409306568703623697e+00
-7.481543015131172147e+00 -5.879406230638704045e+00 -2.990867910687082798e+00 -2.095532043612891471e+00 1.786980168562854188e-01 3.135596269403555958e+00 3.161750711455440843e+00 3.943187044688648335e+00 3.808417876061108487e+00 1.838181315915020209e+00 1.451393531402812354e+00 1.522542586816147292e+00 2.835063567917484928e+00 4.389123213023658820e+00 5.982722455087415625e+00 5.982722455087415625e+00 5.982722455087415625e+00 5.982722455087415625e+00
-8.133831624932252424e+00 -5.828708344546657649e+00 -2.983877083195679347e+00 -2.127885971464664294e+00 4.561305911800928592e-01 3.059624677939691395e+00 3.118432431049647846e+00 4.057866621788752681e+00 3.171505694352074745e+00 1.560573188913874532e+00 -6.573104003037699705e-02 8.968932430319160876e-01 2.012355518322116232e+00 3.676443636312662022e+00 6.094563668511568721e+00 6.094563668511568721e+00 6.094563668511568721e+00 6.094563668511568721e+00
-8.103410517285787762e+00 -5.901807038356665203e+00 -3.052884070527456473e+00 -1.437526036945280694e+00 7.742234531443010770e-01 3.126095897292109349e+00 3.189965639466473046e+00 4.114120538608001532e+00 3.032864995540328401e+00 1.499563042096177856e+00 9.021609779038967936e-02 1.887513059093756662e-01 1.273693216658782212e+00 3.336558872080062521e+00 6.060901643675798312e+00 6.060901643675798312e+00 6.060901643675798312e+00 6.060901643675798312e+00
-8.149440991566049064e+00 -6.276715008359289527e+00 -3.234280805949672821e+00 -1.717877729064770431e+00 1.816720989146472509e-01 3.187715591498085033e+00 3.233739337976918371e+00 4.171891273540161649e+00 2.797264853831131770e+00 1.186892206180801157e+00 -2.620974706938878462e+00 -1.684137830438857453e+00 1.222635157231513503e+00 3.178035256483544124e+00 5.975549580720771914e+00 5.975549580720771914e+00 5.975549580720771914e+00 5.975549580720771914e+00
-8.109394699299667053e+00 -6.878060674865080770e+00 -4.083998055898984347e+00 -2.218580977763342954e+00 -5.977079112878054268e-01 3.178209047005695620e+00 3.208374034863076485e+00 4.020938609366465855e+00 2.370020078104819294e+00 4.876494410585752171e-01 -2.677304731522906156e+00 -1.627322464107735733e+00 1.244777282805225260e+00 3.465215111549106997e+00 5.968997116087812138e+00 5.968997116087812138e+00 5.968997116087812138e+00 5.968997116087812138e+00
-8.103455958876093490e+00 -7.014170758782162451e+00 -4.838068693283879007e+00 -2.342881429175564634e+00 -1.538893672935098600e+00 1.736763420742058583e+00 3.212770726426092072e+00 3.759611992529175772e+00 2.164661819100082152e+00 -3.719006457645079422e+00 -2.832896230810663774e+00 -1.272686883051455720e+00 1.327170308879985772e+00 3.719865558921256365e+00 5.894561548205600410e+00 5.894561548205600410e+00 5.894561548205600410e+00 5.894561548205600410e+00
-7.887043678218335074e+00 -7.060599109664075002e+00 -5.348477446148340420e+00 -3.227891068105204653e+00 -1.782550767688198867e+00 2.325384479485055611e-01 3.195703834788544917e+00 3.007686586477160695e+00 2.028249253624974990e+00 -4.088023508992021604e+00 -2.574282750118224605e+00 -7.515299463237232747e-01 1.547678456662962887e+00 3.700517189358934811e+00 6.529313256590924652e+00 6.529313256590924652e+00 6.529313256590924652e+00 6.529313256590924652e+00
-8.386255751160366145e+00 -7.617177929550392079e+00 -6.241841051504350091e+00 -4.286898326798155523e+00 -2.402221598835347471e+00 -1.286410311070349088e+00 8.435327804201473434e-01 2.789271499421807299e+00 1.427139923185855697e+00 -3.633618169639566631e+00 -1.552660980592273532e+00 1.125311611962426017e+00 1.890453146743006352e+00 4.168631311364086045e+00 6.553745705003910516e+00 6.553745705003910516e+00 6.553745705003910516e+00 6.553745705003910516e+00
-8.868147104030144945e+00 -7.828153797896147736e+00 -6.804588662993737103e+00 -5.361078954887626757e+00 -3.593101017784818829e+00 -2.143327990347621892e+00 -8.058635134379701359e-01 4.663054342015372500e-01 1.700500706438854426e+00 -5.893558294206405757e-01 -3.776727140697984098e-01 1.174479502488891824e-01 2.205148953673069734e+00 4.545504384072243553e+00 6.463738178425237457e+00 6.463738178425237457e+00 6.463738178425237457e+00 6.463738178425237457e+00
-9.127505375099232765e+00 -8.334047676290193607e+00 -7.528627152464029137e+00 -6.147460545413094835e+00 -4.652812632292365969e+00 -3.261381685158100563e+00 -1.862192046458296613e+00 -5.303743449591235004e-01 -1.999619531106235359e-01 1.548904542959218533e+00 -1.128679452694021229e-01 4.072383748815993076e-01 1.829225810501127647e+00 4.671596598800595856e+00 6.557023189602656288e+00 6.557023189602656288e+00 6.557023189602656288e+00 6.557023189602656288e+00
-9.376606525119060009e+00 -8.516155310587018690e+00 -7.966121021498740795e+00 -7.351301319733430262e+00 -6.160840402733480659e+00 -4.547036938324204414e+00 -2.627642427613702036e+00 -1.780815112867079275e+00 -6.708173158211866438e-01 3.829890303645278049e-01 4.879527424010158265e-01 1.712406926418432937e-02 1.402949768746459602e+00 4.092114312990488223e+00 5.788328815177017361e+00 5.788328815177017361e+00 5.788328815177017361e+00 5.788328815177017361e+00
-1.005150227714747757e+01 -9.008553994585870583e+00 -8.653054337605269097e+00 -8.225297788558245671e+00 -7.443579979662145796e+00 -6.575789816404531862e+00 -4.362556494364287829e+00 -2.230162195593017760e+00 -1.863549442631021957e+00 -6.072905176158476248e-01 1.121989674892728051e+00 5.746870642671730867e-01 -3.309471270128120368e-01 4.022715788160414085e+00 6.969411696558475811e+00 6.969411696558475811e+00 6.969411696558475811e+00 6.969411696558475811e+00
-1.035526496012606401e+01 -9.928818687953675948e+00 -9.475338895330750688e+00 -9.010121006339522509e+00 -8.457470007191105310e+00 -7.318310136185536052e+00 -5.651388083424992992e+00 -3.521961711392395777e+00 -2.422935390390108523e+00 -1.605017172345986509e+00 -1.907013181064176055e-01 1.162867966057367752e+00 3.286392921781110532e-01 4.419271948471623190e+00 7.014280120699291743e+00 7.014280120699291743e+00 7.014280120699291743e+00 7.014280120699291743e+00
-1.038180969886209581e+01 -1.007940329770649690e+01 -9.623910689232076265e+00 -9.254955393501266059e+00 -8.765605194200261963e+00 -7.771362888890884335e+00 -6.400930132145409068e+00 -4.699673079081105875e+00 -2.788946176389192289e+00 -2.497558255664585225e+00 -1.234588600141251602e+00 8.922795029437049497e-01 6.770016528119686683e-01 3.997817088749251901e+00 6.814959331250462604e+00 6.814959331250462604e+00 6.814959331250462604e+00 6.814959331250462604e+00
-1.043373987955200732e+01 -1.019566562586429015e+01 -9.803245313143829520e+00 -9.425373055606335981e+00 -9.021456716333489112e+00 -8.073807567052970313e+00 -6.671864330037896806e+00 -5.478237929643496429e+00 -3.688374907119368995e+00 -2.892173658083079246e+00 -2.397310454246933009e+00 -3.169261052048721883e-02 3.323833249187146954e-01 3.086586396050756687e+00 6.329108700664431097e+00 6.329108700664431097e+00 6.329108700664431097e+00 6.329108700664431097e+00
-1.051438667618042011e+01 -1.019355566541073088e+01 -9.872111310744653423e+00 -9.530705301693558340e+00 -9.041851746024121894e+00 -8.249791105100143795e+00 -6.904433393975525135e+00 -5.689156494514381990e+00 -4.133563167194486354e+00 -2.643142741937440920e+00 -2.314937949538496298e+00 -5.471256113710457614e-01 2.828390489872005809e-01 2.736556751735845783e+00 5.707689106423524450e+00 5.707689106423524450e+00 5.707689106423524450e+00 5.707689106423524450e+00
-1.048301524783627237e+01 -1.020513678915710365e+01 -9.947351634550646082e+00 -9.578180556080390318e+00 -9.144862704141994314e+00 -8.441973909368281070e+00 -7.101435080466009353e+00 -5.829649484636264312e+00 -5.194227170741054778e+00 -3.559120947794944811e+00 -2.085713320015875727e+00 -7.491487426355666335e-01 -1.748223452768103425e-01 2.661655748874342642e+00 5.973184927176216519e+00 5.973184927176216519e+00 5.973184927176216519e+00 5.973184927176216519e+00
-1.057914892268572160e+01 -1.025161469653609281e+01 -9.935128617859056988e+00 -9.574140160749408324e+00 -9.229315626989478716e+00 -8.536080279228976053e+00 -7.245745284871007996e+00 -5.784416340630180287e+00 -5.563861453502088494e+00 -3.952306604789548317e+00 -2.569454442174034625e+00 -9.415494696697421784e-01 2.121812627342936075e-01 2.227730949868712784e+00 6.242498838150211782e+00 6.242498838150211782e+00 6.242498838150211782e+00 6.242498838150211782e+00
-1.054761103320158000e+01 -1.027130721556422444e+01 -1.001486930911120155e+01 -9.672663869337567277e+00 -9.256178523527646362e+00 -8.722420900305447589e+00 -7.420428332411649563e+00 -5.764107133133249405e+00 -5.218284589131717333e+00 -3.698349103087242185e+00 -2.747583372629499365e+00 -1.940320860908890888e+00 -1.254111541687662479e-01 2.280473591508962450e+00 5.847872522141486229e+00 5.847872522141486229e+00 5.847872522141486229e+00 5.847872522141486229e+00
-1.058921255816756002e+01 -1.031645586235423906e+01 -1.002300012976503041e+01 -9.652885073318856257e+00 -9.326749662047618017e+00 -8.710378582266550040e+00 -7.454734842016966567e+00 -5.860854875077025739e+00 -5.197985608487854847e+00 -3.907036750743416054e+00 -3.974023685721246757e+00 -1.750833146431137299e+00 -5.033180779529948801e-01 2.129289212783009866e+00 5.274203941427728637e+00 5.274203941427728637e+00 5.274203941427728637e+00 5.274203941427728637e+00
-1.061678192237036100e+01 -1.030319014739784755e+01 -1.000311742319954078e+01 -9.652017063251866702e+00 -9.362942891316325955e+00 -8.776675980295213009e+00 -7.615798804932136790e+00 -5.866176847519437132e+00 -5.265959369566806103e+00 -3.737530925352367639e+00 -3.937803257357951559e+00 -2.349805853808127232e+00 -6.298580420391199919e-01 2.257198856005151022e+00 5.608933025969212949e+00 5.608933025969212949e+00 5.608933025969212949e+00 5.608933025969212949e+00
-1.066929514507992494e+01 -1.034248802904868469e+01 -1.002497435319213537e+01 -9.702672496925639933e+00 -9.396118908687686400e+00 -8.947390531853891105e+00 -7.592729557778691074e+00 -5.729046547218406005e+00 -5.350686120806037671e+00 -3.640199578235759681e+00 -4.111967242467961192e+00 -1.868085491917445662e+00 -5.526316474394582512e-01 2.253959753106514974e+00 5.298532490208049950e+00 5.298532490208049950e+00 5.298532490208049950e+00 5.298532490208049950e+00
