-1.033732043383172083e+01 -1.033738073946795488e+01 -9.989883388896359406e+00 -9.677885759615961092e+00 -9.354964706873499125e+00 -8.984038512882715821e+00 -8.325573565667893305e+00 -7.212212553358891221e+00 -4.925617353759495387e+00 -2.286140090639307676e+00 -2.406660375111730588e+00 -3.277993494103223493e-01 1.389634468291432334e+00 1.836841203615455331e+00 5.125511735022008963e+00 5.125511735022008963e+00 5.125511735022008963e+00 5.125511735022008963e+00
-1.026849463045548561e+01 -1.009498741341371364e+01 -9.993545932642202700e+00 -9.808258519015419452e+00 -9.486447579288094900e+00 -8.946313177593786747e+00 -8.209156353511056992e+00 -6.856169164830828500e+00 -4.304645001748316879e+00 -2.562406518157139157e+00 -1.922869419354066522e+00 -2.754012604844142675e-01 1.217492497816005104e+00 2.007911042074760122e+00 5.061469431011903275e+00 5.061469431011903275e+00 5.061469431011903275e+00 5.061469431011903275e+00
-1.033258123494695191e+01 -1.000880456533824336e+01 -9.807132190785099013e+00 -9.771110255774868136e+00 -9.605262681087499033e+00 -9.040619779193386663e+00 -8.121914210026458747e+00 -6.813842472516023818e+00 -3.476457328745444997e+00 -3.191097847981962943e+00 -9.199006475449921227e-01 -1.155679482931555591e-01 8.882834133395183240e-01 2.018859978621110329e+00 5.129760897424205268e+00 5.129760897424205268e+00 5.129760897424205268e+00 5.129760897424205268e+00
-1.027287098113281161e+01 -1.029614116490987286e+01 -9.824098339157874449e+00 -9.290541990578704556e+00 -9.216835226452099405e+00 -9.061447490422963824e+00 -8.240212814449220602e+00 -6.499371141863953483e+00 -2.596350341746957557e+00 -3.039378284128515517e+00 -2.757123827069713484e-01 2.048262798779889593e-01 7.479592407276300925e-01 2.200751650029943107e+00 4.865999027757558437e+00 4.865999027757558437e+00 4.865999027757558437e+00 4.865999027757558437e+00
-1.051027499049743952e+01 -1.027194947666615121e+01 -9.923965822000266002e+00 -9.562546300982493364e+00 -9.072587740155213964e+00 -8.654411147168822538e+00 -8.172557911650038420e+00 -5.380869024634275632e+00 -2.777357757691003570e+00 -3.176935797365816327e+00 -1.197397937715766886e-01 3.506874780399439340e-01 1.902320966746732012e+00 2.348687805639871673e+00 4.693230366132511655e+00 4.693230366132511655e+00 4.693230366132511655e+00 4.693230366132511655e+00
-1.037187765043709042e+01 -1.005394877530120290e+01 -1.016617621163811513e+01 -9.859170650706719385e+00 -9.341749561957627179e+00 -8.602251384098339670e+00 -7.659152158821086687e+00 -3.960970772882702828e+00 -3.832095933818131073e+00 -1.996644747582015933e+00 4.204607458262886732e-01 3.125864391906128525e-01 1.385379303609496571e+00 2.148770947581760460e+00 4.453268224395007024e+00 4.453268224395007024e+00 4.453268224395007024e+00 4.453268224395007024e+00
-1.044585388909725765e+01 -1.029257234223677209e+01 -9.924427198124028848e+00 -9.750693338074817973e+00 -9.359913456554592059e+00 -8.535638377028824664e+00 -7.359195135364238638e+00 -2.834260648125766835e+00 -3.734295464139321119e+00 -4.262111939535771499e-01 6.513372305116140737e-01 1.629778156403285383e+00 1.606140291030059286e+00 3.346473309621644798e+00 4.273875935385326841e+00 4.273875935385326841e+00 4.273875935385326841e+00 4.273875935385326841e+00
-1.049685235229771862e+01 -1.011462983542743643e+01 -1.001396139243502148e+01 -9.755468258364158984e+00 -9.151826219243631044e+00 -8.240331005144874155e+00 -4.852621609423358073e+00 -2.829702998749296761e+00 -2.980171046265863488e+00 2.242507109761860407e-01 1.513035110787212867e+00 2.038785823278340903e+00 1.804624588007855746e+00 4.352290343135045703e+00 5.229598724587525282e+00 5.229598724587525282e+00 5.229598724587525282e+00 5.229598724587525282e+00
-1.044273278908628022e+01 -1.016553933536243193e+01 -9.557626991770678870e+00 -9.078598462457302176e+00 -8.234750632437464191e+00 -6.949499829227601566e+00 -3.661935160738160278e+00 -4.131477266312751695e+00 -1.179487799208581711e+00 1.228881003006325079e+00 2.069397018232835617e+00 2.696474437019436898e+00 3.348676666295648197e+00 4.779824277411576006e+00 5.170239415747969858e+00 5.170239415747969858e+00 5.170239415747969858e+00 5.170239415747969858e+00
-1.044923897925369261e+01 -1.007830792073849402e+01 -9.510305990055046621e+00 -8.435749538744248710e+00 -7.432591313290839885e+00 -5.397518602639221008e+00 -2.365998045535569805e+00 -3.604294567626276091e+00 1.263224182208468882e-01 2.099691799962180916e+00 3.077543528782273885e+00 3.496259480047940293e+00 4.946103158197132643e+00 4.969292824358019445e+00 5.147502564542906001e+00 5.147502564542906001e+00 5.147502564542906001e+00 5.147502564542906001e+00
-1.021621292115621138e+01 -9.480765838395207368e+00 -8.924469588525465014e+00 -8.389701363370035025e+00 -6.891439837157814274e+00 -3.904677471677481471e+00 -3.972746108297408263e+00 -1.400226571357143346e+00 1.127428016437621583e+00 3.061414888932690204e+00 3.126359313195017364e+00 4.647882398646696167e+00 2.768458137135077379e+00 2.234356565700575725e+00 5.579341190921274674e+00 5.579341190921274674e+00 5.579341190921274674e+00 5.579341190921274674e+00
-9.882802134364901292e+00 -9.006573799341939690e+00 -8.222370614575277514e+00 -7.706784036242305902e+00 -5.234615774872598770e+00 -2.425336567070509375e+00 -3.308305107367148779e+00 3.058607202158970528e-01 2.884317120428498082e+00 3.088162588389662844e+00 4.469204973391917690e+00 3.771533164427361751e+00 2.025467070026715888e+00 2.456428819513818862e+00 5.298294938312584357e+00 5.298294938312584357e+00 5.298294938312584357e+00 5.298294938312584357e+00
-9.480351285412783824e+00 -8.553512937645811220e+00 -7.830603975224703639e+00 -6.196919147067368350e+00 -4.007470202973429707e+00 -3.222584319425790600e+00 -2.360556464689480105e+00 1.767078040613048628e+00 3.239977556120270386e+00 4.145627227781456980e+00 4.776614880395624319e+00 1.975678905644943084e+00 5.551847434868760756e-01 2.376690640736375038e+00 5.111642559828459831e+00 5.111642559828459831e+00 5.111642559828459831e+00 5.111642559828459831e+00
-1.008167088144245405e+01 -7.799569657051785398e+00 -6.678903129888286827e+00 -5.005652453639001465e+00 -2.762830149087835085e+00 -3.229743744109676129e+00 -8.415328924148558765e-02 2.939381997306350414e+00 3.332845649586625214e+00 5.034023782428136862e+00 3.288936720876973752e+00 -1.859110361017260571e+00 4.348333814697571964e-01 2.574552648010550726e+00 5.183855021746781588e+00 5.183855021746781588e+00 5.183855021746781588e+00 5.183855021746781588e+00
-9.396796132802414547e+00 -7.564175513152234132e+00 -5.679788640830630619e+00 -4.154632752797992268e+00 -1.968250678665851350e+00 -2.518815811450965558e+00 6.886757903654010526e-01 3.074780614495039366e+00 3.577355699576576953e+00 5.602457597881348228e+00 4.445469723514215765e+00 -8.658540963866547813e-01 9.608503840200207646e-01 2.563542290187653006e+00 5.125928485613327368e+00 5.125928485613327368e+00 5.125928485613327368e+00 5.125928485613327368e+00
-8.999947841091350043e+00 -6.848454583385717775e+00 -4.904413456042609809e+00 -3.111671855772791595e+00 -1.875817225697582469e+00 -1.435373315240891845e+00 3.021666902740098859e+00 3.005253918465108143e+00 4.220550575636483615e+00 6.201920140087892719e+00 6.026822931963611296e+00 1.969205698963412798e+00 6.722647770112279986e-01 2.714052695639216584e+00 5.050927423904813196e+00 5.050927423904813196e+00 5.050927423904813196e+00 5.050927423904813196e+00
-8.643273893702943411e+00 -6.454221746562454953e+00 -4.232151472904766898e+00 -2.247878112635345094e+00 -2.418757737765782956e+00 -1.264879209600181242e-01 3.146009075410479916e+00 3.291512575804846463e+00 4.271486034104812646e+00 5.056685656968408438e+00 4.588902805410235430e+00 4.672457895773819203e+00 3.537451328868238765e+00 3.275349250847947591e+00 5.239528913723448866e+00 5.239528913723448866e+00 5.239528913723448866e+00 5.239528913723448866e+00
-7.791949321698398379e+00 -5.979264663050769535e+00 -3.934664456247517705e+00 -1.721935414418273913e+00 -1.885104196844847646e+00 1.752236321252587103e+00 3.561149803627593258e+00 3.876576068364699701e+00 4.078178574134151191e+00 3.282494921151749345e+00 3.313734072942063236e+00 3.175706133788731123e+00 3.947203044162729491e+00 5.123819277080444934e+00 5.193674927480516068e+00 5.193674927480516068e+00 5.193674927480516068e+00 5.193674927480516068e+00
-7.522656383000075664e+00 -6.060337807741092320e+00 -3.443548444203076375e+00 -1.802352105998192844e+00 -2.698643988233658253e-01 3.026431283379546588e+00 3.177657713998674804e+00 3.891262985885960646e+00 3.864151280349345186e+00 1.749332699273701275e+00 1.476809292121842976e+00 1.546843679835094632e+00 2.801483514143888964e+00 4.303949317688406495e+00 5.252116784155680840e+00 5.252116784155680840e+00 5.252116784155680840e+00 5.252116784155680840e+00
-8.150152887088633946e+00 -5.973403453399866336e+00 -3.334315597380752116e+00 -1.672392568849548233e+00 -1.720095367256285090e+00 3.064266541151732248e+00 3.088584671720420616e+00 4.091379860775156807e+00 3.089830018376612308e+00 1.537141170774624088e+00 4.886579632931273842e-01 9.153714327675401830e-01 2.016335376386130029e+00 3.623277372453792555e+00 5.145039614088404711e+00 5.145039614088404711e+00 5.145039614088404711e+00 5.145039614088404711e+00
-8.174153860093145596e+00 -6.097307494519465187e+00 -3.350522406382930640e+00 -1.414200331372520658e+00 -1.195947454905268437e+00 3.123908032246497157e+00 3.138971581671536004e+00 4.034012850430960029e+00 3.004237266454096833e+00 1.355848472737018140e+00 1.232919726610545996e-01 3.153890211734505233e-01 1.283644050000371184e+00 3.308730116727984338e+00 5.130384574949191645e+00 5.130384574949191645e+00 5.130384574949191645e+00 5.130384574949191645e+00
-8.103525251845884014e+00 -6.425827111094274180e+00 -3.522395297168686490e+00 -1.477969769390320653e+00 -6.959593019553269588e-01 3.132761268579972835e+00 3.246300318649244065e+00 4.116179686347405386e+00 2.791900304271337063e+00 1.129309496535574331e+00 -2.582959581419069561e+00 -1.703298502858513030e+00 1.191037536225340254e+00 3.187996289370364611e+00 5.055383513240671256e+00 5.055383513240671256e+00 5.055383513240671256e+00 5.055383513240671256e+00
-8.079451702932132662e+00 -6.977919459917022671e+00 -4.258349851194442870e+00 -3.002493651822899512e+00 -1.806156777014455761e+00 2.333613353279666569e+00 3.267571546676418137e+00 3.991128454524234037e+00 2.310761727103919139e+00 5.602931097286923956e-01 -2.674199524893112745e+00 -1.528922944157113939e+00 1.212850513963764421e+00 3.493176035239083710e+00 5.298404497060327678e+00 5.298404497060327678e+00 5.298404497060327678e+00 5.298404497060327678e+00
-8.063719504763829704e+00 -7.108580069105569166e+00 -5.010630520041465807e+00 -3.000684036762685469e+00 -1.645812866762299986e+00 2.297845144595624112e-01 3.140955225645233551e+00 3.786971571006928716e+00 2.115297705667281036e+00 -2.865757519775850692e+00 -2.750024062735369146e+00 -1.323479514596094919e+00 1.278185981811678751e+00 3.788865702136247293e+00 5.256521054598421117e+00 5.256521054598421117e+00 5.256521054598421117e+00 5.256521054598421117e+00
-7.852214087896305372e+00 -7.106359672312859033e+00 -5.309251072228132529e+00 -3.450029343218390832e+00 -1.857641070838358832e+00 -1.510604499445172388e+00 2.578635400197494043e+00 3.045329750237579347e+00 1.999951824611952089e+00 -3.870922980661607227e+00 -2.261535698342368228e+00 -3.962951587156292588e-01 1.554727378797156501e+00 3.768377866745423965e+00 5.165763987056854134e+00 5.165763987056854134e+00 5.165763987056854134e+00 5.165763987056854134e+00
-8.403039825615937986e+00 -7.653797121940885795e+00 -6.179384773272903253e+00 -4.677716825743113205e+00 -2.866837618147537459e+00 -2.257586110721655270e+00 7.432724335060966747e-02 2.797551684271670336e+00 1.356051181603521893e+00 -3.371964607953541915e+00 -2.108658318667213094e-01 1.030106332316144346e+00 1.897864220085943021e+00 4.116491094328865508e+00 5.285734005569260319e+00 5.285734005569260319e+00 5.285734005569260319e+00 5.285734005569260319e+00
-8.769279288676392170e+00 -7.804224494437678850e+00 -6.784125599435341769e+00 -5.449534539147625090e+00 -3.779813969699917564e+00 -2.010361802819968347e+00 -1.990765793450400167e+00 1.304938925999900690e+00 1.827399627507517055e+00 -3.442184559254184428e-01 2.902688667040007608e-01 3.381496642845121525e-01 2.203494779658054625e+00 4.667919598880636123e+00 5.134840664285052370e+00 5.134840664285052370e+00 5.134840664285052370e+00 5.134840664285052370e+00
-9.148234995850378581e+00 -8.252696109604070074e+00 -7.496122102285278643e+00 -6.278690976486831055e+00 -4.917412672585347977e+00 -3.561856202674653638e+00 -2.374609828879858497e+00 -9.562145667240484759e-01 1.367885234396982508e+00 1.251163096028502064e+00 2.245201986725863796e-01 3.800598323475269380e-01 1.835522882249800869e+00 4.762979751538717110e+00 5.059839602576538198e+00 5.059839602576538198e+00 5.059839602576538198e+00 5.059839602576538198e+00
-9.407087129507386791e+00 -8.610028776189448507e+00 -7.979953292565041600e+00 -7.314087736320260547e+00 -6.241536096245125620e+00 -4.783388991849599314e+00 -2.704739212087833078e+00 -2.203531457680447669e+00 4.105988905664174626e-01 8.724518790859538964e-01 4.117838418314329063e-01 2.628352201729591275e-01 1.271249236240044933e+00 4.105087673318041475e+00 5.146710998979392215e+00 5.146710998979392215e+00 5.146710998979392215e+00 5.146710998979392215e+00
-1.007579643348601728e+01 -9.051793496015132945e+00 -8.579336873292959353e+00 -8.142231733479061262e+00 -7.419860040058615880e+00 -6.504729384304525297e+00 -4.458832870994292819e+00 -2.374581092200280352e+00 -2.009215738467906132e+00 1.348585274501566733e+00 7.331481726025526058e-01 8.267174137122341726e-01 2.120225206005912355e-01 4.015226948136422891e+00 5.202930880442149686e+00 5.202930880442149686e+00 5.202930880442149686e+00 5.202930880442149686e+00
-1.031686566472829192e+01 -9.899363335631301553e+00 -9.370173247087734580e+00 -8.934234706097187839e+00 -8.347589195992641820e+00 -7.286765648130542949e+00 -5.607614396607375262e+00 -3.721144032284948722e+00 -2.025259273976848018e+00 -6.043997648501504560e-01 1.051675587168069859e+00 1.198546174856174984e+00 4.172240577207875778e-01 4.560997860324265574e+00 5.352002928586562902e+00 5.352002928586562902e+00 5.352002928586562902e+00 5.352002928586562902e+00
-1.040882074388905743e+01 -1.005779487593254018e+01 -9.585148310217769918e+00 -9.192108068141067179e+00 -8.668808061946254639e+00 -7.701892851733178169e+00 -6.391941517578275445e+00 -4.745518258644899845e+00 -2.682965435714053992e+00 -2.067801675469291833e+00 7.423700045734780151e-01 2.048021852685303623e-01 7.828216943167773945e-01 4.034667524018538565e+00 5.214297815329429930e+00 5.214297815329429930e+00 5.214297815329429930e+00 5.214297815329429930e+00
-1.037371914205975187e+01 -1.015718834136298376e+01 -9.765443047529805298e+00 -9.364561663093429189e+00 -8.904105765653941518e+00 -8.031341318008040631e+00 -6.650872875213972968e+00 -5.357972160200744405e+00 -3.647169765401836461e+00 -1.972784948597485322e+00 -1.143696662020536658e+00 6.830261148609770849e-01 6.455008992743748175e-01 3.002264149989356312e+00 5.139296753620913094e+00 5.139296753620913094e+00 5.139296753620913094e+00 5.139296753620913094e+00
-1.049146944140931836e+01 -1.017421158716864227e+01 -9.673322093973460767e+00 -9.468348653746891941e+00 -8.960633880388469308e+00 -8.173894260877984763e+00 -6.837431382068841934e+00 -5.629916762061661473e+00 -4.144380536146218930e+00 -2.944613682015561729e+00 -3.019548077212352410e+00 4.432930839925227073e-01 3.077409786699010774e-01 2.600963647574980886e+00 5.064295691912393593e+00 5.064295691912393593e+00 5.064295691912393593e+00 5.064295691912393593e+00
-1.045842647446975171e+01 -1.019220767584723575e+01 -9.931802411490441074e+00 -9.563712047907072744e+00 -9.085243530019221581e+00 -8.383067258228081187e+00 -7.024547316940391362e+00 -5.754814633691966108e+00 -4.898979844054632160e+00 -3.284338406120644649e+00 -2.615642616682382293e+00 -3.156063661594846192e-01 -1.223113790373874521e-01 2.693310478104219641e+00 4.900034222075683843e+00 4.900034222075683843e+00 4.900034222075683843e+00 4.900034222075683843e+00
-1.051664043424653983e+01 -1.022188467690454772e+01 -9.906299862952421265e+00 -9.554772863099932678e+00 -9.175742544594449157e+00 -8.493395588599183199e+00 -7.202112528009433134e+00 -5.768259569268445297e+00 -5.282458268469174101e+00 -3.721397425538878423e+00 -2.099320033443151434e+00 -5.421229905810645011e-01 1.566023769945877886e-01 2.299586891821133072e+00 5.415955105206317732e+00 5.415955105206317732e+00 5.415955105206317732e+00 5.415955105206317732e+00
-1.054096262463133549e+01 -1.026212645136540758e+01 -9.945288888735051458e+00 -9.645433095666760437e+00 -9.214238911032103019e+00 -8.658564474203156891e+00 -7.352234827152609675e+00 -5.755345279398885516e+00 -5.068064748825052312e+00 -3.341745022078049576e+00 -3.126888722676473886e+00 -1.605142963496288822e+00 3.879520808168039903e-01 2.375279011124297845e+00 5.369647245949500380e+00 5.369647245949500380e+00 5.369647245949500380e+00 5.369647245949500380e+00
-1.055570050497125045e+01 -1.028624073802013861e+01 -9.945972726763738336e+00 -9.638913199103221530e+00 -9.302836240491544118e+00 -8.699452823398541312e+00 -7.416337876711702748e+00 -5.824219475613766406e+00 -5.110118431454082177e+00 -3.793085849721884006e+00 -2.855733495289496382e+00 -2.200012895224116694e+00 4.334971318382694339e-01 2.262064919422873466e+00 5.218753904665291543e+00 5.218753904665291543e+00 5.218753904665291543e+00 5.218753904665291543e+00
-1.060122615487244246e+01 -1.028681977497188704e+01 -9.988766366504544081e+00 -9.652016210196052270e+00 -9.329962443374325787e+00 -8.758259438965241728e+00 -7.551199441104511578e+00 -5.839593499866534643e+00 -5.185248480323783049e+00 -3.777873401624291638e+00 -3.895338660845433232e+00 -1.907012798971847500e+00 -5.690241279700569005e-02 2.194803962438639289e+00 5.030187897965959998e+00 5.030187897965959998e+00 5.030187897965959998e+00 5.030187897965959998e+00
-1.065349054381083782e+01 -1.032610091491694781e+01 -1.002853839970015670e+01 -9.709930541049976327e+00 -9.371079101604056660e+00 -8.941793134284518274e+00 -7.586774130508259439e+00 -5.844618073015888982e+00 -5.304023584070312936e+00 -3.776358420891405387e+00 -4.065241438524691553e+00 -1.947107620990984778e+00 -9.035561935940101819e-01 2.178879492013706010e+00 5.278495042178999341e+00 5.278495042178999341e+00 5.278495042178999341e+00 5.278495042178999341e+00
