-1.036863597617396238e+01 -1.032722645662424199e+01 -9.974735461941381942e+00 -9.655222137219446665e+00 -9.384604849223599388e+00 -8.979281632765031773e+00 -8.346384635516825412e+00 -7.247568652282725843e+00 -4.874698081207060163e+00 -3.046738112204670390e+00 -2.013642518157131800e+00 -1.321029601455242286e+00 5.298971714093004826e-01 1.809113526389961368e+00 4.969699852119737749e+00 4.969699852119737749e+00 4.969699852119737749e+00 4.969699852119737749e+00
-1.041052012511791247e+01 -1.009066911473517969e+01 -1.003309392286437784e+01 -9.868005828661855716e+00 -9.438600596665148501e+00 -8.965309019319565920e+00 -8.237485225185945836e+00 -6.924924986054895371e+00 -4.647182104089671917e+00 -2.269831384397121177e+00 -2.460521401558916299e+00 -2.133168269985040444e-01 5.685173221957156020e-01 2.052325678646341078e+00 4.931404756421294167e+00 4.931404756421294167e+00 4.931404756421294167e+00 4.931404756421294167e+00
-1.040427684614841475e+01 -1.006744428898028865e+01 -9.719188100126283203e+00 -9.744372657954084360e+00 -9.620496152512300725e+00 -9.151176297626246736e+00 -8.173372950825216421e+00 -6.941760182279136160e+00 -4.236920705996771730e+00 -2.133656685331633440e+00 -2.773503726130125635e+00 1.465876104704348648e-01 -2.166934624568755269e-02 2.046098324769318744e+00 5.166853699135756983e+00 5.166853699135756983e+00 5.166853699135756983e+00 5.166853699135756983e+00
-1.028091598833458242e+01 -1.022642884325815693e+01 -9.923598072588960761e+00 -9.307178220738435925e+00 -9.197453859209597127e+00 -9.107248714536822831e+00 -8.221339441557191208e+00 -6.774140584842182733e+00 -3.288161577244292033e+00 -2.687569938727250918e+00 -1.398644348727656972e+00 1.716637388631871985e-01 8.749415456244475919e-01 2.284100821844345930e+00 4.765781489897296552e+00 4.765781489897296552e+00 4.765781489897296552e+00 4.765781489897296552e+00
-1.053169408041652844e+01 -1.031117006243396617e+01 -9.953215075331849349e+00 -9.607703438737935642e+00 -9.083873103701469276e+00 -8.670665912486953175e+00 -8.124302435139279410e+00 -5.995263214366103988e+00 -2.657394426025495804e+00 -3.188948362504942402e+00 -4.332314363060276730e-01 9.672481933433538237e-02 1.489148010305181513e+00 2.408930520323603552e+00 4.706160448763793802e+00 4.706160448763793802e+00 4.706160448763793802e+00 4.706160448763793802e+00
-1.042774252908653665e+01 -9.981968931193229366e+00 -1.020248431261254041e+01 -9.943627457264211600e+00 -9.371921491185375430e+00 -8.682643921809342302e+00 -7.812467684375218546e+00 -5.077767490093288316e+00 -2.560919287307100500e+00 -2.160359050230906686e+00 -3.384328514581197433e-01 3.239634137256759971e-01 1.226312583875782014e+00 2.178904970695527243e+00 4.452865875374380167e+00 4.452865875374380167e+00 4.452865875374380167e+00 4.452865875374380167e+00
-1.042041937623024772e+01 -1.025283719483235423e+01 -1.010502391838390857e+01 -9.842155078591934725e+00 -9.357117298520652326e+00 -8.643890717908620402e+00 -7.617543485141432313e+00 -3.613581111860764139e+00 -3.387904095485402500e+00 -7.914555471337976211e-01 3.360160885044951584e-01 1.785094047663249750e+00 1.598181911957525125e+00 3.340082433691068609e+00 4.275053232603456266e+00 4.275053232603456266e+00 4.275053232603456266e+00 4.275053232603456266e+00
-1.052429641938377713e+01 -1.007992436547241866e+01 -1.000001369914323313e+01 -9.816769308697958607e+00 -9.283000629066020082e+00 -8.286511123908182341e+00 -5.709489022331577956e+00 -2.112059765755270213e+00 -2.797730799665643087e+00 2.872850202672805331e-03 1.516349457653856092e+00 2.049292842466654552e+00 1.759314276525347331e+00 4.372434804950938059e+00 5.620098957168258025e+00 5.620098957168258025e+00 5.620098957168258025e+00 5.620098957168258025e+00
-1.044534653475211172e+01 -1.032632952339306520e+01 -9.601878619167164786e+00 -9.108299958285368092e+00 -8.166699465907033328e+00 -6.990624461696587133e+00 -3.787840308957982849e+00 -3.238535522513236842e+00 -8.498290390467253541e-01 9.454697753608930499e-01 2.061921763484061199e+00 2.739824515366316771e+00 3.425904218960713621e+00 4.825446627591981397e+00 5.611563524487948484e+00 5.611563524487948484e+00 5.611563524487948484e+00 5.611563524487948484e+00
-1.024724477694918789e+01 -1.002292852948777657e+01 -9.527122495975220318e+00 -8.493686172644085985e+00 -7.415384163353420099e+00 -5.154790003575616453e+00 -2.449357684807723423e+00 -3.152481153566152994e+00 -1.094865295577721609e-01 2.072537220235430855e+00 3.046598102908261385e+00 3.488556395797819398e+00 4.965317546819636441e+00 4.959503889354613726e+00 5.227609174598320863e+00 5.227609174598320863e+00 5.227609174598320863e+00 5.227609174598320863e+00
-1.022020925597292873e+01 -9.423647642408591096e+00 -8.809597794181417640e+00 -8.568947634054326912e+00 -6.767488238155280555e+00 -3.439038967434655980e+00 -3.563221078128285590e+00 -8.793441501944094796e-01 1.717670126906948536e+00 3.103928427804213186e+00 3.132523106478249275e+00 4.644574441952871169e+00 3.037379261385959595e+00 2.273092801378954420e+00 5.521758862383832955e+00 5.521758862383832955e+00 5.521758862383832955e+00 5.521758862383832955e+00
-9.910545039992408434e+00 -9.058904309803036625e+00 -8.182026881298803289e+00 -7.572977913928887972e+00 -4.859681892607380149e+00 -2.467582318832275856e+00 -2.829108364500326545e+00 -3.382810044369308211e-02 2.927430997885827058e+00 3.179375209595463048e+00 4.430883131358619664e+00 3.794655149492454527e+00 1.684828847020594988e+00 2.459449540181400717e+00 5.268578065633010787e+00 5.268578065633010787e+00 5.268578065633010787e+00 5.268578065633010787e+00
-9.533306825464185508e+00 -8.538750361283129919e+00 -7.601995118750600966e+00 -6.024067110315719731e+00 -3.293525282914356644e+00 -3.538950325778315698e+00 -6.025831302588093852e-01 3.015870133706406442e+00 3.274955174179098538e+00 4.087579262968906946e+00 4.731392475418883414e+00 2.605147415521288923e-01 4.630495280137438274e-01 2.424543955971635079e+00 5.068064201719569617e+00 5.068064201719569617e+00 5.068064201719569617e+00 5.068064201719569617e+00
-1.015135671144298968e+01 -7.955879249251828433e+00 -6.440872011356811200e+00 -4.533531992044472325e+00 -2.210930273268862933e+00 -2.499857307653703842e+00 8.017458216154484951e-01 3.133620244735606519e+00 3.388195058161713735e+00 5.037070797559358937e+00 3.395909918785588566e+00 -1.928020383594435394e+00 3.503427208177655738e-01 2.623282120863065003e+00 6.064808782520596075e+00 6.064808782520596075e+00 6.064808782520596075e+00 6.064808782520596075e+00
-9.389047383681198511e+00 -7.477676093115025679e+00 -5.367765730407386471e+00 -3.264109812112319098e+00 -3.000533299580499857e+00 -4.874404211629992378e-01 3.076415139729386627e+00 3.164641190163417050e+00 3.615876393595982563e+00 5.626853994839621009e+00 4.533400902725680304e+00 -8.969772016546937454e-01 9.158903923797762081e-01 2.600553302479517548e+00 5.686198903418641315e+00 5.686198903418641315e+00 5.686198903418641315e+00 5.686198903418641315e+00
-9.160972359902983086e+00 -6.830187640497356938e+00 -4.367331722043161335e+00 -2.146377665835999871e+00 -2.310167705605757238e+00 5.152601388209697708e-01 3.015825446830544099e+00 3.075079092002922287e+00 4.188487464099436508e+00 6.205845564054655483e+00 6.139981096471897715e+00 1.912381966498091890e+00 5.762292347377481194e-01 2.783402293288745888e+00 5.680891717703077326e+00 5.680891717703077326e+00 5.680891717703077326e+00 5.680891717703077326e+00
-8.767943465732354724e+00 -6.136317917020429391e+00 -3.679276426951004986e+00 -2.377599860608667015e+00 -1.244775029275851264e+00 2.559508271257766587e+00 3.247327495575208722e+00 3.292849766493668895e+00 4.238872782078988877e+00 5.144973578014219839e+00 4.689531591952520451e+00 4.755712313976630412e+00 3.698764423464870887e+00 3.355655991713089037e+00 5.802514236717605911e+00 5.802514236717605911e+00 5.802514236717605911e+00 5.802514236717605911e+00
-7.789393426219650252e+00 -5.745330769206310251e+00 -3.263935932226320169e+00 -2.038889994857476129e+00 -6.671721904381992807e-02 2.723167020635067104e+00 3.554131368471538099e+00 3.914400872677735510e+00 4.093942161966841908e+00 3.279501196072145852e+00 3.332721722151819499e+00 3.206037775481890950e+00 4.037782181911495627e+00 5.245000189711891636e+00 5.445227775284070759e+00 5.445227775284070759e+00 5.445227775284070759e+00 5.445227775284070759e+00
-7.450121127526489140e+00 -5.813720105498777713e+00 -2.981247222303042843e+00 -2.085428017264895573e+00 2.033729101435349240e-01 3.138074756813439059e+00 3.136451501270538067e+00 3.964776278884519556e+00 3.817607053120701366e+00 1.809152408371937026e+00 1.426230440556964796e+00 1.505745435182628267e+00 2.848586703437124612e+00 4.385477145423124057e+00 5.959870130566481627e+00 5.959870130566481627e+00 5.959870130566481627e+00 5.959870130566481627e+00
-8.201736290569956012e+00 -5.761077594532086898e+00 -2.771813430528261790e+00 -1.621362666674659003e+00 1.047100985564523690e+00 3.058371827449301694e+00 3.131727857458744602e+00 4.068534183160143591e+00 3.207435248053434940e+00 1.566177012893199771e+00 -2.160773891098889954e-01 8.902029577756062073e-01 2.007500199782678241e+00 3.658251020972094203e+00 6.117251390546003975e+00 6.117251390546003975e+00 6.117251390546003975e+00 6.117251390546003975e+00
-8.109435833223146872e+00 -5.720691248236688509e+00 -2.987551003690965601e+00 -1.454218186992193518e+00 1.117713970834925075e+00 3.123628034947837140e+00 3.211237880655807508e+00 4.094150201575141423e+00 3.032550137873496698e+00 1.482378608013361632e+00 -5.044763283908547391e-02 1.506386722851809079e-01 1.279770881520158721e+00 3.337858463951127952e+00 6.086078131144692094e+00 6.086078131144692094e+00 6.086078131144692094e+00 6.086078131144692094e+00
-8.220708683652077298e+00 -6.160293749699668808e+00 -3.349640285811180895e+00 -1.859802827408064019e+00 2.016720378124651214e-01 3.188977638364011824e+00 3.234440409631996971e+00 4.189006802911511507e+00 2.788935691647732806e+00 1.185809834744638636e+00 -2.647186075996488697e+00 -1.653620264033215603e+00 1.245457964849629562e+00 3.172667142810805530e+00 5.989177160093551500e+00 5.989177160093551500e+00 5.989177160093551500e+00 5.989177160093551500e+00
-8.140913336804056044e+00 -6.866561432745996285e+00 -3.770006106935888557e+00 -2.184911274331252429e+00 -1.982373185981651242e-01 3.175476199590301363e+00 3.246872665165962957e+00 4.036997339705540533e+00 2.355657033617912344e+00 3.457065176380273441e-01 -2.719119911310106552e+00 -1.627925331057495928e+00 1.253270270316355184e+00 3.463330898581091333e+00 6.094786505582404423e+00 6.094786505582404423e+00 6.094786505582404423e+00 6.094786505582404423e+00
-8.110318772111332564e+00 -7.038556485835396614e+00 -4.653100198676892063e+00 -2.413753379629055562e+00 -8.765884501506109316e-01 2.219161842872933832e+00 3.216394379235760770e+00 3.757524850110686820e+00 2.145496218778660591e+00 -3.769246121484630230e+00 -2.894847494318712577e+00 -1.361007182709248697e+00 1.330537156267384447e+00 3.709117769865560632e+00 5.834459607003447346e+00 5.834459607003447346e+00 5.834459607003447346e+00 5.834459607003447346e+00
-7.847181786100952294e+00 -7.122264920630108520e+00 -5.240227749471410235e+00 -3.328735645718957414e+00 -1.153863617856019985e+00 3.820294962473956280e-01 3.210506044193221165e+00 3.021448532001175913e+00 1.999486818097174545e+00 -4.102105820373445511e+00 -2.497708586582124468e+00 -7.754005191761070837e-01 1.547129512834400256e+00 3.735833387370258052e+00 6.566690631100128073e+00 6.566690631100128073e+00 6.566690631100128073e+00 6.566690631100128073e+00
-8.446266575781022468e+00 -7.635975791771617338e+00 -6.231096750857829214e+00 -4.151373795957608692e+00 -2.603087512421235150e+00 -8.583634152990899935e-01 9.729875882467946546e-01 2.783191362826293869e+00 1.406025425783779870e+00 -3.705431945129961768e+00 -1.795262877622079367e+00 1.101547145501330593e+00 1.856632983955124105e+00 4.145434381824713022e+00 6.593482682147747909e+00 6.593482682147747909e+00 6.593482682147747909e+00 6.593482682147747909e+00
-8.904103304808067776e+00 -7.879009574013066342e+00 -6.817278300903437227e+00 -5.263175109277458574e+00 -3.530091387303230910e+00 -1.840227781582614686e+00 -9.667922051926931548e-01 -9.120163045667215029e-02 1.718584527061955747e+00 -7.469103578592262149e-01 -4.085389493779511549e-01 1.287889530689994427e-02 2.167570584382683130e+00 4.524929946419673499e+00 6.498825555073270976e+00 6.498825555073270976e+00 6.498825555073270976e+00 6.498825555073270976e+00
-9.135139909362141708e+00 -8.395392277874645259e+00 -7.528305286813079533e+00 -6.099811876588549175e+00 -4.522622155519254505e+00 -3.263626483647650289e+00 -1.532193248136745733e+00 -1.005163882703579148e+00 -5.200721484621704249e-01 1.518614865884948095e+00 -3.997880182163771057e-01 3.558737323729682100e-01 1.826243731852622343e+00 4.671195990879883020e+00 6.552841156687585489e+00 6.552841156687585489e+00 6.552841156687585489e+00 6.552841156687585489e+00
-9.351725752899984201e+00 -8.536153819625708294e+00 -8.002142721990253449e+00 -7.354925901692224599e+00 -6.173527149490636745e+00 -4.418379107263756822e+00 -2.808883146797953145e+00 -1.655542119986468164e+00 -1.407338115489888519e+00 9.429413342974246603e-01 5.266685213868123050e-01 -1.686020293753093535e-01 1.438434015091814011e+00 4.099010314078039841e+00 5.679040742063804714e+00 5.679040742063804714e+00 5.679040742063804714e+00 5.679040742063804714e+00
-1.008076096875272576e+01 -9.009589146759445555e+00 -8.684789162149122888e+00 -8.250586548118622687e+00 -7.470127465096153330e+00 -6.626302768107828811e+00 -4.270364515333147537e+00 -2.243595989368317056e+00 -1.825717009618504694e+00 -9.074586919766493009e-01 1.401638379830548953e+00 3.666837774033979702e-01 -5.250473741127645866e-01 4.026121052401060219e+00 7.022156365251264631e+00 7.022156365251264631e+00 7.022156365251264631e+00 7.022156365251264631e+00
-1.032362378735428976e+01 -9.959561648092801533e+00 -9.454716007886231566e+00 -9.043603479584962912e+00 -8.472510413776108251e+00 -7.387906445005159028e+00 -5.684843315388459217e+00 -3.401601318128386620e+00 -2.689451850038959257e+00 -1.675030621345444892e+00 -1.464318106992765767e-01 1.101692350352874605e+00 -1.065337452263938889e-01 4.469209636556985998e+00 7.071973409221963713e+00 7.071973409221963713e+00 7.071973409221963713e+00 7.071973409221963713e+00
-1.037386120777932952e+01 -1.006135674200703711e+01 -9.620313212740027708e+00 -9.260445894728075444e+00 -8.801006943675734107e+00 -7.776388744205458892e+00 -6.387162506975570864e+00 -4.739149692666999591e+00 -3.385701596766528709e+00 -2.510446686989696197e+00 -1.664801140791943634e+00 9.020817707716695111e-01 3.325794589715136418e-02 3.974216431369289815e+00 6.854154210636681732e+00 6.854154210636681732e+00 6.854154210636681732e+00 6.854154210636681732e+00
-1.042547021717502354e+01 -1.016163637898139527e+01 -9.793092445776075294e+00 -9.392293671748289441e+00 -9.004816850817327634e+00 -8.085385343110601752e+00 -6.659793972971093545e+00 -5.562331845542948017e+00 -3.896020422938384797e+00 -3.020462790501998285e+00 -2.634764433415929030e+00 4.242361199017510853e-02 2.642342032864176682e-01 3.114719224984543899e+00 6.306015833149928085e+00 6.306015833149928085e+00 6.306015833149928085e+00 6.306015833149928085e+00
-1.045472613840246900e+01 -1.016425709545736922e+01 -9.883882575570913431e+00 -9.514357298941511942e+00 -9.054683271906393216e+00 -8.249193883836209551e+00 -6.907239963084911061e+00 -5.752872917075436021e+00 -4.498096135684647834e+00 -2.693061550435364992e+00 -2.268803221518929547e+00 -9.982193259572269550e-02 4.480680749981063027e-01 2.799865880569722520e+00 5.534995441393885329e+00 5.534995441393885329e+00 5.534995441393885329e+00 5.534995441393885329e+00
-1.046487305324781047e+01 -1.020261949123195677e+01 -9.970207887360100329e+00 -9.557299737868925504e+00 -9.153657019810671258e+00 -8.502666214389943633e+00 -7.142097983249581006e+00 -5.857959998269790525e+00 -5.448543991978262113e+00 -3.474807497411044110e+00 -1.694570816591768114e+00 -6.932340634938560786e-01 3.598466681705708714e-01 2.676696348307127771e+00 5.851840909355972897e+00 5.851840909355972897e+00 5.851840909355972897e+00 5.851840909355972897e+00
-1.058518881847576409e+01 -1.023814811715869411e+01 -9.922425967298448057e+00 -9.559702632530985511e+00 -9.207924372360292153e+00 -8.565586740412566513e+00 -7.310820250734105130e+00 -5.858083069429294909e+00 -5.730503253906601202e+00 -4.155463651143969983e+00 -2.286812392206946765e+00 -1.435235771044397701e+00 -7.737018965191143349e-02 2.141325190380291676e+00 6.162027361416004823e+00 6.162027361416004823e+00 6.162027361416004823e+00 6.162027361416004823e+00
-1.054437733369465313e+01 -1.023323650670310414e+01 -1.000560606726606316e+01 -9.655830685759573484e+00 -9.209302864168593672e+00 -8.715334187501555974e+00 -7.469880844493697047e+00 -5.795511157620304665e+00 -5.332033111180594531e+00 -4.114092197978875376e+00 -2.416661456004867592e+00 -2.677925993738587529e+00 -1.739352498978146144e-01 2.203704409492054594e+00 5.716670432954688685e+00 5.716670432954688685e+00 5.716670432954688685e+00 5.716670432954688685e+00
-1.056850567263941798e+01 -1.030115202519597339e+01 -9.988805898312083542e+00 -9.650452006979197250e+00 -9.322789536280552625e+00 -8.726996824936563257e+00 -7.480134159891260737e+00 -5.914539953233802549e+00 -5.280554932829458537e+00 -3.880692555552013534e+00 -4.893478381301020086e+00 -1.807628422002118374e+00 -5.563540278397620664e-01 2.059101665693578553e+00 5.077077624954373647e+00 5.077077624954373647e+00 5.077077624954373647e+00 5.077077624954373647e+00
-1.059386583428259243e+01 -1.030281568097326073e+01 -9.970775302866531575e+00 -9.635119683160699111e+00 -9.350720375898870174e+00 -8.781280928545886155e+00 -7.612243905516669962e+00 -5.907828684933529750e+00 -5.338840821540089543e+00 -3.618806083611050717e+00 -3.953218287695191790e+00 -2.352461923674161959e+00 -7.538633739116478161e-01 2.278128016147578982e+00 5.399579641127360219e+00 5.399579641127360219e+00 5.399579641127360219e+00 5.399579641127360219e+00
-1.064901302942910455e+01 -1.035587843405786401e+01 -9.985965405141083551e+00 -9.675321798927697614e+00 -9.396303721195124581e+00 -8.925358059138194022e+00 -7.600892806037531813e+00 -5.719193210537591554e+00 -5.368430636814674806e+00 -3.676669003432274430e+00 -4.111212005242942169e+00 -2.245393784084371624e+00 -7.121147379263421673e-01 2.273444521142171659e+00 5.051328881824453276e+00 5.051328881824453276e+00 5.051328881824453276e+00 5.051328881824453276e+00
