-1.041098055733709415e+01 -1.027801001798732727e+01 -9.932791793460021168e+00 -9.615206891706536751e+00 -9.301403396059324535e+00 -8.949239032359990631e+00 -8.327360753996631004e+00 -7.261300771038063040e+00 -4.976252330665921875e+00 -2.366202793045002029e+00 -2.482312385195425630e+00 -3.179619074329596007e-01 7.087530998779639768e-01 1.791715130274727397e+00 5.091231193299817548e+00 5.091231193299817548e+00 5.091231193299817548e+00 5.091231193299817548e+00
-1.032494655159602459e+01 -1.005075895438454836e+01 -9.935152125858245142e+00 -9.776699095754876723e+00 -9.434562269477067886e+00 -8.882860651820084996e+00 -8.141134971648854801e+00 -6.826967048871082078e+00 -4.307277698960577439e+00 -2.367465961181686840e+00 -1.654274871768597110e+00 -5.622780003293074980e-02 1.685291482795501228e+00 1.937210052138396588e+00 5.018898353938404000e+00 5.018898353938404000e+00 5.018898353938404000e+00 5.018898353938404000e+00
-1.026687481919453226e+01 -9.948382724682979017e+00 -9.779592031183115708e+00 -9.759580315670872253e+00 -9.573395230098199704e+00 -9.059802606852207063e+00 -8.110239589715405373e+00 -6.786856734884665343e+00 -3.549503048297010466e+00 -3.241901060856212879e+00 -6.834725258361946665e-01 1.548381396553000777e-01 1.116890834028915647e+00 1.940547112055545309e+00 4.688944593904726510e+00 4.688944593904726510e+00 4.688944593904726510e+00 4.688944593904726510e+00
-1.040685268432610577e+01 -1.026220744779463701e+01 -9.791641177710166843e+00 -9.281559339178921064e+00 -9.163487401322671033e+00 -9.053082771377729543e+00 -8.161853942209363666e+00 -6.426025178542962735e+00 -2.654255369199868930e+00 -3.167504146406062038e+00 -5.659519499540281995e-01 8.492687068199745726e-01 1.044411891628136413e+00 2.163452548025400546e+00 4.856843762321804370e+00 4.856843762321804370e+00 4.856843762321804370e+00 4.856843762321804370e+00
-1.052299896581131833e+01 -1.024495096437407149e+01 -9.865255782343171020e+00 -9.564445355382400038e+00 -8.975687011470370180e+00 -8.640546876980902624e+00 -8.108452110032271065e+00 -5.272353634947270606e+00 -2.573958730872447198e+00 -3.022492519526535748e+00 -3.506051726065942953e-01 3.748056224540321502e-01 1.832330249538607347e+00 2.311231688519598038e+00 4.853848035071147038e+00 4.853848035071147038e+00 4.853848035071147038e+00 4.853848035071147038e+00
-1.036166618059305655e+01 -9.981716224100244617e+00 -1.012404861599605965e+01 -9.842245045888263988e+00 -9.301475567644555298e+00 -8.554190976245678257e+00 -7.582319573460653217e+00 -4.085581628436048440e+00 -3.734336106532822441e+00 -1.357607535224524931e+00 2.984919295261453942e-02 3.096180523612481750e-01 1.428252161196384318e+00 2.140513853200757488e+00 4.456125272367800427e+00 4.456125272367800427e+00 4.456125272367800427e+00 4.456125272367800427e+00
-1.041079981180184788e+01 -1.023423700959870608e+01 -9.884460759635363303e+00 -9.732904067484710708e+00 -9.283331984717914764e+00 -8.512981657590010798e+00 -7.288246138537854080e+00 -2.970089242990816558e+00 -3.667826594527726414e+00 -5.253078523958764068e-01 1.300704836311343149e+00 1.579366294688620442e+00 1.593255043157697282e+00 3.324868033184182448e+00 4.281873903605776910e+00 4.281873903605776910e+00 4.281873903605776910e+00 4.281873903605776910e+00
-1.045711836241447301e+01 -1.005249696807498161e+01 -9.948994510356815368e+00 -9.706287992803877884e+00 -9.163597280294165870e+00 -8.262685055384205057e+00 -4.904052070525844798e+00 -2.439661299296527641e+00 -2.781082208911291875e+00 -1.341534640586246607e-01 1.510824597286439364e+00 1.992071266556495912e+00 1.766856472063054406e+00 4.349669270626099760e+00 5.041687452203770903e+00 5.041687452203770903e+00 5.041687452203770903e+00 5.041687452203770903e+00
-1.043317605503785472e+01 -1.012670632375331259e+01 -9.549127444379916341e+00 -9.041623325552158974e+00 -8.230265259226936081e+00 -6.901484503290289396e+00 -3.817939726415344737e+00 -4.101899852200685537e+00 -9.335859720703203468e-01 1.248265772352207481e+00 2.045357944671101436e+00 2.708869368686808610e+00 3.383978251289665451e+00 4.752790013163988192e+00 5.004581160415394692e+00 5.004581160415394692e+00 5.004581160415394692e+00 5.004581160415394692e+00
-1.041556838877397340e+01 -1.005801233593103561e+01 -9.478079077739080205e+00 -8.431799822519403520e+00 -7.407347955977275689e+00 -5.377503425198313813e+00 -2.507398943209831366e+00 -3.587490139591643423e+00 3.309553595465268561e-02 2.039133579626030812e+00 3.072677365615457568e+00 3.482601117457139850e+00 4.950949842240159882e+00 4.978092582884396933e+00 5.281599983376280782e+00 5.281599983376280782e+00 5.281599983376280782e+00 5.281599983376280782e+00
-1.022215673093119470e+01 -9.436858821169574085e+00 -8.909100288762648034e+00 -8.427134891501381730e+00 -6.842635056553652895e+00 -3.950416376890171222e+00 -3.879256866230782475e+00 -1.542055726157138817e+00 1.417443928079948900e+00 3.087756687072950257e+00 3.030412810978986293e+00 4.574471595470628316e+00 2.807223622485961911e+00 2.224276053386944341e+00 5.291616639211701667e+00 5.291616639211701667e+00 5.291616639211701667e+00 5.291616639211701667e+00
-9.900479463612109399e+00 -8.984450780767385680e+00 -8.203165566925722629e+00 -7.689584844581760947e+00 -5.257593514328213757e+00 -2.652647717700022945e+00 -2.949821015243747624e+00 1.017130286675745759e-02 2.827959371761204377e+00 3.081828077568335100e+00 4.416673154674475299e+00 3.772588059118562764e+00 1.930545061904988646e+00 2.519127459327311414e+00 5.135547379692694925e+00 5.135547379692694925e+00 5.135547379692694925e+00 5.135547379692694925e+00
-9.395527880470787352e+00 -8.501080248781267557e+00 -7.840887435463237409e+00 -6.196900987227057733e+00 -4.116478179318684205e+00 -2.661542097996465461e+00 -2.389885704332412875e+00 1.444708488542153724e+00 3.236295144870261264e+00 4.049040116952260071e+00 4.704311403075278619e+00 1.974634557800143186e+00 5.116821035836042197e-01 2.394560786054243273e+00 5.012439617195714625e+00 5.012439617195714625e+00 5.012439617195714625e+00 5.012439617195714625e+00
-9.990508574085982474e+00 -7.753089248824686308e+00 -6.679863686432408798e+00 -5.017233840959764102e+00 -3.029827473024767848e+00 -3.470747856527405251e+00 -3.609174699585689372e-01 2.978935194609379167e+00 3.275359033693925337e+00 5.002639374854105370e+00 3.290528829438726266e+00 -1.963949491314341822e+00 3.589439740114394040e-01 2.588644837200512860e+00 5.005927956992818117e+00 5.005927956992818117e+00 5.005927956992818117e+00 5.005927956992818117e+00
-9.377332451768443988e+00 -7.547317188110194586e+00 -5.672521676983164340e+00 -4.217744199901050983e+00 -2.060729720671994780e+00 -2.537171782510060147e+00 1.631293268651903827e-01 3.090263697729076942e+00 3.534455721720426880e+00 5.522781109886406803e+00 4.466182176738721310e+00 -8.600756767209792875e-01 9.715287210544250041e-01 2.576490755248286302e+00 5.300232826756517746e+00 5.300232826756517746e+00 5.300232826756517746e+00 5.300232826756517746e+00
-9.003319413426087436e+00 -6.817944265405149196e+00 -4.934284991665952802e+00 -3.221193073356794834e+00 -1.658973553850787930e+00 -1.484250574836175396e+00 2.973157245109977254e+00 2.985064294680741970e+00 4.184016765730284249e+00 6.223065988653123881e+00 6.056658128830052945e+00 1.916985918488578911e+00 5.882864905096930608e-01 2.743146482062218006e+00 5.264998371298448276e+00 5.264998371298448276e+00 5.264998371298448276e+00 5.264998371298448276e+00
-8.592456619655530758e+00 -6.433901922319349431e+00 -4.243015542968981535e+00 -2.366056377763213092e+00 -2.080313098611407341e+00 -1.073904209900422291e-01 3.186968428979974899e+00 3.240144397457927372e+00 4.252738774722402582e+00 5.093658544929052567e+00 4.604349046781866406e+00 4.750007997000856186e+00 4.157086052771179041e+00 3.189368938721055535e+00 5.283873719119926093e+00 5.283873719119926093e+00 5.283873719119926093e+00 5.283873719119926093e+00
-7.838252073421767108e+00 -6.005162352735938569e+00 -3.983028302491645078e+00 -1.704338546972198998e+00 -1.818005899214601095e+00 6.652695665287989835e-01 3.525495131367562873e+00 3.864652449823781755e+00 4.097020479255865766e+00 3.267404732881342255e+00 3.373380213141930373e+00 3.189143070675589442e+00 3.918088955541550789e+00 5.141739885633238138e+00 5.148822484581526027e+00 5.148822484581526027e+00 5.148822484581526027e+00 5.148822484581526027e+00
-7.564398757001394635e+00 -5.997831076070485601e+00 -3.641384845759973565e+00 -1.602539314935238490e+00 -8.426261269977719515e-01 2.995624497978363721e+00 3.116120469714728003e+00 3.888519646718919809e+00 3.786630371417620822e+00 1.741354486331581519e+00 1.492268120562618705e+00 1.532056564404932431e+00 2.798469740982771015e+00 4.265768841052000937e+00 5.039997327866853283e+00 5.039997327866853283e+00 5.039997327866853283e+00 5.039997327866853283e+00
-7.956898898818518973e+00 -6.043200052077597917e+00 -3.366976385921504722e+00 -1.783273252269891973e+00 -1.728741698430011242e+00 2.974160753808390734e+00 3.028084361396111479e+00 4.011824241216424447e+00 3.050245673002345281e+00 1.502156617385535187e+00 6.062851279883216815e-01 9.351846476389497065e-01 1.989227839866813508e+00 3.608001460247308501e+00 5.242189335258890637e+00 5.242189335258890637e+00 5.242189335258890637e+00 5.242189335258890637e+00
-8.138181348851864172e+00 -6.086639715183197907e+00 -3.374643478395895180e+00 -1.421633802549169934e+00 -9.760380031961723990e-01 3.080247584076107437e+00 3.101686709797508268e+00 4.038469582750039422e+00 2.936818186497723193e+00 1.385361982424679450e+00 4.732899171390214654e-01 4.127152484189859361e-01 1.255036760956815378e+00 3.321778653489546596e+00 5.308959174775658596e+00 5.308959174775658596e+00 5.308959174775658596e+00 5.308959174775658596e+00
-7.988120625391123220e+00 -6.200270376798712846e+00 -3.462882415147009230e+00 -1.610801965301007055e+00 -9.490988015568119218e-01 3.145132563152635896e+00 3.195583187869748265e+00 4.135132160831876291e+00 2.755405175326063993e+00 1.132698458482967130e+00 -2.571270291396037688e+00 -1.563755024786079861e+00 1.171837021495699238e+00 3.154638057950648111e+00 5.273724719317588239e+00 5.273724719317588239e+00 5.273724719317588239e+00 5.273724719317588239e+00
-8.056505240960534664e+00 -6.910057207431886894e+00 -4.433760611218275471e+00 -2.919920118963659661e+00 -1.825382101356441300e+00 9.231044612773787739e-01 3.155007374939874598e+00 3.947892028811381682e+00 2.313525112249146254e+00 7.179644542665952756e-01 -2.539711924099938400e+00 -1.584799296140225522e+00 1.193797525060945608e+00 3.456097599974578216e+00 5.227102556010479795e+00 5.227102556010479795e+00 5.227102556010479795e+00 5.227102556010479795e+00
-8.054887923980142972e+00 -7.136067488407063841e+00 -5.052196584028582294e+00 -2.825762237155176049e+00 -1.619806042764696752e+00 -4.224265831044500263e-01 3.162047849367495722e+00 3.765359694157688342e+00 2.038895813805640778e+00 -2.872349718896255233e+00 -2.674705432258712712e+00 -1.326924222718135704e+00 1.260488183970740472e+00 3.664983620447099355e+00 5.162097589470362458e+00 5.162097589470362458e+00 5.162097589470362458e+00 5.162097589470362458e+00
-7.903654368647469397e+00 -7.105618284051307576e+00 -5.347519234461902471e+00 -3.691754918921620554e+00 -2.454513107074797418e+00 -1.101495283395618197e+00 1.286028330019769239e+00 2.982079389902591693e+00 1.931548962811318271e+00 -3.779886934342300719e+00 -2.431427200723828896e+00 -4.780446894888329967e-01 1.504747542197938603e+00 3.748312027681594216e+00 5.263490019192448521e+00 5.263490019192448521e+00 5.263490019192448521e+00 5.263490019192448521e+00
-8.333199585555126632e+00 -7.586072324753673435e+00 -6.183337090593562735e+00 -4.704704958226737510e+00 -3.054773348874618932e+00 -2.321243505080374359e+00 -8.454031089370389607e-01 2.744748190360343898e+00 1.313330646881377683e+00 -3.302426991690051494e+00 -1.583835127177402047e-01 1.028720951273268902e+00 1.872855591024537913e+00 4.197666514424224893e+00 5.389899703314763535e+00 5.389899703314763535e+00 5.389899703314763535e+00 5.389899703314763535e+00
-8.753576507105357507e+00 -7.632887775818459453e+00 -6.682192114509253322e+00 -5.365658471380950978e+00 -3.886407539807430034e+00 -2.227025217972530502e+00 -1.675578238358437666e+00 5.571289347229294586e-01 1.818318546525299784e+00 -4.334945764213286590e-01 3.718063830017274141e-01 3.424888671843246968e-01 2.159644214318080735e+00 4.673994903470322093e+00 5.317685522794795006e+00 5.317685522794795006e+00 5.317685522794795006e+00 5.317685522794795006e+00
-9.012434841042978206e+00 -8.299974959086300785e+00 -7.469416050452320377e+00 -6.155661902085537207e+00 -4.937523528937491690e+00 -3.706879199049749385e+00 -2.190652689132460917e+00 -1.368718405234630842e+00 1.540518186757429797e+00 1.223348377807255138e+00 4.126208508976239031e-01 3.222419271188919909e-01 1.881408851030888396e+00 4.752037668439708540e+00 5.282451067336727313e+00 5.282451067336727313e+00 5.282451067336727313e+00 5.282451067336727313e+00
-9.341385729439215524e+00 -8.471885736598329331e+00 -7.896736491923120660e+00 -7.265864066680266298e+00 -6.219264412985913815e+00 -4.867058363600274440e+00 -2.935877144746131595e+00 -1.779112705783451931e+00 3.388381402935343178e-01 1.069336713218451029e+00 6.476898330364149192e-01 4.217806781093677015e-01 1.244244368912010401e+00 4.103336656132878346e+00 5.230458838372501695e+00 5.230458838372501695e+00 5.230458838372501695e+00 5.230458838372501695e+00
-9.981885632670659092e+00 -9.007916694468734775e+00 -8.573914321001128158e+00 -8.076996561637855621e+00 -7.394560584643334877e+00 -6.499373471529593438e+00 -4.395964642312423010e+00 -2.195467007037601892e+00 -1.646623270697700869e+00 9.358698157684698371e-01 8.472336903480983672e-01 9.546917605462654777e-01 1.069721704045540900e-01 3.959314088179659130e+00 5.289454365463782004e+00 5.289454365463782004e+00 5.289454365463782004e+00 5.289454365463782004e+00
-1.028316570888931025e+01 -9.822903572858598054e+00 -9.323575310303404251e+00 -8.846691350277078314e+00 -8.282071537483988166e+00 -7.254105659161712794e+00 -5.602391970563787460e+00 -3.828604859579596287e+00 -1.468037111961799424e+00 -4.007977498042711861e-01 1.065673994414163328e+00 1.100366584772020984e+00 1.277141086085983313e-01 4.241106451400377786e+00 5.425963285838319550e+00 5.425963285838319550e+00 5.425963285838319550e+00 5.425963285838319550e+00
-1.037782566993794653e+01 -1.000861142227803136e+01 -9.555156408424572589e+00 -9.154363311044473761e+00 -8.611746057134718413e+00 -7.672190099502257610e+00 -6.371726685348953367e+00 -4.762975458269343321e+00 -2.770414261947313328e+00 -1.754218198788231264e+00 1.351648879714930862e+00 6.907555264441138654e-01 8.138224739735213653e-01 3.941639874235239649e+00 5.361646326272003549e+00 5.361646326272003549e+00 5.361646326272003549e+00 5.361646326272003549e+00
-1.034154267301236096e+01 -1.010619260408641296e+01 -9.719053902601219264e+00 -9.308570830149365705e+00 -8.836601287304347352e+00 -7.928081922276636995e+00 -6.650070164304570319e+00 -5.354869931079882406e+00 -3.756755720479637350e+00 -2.023384242832760194e+00 -1.913928613972151749e-01 9.321554544298090716e-01 4.895942064658453940e-01 2.947365294276925063e+00 5.326411870813934968e+00 5.326411870813934968e+00 5.326411870813934968e+00 5.326411870813934968e+00
-1.040963254862275988e+01 -1.010675900764388579e+01 -9.579511467599319374e+00 -9.440740730090718458e+00 -8.963370192289909610e+00 -8.082322221013654939e+00 -6.862184879925445458e+00 -5.613574951393054846e+00 -4.152229335219553619e+00 -2.789824287212785414e+00 -2.892691056565395158e+00 8.121079258558820957e-01 -2.409643627991876064e-02 2.580647619551735161e+00 5.291177415355864611e+00 5.291177415355864611e+00 5.291177415355864611e+00 5.291177415355864611e+00
-1.044807263286828203e+01 -1.014262296417473230e+01 -9.855204469184576155e+00 -9.516163889446922042e+00 -9.035280335278805808e+00 -8.307005925663085932e+00 -6.996199407763143086e+00 -5.756145298100523000e+00 -4.784949862894117167e+00 -3.227709290281295829e+00 -2.369223574159490919e+00 1.856989175514436596e-01 -2.011290304086447989e-02 2.793122128550122873e+00 5.302478250800357173e+00 5.302478250800357173e+00 5.302478250800357173e+00 5.302478250800357173e+00
-1.051646560442581801e+01 -1.018699208810811285e+01 -9.871167064227002186e+00 -9.529356668732843261e+00 -9.123191565744093623e+00 -8.429498694669417702e+00 -7.184289043133549768e+00 -5.763345007059784919e+00 -5.188134545045009816e+00 -3.741228981781278051e+00 -1.924365063800342668e+00 -1.799801344013555182e-01 -2.205235591489194680e-01 2.279748124966588296e+00 5.460639581293633249e+00 5.460639581293633249e+00 5.460639581293633249e+00 5.460639581293633249e+00
-1.049775900513447802e+01 -1.022647494934257040e+01 -9.917829457626549328e+00 -9.611740919206393841e+00 -9.162145611455768446e+00 -8.607856859650045322e+00 -7.325331829167779141e+00 -5.802775781471532390e+00 -5.025860321329229663e+00 -3.425674926980232904e+00 -2.912644723735160923e+00 -1.134412391154128397e+00 6.383690881506571824e-01 2.348577103221716644e+00 5.442586854811109376e+00 5.442586854811109376e+00 5.442586854811109376e+00 5.442586854811109376e+00
-1.051687668426413325e+01 -1.027260035864784982e+01 -9.920242903914312294e+00 -9.579508495683482394e+00 -9.247777970938715342e+00 -8.627822146250682778e+00 -7.356579844320726203e+00 -5.854388534818377288e+00 -5.083029815533404161e+00 -3.753233435752358904e+00 -3.087006920079659267e+00 -2.311990536037026978e+00 3.019466028138277358e-01 2.216790118683740651e+00 5.370372674291142623e+00 5.370372674291142623e+00 5.370372674291142623e+00 5.370372674291142623e+00
-1.059833335101893326e+01 -1.022940426770021638e+01 -9.941261924065686983e+00 -9.572763794958909500e+00 -9.279977808762870595e+00 -8.719097174752945989e+00 -7.518461216989013707e+00 -5.872772778237425939e+00 -5.148482408347259565e+00 -3.811773825144579853e+00 -3.865035042779925156e+00 -1.648085506690406543e+00 -3.785120552633842173e-01 2.164778195955300966e+00 5.338541525514912678e+00 5.338541525514912678e+00 5.338541525514912678e+00 5.338541525514912678e+00
-1.061288208210978645e+01 -1.023544487364325839e+01 -9.953437979130114854e+00 -9.622936111558605177e+00 -9.313486538833029016e+00 -8.887114075340248220e+00 -7.590504394012778988e+00 -5.854160185901140068e+00 -5.257069760987749696e+00 -3.853053374428983879e+00 -4.131011277650542546e+00 -2.241276585160400181e+00 -9.178612551923154284e-01 2.093958416730726135e+00 5.171644236704400655e+00 5.171644236704400655e+00 5.171644236704400655e+00 5.171644236704400655e+00
