-1.041158213085404860e+01 -1.032490098521773092e+01 -9.982883129807436973e+00 -9.672955058675219320e+00 -9.338564189449787278e+00 -8.971680654196370952e+00 -8.330525373343487416e+00 -7.240314734930163532e+00 -4.969470213160362526e+00 -2.299377802554810390e+00 -2.397776947423010618e+00 -3.814798352119751490e-01 1.029063999881698832e+00 1.826083809154976478e+00 5.135264528348320923e+00 5.135264528348320923e+00 5.135264528348320923e+00 5.135264528348320923e+00
-1.032192340188708002e+01 -1.010410449349156714e+01 -9.991994602054855790e+00 -9.820924205264018880e+00 -9.474149058553056335e+00 -8.934514343258939562e+00 -8.207593611905895870e+00 -6.836948575999207023e+00 -4.306808697497113592e+00 -2.521503840262072860e+00 -1.712393717183803288e+00 -3.806844862729941159e-02 1.491622922549092456e+00 1.996702560307487495e+00 5.060774461530074930e+00 5.060774461530074930e+00 5.060774461530074930e+00 5.060774461530074930e+00
-1.030646116593119821e+01 -9.995396719299206367e+00 -9.807722716514327033e+00 -9.776352115086117678e+00 -9.571252476622930772e+00 -9.043157394860992682e+00 -8.112891101621293899e+00 -6.797792657774367697e+00 -3.512982215366932337e+00 -3.237771747237981668e+00 -7.904209736809789666e-01 2.314249282862308466e-01 1.010101988654726890e+00 1.989708638461721746e+00 4.877453416623025007e+00 4.877453416623025007e+00 4.877453416623025007e+00 4.877453416623025007e+00
-1.027702840816225560e+01 -1.028676151876420164e+01 -9.805663669809492333e+00 -9.268084246061301101e+00 -9.209956890242263938e+00 -9.043857947362377914e+00 -8.203113297853512620e+00 -6.480665300298901421e+00 -2.590186256542994059e+00 -3.088567867674378853e+00 -4.904239967326615157e-01 4.735879807228148830e-01 8.567990771262536942e-01 2.203410591016304210e+00 4.889649584776248226e+00 4.889649584776248226e+00 4.889649584776248226e+00 4.889649584776248226e+00
-1.051430444092793337e+01 -1.026114180568467482e+01 -9.877113296519784313e+00 -9.563250722972037821e+00 -9.048170591096287296e+00 -8.650970172196549512e+00 -8.161923726692013048e+00 -5.336423328055666104e+00 -2.669821102083621334e+00 -3.131504671939542295e+00 -2.958696101704149095e-01 3.525951560156853071e-01 1.877996892122391515e+00 2.322736384669196852e+00 4.736672388456375060e+00 4.736672388456375060e+00 4.736672388456375060e+00 4.736672388456375060e+00
-1.037677574385579682e+01 -9.971387389312651450e+00 -1.013782044174744001e+01 -9.864474445920070167e+00 -9.340610140082855395e+00 -8.591217368959314982e+00 -7.666597540023965429e+00 -4.028809539480471713e+00 -3.812414971943453246e+00 -2.003502811958818519e+00 3.895690450305373531e-01 3.049572647762336386e-01 1.411739097951236310e+00 2.146409561453689108e+00 4.436560201172714102e+00 4.436560201172714102e+00 4.436560201172714102e+00 4.436560201172714102e+00
-1.046676979746746561e+01 -1.028479327701310986e+01 -9.922257387684727092e+00 -9.741941932976827090e+00 -9.339979028015221729e+00 -8.543522343330788971e+00 -7.361521241809557026e+00 -2.906326203115015883e+00 -3.716333022906500805e+00 -4.951270054163923739e-01 8.146926064985495763e-01 1.620361804521820659e+00 1.605425380245415257e+00 3.345332909447174874e+00 4.354416413154247323e+00 4.354416413154247323e+00 4.354416413154247323e+00 4.354416413154247323e+00
-1.050205729630478402e+01 -1.009170779386352024e+01 -9.976647359281544780e+00 -9.747857485524066945e+00 -9.168658307066390734e+00 -8.241770370723422445e+00 -4.872917539820063482e+00 -2.616441622957442092e+00 -2.883238397142110720e+00 3.366608585482309957e-02 1.518956736393834550e+00 2.026157903837224161e+00 1.801894469376871921e+00 4.350315486566434409e+00 5.221208333255354717e+00 5.221208333255354717e+00 5.221208333255354717e+00 5.221208333255354717e+00
-1.045340670307494335e+01 -1.014843261552769249e+01 -9.557660250602140195e+00 -9.070807606042555093e+00 -8.241584932894070903e+00 -6.930016869657130485e+00 -3.739480119209629194e+00 -4.194732147152018698e+00 -1.009390942702996341e+00 1.038966330757413736e+00 2.085963086159811297e+00 2.706022350727800951e+00 3.395842731214266053e+00 4.821654500537104759e+00 5.094131233452465324e+00 5.094131233452465324e+00 5.094131233452465324e+00 5.094131233452465324e+00
-1.043100267569124640e+01 -1.008502155053455951e+01 -9.533280567781984516e+00 -8.415035738836227353e+00 -7.429255803888310083e+00 -5.398004879845631265e+00 -2.399565797422468894e+00 -3.627667519475056501e+00 -2.201632331512255736e-02 2.100334477635723118e+00 3.035803199533620766e+00 3.499047528027432463e+00 4.938600271683881715e+00 4.966501602414426841e+00 5.205063934717937713e+00 5.205063934717937713e+00 5.205063934717937713e+00 5.205063934717937713e+00
-1.022740587056593853e+01 -9.494037114991614956e+00 -8.927181183685709343e+00 -8.440060888110316739e+00 -6.893152796888461609e+00 -3.949619905109051921e+00 -3.921668281768215358e+00 -1.398849936288938833e+00 1.065733777895234713e+00 3.036204315132284837e+00 3.071278965022266050e+00 4.612048019131562704e+00 2.752035699783113909e+00 2.226519745153256569e+00 5.541775335882142883e+00 5.541775335882142883e+00 5.541775335882142883e+00 5.541775335882142883e+00
-9.900366629839824739e+00 -9.009600656500335703e+00 -8.218768545584513419e+00 -7.704147285665696288e+00 -5.282839863626346499e+00 -2.539891709431908229e+00 -3.245941754789500866e+00 1.453637650120875036e-01 2.793912045526642629e+00 3.082668920493145670e+00 4.481505653372713560e+00 3.786650425770785588e+00 1.995494507484199209e+00 2.419482063325923082e+00 5.213384023039300708e+00 5.213384023039300708e+00 5.213384023039300708e+00 5.213384023039300708e+00
-9.492882981628682160e+00 -8.580279380441465875e+00 -7.845474027274816464e+00 -6.197024751137686138e+00 -4.067036093360576032e+00 -2.984653971413062212e+00 -2.361243813931295676e+00 1.575280616106520259e+00 3.222374607359829835e+00 4.107732261749642788e+00 4.741725873736900354e+00 1.966221204472891282e+00 5.742999324417922269e-01 2.401554397054839640e+00 5.110358660161032240e+00 5.110358660161032240e+00 5.110358660161032240e+00 5.110358660161032240e+00
-1.006594931284561234e+01 -7.802417555900380997e+00 -6.712598749171083234e+00 -5.018614742820627583e+00 -2.903684143926001049e+00 -3.412529973493181323e+00 -2.524103028347444155e-01 2.901246038703351182e+00 3.302849346368663674e+00 5.036047423448225757e+00 3.328371487182980815e+00 -1.933716239619665433e+00 4.401920717969301511e-01 2.560298930680081853e+00 5.019703137782178359e+00 5.019703137782178359e+00 5.019703137782178359e+00 5.019703137782178359e+00
-9.423918600707507309e+00 -7.588411461910314237e+00 -5.707546674490261651e+00 -4.208902336317202675e+00 -2.030844757938976120e+00 -2.498367134655706145e+00 4.417490246059299075e-01 3.038148596765271936e+00 3.573858233116676608e+00 5.597085008980608123e+00 4.441929346069915852e+00 -7.614879390683105820e-01 9.763686538030860174e-01 2.596191021876827154e+00 5.156926563967681787e+00 5.156926563967681787e+00 5.156926563967681787e+00 5.156926563967681787e+00
-9.031483093237866910e+00 -6.859959431658396056e+00 -4.928488706546718667e+00 -3.174413684763151888e+00 -1.752164428479134228e+00 -1.472680658914231833e+00 3.021837114828151538e+00 2.985706833239690994e+00 4.181906948003909719e+00 6.223256119071080228e+00 6.087034182550890904e+00 1.971136869909307698e+00 6.646219087126958858e-01 2.765313939807752863e+00 5.024820276857717261e+00 5.024820276857717261e+00 5.024820276857717261e+00 5.024820276857717261e+00
-8.587580191815014530e+00 -6.463385725017227301e+00 -4.277396604299012139e+00 -2.329176839774095065e+00 -2.153939658472182828e+00 -1.355326665291790300e-01 3.088809042789676162e+00 3.214558059481539054e+00 4.272101111993385381e+00 5.067152178399152440e+00 4.594036149053811968e+00 4.685071817724134391e+00 3.628299940590948847e+00 3.291899301102386932e+00 5.226877463346436770e+00 5.226877463346436770e+00 5.226877463346436770e+00 5.226877463346436770e+00
-7.798978047777413991e+00 -6.002207395600077433e+00 -4.006336446108652360e+00 -1.696171728348693897e+00 -1.810133857165550086e+00 1.115783360724888595e+00 3.509699726118351570e+00 3.886287236692063107e+00 4.058480334977151216e+00 3.267677818713913496e+00 3.307141996520718941e+00 3.182514808639076875e+00 3.940581920777903591e+00 5.118263218709607543e+00 5.066362497595574332e+00 5.066362497595574332e+00 5.066362497595574332e+00 5.066362497595574332e+00
-7.539499160056218230e+00 -6.055648478890894637e+00 -3.561933746417581315e+00 -1.977718671691142127e+00 -4.056095709768384738e-01 3.045750608435506379e+00 3.158506896402372810e+00 3.876709465912794528e+00 3.849436814176001143e+00 1.753393745420609218e+00 1.485142032398022005e+00 1.535308698031140340e+00 2.806110756580825871e+00 4.287537963071391900e+00 5.083328489884761048e+00 5.083328489884761048e+00 5.083328489884761048e+00 5.083328489884761048e+00
-8.107552792787773299e+00 -5.981652394250192017e+00 -3.342074692896093602e+00 -1.649355946301846343e+00 -1.804701806322100754e+00 2.996705681361540918e+00 3.046889278121681421e+00 4.070280541928831042e+00 3.057838044318881288e+00 1.505475597907553587e+00 5.641460976518264392e-01 9.216850841654057325e-01 2.003734905958809875e+00 3.616913582166003671e+00 5.009995499246869599e+00 5.009995499246869599e+00 5.009995499246869599e+00 5.009995499246869599e+00
-8.183818516822679356e+00 -6.105468819155646543e+00 -3.404843113348339223e+00 -1.401362506118852380e+00 -1.045543340228036744e+00 3.095941796395623946e+00 3.117860767065613992e+00 4.044702668961853043e+00 2.979012513900949344e+00 1.354290777951464575e+00 2.869445297388008020e-01 3.346315831353079417e-01 1.275179749964479470e+00 3.269438868834881884e+00 5.106788033409755734e+00 5.106788033409755734e+00 5.106788033409755734e+00 5.106788033409755734e+00
-8.189360155178029288e+00 -6.405019560385253996e+00 -3.522683455897292593e+00 -1.560060903025091594e+00 -9.352001597105721320e-01 3.131495754680869048e+00 3.227345643319396551e+00 4.103269624540079263e+00 2.793385590348251846e+00 1.145209676639865171e+00 -2.540704230151113574e+00 -1.642298299753520485e+00 1.181581680667936229e+00 3.173188770409580250e+00 4.974681746299779661e+00 4.974681746299779661e+00 4.974681746299779661e+00 4.974681746299779661e+00
-8.109654326530165491e+00 -6.879861995409596531e+00 -4.351083766432338962e+00 -2.988438402434231200e+00 -1.899806564557846578e+00 1.387650624352935846e+00 3.200206169265137124e+00 3.957915625607372867e+00 2.312339178636594994e+00 6.033470831703768855e-01 -2.695664811074742317e+00 -1.505203378158921135e+00 1.253490600035017888e+00 3.480534928111243875e+00 5.079706634637048523e+00 5.079706634637048523e+00 5.079706634637048523e+00 5.079706634637048523e+00
-8.091658346661052548e+00 -7.111819260255320074e+00 -5.035438661011266248e+00 -3.029686460445107254e+00 -1.557819358642122065e+00 -6.543853562951978953e-03 3.138570009632269731e+00 3.767460684235894863e+00 2.064335356566821211e+00 -2.891000057086188235e+00 -2.683727119371071002e+00 -1.281571082150677832e+00 1.275685437561465907e+00 3.713519316949460691e+00 4.985629651757045977e+00 4.985629651757045977e+00 4.985629651757045977e+00 4.985629651757045977e+00
-7.870771081942939063e+00 -7.137655582062111037e+00 -5.303956344941163081e+00 -3.529101717170386010e+00 -2.140737298926842058e+00 -1.200280517375047484e+00 1.714108793884379978e+00 3.011291699050619108e+00 1.941307603549867089e+00 -3.826644314160128957e+00 -2.105235005973975504e+00 -4.243366655162031376e-01 1.568443530494093130e+00 3.749809312306592091e+00 4.948963444832799041e+00 4.948963444832799041e+00 4.948963444832799041e+00 4.948963444832799041e+00
-8.417225185924674946e+00 -7.631680547652349489e+00 -6.147464387494465221e+00 -4.738851779821931842e+00 -2.933622466375657378e+00 -2.319486229568957114e+00 -2.895380469526885880e-01 2.766866169367317774e+00 1.366169355177761613e+00 -3.295279155670244542e+00 -2.203100356901998291e-01 1.030684684905418091e+00 1.892309454128700663e+00 4.136492927184690416e+00 5.310834370960169970e+00 5.310834370960169970e+00 5.310834370960169970e+00 5.310834370960169970e+00
-8.771250920529569228e+00 -7.742458304508254230e+00 -6.749851563650793196e+00 -5.440965728401689461e+00 -3.797946230598876927e+00 -2.031767887676019235e+00 -1.923445447587456059e+00 8.647020608898243754e-01 1.817242014531884831e+00 -4.389331406636359234e-01 3.376129558489703864e-01 3.464556829944022143e-01 2.196192888861075776e+00 4.697449111698269952e+00 5.056649502851810141e+00 5.056649502851810141e+00 5.056649502851810141e+00 5.056649502851810141e+00
-9.156095439388924007e+00 -8.219516890419452437e+00 -7.472396066851318075e+00 -6.226193968767334219e+00 -4.925941623025469340e+00 -3.661948440716542130e+00 -2.284154804776594716e+00 -1.113478468709088398e+00 1.320514845868529630e+00 1.226328198105154144e+00 3.337428741927831455e-01 4.570874829822034191e-01 1.846554034230061259e+00 4.743247462302939255e+00 4.924543215741845614e+00 4.924543215741845614e+00 4.924543215741845614e+00 4.924543215741845614e+00
-9.406315179146893968e+00 -8.541493591731168067e+00 -7.974741634261476086e+00 -7.308671596856352259e+00 -6.245600190551618525e+00 -4.834688958964605376e+00 -2.833753891493738575e+00 -2.080763017995415520e+00 3.165420550730951854e-01 9.960036467793618176e-01 5.172096606296496812e-01 4.148824904472835917e-01 1.271440929253807806e+00 4.103913902662303492e+00 4.878761969046890634e+00 4.878761969046890634e+00 4.878761969046890634e+00 4.878761969046890634e+00
-1.004462302243019600e+01 -9.042035632524262567e+00 -8.575250512373409961e+00 -8.145544315313868466e+00 -7.405230693519474272e+00 -6.512329040017510451e+00 -4.442878622514689901e+00 -2.145293423891486029e+00 -1.825367809721211376e+00 1.021063754224487585e+00 8.149273475759495344e-01 9.281927682771786703e-01 2.118906488311217140e-01 3.989087989091232522e+00 4.925511350504264030e+00 4.925511350504264030e+00 4.925511350504264030e+00 4.925511350504264030e+00
-1.030168807004830001e+01 -9.879348441387472590e+00 -9.345313263670275816e+00 -8.895575014101162026e+00 -8.325558480865218769e+00 -7.272991043853531679e+00 -5.602248030186724570e+00 -3.780851995673888410e+00 -1.633523195064519040e+00 -3.798906122140082164e-01 1.044359786054382955e+00 1.155142081969183554e+00 3.760729423418454065e-01 4.619840253115711448e+00 5.359484498812223663e+00 5.359484498812223663e+00 5.359484498812223663e+00 5.359484498812223663e+00
-1.039173236528625566e+01 -1.004019309041195740e+01 -9.570456862506150131e+00 -9.182458043330623099e+00 -8.671021955998810427e+00 -7.662552431622412286e+00 -6.384573860485294183e+00 -4.744471083425231939e+00 -2.665378706240859152e+00 -1.871344293593793395e+00 9.152782741809792899e-01 4.765434157730306097e-01 7.975754233870335774e-01 3.969003839759796648e+00 5.138617259403846838e+00 5.138617259403846838e+00 5.138617259403846838e+00 5.138617259403846838e+00
-1.036158543204386007e+01 -1.014130306719683539e+01 -9.750199895123078164e+00 -9.345499549056640376e+00 -8.883359113098801885e+00 -7.998011084207396593e+00 -6.633830047911901673e+00 -5.356234999510978589e+00 -3.677206231343879583e+00 -1.938618529230910603e+00 -5.857969434035602552e-01 8.340005008133083431e-01 5.869401818949071536e-01 2.991953495631048288e+00 5.006510972293877870e+00 5.006510972293877870e+00 5.006510972293877870e+00 5.006510972293877870e+00
-1.045058858981736805e+01 -1.015770378301713173e+01 -9.646612829282940282e+00 -9.461016625798311708e+00 -8.940720027267227366e+00 -8.145857772349636150e+00 -6.863402985803278789e+00 -5.622930021163978331e+00 -4.136461483556930219e+00 -2.899546967351546378e+00 -2.999298677256105883e+00 6.280282696576972024e-01 2.005328077104507056e-01 2.600420667073944703e+00 4.874404685183902686e+00 4.874404685183902686e+00 4.874404685183902686e+00 4.874404685183902686e+00
-1.046317796653131005e+01 -1.018158017204947186e+01 -9.920635080902041381e+00 -9.568991849925065907e+00 -9.061623759305390990e+00 -8.350417625157058765e+00 -7.011226733651300336e+00 -5.749062240957139913e+00 -4.835171637677618151e+00 -3.241231400651552796e+00 -2.489253729470572107e+00 -2.316717173446629363e-02 -2.219686232266301629e-01 2.728098488600069871e+00 4.767342718296237791e+00 4.767342718296237791e+00 4.767342718296237791e+00 4.767342718296237791e+00
-1.049291268696124035e+01 -1.022840104217154433e+01 -9.901122673653123485e+00 -9.533933693148558319e+00 -9.155796466338465223e+00 -8.453032299532839744e+00 -7.197841844428929825e+00 -5.754489678072033598e+00 -5.242988019166229918e+00 -3.821666025336546646e+00 -1.874648095163719663e+00 -4.681445271105844630e-01 2.751294451014510423e-02 2.291163665971232000e+00 5.402281793659948761e+00 5.402281793659948761e+00 5.402281793659948761e+00 5.402281793659948761e+00
-1.052924428287419722e+01 -1.025134798341921183e+01 -9.949589895043363441e+00 -9.628006331605067913e+00 -9.199718070961697691e+00 -8.606743316509056996e+00 -7.337511197178970157e+00 -5.765314174789055279e+00 -5.048998424717092703e+00 -3.347036855379699638e+00 -3.076527947590514955e+00 -1.395796990092423417e+00 4.894845187874764525e-01 2.362741739505318961e+00 5.342663596954272620e+00 5.342663596954272620e+00 5.342663596954272620e+00 5.342663596954272620e+00
-1.054400854652480035e+01 -1.028345761403178571e+01 -9.941574172334650683e+00 -9.607018647102824715e+00 -9.295156127120122846e+00 -8.663029814202012346e+00 -7.396991655379787645e+00 -5.837585711707600211e+00 -5.094677422959009050e+00 -3.781225402856601470e+00 -2.934308629394127621e+00 -2.272343150861744210e+00 3.368791066326349837e-01 2.239409675620166240e+00 5.088478728845913679e+00 5.088478728845913679e+00 5.088478728845913679e+00 5.088478728845913679e+00
-1.058367155011133676e+01 -1.026278679587036358e+01 -9.974573532265422315e+00 -9.628813906589826388e+00 -9.329141680170524253e+00 -8.721949621144174714e+00 -7.530259285772949340e+00 -5.839000549959922459e+00 -5.198266933518926436e+00 -3.750158168785400203e+00 -3.847287996991935799e+00 -1.698964120365256125e+00 -9.477661125585519486e-02 2.182995795816671691e+00 4.911419651010409559e+00 4.911419651010409559e+00 4.911419651010409559e+00 4.911419651010409559e+00
-1.061710619999681349e+01 -1.029127027586814869e+01 -1.000869133403505984e+01 -9.687553177007025340e+00 -9.353813213378806779e+00 -8.913446093976517659e+00 -7.590467910462820988e+00 -5.832626879215971449e+00 -5.268445242431512021e+00 -3.819475173491236220e+00 -4.091383679088649750e+00 -2.054467100331548668e+00 -8.612877238579310646e-01 2.154948645502761551e+00 4.878878087982466916e+00 4.878878087982466916e+00 4.878878087982466916e+00 4.878878087982466916e+00
