-1.048380430585375578e+01 -1.048617700950217824e+01 -9.999922894973455101e+00 -9.642275016930426546e+00 -9.345964391695160245e+00 -8.994337197169276266e+00 -8.398324935786106948e+00 -7.060331253810373298e+00 -3.507043676557980660e+00 -3.659760154887577777e+00 -1.716055372521265943e+00 2.048835310604683602e-01 4.092847089791420978e-01 2.060154652211861670e+00 5.155146980586828853e+00 5.155146980586828853e+00 5.155146980586828853e+00 5.155146980586828853e+00
-1.047209218834946398e+01 -1.025408563099547798e+01 -1.007207329477672175e+01 -9.797804897343043606e+00 -9.424228308770747020e+00 -8.917788966853827048e+00 -8.151308551351368337e+00 -6.712900593864097765e+00 -2.838087168752545519e+00 -4.074127447031749227e+00 -1.783211360856684635e+00 9.722895843985118747e-02 1.134874279537153807e+00 1.993174103883854187e+00 5.174732660683583951e+00 5.174732660683583951e+00 5.174732660683583951e+00 5.174732660683583951e+00
-1.028100830886831574e+01 -9.993709245826313037e+00 -9.861786906943244446e+00 -9.902252818430392622e+00 -9.640013154668020334e+00 -9.068802261408736243e+00 -8.132827169931287514e+00 -6.465700718598946573e+00 -2.883459833617423307e+00 -4.109026478715116504e+00 -8.908646655511761603e-01 -1.474101981561053709e-01 1.974036931093121838e+00 2.041842278598709370e+00 5.269818426608835260e+00 5.269818426608835260e+00 5.269818426608835260e+00 5.269818426608835260e+00
-1.043888453040322695e+01 -1.032907656736177060e+01 -9.720355283955544934e+00 -9.392538805243205502e+00 -9.277873692789855298e+00 -9.270602741347989451e+00 -8.124793915624413998e+00 -5.875684293605327291e+00 -2.396238921097687324e+00 -3.815315745121007573e+00 -1.115132558015288433e+00 4.774731688108360128e-01 1.417503822289071014e+00 2.119001259724003106e+00 4.829442933112994218e+00 4.829442933112994218e+00 4.829442933112994218e+00 4.829442933112994218e+00
-1.055345968369483067e+01 -1.029152839618306814e+01 -9.954389620915186754e+00 -9.587322649630719340e+00 -9.090713798278027724e+00 -8.654156486539628546e+00 -8.030937378314257913e+00 -5.131453003279140113e+00 -2.100115103611769563e+00 -3.003437656803981781e+00 -3.062415964183572425e-01 7.914068792147604947e-01 1.505772184554400983e+00 2.292898106191034735e+00 4.770989607291179269e+00 4.770989607291179269e+00 4.770989607291179269e+00 4.770989607291179269e+00
-1.032198680860835438e+01 -1.016608885952710928e+01 -1.013147107076111730e+01 -9.854672253465565746e+00 -9.346340678962503645e+00 -8.532575430726883070e+00 -7.866502664059157546e+00 -3.848187200838141031e+00 -4.416196201677161426e+00 -1.305653952741134605e+00 3.182908928249439939e-01 1.104699651080461198e+00 1.653289066261645957e+00 2.134702795420188703e+00 4.477098679334228670e+00 4.477098679334228670e+00 4.477098679334228670e+00 4.477098679334228670e+00
-1.056550099945039811e+01 -1.021097059641767935e+01 -1.003672956843575825e+01 -9.871462116994507596e+00 -9.288968579430502359e+00 -8.472167741062557766e+00 -6.765510077808909450e+00 -2.658064964188653345e+00 -4.236365316253397850e+00 -7.993095296447170206e-01 8.965468236467225571e-01 1.904630608085143617e+00 1.715852731815744381e+00 3.088695991184925660e+00 4.395927757179221906e+00 4.395927757179221906e+00 4.395927757179221906e+00 4.395927757179221906e+00
-1.042597537258700235e+01 -1.023252571642658992e+01 -1.013963358420977023e+01 -9.767737540682198016e+00 -9.228695717866312265e+00 -8.289107681479343626e+00 -4.965572775641351910e+00 -3.362111837883682952e+00 -3.203251849888693936e+00 -1.910801441237127973e-01 1.297266240101936585e+00 2.021859237127514586e+00 1.877529708179147772e+00 4.277534667028150217e+00 5.165918232912663832e+00 5.165918232912663832e+00 5.165918232912663832e+00 5.165918232912663832e+00
-1.034519976323486645e+01 -1.015100414581838706e+01 -9.467106751426753064e+00 -9.212548243102387957e+00 -8.414872447656104981e+00 -7.026711800218048865e+00 -3.238029152240923025e+00 -4.308610635423925750e+00 -2.293662425938262750e+00 7.056597472350022437e-01 2.047645905694964075e+00 2.716949349055648000e+00 3.248861460194984119e+00 4.758865685835171000e+00 5.261648308623938064e+00 5.261648308623938064e+00 5.261648308623938064e+00 5.261648308623938064e+00
-1.057742098784527940e+01 -1.019236080869631422e+01 -9.377454294857519912e+00 -8.468473823484501395e+00 -7.524417737620106905e+00 -5.476727598045044054e+00 -3.078328047585366267e+00 -4.254125451994137386e+00 -2.207288706575823989e-01 1.549501307643049719e+00 2.845600222506505794e+00 3.386755976588880834e+00 4.919930150868048635e+00 4.951102618303294456e+00 5.431294184449913409e+00 5.431294184449913409e+00 5.431294184449913409e+00 5.431294184449913409e+00
-1.021913525779924647e+01 -9.593505656040166585e+00 -9.062945861848767493e+00 -8.496481931908302698e+00 -6.959760999779533996e+00 -3.879288867423138054e+00 -3.812718742063665456e+00 -3.041656838600070412e+00 5.185946050911767191e-01 2.786193504682721755e+00 2.928452721929149849e+00 4.556927374483599635e+00 2.979053384478039135e+00 2.290256283129901593e+00 5.785052900398206077e+00 5.785052900398206077e+00 5.785052900398206077e+00 5.785052900398206077e+00
-9.867606254222364370e+00 -9.114910008979977718e+00 -8.355055466030133715e+00 -8.076254232473658590e+00 -5.515393832518253880e+00 -2.374924957899478439e+00 -3.416157881921886297e+00 -5.750259421599989151e-01 1.615631856121795940e+00 3.231415301524484640e+00 4.364749970386850642e+00 3.711386303168954903e+00 2.073457379222560348e+00 2.452705092796590325e+00 5.180235768840335098e+00 5.180235768840335098e+00 5.180235768840335098e+00 5.180235768840335098e+00
-9.482460684858853739e+00 -8.688485624467451984e+00 -7.985368278756443949e+00 -6.439425405081528275e+00 -4.001898972271158428e+00 -3.517095723601299628e+00 -3.147466771275536424e+00 -5.337168072189490964e-02 3.377647768424277608e+00 3.968822812869195804e+00 4.709406024054304751e+00 2.213361528453532401e+00 4.853517771907135403e-01 2.338229917405647118e+00 4.909568966972344128e+00 4.909568966972344128e+00 4.909568966972344128e+00 4.909568966972344128e+00
-1.007235453493789734e+01 -8.060622088041638378e+00 -6.893849944663491769e+00 -5.359474742101180134e+00 -2.695964980245050935e+00 -2.436804148814019744e+00 -2.045804138540130879e+00 8.326568204202404733e-01 3.242227987089657315e+00 4.894376542536264196e+00 3.228691370135569283e+00 -1.990192597963582388e+00 3.979311694455989756e-01 2.523233212132375503e+00 5.156082308877237175e+00 5.156082308877237175e+00 5.156082308877237175e+00 5.156082308877237175e+00
-9.553454240771053207e+00 -7.741997364512521962e+00 -5.967764589249346052e+00 -4.494047806472441842e+00 -2.116525306490868008e+00 -2.950514393482296605e+00 -1.770602816078736819e-01 2.696686217810996933e+00 3.467704714570430724e+00 5.535287573974356334e+00 4.344128170942375355e+00 -6.753717317852050428e-01 9.728011989545689575e-01 2.536226081732136262e+00 5.288654546414297108e+00 5.288654546414297108e+00 5.288654546414297108e+00 5.288654546414297108e+00
-9.127573439558725354e+00 -7.080198684034399115e+00 -5.195018499739715523e+00 -3.698770097192656703e+00 -1.760979256066671494e+00 -2.373542976752764933e+00 4.600435857819753505e-01 2.943892008213054190e+00 4.102897373646892554e+00 6.110033425638189186e+00 5.869858594502543880e+00 2.034150449947983219e+00 7.038797158961614953e-01 2.729865146545423560e+00 5.359991800698595377e+00 5.359991800698595377e+00 5.359991800698595377e+00 5.359991800698595377e+00
-8.854470854808633717e+00 -6.585851384028582167e+00 -4.727143636429784301e+00 -3.196917056745439023e+00 -2.411310691735462974e+00 -1.112943606489195103e+00 2.373610642982193486e+00 3.264329785367783288e+00 4.152148219846220734e+00 5.016342813785056087e+00 4.499413028814364779e+00 4.603047518066183841e+00 3.509600422384044016e+00 3.203926036669717980e+00 5.713750516646874722e+00 5.713750516646874722e+00 5.713750516646874722e+00 5.713750516646874722e+00
-8.150935342505036374e+00 -6.361042792156007764e+00 -4.220788753240086066e+00 -2.160795165135337648e+00 -2.820045901124570431e+00 -8.188426188649031157e-02 3.537683012883769962e+00 3.823415384142999862e+00 3.935712931725363628e+00 3.209254902845361634e+00 3.145280022711011370e+00 3.084172808529734411e+00 3.902957539033273804e+00 5.095529156900633794e+00 5.243898391959127991e+00 5.243898391959127991e+00 5.243898391959127991e+00 5.243898391959127991e+00
-7.629654525986845570e+00 -6.248861352877852937e+00 -4.237274371303610287e+00 -1.756568712373409280e+00 -2.678289681580918735e+00 3.491985027538505038e-01 2.975506731628796864e+00 3.712160238335309170e+00 3.683905188492018201e+00 1.798817653686426876e+00 1.522023164991594957e+00 1.557810561379321612e+00 2.766889043487659627e+00 4.257550133592095776e+00 5.050516309130559378e+00 5.050516309130559378e+00 5.050516309130559378e+00 5.050516309130559378e+00
-8.023978612926256915e+00 -6.213170812849981850e+00 -3.731536843855122854e+00 -1.620936825300224982e+00 -2.088924158347191806e+00 6.243980461121606540e-01 3.179018688378419277e+00 3.936111406841608318e+00 3.006172788184187539e+00 1.514313353455909006e+00 8.554739433893256972e-01 9.910003897236289161e-01 1.922581573554558831e+00 3.583091040074029010e+00 5.388998512918695916e+00 5.388998512918695916e+00 5.388998512918695916e+00 5.388998512918695916e+00
-8.264542421659282212e+00 -6.420178858886791851e+00 -4.063304472312081472e+00 -2.914979509091394139e+00 -1.992389277595805419e+00 4.041691719906693736e-01 3.096645347783345770e+00 4.025015889709951722e+00 2.959027729300911513e+00 1.368009258112065529e+00 5.271604452336569047e-01 3.990330277065893272e-01 1.222658580101414927e+00 3.201251767938051884e+00 5.325785035229332109e+00 5.325785035229332109e+00 5.325785035229332109e+00 5.325785035229332109e+00
-8.215978165874171069e+00 -6.640706780072370918e+00 -3.967784194552572696e+00 -2.727189850881085675e+00 -2.251430225340909086e+00 4.515273342916810151e-01 3.292320362752373164e+00 3.986009677461323175e+00 2.739199006492726518e+00 1.088839214673344102e+00 -2.469226196965685016e+00 -1.670337652472244638e+00 1.151550057698253582e+00 3.077569502522727873e+00 5.293399846417326415e+00 5.293399846417326415e+00 5.293399846417326415e+00 5.293399846417326415e+00
-8.214259898693200057e+00 -6.962347464722921764e+00 -4.741015120301408814e+00 -2.279482168561324240e+00 -2.071307275347957777e+00 3.666163487629340856e-01 3.421524046390171048e+00 3.904237346093254679e+00 2.259007774707634031e+00 6.783100355170195161e-01 -2.534056318142971165e+00 -1.566009668112886555e+00 1.133063855263280795e+00 3.375992360929587210e+00 5.484531743522759406e+00 5.484531743522759406e+00 5.484531743522759406e+00 5.484531743522759406e+00
-8.182605221218818059e+00 -7.293236813978930755e+00 -5.112118381995427008e+00 -2.699268474913723459e+00 -2.167059607407870736e+00 -8.222779001909519270e-02 2.188940537038055023e+00 3.596899837530978861e+00 1.965908290652714996e+00 -1.310781852867037189e+00 -2.638655997923684549e+00 -1.362759604151606352e+00 1.179318199569212577e+00 3.703385159377547531e+00 4.944950309383854048e+00 4.944950309383854048e+00 4.944950309383854048e+00 4.944950309383854048e+00
-8.073111934303796033e+00 -7.205237848272210144e+00 -5.692634736210769653e+00 -4.137784164885816907e+00 -2.195129190077881542e+00 -1.660923093633895897e+00 6.558506590728765406e-01 2.755331427142553746e+00 2.299447724386483927e+00 -3.721148108727099224e+00 -2.321613325068384803e+00 -5.163777746443047878e-01 1.446111233022586706e+00 3.674536136154170851e+00 5.465085449878275270e+00 5.465085449878275270e+00 5.465085449878275270e+00 5.465085449878275270e+00
-8.372460416451710685e+00 -7.859247548652816384e+00 -6.639595230541138982e+00 -4.826493387771105148e+00 -3.038542974505674010e+00 -2.041477290621578788e+00 -9.271001821125430808e-01 1.213273921749481010e+00 2.143390836530826515e+00 -3.181433658693386679e+00 -2.276837312126396007e-01 9.984780850844737765e-01 1.836110208970964663e+00 4.268604447169640714e+00 5.435111999431392782e+00 5.435111999431392782e+00 5.435111999431392782e+00 5.435111999431392782e+00
-8.773088301098571407e+00 -7.874547438132314170e+00 -7.067613593151972573e+00 -5.644010314685147911e+00 -4.027836928414685325e+00 -2.307041559394370722e+00 -2.504929798073977310e+00 3.172047695660266675e-01 1.420196920593797207e+00 -4.931586605879776514e-02 2.199694347790394355e-01 7.727076766315233991e-01 2.203283965633032970e+00 4.697577612413608605e+00 5.362915524044374216e+00 5.362915524044374216e+00 5.362915524044374216e+00 5.362915524044374216e+00
-9.118162736387366962e+00 -8.182339778497087934e+00 -7.363568900907498715e+00 -6.631358376140248367e+00 -5.136744582943893356e+00 -3.557073024193937894e+00 -2.533965372639475522e+00 -2.134737550443235321e+00 2.381939913458595293e-01 1.182358104931714005e+00 6.272959309031609365e-01 -3.887214063836464950e-01 1.732601823843292754e+00 4.877972714271884058e+00 5.330530335232366745e+00 5.330530335232366745e+00 5.330530335232366745e+00 5.330530335232366745e+00
-9.430714867036321891e+00 -8.521918817988469286e+00 -7.996402355061366762e+00 -7.293178828643724465e+00 -6.316659214249154886e+00 -4.987814959624026656e+00 -2.654064144910097678e+00 -2.891743004382596016e+00 -3.296149346011751358e-01 9.360809072837522615e-01 9.625981702208856738e-01 8.180353114853110563e-01 1.035898218809675253e+00 4.041639672490571655e+00 4.861801944938747511e+00 4.861801944938747511e+00 4.861801944938747511e+00 4.861801944938747511e+00
-9.899902856764947856e+00 -9.007531862604182038e+00 -8.520917207941856475e+00 -8.067053863143284431e+00 -7.360448224216050939e+00 -6.422138825700200115e+00 -4.106157547030356625e+00 -2.512379627225074685e+00 -2.030503366368138440e+00 3.929136904514998752e-01 8.531096648842452224e-01 9.763598391976753277e-01 2.005623969228852166e-01 3.900626509994493674e+00 5.532850580915321004e+00 5.532850580915321004e+00 5.532850580915321004e+00 5.532850580915321004e+00
-1.030422279210185188e+01 -9.874299854439170687e+00 -9.354077062824575961e+00 -8.855178359486437500e+00 -8.274932805945285352e+00 -7.184899706277714238e+00 -5.405078772142038801e+00 -2.624105892529581485e+00 -2.802975188271641827e+00 -1.250041029158392714e-01 8.637374014170524639e-01 9.464571456538053429e-01 2.731797354298777791e-01 4.362169635753394559e+00 5.504627677058428148e+00 5.504627677058428148e+00 5.504627677058428148e+00 5.504627677058428148e+00
-1.039848381201914229e+01 -1.003277422470163138e+01 -9.577362040194991266e+00 -9.159202300778620298e+00 -8.559717009456148773e+00 -7.628680830905204324e+00 -6.329682291940095240e+00 -3.601342477229997563e+00 -2.769881376313363841e+00 -1.169464167787356512e+00 6.365818374651279754e-01 9.052642143643282457e-01 7.978208304677206764e-01 3.080113447321925157e+00 5.432431201671416687e+00 5.432431201671416687e+00 5.432431201671416687e+00 5.432431201671416687e+00
-1.052957406301618981e+01 -1.013524895545288906e+01 -9.744055624630423296e+00 -9.296263693812880646e+00 -8.833659424593163223e+00 -7.917985020644859873e+00 -6.664266139160002211e+00 -4.935677735270015631e+00 -2.345648613843026364e+00 -2.807599418652634959e+00 2.138252273359833033e-01 8.190475276868681709e-01 5.909809565422834421e-01 2.743518090667999232e+00 5.400046012859409217e+00 5.400046012859409217e+00 5.400046012859409217e+00 5.400046012859409217e+00
-1.048682516537324716e+01 -1.018980119153575714e+01 -9.802746877292523919e+00 -9.435086938923344491e+00 -8.928114689035544060e+00 -8.093255868880802950e+00 -6.939785615542746200e+00 -5.560480565217418736e+00 -2.911665978604907945e+00 -3.244444888680824590e+00 -3.055229264016070534e-01 6.362878732264295456e-01 8.203162873736702387e-01 2.664967389548242860e+00 4.773900884504755915e+00 4.773900884504755915e+00 4.773900884504755915e+00 4.773900884504755915e+00
-1.050157910197877165e+01 -1.020162446640030929e+01 -9.880627395514585132e+00 -9.517004248246481168e+00 -9.017293324004361565e+00 -8.311729553201688603e+00 -7.131968902460782189e+00 -5.718630652000522119e+00 -4.254512300621457577e+00 -3.279802857279867201e+00 -1.275509823037884960e+00 2.945880495678396271e-01 3.746609391987395510e-01 2.818208176200928783e+00 5.041596877321604886e+00 5.041596877321604886e+00 5.041596877321604886e+00 5.041596877321604886e+00
-1.053618007157242253e+01 -1.024024676234884801e+01 -9.889299995919555997e+00 -9.512326944665751682e+00 -9.109342131753150440e+00 -8.391629468191380781e+00 -7.242767213653213076e+00 -5.860263836278973848e+00 -4.741304931071388395e+00 -2.809901738778222136e+00 -2.529391749158867331e+00 1.451221131906542047e-02 5.178702487617290462e-01 2.486751875407874568e+00 5.574143354685475060e+00 5.574143354685475060e+00 5.574143354685475060e+00 5.574143354685475060e+00
-1.055207195512341833e+01 -1.022483456841765559e+01 -9.942933302797328565e+00 -9.586508441926451241e+00 -9.153168795507127697e+00 -8.557172964619301325e+00 -7.341924932961119588e+00 -5.895577541910609121e+00 -4.842918279292037553e+00 -2.472663281911496203e+00 -2.829702340205479949e+00 -2.604237338578442862e-01 5.148904813964341048e-02 2.512519754072609413e+00 5.541758165873467590e+00 5.541758165873467590e+00 5.541758165873467590e+00 5.541758165873467590e+00
-1.056776034315269364e+01 -1.027785843160793888e+01 -9.940118503405614092e+00 -9.608606930351589526e+00 -9.233163537975464408e+00 -8.582761054512976884e+00 -7.409963105384859361e+00 -5.943507950674574047e+00 -5.065935910531884190e+00 -2.589076075552777745e+00 -3.052139546371782419e+00 -1.835167373406538793e-01 -1.008049350758279811e-01 2.504014927332725904e+00 5.469561690486449912e+00 5.469561690486449912e+00 5.469561690486449912e+00 5.469561690486449912e+00
-1.061777512406055557e+01 -1.031335265173266436e+01 -9.973945964932724451e+00 -9.641471830289320977e+00 -9.302688212234002663e+00 -8.648146754579428830e+00 -7.543396146941313773e+00 -5.903635866090808371e+00 -5.207800239043259616e+00 -3.475327649412383035e+00 -2.951442266891338040e+00 -3.675239358130656941e-01 -3.039064547124904758e-02 2.458283209805848024e+00 4.802696355214132851e+00 4.802696355214132851e+00 4.802696355214132851e+00 4.802696355214132851e+00
-1.062775660056446192e+01 -1.035566617481686791e+01 -1.000846920544265295e+01 -9.670999526394105317e+00 -9.369729956705889151e+00 -8.841826960170262595e+00 -7.572384286348770921e+00 -5.809279208086971735e+00 -5.381797537875315562e+00 -3.803130239044767880e+00 -2.681664624252333873e+00 -1.164065707234360758e+00 -2.961665824768384692e-01 2.321857717398744025e+00 5.053938321757973640e+00 5.053938321757973640e+00 5.053938321757973640e+00 5.053938321757973640e+00
