-1.025127039841807530e+01 -1.035600538512839464e+01 -1.001672812815269609e+01 -9.687015371170890177e+00 -9.360435277068239301e+00 -8.983282051609364771e+00 -8.308342235567703682e+00 -7.325621183367489131e+00 -4.794611522903496237e+00 -3.157102738367036032e+00 -2.054336640416151383e+00 -2.606686706704885559e+00 -4.028580928179190113e-02 1.871528224888578951e+00 4.793094667332421288e+00 4.793094667332421288e+00 4.793094667332421288e+00 4.793094667332421288e+00
-1.020413168220158973e+01 -1.023955825240314255e+01 -1.012659907818857441e+01 -9.961593618091736602e+00 -9.538843125821124147e+00 -8.953857893200817486e+00 -8.266674163554807109e+00 -7.065461121564601044e+00 -4.764325764437511879e+00 -2.084015097420225615e+00 -2.004793255074456493e+00 -5.501347458401495416e-01 -4.137461083150627550e-01 2.132897927141382599e+00 5.027298496568507247e+00 5.027298496568507247e+00 5.027298496568507247e+00 5.027298496568507247e+00
-1.023201966283138198e+01 -1.012649529524763636e+01 -9.639765689536789139e+00 -9.684913261307809051e+00 -9.734986797252538793e+00 -9.193109283722984415e+00 -8.178348230809845631e+00 -6.978374324891449376e+00 -4.204933719652748536e+00 -2.487262615301726765e+00 -3.044040398689704219e+00 -1.332015001136973020e-01 -2.280602456967074088e-01 2.171567864475739462e+00 4.962954732924546697e+00 4.962954732924546697e+00 4.962954732924546697e+00 4.962954732924546697e+00
-1.020244126745676816e+01 -1.016411249641746650e+01 -9.989817633759159321e+00 -9.295814977101256815e+00 -9.228836187127104296e+00 -9.247090446866048197e+00 -8.306280339940357749e+00 -6.765882014199545047e+00 -2.998717159018057909e+00 -2.634317850792309734e+00 -1.731102323290518941e+00 5.480416503506322506e-02 2.480435167696238841e-01 2.322967146690102069e+00 4.529445766255014938e+00 4.529445766255014938e+00 4.529445766255014938e+00 4.529445766255014938e+00
-1.052196430202791788e+01 -1.032593173268347542e+01 -1.001483744918400909e+01 -9.645458289031051180e+00 -9.113120700045081790e+00 -8.703981543383443764e+00 -8.111245456555803202e+00 -6.340575161140369786e+00 -2.363984603391832362e+00 -2.650151433999709205e+00 -6.779887778835805845e-01 2.097250316180764018e-01 1.443309951961139426e+00 2.406831480937202006e+00 4.521690380631637751e+00 4.521690380631637751e+00 4.521690380631637751e+00 4.521690380631637751e+00
-1.051447366231973746e+01 -1.000429407377365898e+01 -1.025163903257134024e+01 -1.000916349458005605e+01 -9.385260930669119261e+00 -8.687401786852488428e+00 -7.871800272823951339e+00 -5.099500196961142429e+00 -2.998223490650181233e+00 -2.650147312011822187e+00 -3.822355435224141784e-01 1.436180674080949293e+00 1.176022852461982460e+00 2.177038627998673981e+00 4.404557073857479743e+00 4.404557073857479743e+00 4.404557073857479743e+00 4.404557073857479743e+00
-1.040964729921199350e+01 -1.043731997970167669e+01 -9.987935744429123019e+00 -9.654575796797992382e+00 -9.414456087424888153e+00 -8.675932448326495461e+00 -7.655525029992176655e+00 -3.473693760311775680e+00 -3.223167628303006182e+00 -1.094248415639551775e+00 -4.720721240590622925e-01 1.394161046045926611e+00 1.585281437961836293e+00 3.375781751184438129e+00 4.234797586208017606e+00 4.234797586208017606e+00 4.234797586208017606e+00 4.234797586208017606e+00
-1.065529257463551183e+01 -1.016743928611989922e+01 -9.999402131863046606e+00 -9.994307969364182753e+00 -9.322413807487240689e+00 -8.245362679792949123e+00 -6.007531654114135478e+00 -2.540130491648083577e+00 -2.641738169851234552e+00 1.275654912795060048e-02 1.449512765302602535e+00 2.132766204740937699e+00 1.835974859692871775e+00 4.342245557654472066e+00 4.992843770327592523e+00 4.992843770327592523e+00 4.992843770327592523e+00 4.992843770327592523e+00
-1.057214359343546661e+01 -1.030393426603992069e+01 -9.667868810362612919e+00 -9.072640356427449149e+00 -8.203243871987128344e+00 -7.055577562769446587e+00 -3.547144050111836755e+00 -3.362418336866056734e+00 -6.704674162950317040e-01 5.957477997397211400e-01 2.179929371914099079e+00 2.768938151339614073e+00 3.443458900730512529e+00 4.765254625300016755e+00 4.966783312331181754e+00 4.966783312331181754e+00 4.966783312331181754e+00 4.966783312331181754e+00
-1.023981394976201997e+01 -9.974175241875933295e+00 -9.541841981116853333e+00 -8.468566109102923178e+00 -7.400564556098728985e+00 -5.055143063323646935e+00 -2.871755811757203514e+00 -2.539735975215919428e+00 2.472935884722368416e-01 2.118411155373330246e+00 3.055028355177379140e+00 3.461683648031213423e+00 4.937726329479968257e+00 4.936667330710609924e+00 5.411675536078481841e+00 5.411675536078481841e+00 5.411675536078481841e+00 5.411675536078481841e+00
-1.025833035910083169e+01 -9.501135564222883190e+00 -8.785179628998333712e+00 -8.412231118221969339e+00 -6.888572978151962900e+00 -2.912930546192862735e+00 -3.388126493649874504e+00 -2.421057859550566904e-01 2.011289375138896052e+00 3.099405228962686998e+00 3.119301397984144408e+00 4.630532497229364886e+00 2.832297907174009755e+00 2.380259561301582227e+00 5.445322111482123972e+00 5.445322111482123972e+00 5.445322111482123972e+00 5.445322111482123972e+00
-9.881002795618556434e+00 -9.033616723231276069e+00 -8.130210406903151110e+00 -7.509758789782023491e+00 -4.609840739150278921e+00 -2.892845144138310065e+00 -1.958427964134338728e+00 8.474882052972165791e-01 2.959435081674107959e+00 3.195057326616549620e+00 4.491884993317878383e+00 3.724866323594077322e+00 1.018469676566843507e+00 2.516943801675066705e+00 4.946858390487866686e+00 4.946858390487866686e+00 4.946858390487866686e+00 4.946858390487866686e+00
-9.598098210062920188e+00 -8.603758689009140426e+00 -7.528057261997002314e+00 -5.929516586967151781e+00 -2.699868551270554917e+00 -3.466515134403342913e+00 3.419926921986629620e-03 3.061354041114205948e+00 3.303684517690588240e+00 4.110480634910594233e+00 4.750766787458104545e+00 -1.385991876285777025e-01 5.092346172065644883e-01 2.440811157423516065e+00 4.889478149064695245e+00 4.889478149064695245e+00 4.889478149064695245e+00 4.889478149064695245e+00
-1.012069041027876182e+01 -8.003906978851210496e+00 -6.419279686715747779e+00 -3.927370546287074049e+00 -3.081256817564861805e+00 -1.538405599500934029e+00 1.317169679764528256e+00 3.143688002246068702e+00 3.326233711542772475e+00 5.024820944517987442e+00 3.330791504102905698e+00 -1.859733934520050536e+00 4.018809420058834236e-01 2.682222763073453198e+00 4.676933018506765904e+00 4.676933018506765904e+00 4.676933018506765904e+00 4.676933018506765904e+00
-9.467637254592677465e+00 -7.485725658909593960e+00 -5.064291151145795311e+00 -2.301803346769588199e+00 -2.271056847148803737e+00 6.044173140103441255e-02 3.127966363891014900e+00 3.252210391487655006e+00 3.581295293364678223e+00 5.673431850297081525e+00 4.564063069524344485e+00 -7.769496888590300410e-01 9.342783957749558610e-01 2.746096585255750622e+00 4.842617884882657542e+00 4.842617884882657542e+00 4.842617884882657542e+00 4.842617884882657542e+00
-9.239616144368156370e+00 -6.870741481598813039e+00 -4.053774548441706926e+00 -2.676372854216330310e+00 -1.055917669136969161e+00 1.913794853488729464e+00 3.072916061901302953e+00 3.105162904821101577e+00 4.209923048753551278e+00 6.295962941096203025e+00 6.070355130319808445e+00 1.999512379903475523e+00 7.588270092498506925e-01 2.806790549467936380e+00 5.015270166631196957e+00 5.015270166631196957e+00 5.015270166631196957e+00 5.015270166631196957e+00
-8.635963096699095232e+00 -6.002516204748332029e+00 -2.931124996339681488e+00 -2.048800861599329615e+00 -3.713658147759023587e-01 3.005678277268504672e+00 3.225449702357869874e+00 3.348105421330690668e+00 4.215992143447207852e+00 5.020177941188990189e+00 4.558678857283823938e+00 4.810466754183103433e+00 3.667801269476127057e+00 3.324134859948224996e+00 5.247571344529681880e+00 5.247571344529681880e+00 5.247571344529681880e+00 5.247571344529681880e+00
-7.836207670911658596e+00 -5.669002622636285516e+00 -2.705167602562216445e+00 -1.716713668590850173e+00 1.137756952097031815e-01 2.718794367164260706e+00 3.597840279838543154e+00 3.903934304251216680e+00 4.113446547465994918e+00 3.214031669096118371e+00 3.221596296855348207e+00 3.158320689357663635e+00 4.037684905751862452e+00 5.169172951425197837e+00 4.844913140737967083e+00 4.844913140737967083e+00 4.844913140737967083e+00 4.844913140737967083e+00
-7.548144853495712070e+00 -5.835988770647130508e+00 -2.611513236300928575e+00 -1.048714630103783740e+00 8.624354240656291193e-01 3.122128303083146150e+00 3.186634562234254453e+00 3.926811817200358767e+00 3.836788210178124103e+00 1.799940067066903016e+00 1.333972788261897691e+00 1.450082982639956164e+00 2.763901025969319303e+00 4.391456196598623407e+00 4.703641961438062680e+00 4.703641961438062680e+00 4.703641961438062680e+00 4.703641961438062680e+00
-8.197906526404779015e+00 -5.739541792683980681e+00 -2.404076411693048865e+00 -7.484244842448115609e-01 1.569640433143629998e+00 3.102643617038921775e+00 3.147353055666757715e+00 4.035698710244616905e+00 3.152949036720319675e+00 1.561823728779157427e+00 -8.417335026153556221e-01 8.223157535010237051e-01 1.965604862896837890e+00 3.654234117160159556e+00 4.746440205880062990e+00 4.746440205880062990e+00 4.746440205880062990e+00 4.746440205880062990e+00
-8.142764176487196082e+00 -6.082880549431967765e+00 -3.295643075477637574e+00 -1.582881346462012173e+00 8.661487161359364695e-01 3.133522769096785510e+00 3.216091871217726883e+00 4.090177090241720492e+00 3.060631148348636366e+00 1.458808135797045491e+00 -1.025364618951218221e+00 1.042547864644149599e-02 1.288288295594298472e+00 3.350013608310453250e+00 4.764899990543429276e+00 4.764899990543429276e+00 4.764899990543429276e+00 4.764899990543429276e+00
-8.183376846161674933e+00 -6.535133988312979092e+00 -3.786011114141330403e+00 -1.635771786776925252e+00 2.936833889376401219e-01 3.254433964674665170e+00 3.250123144349267079e+00 4.175699313517739597e+00 2.756164750017330078e+00 1.157638204983940433e+00 -2.754128674017990885e+00 -1.803547898074269629e+00 1.238579857822095676e+00 3.217250037534195251e+00 4.752125448783814932e+00 4.752125448783814932e+00 4.752125448783814932e+00 4.752125448783814932e+00
-8.070908319769531047e+00 -6.712947407404323386e+00 -3.610665821469305925e+00 -2.282339248454578140e+00 -1.811270793638468934e-01 3.181872689680079525e+00 3.278248422930126971e+00 4.060635633905067543e+00 2.380087085687307535e+00 -4.304821779624319888e-01 -2.815986517434895475e+00 -1.639480091667908646e+00 1.218700996154600258e+00 3.497622400919619068e+00 4.820018085512417727e+00 4.820018085512417727e+00 4.820018085512417727e+00 4.820018085512417727e+00
-8.131323204690588113e+00 -7.144211400734882034e+00 -4.451591999384179488e+00 -1.774488408343908308e+00 -4.871353029129430467e-01 2.379517434739359949e+00 3.211039148161703327e+00 3.803703189716499011e+00 2.123341288913167091e+00 -4.006763506813176612e+00 -2.970470146958717805e+00 -1.198208295294943992e+00 1.276302846651133027e+00 3.717361751059613972e+00 4.655821299754776987e+00 4.655821299754776987e+00 4.655821299754776987e+00 4.655821299754776987e+00
-7.929013645424069168e+00 -7.246466102699528733e+00 -5.196413547450372761e+00 -2.655839010731832150e+00 -8.754979692116342527e-01 8.425406694448394074e-01 3.226965606901381012e+00 3.067397413782936511e+00 2.152445859730193423e+00 -4.388574611232091804e+00 -2.796250781730506674e+00 -6.338172453105083148e-01 1.564306542213263373e+00 3.732245416629370816e+00 4.702745679534968914e+00 4.702745679534968914e+00 4.702745679534968914e+00 4.702745679534968914e+00
-8.410278922770670462e+00 -7.667036040918997486e+00 -6.389169572487691795e+00 -3.725188320896989591e+00 -1.456225320985927274e+00 -1.506721523168654375e+00 1.504341067042114677e+00 2.806940497934681034e+00 1.409493714272199938e+00 -3.947150733181421067e+00 -2.222730562603896232e+00 1.140823823057456554e+00 1.885790404593439717e+00 4.098240445472085547e+00 4.697187600855563971e+00 4.697187600855563971e+00 4.697187600855563971e+00 4.697187600855563971e+00
-8.925501165092308398e+00 -7.915395356149641515e+00 -6.851026035505439538e+00 -5.184854562599055861e+00 -2.674875267993154004e+00 -1.168105951200735459e+00 -1.758441881916537497e+00 1.496717288169177484e+00 2.043651647990699871e+00 -1.627031817519928758e+00 -9.035464200202131257e-01 4.097164760267319461e-01 2.134214228416820625e+00 4.318793646623564797e+00 4.687182096204189463e+00 4.687182096204189463e+00 4.687182096204189463e+00 4.687182096204189463e+00
-9.212401848663597903e+00 -8.455374127936211792e+00 -7.608885977879101148e+00 -6.075926410915540643e+00 -4.235060211305799349e+00 -2.444935758113993884e+00 -3.210731008946534182e+00 -1.302913303196757022e+00 1.287607639735840248e+00 1.561713055196068733e+00 -9.342947227332971671e-01 -3.295886178617682960e-01 1.792676031782319601e+00 4.496192326984394860e+00 4.647086399559929859e+00 4.647086399559929859e+00 4.647086399559929859e+00 4.647086399559929859e+00
-9.426216605187111242e+00 -8.593663163713918252e+00 -8.110622656844812539e+00 -7.385753428127278752e+00 -6.116169401405604056e+00 -4.231651570211457880e+00 -2.510907753220166683e+00 -2.610770331381274900e+00 5.324684289086034639e-02 9.986104120300871578e-01 -8.904661502106202553e-01 1.930040843835678921e-01 1.590176922049068686e+00 4.090261918180463141e+00 4.634287947062069257e+00 4.634287947062069257e+00 4.634287947062069257e+00 4.634287947062069257e+00
-1.026333899142321471e+01 -9.054143952695511643e+00 -8.751046424811077529e+00 -8.299972184185202551e+00 -7.428827438499080671e+00 -6.706398515159042617e+00 -3.935493012725667317e+00 -2.942260418246707587e+00 -2.267227050935060717e+00 -6.194108634229360533e-01 4.806403549092170824e-01 3.078562412246592384e-02 2.709332380146905472e-01 4.025400354172274930e+00 4.637802326955344334e+00 4.637802326955344334e+00 4.637802326955344334e+00 4.637802326955344334e+00
-1.044837319475750093e+01 -1.001681921587456081e+01 -9.534450239130624283e+00 -9.138921304986313388e+00 -8.729202713554744975e+00 -7.502843501787624270e+00 -5.817588994088618293e+00 -2.881310338928507520e+00 -2.904298774709503483e+00 -3.080451609334243557e+00 -9.323838154026170555e-02 2.441495072175281777e-01 -6.387141895992425322e-01 4.248189873194526456e+00 4.632244248275935838e+00 4.632244248275935838e+00 4.632244248275935838e+00 4.632244248275935838e+00
-1.049536372672572959e+01 -1.015161827498252833e+01 -9.743489591254807181e+00 -9.430659864169630424e+00 -9.024211488105171597e+00 -7.930303869785941373e+00 -6.346025476407225696e+00 -5.372560244032368537e+00 -3.416537818465275045e+00 -3.413318698169995891e+00 -2.662168325133995594e+00 1.810850127118027175e-01 -8.175238916696736524e-01 3.920020545764610453e+00 4.622238743624563995e+00 4.622238743624563995e+00 4.622238743624563995e+00 4.622238743624563995e+00
-1.052911388586046826e+01 -1.027558883704118742e+01 -9.953783998568372482e+00 -9.579903446926154587e+00 -9.225158205686534885e+00 -8.269105304920591593e+00 -6.665701273601870369e+00 -5.692317825018946564e+00 -3.761592955073578715e+00 -3.065073225623207165e+00 -2.627807211541531185e+00 -4.187925077310458016e-02 -3.777832787352995436e-01 3.059621304748362469e+00 4.609464201864952315e+00 4.609464201864952315e+00 4.609464201864952315e+00 4.609464201864952315e+00
-1.048536725188503382e+01 -1.025354214202120495e+01 -9.941579010008801731e+00 -9.658464660963778314e+00 -9.231940474625323745e+00 -8.417306709937916409e+00 -6.939212644492592119e+00 -5.704954212443512418e+00 -4.842602500220766437e+00 -2.252523794264624790e+00 -2.470009188430631664e+00 -4.876350636219249912e-01 -4.778692142597981141e-01 2.699853170710555084e+00 4.529698943783706078e+00 4.529698943783706078e+00 4.529698943783706078e+00 4.529698943783706078e+00
-1.055878115648949311e+01 -1.032466827645372476e+01 -1.001321653150576907e+01 -9.720157566612432021e+00 -9.313621660041221162e+00 -8.627066483341817360e+00 -7.198845832092651165e+00 -5.802440370919905277e+00 -5.523266684426584305e+00 -2.737307441167449618e+00 -2.083887640254694862e+00 -2.205642093481944066e+00 -2.386120452129046055e-01 2.449600918324946530e+00 4.510545738524241344e+00 4.510545738524241344e+00 4.510545738524241344e+00 4.510545738524241344e+00
-1.060547602086421470e+01 -1.028281895124849754e+01 -9.977225090460271062e+00 -9.667074857351440897e+00 -9.349572948756327051e+00 -8.682191290850804322e+00 -7.339268046454528793e+00 -5.914615196739076097e+00 -5.770793830021718307e+00 -3.896672559619241749e+00 -1.629178944736016987e+00 -3.226345544882299965e+00 -4.619243340622183891e-01 2.108249078052259584e+00 4.567300895696309482e+00 4.567300895696309482e+00 4.567300895696309482e+00 4.567300895696309482e+00
-1.061036625229542629e+01 -1.028933663356167472e+01 -1.005979341059201104e+01 -9.733481007016921538e+00 -9.333344452369903621e+00 -8.820117367433955025e+00 -7.559638492128103238e+00 -5.743526772704263372e+00 -5.445509271411605567e+00 -4.036714463899692795e+00 -2.004723266879028465e+00 -1.949569052674020586e+00 -5.774351257842704754e-01 2.265579974953097597e+00 4.554526353936699579e+00 4.554526353936699579e+00 4.554526353936699579e+00 4.554526353936699579e+00
-1.071604382420959389e+01 -1.037289722877655507e+01 -1.002836392113581709e+01 -9.741035571176903218e+00 -9.388839294865549689e+00 -8.784084385050210386e+00 -7.537487564451002875e+00 -5.900815378156683444e+00 -5.329554135929783776e+00 -3.608055147182179567e+00 -5.037908856295062243e+00 -2.399824595656532722e+00 -4.558544214067767886e-01 2.160787759745161907e+00 4.544520849285327735e+00 4.544520849285327735e+00 4.544520849285327735e+00 4.544520849285327735e+00
-1.073098761970563686e+01 -1.029090664224770890e+01 -1.003018975875690089e+01 -9.739345518952324809e+00 -9.412592180366685213e+00 -8.828960628497041441e+00 -7.663313077687732289e+00 -5.924631003168377319e+00 -5.365308528318167625e+00 -3.590551533922975658e+00 -3.917514402252610495e+00 -2.196287048920786411e+00 -4.243186304286912236e-01 2.358762003382594230e+00 4.465593390784427186e+00 4.465593390784427186e+00 4.465593390784427186e+00 4.465593390784427186e+00
-1.072222530083034719e+01 -1.036374181789499360e+01 -1.004610755181577986e+01 -9.746275386666777507e+00 -9.458881599893386394e+00 -8.992201945745199154e+00 -7.681222958576711335e+00 -5.723571069488286867e+00 -5.329642076068213719e+00 -4.107635454332589475e+00 -3.483967877278853820e+00 -1.968157061428652987e+00 -3.519768814158200643e-01 2.372188347539364806e+00 4.364015762446552316e+00 4.364015762446552316e+00 4.364015762446552316e+00 4.364015762446552316e+00
