-1.055239881755623443e+01 -1.023128760593006348e+01 -9.970221465367277602e+00 -9.613218608580506697e+00 -9.297284012952037102e+00 -8.943924684553831383e+00 -8.211317055247832286e+00 -6.553064329565804869e+00 -3.967100818880826552e+00 -3.839558565112429989e+00 -2.490059890055473346e+00 -3.668574740515448962e-01 1.519475053302082879e+00 2.103082523683854621e+00 5.500949467766260703e+00 5.500949467766260703e+00 5.500949467766260703e+00 5.500949467766260703e+00
-1.043942990562041473e+01 -1.013396826963045605e+01 -9.994826445748248744e+00 -9.760896587306907790e+00 -9.381171498597053571e+00 -8.839539324431068934e+00 -7.956445639015073290e+00 -5.989251204750579483e+00 -4.144137901674612934e+00 -4.250383562543769145e+00 -1.735060036442037434e+00 1.148064780607991608e-01 1.728982004289735475e+00 2.071600801807685244e+00 5.382325593567570010e+00 5.382325593567570010e+00 5.382325593567570010e+00 5.382325593567570010e+00
-1.032470990509703590e+01 -9.872993582232961529e+00 -9.934003896800490452e+00 -9.873782844946351389e+00 -9.505206149079594269e+00 -8.922619853204437845e+00 -7.921841031316954940e+00 -5.680135178092122317e+00 -2.894779108848199556e+00 -3.716476006630777817e+00 -9.443975406389326643e-01 1.598588537357632788e-01 2.161127463513103475e+00 2.098357099045972340e+00 5.712907855977864102e+00 5.712907855977864102e+00 5.712907855977864102e+00 5.712907855977864102e+00
-1.041788026016511282e+01 -1.016998557006506587e+01 -9.692934920052497461e+00 -9.403651230321436572e+00 -9.376984151084746699e+00 -9.021396445449216372e+00 -7.786208358598460499e+00 -4.650680270878554623e+00 -2.822159983476034029e+00 -2.443929058835380363e+00 -6.751018372746288021e-01 4.984475968498521814e-01 2.179884994182116564e+00 2.118683643264921201e+00 5.025986697313477691e+00 5.025986697313477691e+00 5.025986697313477691e+00 5.025986697313477691e+00
-1.051957704778204317e+01 -1.020576807232835037e+01 -9.961084397327852002e+00 -9.471407148137531706e+00 -8.928782486005649943e+00 -8.584985145586424338e+00 -7.139414622857056969e+00 -4.088649488228472961e+00 -3.462912544706253204e+00 -3.452553778332422496e+00 -6.427607618238762033e-01 1.250702656491511799e+00 1.693235930919019472e+00 2.342579598226923743e+00 5.004810541964989312e+00 5.004810541964989312e+00 5.004810541964989312e+00 5.004810541964989312e+00
-1.025144406393572538e+01 -1.014897460975022270e+01 -1.016541908310089326e+01 -9.784467229390777732e+00 -9.212309330766398574e+00 -8.261646962678337758e+00 -6.657916904538687675e+00 -4.881797730187740214e+00 -3.972056352837825877e+00 -2.268688208010002150e+00 -2.547403557001639562e-01 1.363111411089119152e+00 1.602487878285968836e+00 2.137069378712618484e+00 4.625225235247878430e+00 4.625225235247878430e+00 4.625225235247878430e+00 4.625225235247878430e+00
-1.049703503770452429e+01 -1.019824907465456931e+01 -1.003585788146020796e+01 -9.696175643607412908e+00 -9.196652599616506052e+00 -8.255409621496816897e+00 -5.271732697650760358e+00 -5.112659843285319639e+00 -3.558094448474228066e+00 -1.358428584494374425e+00 8.191478571356176630e-01 1.886686780657886642e+00 1.739069813575293111e+00 3.002887638633933598e+00 4.449803647386755934e+00 4.449803647386755934e+00 4.449803647386755934e+00 4.449803647386755934e+00
-1.038183588501594201e+01 -1.021954534708824269e+01 -1.008417635044104088e+01 -9.633163107167586503e+00 -9.095448710335638509e+00 -7.943973171945821754e+00 -4.059881540695487345e+00 -4.660890974969838396e+00 -3.121923922632829473e+00 -8.918717994861200538e-01 1.229395631371506870e+00 1.971770581078589490e+00 1.905783057203441100e+00 4.278307009599192412e+00 5.427805157634013611e+00 5.427805157634013611e+00 5.427805157634013611e+00 5.427805157634013611e+00
-1.045156146444276501e+01 -9.997320862694742516e+00 -9.623448861752454064e+00 -9.517265150049034617e+00 -8.427541769199184074e+00 -6.881264718715391027e+00 -3.669370157068932770e+00 -4.837997383507680382e+00 -2.109396596188818140e+00 -3.813762677294398884e-01 1.935979242781288967e+00 2.598826533540429917e+00 3.229285221144738927e+00 4.674942716160337852e+00 5.589312721025075703e+00 5.589312721025075703e+00 5.589312721025075703e+00 5.589312721025075703e+00
-1.059079941117231627e+01 -1.011470591118289519e+01 -9.265142699474136379e+00 -8.435418376879624702e+00 -7.554238808065414368e+00 -5.534299904356920763e+00 -2.577074679901094179e+00 -3.979250523977660770e+00 -9.317729431385797234e-01 6.459705132227003821e-01 2.705142403047373634e+00 3.342766256859511564e+00 4.879145141450139889e+00 4.929941411538505847e+00 5.641569991305843246e+00 5.641569991305843246e+00 5.641569991305843246e+00 5.641569991305843246e+00
-1.028469512818480425e+01 -9.693546583642024927e+00 -8.956365283204476668e+00 -8.472598411970713173e+00 -6.774593001975858897e+00 -4.281161850968111082e+00 -3.753578734299983566e+00 -2.353023487272702940e+00 -9.496452703122006123e-02 2.052000893682012439e+00 2.818619770058655050e+00 4.518781988872019539e+00 3.061225463915448142e+00 2.206166905485518637e+00 5.674859175469990191e+00 5.674859175469990191e+00 5.674859175469990191e+00 5.674859175469990191e+00
-9.932392862264421751e+00 -9.170410755593216834e+00 -8.547948403892899449e+00 -7.803348495273084495e+00 -5.936753917082837617e+00 -3.065403867552062067e+00 -3.734207987427712538e+00 -2.313308706311579144e+00 4.946874160473531123e-01 3.128379980410927352e+00 4.388107710195972899e+00 3.715606204926646949e+00 2.032772614716407134e+00 2.475616963719650343e+00 5.758666967279585158e+00 5.758666967279585158e+00 5.758666967279585158e+00 5.758666967279585158e+00
-9.548679129428199630e+00 -8.809252607908165444e+00 -7.925646370739816149e+00 -6.735805787915928100e+00 -4.974034395178577483e+00 -2.364068508463264440e+00 -4.019371249190616169e+00 -6.619541249140381556e-01 1.619678462409273489e+00 3.877016777555023719e+00 4.508122911040381098e+00 2.059068234135943420e+00 1.077933850888785905e+00 2.373217533622555386e+00 5.579233727067093085e+00 5.579233727067093085e+00 5.579233727067093085e+00 5.579233727067093085e+00
-9.903538450932106940e+00 -8.170386746288027524e+00 -7.221684258522037325e+00 -5.762612082102889666e+00 -3.750853309273021630e+00 -2.035507740523804454e+00 -2.996072982610122004e+00 1.608241056823771220e-01 3.204965178617222854e+00 4.853825469391809477e+00 3.238203693859053711e+00 -1.947581010562270176e+00 4.089399841097848820e-01 2.451853479247335876e+00 5.536217075236630869e+00 5.536217075236630869e+00 5.536217075236630869e+00 5.536217075236630869e+00
-9.725562509197509087e+00 -7.754631651179000329e+00 -6.323268057873757897e+00 -4.837200977949346559e+00 -2.720077403028883456e+00 -2.043792104480624872e+00 -2.155617735224425235e+00 1.128327197389909387e+00 3.336175305820718862e+00 5.437242243193719737e+00 4.331490864904977478e+00 -1.041056489371996019e+00 9.905396869315932218e-01 2.430478693996814599e+00 5.524661833751353335e+00 5.524661833751353335e+00 5.524661833751353335e+00 5.524661833751353335e+00
-9.027035050428455776e+00 -7.300434188097277399e+00 -5.696487655443130294e+00 -3.853006094946799021e+00 -3.286909874310254054e+00 -2.259193235273389000e+00 -1.477333046439567088e+00 2.624674227759901335e+00 3.964496294520396980e+00 5.991199021975643468e+00 5.845146996745405943e+00 1.950224706041898903e+00 7.270037980788384147e-01 2.640253518300219593e+00 5.500131370906501616e+00 5.500131370906501616e+00 5.500131370906501616e+00 5.500131370906501616e+00
-8.865899275308658289e+00 -6.846656958813000848e+00 -5.112303302962955875e+00 -3.119556493523734986e+00 -3.392197978334546171e+00 -2.792183053266824366e+00 -5.230899118463170350e-01 3.289845290203048833e+00 4.124152656809720874e+00 4.998860284052319969e+00 4.513295121484311778e+00 4.529398343250998771e+00 3.520576274650835114e+00 3.147046134848022092e+00 5.507265437989826040e+00 5.507265437989826040e+00 5.507265437989826040e+00 5.507265437989826040e+00
-8.261241907206175128e+00 -6.598798291999573351e+00 -4.950957336519668850e+00 -2.913612234206906848e+00 -2.529412562185286539e+00 -3.130774259277052884e+00 8.671686042460574617e-02 3.806932027037384536e+00 3.878827498596888024e+00 3.161696921462486376e+00 3.202267630930090370e+00 3.107345398620741328e+00 3.872646062699004688e+00 5.041314097779883596e+00 5.595656619289224309e+00 5.595656619289224309e+00 5.595656619289224309e+00 5.595656619289224309e+00
-7.746313422932834314e+00 -6.595622737882823827e+00 -4.756571653022728441e+00 -2.874319349165015858e+00 -1.738065637923512208e+00 -2.047405159379745765e+00 9.382777650239930711e-01 3.710974114281049285e+00 3.648790820486883746e+00 1.790490710034525979e+00 1.632390671625841394e+00 1.677967935217149487e+00 2.700704938969475943e+00 4.253350983041841005e+00 5.400146898351701807e+00 5.400146898351701807e+00 5.400146898351701807e+00 5.400146898351701807e+00
-7.832512584179372794e+00 -6.407442055317563501e+00 -4.838729281532245352e+00 -2.830956475204365663e+00 -1.264815862783825517e+00 -4.716997370442085336e-01 2.424283204540314873e+00 3.887978873642818911e+00 3.011345907559439983e+00 1.592933313443737786e+00 1.180012201246346537e+00 1.217305764072442731e+00 1.928361563607387641e+00 3.610458414363966639e+00 5.445244942005835753e+00 5.445244942005835753e+00 5.445244942005835753e+00 5.445244942005835753e+00
-8.275958221443000085e+00 -6.457078652050061152e+00 -4.713040078709251901e+00 -2.693156846911728408e+00 -1.420558873796038846e+00 -2.968134208431304488e-01 3.155776297182164569e+00 3.923845624170511304e+00 2.896627557241537865e+00 1.506732070698590498e+00 9.145917737351736410e-01 7.016827913380111470e-01 1.279589705762559149e+00 3.218444631815584600e+00 5.421506308440172894e+00 5.421506308440172894e+00 5.421506308440172894e+00 5.421506308440172894e+00
-8.179272675006499682e+00 -6.933765609238562000e+00 -4.776180173171786336e+00 -2.636553294794647062e+00 -1.868427978328606409e+00 -1.017243526081768046e+00 1.662657296533083695e+00 3.961618076093529339e+00 2.671716961403963531e+00 1.355559117541438763e+00 -1.508083698669089090e+00 -1.576984241878017334e+00 1.178980156833959514e+00 3.061066479149567421e+00 5.396975845595317622e+00 5.396975845595317622e+00 5.396975845595317622e+00 5.396975845595317622e+00
-8.236380544661381364e+00 -7.008859550733903987e+00 -5.269831297265766601e+00 -2.978844171669408070e+00 -2.345863471173926129e+00 -1.458031272686771462e+00 2.553213031136540301e-01 3.800601540941628720e+00 2.249221837081954334e+00 1.107698955834524934e+00 -2.354198705303011785e+00 -1.477987409354752701e+00 1.153152445785827540e+00 3.393966960141656219e+00 5.404968108851795350e+00 5.404968108851795350e+00 5.404968108851795350e+00 5.404968108851795350e+00
-8.166548264969218707e+00 -7.370295330908546383e+00 -5.551590664058354108e+00 -3.790355166313137403e+00 -2.091610421537877240e+00 -1.467040061100076231e+00 -1.251205846618266504e+00 3.482737033089510881e+00 2.099911709494456602e+00 7.156121613582944185e-01 -2.476538796138069376e+00 -1.103443387583706858e+00 1.200800197613311360e+00 3.640019864530250615e+00 5.413430463652899149e+00 5.413430463652899149e+00 5.413430463652899149e+00 5.413430463652899149e+00
-8.195799657042362796e+00 -7.290960827807392519e+00 -6.050942438090306297e+00 -4.648001412723331782e+00 -2.950231921091623910e+00 -1.506546109615477969e+00 -1.711906186497344162e+00 1.266478474382801256e+00 2.421336054823633788e+00 -3.342393540019025444e+00 -2.246884238672690159e+00 -5.775312724494691130e-01 1.458581454674214184e+00 3.729554561819944603e+00 5.389972281496305584e+00 5.389972281496305584e+00 5.389972281496305584e+00 5.389972281496305584e+00
-8.317648162438480597e+00 -7.748332586907400454e+00 -6.371331113495156018e+00 -5.194723160112963534e+00 -3.951842808640733118e+00 -2.024290726331668289e+00 -2.318004702683964524e+00 1.142999623180119273e-01 2.252244390932086837e+00 -2.836674686813457136e+00 2.351924029842450137e-01 1.041421816096966158e+00 1.805403542846545362e+00 4.193540073402219015e+00 5.362995191549245533e+00 5.362995191549245533e+00 5.362995191549245533e+00 5.362995191549245533e+00
-8.760690713068900237e+00 -7.868760544007480817e+00 -6.828274773827875066e+00 -5.784487215724915643e+00 -4.652022718132061030e+00 -3.078547548252239974e+00 -2.403075042587884624e+00 -1.942565890229601688e+00 1.382053636408774544e+00 1.160087352422898732e+00 2.416199013292570363e-01 8.895858534381875238e-01 2.128729643435667285e+00 4.771576025731096848e+00 5.318350783128984460e+00 5.318350783128984460e+00 5.318350783128984460e+00 5.318350783128984460e+00
-9.121174917089330592e+00 -8.207765253893287039e+00 -7.314629256737461560e+00 -6.377560843533935930e+00 -5.396803923887060428e+00 -4.269085596990489506e+00 -2.146344375344866773e+00 -2.666300971568531075e+00 2.192864409059301634e-01 1.565579036564358484e+00 1.030847885726674740e+00 4.243126011470585990e-01 1.714800567598590675e+00 4.898881269806850014e+00 5.293820320284130077e+00 5.293820320284130077e+00 5.293820320284130077e+00 5.293820320284130077e+00
-9.416819904078671755e+00 -8.524816266927814468e+00 -7.841797725169575628e+00 -7.184706084733374354e+00 -6.378051080288033248e+00 -5.190123246344866104e+00 -2.667590366008559588e+00 -2.809902759639356873e+00 -1.587538351090072908e+00 1.427037243712410142e+00 1.297786440531996099e+00 9.046375855774668739e-01 9.927496468185263989e-01 4.066799575378050591e+00 5.265390499656652068e+00 5.265390499656652068e+00 5.265390499656652068e+00 5.265390499656652068e+00
-9.786759263756461991e+00 -8.951824265522196455e+00 -8.428190630203115319e+00 -7.950523557924205065e+00 -7.300120838685037583e+00 -6.380462907262796968e+00 -4.002735106766800222e+00 -2.450808488169618382e+00 -2.367773524646231920e+00 6.915169512155030507e-01 1.332880544562969893e+00 1.138028538026889525e+00 1.523285525796153894e-01 3.903748167527324231e+00 5.200683612730808925e+00 5.200683612730808925e+00 5.200683612730808925e+00 5.200683612730808925e+00
-1.019059312898428615e+01 -9.750868122560254037e+00 -9.242808526789101364e+00 -8.685797266331547917e+00 -8.107265458020780358e+00 -7.098815635174709371e+00 -5.047107267376086170e+00 -2.287545582205540384e+00 -3.211227442543665767e+00 2.856815520418381493e-01 1.277515777359441440e+00 1.207537761694054357e+00 5.925634555200764986e-01 4.519513118941885566e+00 5.283610525044855066e+00 5.283610525044855066e+00 5.283610525044855066e+00 5.283610525044855066e+00
-1.037144158911039149e+01 -9.977189759580205930e+00 -9.480159064292449145e+00 -9.050569205065002620e+00 -8.465157210761475426e+00 -7.478917460315253507e+00 -6.127006891937941901e+00 -2.766072297241184863e+00 -3.276096604985330174e+00 -1.370025549363731887e+00 1.232926689548196064e+00 1.233845411540924308e+00 8.762790970548202107e-01 2.928408234991148440e+00 5.239725720662649522e+00 5.239725720662649522e+00 5.239725720662649522e+00 5.239725720662649522e+00
-1.045258581492963401e+01 -1.010375584402898141e+01 -9.689046066271986390e+00 -9.253410418737257004e+00 -8.698530746938082814e+00 -7.821904344850162616e+00 -6.574196025847530933e+00 -3.730592373451222965e+00 -2.941791078452264507e+00 -2.834908132218772803e+00 9.095383717950906721e-01 1.251447126628340900e+00 9.319128407520825830e-01 2.231181712147861873e+00 5.215195257817801355e+00 5.215195257817801355e+00 5.215195257817801355e+00 5.215195257817801355e+00
-1.046370690678599225e+01 -1.013173550070795947e+01 -9.768736946720864012e+00 -9.367253550976126775e+00 -8.791595637436564914e+00 -7.984598083796182522e+00 -6.826469908076807869e+00 -4.982312749325116030e+00 -2.631053785710257831e+00 -3.512593779259142401e+00 4.083539409101890616e-01 1.170068380379860162e+00 9.482660700817906463e-01 2.355245345578821592e+00 5.190664794972944307e+00 5.190664794972944307e+00 5.190664794972944307e+00 5.190664794972944307e+00
-1.047242053454764132e+01 -1.016823807792006029e+01 -9.871679150348917631e+00 -9.453385393873897868e+00 -8.930510542090132731e+00 -8.213997958563801660e+00 -7.090195457415672031e+00 -5.316760818835904345e+00 -2.624267193439063561e+00 -3.629214404682716832e+00 -1.535179305562944796e-02 1.068720425582021516e+00 8.416604703895311790e-01 2.700158691157701796e+00 5.122058550264475763e+00 5.122058550264475763e+00 5.122058550264475763e+00 5.122058550264475763e+00
-1.051210540935241866e+01 -1.016674072159057829e+01 -9.860898882992369607e+00 -9.499821396038184318e+00 -9.036099177548877037e+00 -8.275634774837987706e+00 -7.183107634030159616e+00 -5.817918956107276607e+00 -3.314350112231016610e+00 -3.959805442091711036e+00 -1.449515577723026638e+00 1.003041222107504904e+00 9.740653434776594954e-01 2.225204429512938731e+00 5.178376055944132972e+00 5.178376055944132972e+00 5.178376055944132972e+00 5.178376055944132972e+00
-1.050325106050142310e+01 -1.019188508903820534e+01 -9.874715094924368941e+00 -9.540537671248699780e+00 -9.084961004718223876e+00 -8.462351098935172899e+00 -7.364714155655992300e+00 -5.949444167222736723e+00 -3.280565365529235500e+00 -3.083785478846729600e+00 -2.859175543000069819e+00 7.234814107486738921e-01 9.569997572822395160e-01 2.386262634056922849e+00 5.165000015978948866e+00 5.165000015978948866e+00 5.165000015978948866e+00 5.165000015978948866e+00
-1.054126250902330497e+01 -1.023102060831875448e+01 -9.905399846596203872e+00 -9.568440163497978546e+00 -9.162738893008913976e+00 -8.476231582847031376e+00 -7.443105999629990421e+00 -6.049132895236532192e+00 -3.880020870774163022e+00 -3.410738119297564097e+00 -3.489050228558908895e+00 3.007805526025630893e-01 8.360324268629905076e-01 2.388570661805737849e+00 5.136570195351477963e+00 5.136570195351477963e+00 5.136570195351477963e+00 5.136570195351477963e+00
-1.056866973752864425e+01 -1.026748070119172063e+01 -9.981292296376961914e+00 -9.601590368007792975e+00 -9.239603481518692263e+00 -8.539624187082985429e+00 -7.544690058253772591e+00 -6.022054111938688337e+00 -4.432560361745017552e+00 -3.361789658473086639e+00 -3.602238749866086831e+00 1.183853797164959032e-02 6.533813448173716454e-01 2.444805103480571340e+00 5.112039732506616474e+00 5.112039732506616474e+00 5.112039732506616474e+00 5.112039732506616474e+00
-1.060013396611255843e+01 -1.029658455828096564e+01 -9.988661517917243771e+00 -9.641746973717228997e+00 -9.321977091261695492e+00 -8.726284966308412550e+00 -7.582752241386082837e+00 -6.051876148187243842e+00 -4.998495840675889923e+00 -3.258574716890485945e+00 -3.953015434126416316e+00 -2.805279383079618549e-01 4.774442597997201609e-01 2.571753586924184098e+00 4.995866312713037161e+00 4.995866312713037161e+00 4.995866312713037161e+00 4.995866312713037161e+00
