-1.040165539434709707e+01 -1.027051977425614737e+01 -1.003186039986248979e+01 -9.629260859766546332e+00 -9.341979944292065241e+00 -8.981471385200272550e+00 -8.413866713154130039e+00 -7.409212810596940813e+00 -5.247692466941229483e+00 -4.095118640135393839e+00 -2.927687597982432610e+00 -2.517349801107828355e+00 -3.034609388966590382e-01 2.048501768543797397e+00 5.494839031251136596e+00 5.494839031251136596e+00 5.494839031251136596e+00 5.494839031251136596e+00
-1.040329142266210738e+01 -9.903687676816065988e+00 -1.019480698028448629e+01 -9.957260040263516743e+00 -9.629689459381935990e+00 -8.981336348470716047e+00 -8.332354755166242910e+00 -7.078899746808192894e+00 -5.125230982689613413e+00 -3.140006390238408329e+00 -2.414105927961409659e+00 -2.086344840704790204e+00 -8.256907690473459516e-01 2.248234997233829802e+00 5.234282382874737571e+00 5.234282382874737571e+00 5.234282382874737571e+00 5.234282382874737571e+00
-1.037462517476803114e+01 -1.007578131604278227e+01 -9.781710485208554573e+00 -9.587215008353792811e+00 -9.590243433498276460e+00 -9.268128959555788526e+00 -8.159409278611269301e+00 -7.053954610485543952e+00 -5.123243457669634182e+00 -2.245366474389286715e+00 -3.005071601799847336e+00 -1.171825515686824914e+00 -2.917348304273842396e-01 2.263882822926179372e+00 5.115866535624482125e+00 5.115866535624482125e+00 5.115866535624482125e+00 5.115866535624482125e+00
-1.039201767376676955e+01 -1.006292540194652929e+01 -9.955079880375809154e+00 -9.287905713014939835e+00 -9.166512453467399624e+00 -9.151341309731195750e+00 -8.219390075602920120e+00 -6.842438570184187441e+00 -4.763759889769524136e+00 -1.793732257819889764e+00 -2.403974817345435611e+00 1.271915230552453646e-01 1.089971447659453530e+00 2.336406035841727125e+00 5.808230402841012108e+00 5.808230402841012108e+00 5.808230402841012108e+00 5.808230402841012108e+00
-1.041030974118598529e+01 -1.024318098988872627e+01 -9.973541027199326336e+00 -9.601835912494321335e+00 -9.039387825432219969e+00 -8.657604455722076153e+00 -8.183216428858470337e+00 -6.681807719062598849e+00 -4.069559685412253991e+00 -2.518467985691703603e+00 -1.706365774435730565e+00 4.621972524885112343e-01 9.971270546812514013e-01 2.428522011917412904e+00 5.521110535226319449e+00 5.521110535226319449e+00 5.521110535226319449e+00 5.521110535226319449e+00
-1.038491488790512385e+01 -1.030620374215113522e+01 -1.013094457809541815e+01 -1.003409430694868298e+01 -9.466130872485242875e+00 -8.730949789091456026e+00 -7.952824168890943568e+00 -6.228581096311805787e+00 -2.469925411173858887e+00 -2.760281819265530956e+00 -8.737850257351366390e-02 7.925237703520251475e-01 1.083452788514431386e+00 2.160867233484007777e+00 6.249286578917185864e+00 6.249286578917185864e+00 6.249286578917185864e+00 6.249286578917185864e+00
-1.036184373608856646e+01 -1.023909839936194111e+01 -1.004444705730781173e+01 -9.717132427009786966e+00 -9.477552657295696292e+00 -8.742562800382568611e+00 -7.794079259469802068e+00 -5.334214887929278781e+00 -2.140286448380516848e+00 -2.300650164278496224e+00 3.794151571213542629e-01 1.346655377727566716e+00 1.535685172390079956e+00 3.390297571170182156e+00 6.095058555192841787e+00 6.095058555192841787e+00 6.095058555192841787e+00 6.095058555192841787e+00
-1.041134757990854709e+01 -1.006475298833536591e+01 -9.930137271470329097e+00 -9.920094446716680281e+00 -9.330114801923848233e+00 -8.346404835932457189e+00 -6.395217524622482941e+00 -2.776564759722925491e+00 -2.719057626995534882e+00 -2.189739316444337669e-01 1.170495342209939782e+00 1.969599741407406457e+00 1.632900793499471037e+00 4.346683890948462192e+00 5.807938687577687276e+00 5.807938687577687276e+00 5.807938687577687276e+00 5.807938687577687276e+00
-1.027789326865004327e+01 -1.031780375736326683e+01 -9.697863231781973070e+00 -9.198422961487349170e+00 -8.092130257672792482e+00 -7.117298169465052560e+00 -3.955700356109852933e+00 -2.449808791373685679e+00 -8.719600921552990158e-01 6.796330813941671156e-01 2.178757310181205220e+00 2.748685637053189801e+00 3.357294306269240192e+00 4.760053569079106595e+00 6.639813927642781444e+00 6.639813927642781444e+00 6.639813927642781444e+00 6.639813927642781444e+00
-1.008641680145722042e+01 -9.906295825756920692e+00 -9.589438986739061477e+00 -8.515414027797982399e+00 -7.456793931886336324e+00 -5.023895548740519246e+00 -2.587843135363435465e+00 -1.011468244555824514e+00 4.821184356811162308e-01 2.385100540129285296e+00 3.044835270403775329e+00 3.479730429947830661e+00 4.966851044582672792e+00 4.924479645918951043e+00 6.329108028271821063e+00 6.329108028271821063e+00 6.329108028271821063e+00 6.329108028271821063e+00
-1.015207795474558772e+01 -9.457573381310648841e+00 -8.651952480063071604e+00 -8.454245379701738727e+00 -6.795864214184346608e+00 -2.608568694458177184e+00 -1.849029459286672283e+00 2.025460674459339250e-01 2.633251013240478944e+00 3.151765949936371936e+00 3.115646001738244131e+00 4.632923061216093430e+00 2.811811827220628057e+00 2.342975438217117734e+00 6.249211674031043273e+00 6.249211674031043273e+00 6.249211674031043273e+00 6.249211674031043273e+00
-9.638656895048990592e+00 -8.895817588302792345e+00 -8.050704386980530813e+00 -7.464660866225059976e+00 -3.833246546398927368e+00 -2.473306316679690919e+00 -6.708359349808528105e-01 1.922001751355283838e+00 2.894865473694200553e+00 3.214350614644118753e+00 4.577356482332048948e+00 3.698736630487829302e+00 4.316719006533136227e-01 2.504047823930347860e+00 6.917903593316475863e+00 6.917903593316475863e+00 6.917903593316475863e+00 6.917903593316475863e+00
-9.605506440537411095e+00 -8.380832552080823561e+00 -7.371109450015001840e+00 -5.483441134480216306e+00 -2.776080940383416795e+00 -1.705115673086507577e+00 5.859071073226648219e-01 3.208776699943877375e+00 3.277344710539681572e+00 4.128139970632876299e+00 4.755075198773810463e+00 -1.816253078032190327e-01 5.144626862590655492e-01 2.479838016945921986e+00 6.685721475657576462e+00 6.685721475657576462e+00 6.685721475657576462e+00 6.685721475657576462e+00
-1.005425028540094345e+01 -7.846700044193990031e+00 -6.335138814137746266e+00 -3.415429302090826624e+00 -2.014835628067219719e+00 -5.902839279474378920e-01 2.784670422626548181e+00 3.090932796473406796e+00 3.339020184116501699e+00 4.997281908683528506e+00 3.298161043265851244e+00 -1.881938887499383650e+00 4.226580259534182815e-01 2.674845378314218980e+00 7.394261475308904430e+00 7.394261475308904430e+00 7.394261475308904430e+00 7.394261475308904430e+00
-9.355390306696921954e+00 -7.254210282015868039e+00 -4.628761875587175112e+00 -2.154471602669492558e+00 -1.575839179153202707e+00 7.203251504364422964e-01 3.147856872566613617e+00 3.215484172368981319e+00 3.661829292621464393e+00 5.702422622372588457e+00 4.478389824798096441e+00 -8.630109059132247129e-01 5.008601887502879269e-01 2.636876090589367116e+00 7.195993258989929586e+00 7.195993258989929586e+00 7.195993258989929586e+00 7.195993258989929586e+00
-9.086786946114816743e+00 -6.652613893941127898e+00 -3.404385050964514825e+00 -1.959006935451373943e+00 -3.078233689871985590e-02 2.730175430456236452e+00 3.079419015629341061e+00 3.121329776102806708e+00 4.235826094232340466e+00 6.222565534199429038e+00 6.094582990054242089e+00 1.714245415359465285e+00 6.600531529022087840e-01 2.796296544055317135e+00 6.972549628009216960e+00 6.972549628009216960e+00 6.972549628009216960e+00 6.972549628009216960e+00
-8.568269775260503707e+00 -5.462857421621671428e+00 -2.986186554114457437e+00 -1.673810509395033952e+00 6.513014171601539948e-01 2.988108639903445329e+00 3.291912710576000656e+00 3.239245004343287881e+00 4.189403898403938342e+00 5.056243381226999567e+00 4.625828474126342904e+00 4.726460767292029352e+00 3.757566998554908277e+00 3.359334631453894993e+00 6.687019143300317658e+00 6.687019143300317658e+00 6.687019143300317658e+00 6.687019143300317658e+00
-7.556144392479535732e+00 -5.155334719092111939e+00 -2.812819282487327488e+00 -1.891103912819559252e+00 1.118239478158002509e+00 2.709253969608500068e+00 3.551712756889768841e+00 3.859701960905313367e+00 4.073041047196597653e+00 3.225690613365479464e+00 3.227221853291008635e+00 3.145670236959956068e+00 3.938591541879166158e+00 5.215750964786280086e+00 7.474082924663655092e+00 7.474082924663655092e+00 7.474082924663655092e+00 7.474082924663655092e+00
-7.334069928672161787e+00 -5.399838761411499988e+00 -1.814451973562074993e+00 -1.152227734453965757e+00 2.143347892571406010e+00 3.178964016916720148e+00 3.258704340022863022e+00 3.964251092092665019e+00 3.879764009054796681e+00 1.736921254115875612e+00 1.281143034604465658e+00 1.425978465275476115e+00 2.735140321425436838e+00 4.397255462531678205e+00 7.275814708344793935e+00 7.275814708344793935e+00 7.275814708344793935e+00 7.275814708344793935e+00
-8.146936786813657960e+00 -5.449427823438297125e+00 -1.872464093765028537e+00 -6.500281169672255110e-01 2.357053810099266400e+00 3.136147692348356220e+00 3.209209778705076843e+00 4.118540402828798186e+00 3.134352385376450112e+00 1.495995883244557012e+00 -1.006226686775246959e+00 8.596161560082421493e-01 1.941784642941175143e+00 3.612538360757656886e+00 7.073474795218690048e+00 7.073474795218690048e+00 7.073474795218690048e+00 7.073474795218690048e+00
-7.986488172728224200e+00 -6.207197314564970370e+00 -2.212069200145113879e+00 -8.722078809459674620e-01 2.213622326036489341e+00 3.103810210657807822e+00 3.234814042500063991e+00 4.076352520966645798e+00 3.120243449091458565e+00 1.434274945609530505e+00 -1.028931612421748909e+00 3.045577504795655283e-02 1.263160022225566337e+00 3.354611746583133325e+00 7.752172590337229607e+00 7.752172590337229607e+00 7.752172590337229607e+00 7.752172590337229607e+00
-8.088236839418787127e+00 -6.707222636779521352e+00 -2.432657810764821349e+00 -1.252071875567260628e+00 1.242685732945402188e+00 3.186159345033676260e+00 3.223681325599248471e+00 4.191328523822611452e+00 2.726338209227582077e+00 1.060267221373002666e+00 -2.736665842018219053e+00 -1.759648810150488352e+00 1.236086673919330803e+00 3.169235129204837520e+00 7.553904374018282297e+00 7.553904374018282297e+00 7.553904374018282297e+00 7.553904374018282297e+00
-8.007160743202609510e+00 -6.771016542302040975e+00 -3.361541553804931581e+00 -1.149550793551651129e+00 7.556063470859942788e-01 3.169333620566931575e+00 3.259792568377870126e+00 4.064974116891220568e+00 2.370840458026850506e+00 -1.317046324492558318e+00 -2.792568406857043328e+00 -1.788254224057110431e+00 1.252782287551427620e+00 3.471574876828478207e+00 7.673553394812442363e+00 7.673553394812442363e+00 7.673553394812442363e+00 7.673553394812442363e+00
-8.045154827980008250e+00 -6.951854597588901008e+00 -3.776480618135746425e+00 -1.366031196019885430e+00 -2.345370375435083810e-01 3.029598045911302329e+00 3.212058345789544411e+00 3.841410464753950205e+00 2.134447484479846224e+00 -4.040427057809178990e+00 -2.952503309843830692e+00 -1.357420572370612533e+00 1.327489067613911944e+00 3.688893378642163157e+00 7.665756268846622312e+00 7.665756268846622312e+00 7.665756268846622312e+00 7.665756268846622312e+00
-7.932473088144783802e+00 -7.201141699146777597e+00 -3.737163711346715544e+00 -2.714954061846281075e+00 -7.482408658668426860e-01 2.325465374256757034e+00 3.196501613951648668e+00 3.119917493732109026e+00 1.794708467059190404e+00 -4.349607557472238817e+00 -2.756521364318181622e+00 -6.970079854454083179e-01 1.451980811486851319e+00 3.724504909950828058e+00 8.025762190272210717e+00 8.025762190272210717e+00 8.025762190272210717e+00 8.025762190272210717e+00
-8.350100739327544375e+00 -7.746564499424295036e+00 -5.947266978177973229e+00 -2.527360945230831657e+00 -1.843155085456559039e+00 -1.125836481574218062e-01 2.744198104815252393e+00 2.777564346669202600e+00 1.250061526872012108e+00 -4.176583821605276192e+00 -2.251287883382973920e+00 1.151158110228362341e+00 1.886233626014111486e+00 4.053333712722330340e+00 8.195834130100200454e+00 8.195834130100200454e+00 8.195834130100200454e+00 8.195834130100200454e+00
-8.875415827468422947e+00 -7.788413593572909299e+00 -6.619861524558320554e+00 -4.293752794746225732e+00 -2.100610030888835134e+00 -1.649964623802130603e+00 4.176046952675818713e-01 1.979030186760741605e+00 1.431286685003461345e+00 -2.195636772594947939e+00 -1.751462958749822940e+00 5.088090824352182739e-01 2.172649506123537577e+00 4.369466108069346433e+00 7.931637989241634656e+00 7.931637989241634656e+00 7.931637989241634656e+00 7.931637989241634656e+00
-9.177455184963005053e+00 -8.531483621015159002e+00 -7.405522137830839569e+00 -5.744497403879964104e+00 -2.999195244257747195e+00 -1.769910478133847498e+00 -1.221988227667248017e+00 4.879909436616859941e-01 1.253953847456158899e+00 1.175058846427852410e+00 -1.965019376960553510e+00 -3.044068358455621071e-01 1.871792083036591725e+00 4.387285860641767066e+00 8.620765095885309037e+00 8.620765095885309037e+00 8.620765095885309037e+00 8.620765095885309037e+00
-9.357628545648202234e+00 -8.599236036026708163e+00 -8.200854305663856536e+00 -7.413887251818685797e+00 -5.831688166777457383e+00 -3.397766508751956849e+00 -2.186562502488017756e+00 -2.361787701168956755e+00 1.026354220955817964e-01 8.637640246536683053e-01 -2.040110700720319414e+00 -2.586825502980384384e-01 1.504566656636072697e+00 4.108116502039942830e+00 8.427738536923083501e+00 8.427738536923083501e+00 8.427738536923083501e+00 8.427738536923083501e+00
-1.026731308266016107e+01 -8.997052381471650762e+00 -8.672020125577352800e+00 -8.331964145748488093e+00 -7.426896423248463108e+00 -6.700749965338431480e+00 -3.811990361995595933e+00 -1.918142685993665442e+00 -2.485590535232384823e+00 -5.300097383627229153e-01 1.274091602261353540e-01 1.559830125009726426e-03 1.154772326946188254e+00 4.088629590948792192e+00 8.309069793464505693e+00 8.309069793464505693e+00 8.309069793464505693e+00 8.309069793464505693e+00
-1.041483819102268349e+01 -1.008924332820670067e+01 -9.604804158908303080e+00 -9.214097422848990249e+00 -8.823106657380670015e+00 -7.322963313929344409e+00 -5.691745078602791885e+00 -4.629573468253814994e+00 -2.440054576059811797e+00 -2.592104492254570403e+00 -8.840883836153576869e-01 7.675529571044007598e-03 3.041609877449941712e-01 4.315434027625295599e+00 8.476647227495110570e+00 8.476647227495110570e+00 8.476647227495110570e+00 8.476647227495110570e+00
-1.057473769557784316e+01 -1.012700369631614095e+01 -9.796433555497568335e+00 -9.523812896731074673e+00 -9.138331307148684246e+00 -7.907882256094436180e+00 -6.279209561101412262e+00 -5.670272932770783925e+00 -4.025587561876732501e+00 -3.051091438277309553e+00 -2.812376778591475279e+00 -2.137717335799408092e-01 -5.713949006221599181e-01 4.189173444535191138e+00 8.799116964482887937e+00 8.799116964482887937e+00 8.799116964482887937e+00 8.799116964482887937e+00
-1.044175966232317165e+01 -1.026768362884342345e+01 -9.939705863876264758e+00 -9.519013037709111558e+00 -9.210975230833835070e+00 -8.215454492567033640e+00 -6.453487185799239079e+00 -5.657402580330845865e+00 -4.942530975079210798e+00 -2.511277884553931194e+00 -2.599680466385210220e+00 -1.449373338946780221e+00 -3.536596968352280768e-01 3.406154379538031574e+00 8.589966640418486676e+00 8.589966640418486676e+00 8.589966640418486676e+00 8.589966640418486676e+00
-1.046435893398867201e+01 -1.021220829475244507e+01 -1.010862164172992372e+01 -9.548697079768050600e+00 -9.233285527204161625e+00 -8.394483661650060213e+00 -6.603031601751633950e+00 -5.964986007052395678e+00 -5.303214363240538631e+00 -2.881932969752532436e+00 -3.112857919376314175e+00 -1.413833879719061715e+00 -7.751499594167129414e-01 3.038673171265410478e+00 8.886223449993437384e+00 8.886223449993437384e+00 8.886223449993437384e+00 8.886223449993437384e+00
-1.050032586960849201e+01 -1.031730954756774743e+01 -1.007778345153776556e+01 -9.718553818216793871e+00 -9.348508323788763619e+00 -8.667818183132064647e+00 -7.055880544608276850e+00 -5.849652269942485994e+00 -5.617436809866449110e+00 -3.152018265947261533e+00 -2.456284721637724822e+00 -2.865213260687725860e+00 -4.294170323487600527e-01 2.977720905921508621e+00 9.361944852117094484e+00 9.361944852117094484e+00 9.361944852117094484e+00 9.361944852117094484e+00
-1.060019318835733060e+01 -1.036756095711543857e+01 -1.008429124055859560e+01 -9.776917110912989983e+00 -9.496276981580445309e+00 -8.913445557272394737e+00 -7.334869504515051375e+00 -5.823749436017530812e+00 -5.726295892594737147e+00 -3.802866076462527722e+00 -3.737581711745217472e+00 -2.991531594315083531e+00 -2.346799101688616662e-01 2.656311294181180394e+00 8.805248415838772047e+00 8.805248415838772047e+00 8.805248415838772047e+00 8.805248415838772047e+00
-1.066141764093908151e+01 -1.039429336192894660e+01 -1.014291730713132900e+01 -9.802674960490010747e+00 -9.463002647916344046e+00 -9.006077698932090314e+00 -7.721037251025755666e+00 -5.647741262051127364e+00 -5.495281322520927603e+00 -3.557943299472652754e+00 -3.880355775532292384e+00 -2.493624226942284139e+00 -8.465356484929323910e-01 2.848995148767610619e+00 9.382860129076282973e+00 9.382860129076282973e+00 9.382860129076282973e+00 9.382860129076282973e+00
-1.070274878824545084e+01 -1.042778752155563637e+01 -1.003745158552800198e+01 -9.686582030902325613e+00 -9.328234000838673268e+00 -8.938899848455033492e+00 -7.763283590123505107e+00 -5.922400290198797990e+00 -5.535936224270262329e+00 -3.565873252102989444e+00 -4.299760662685176982e+00 -1.773822848480831604e+00 -1.085036360063722088e-01 2.588312161497390296e+00 9.180809721197093154e+00 9.180809721197093154e+00 9.180809721197093154e+00 9.180809721197093154e+00
-1.071403403320130998e+01 -1.042936923233999913e+01 -1.010192114152395781e+01 -9.718718032075553737e+00 -9.352604322428902606e+00 -8.917191545025811905e+00 -7.899449218734900136e+00 -6.024840018038375433e+00 -5.519573949350244035e+00 -4.162597745728437992e+00 -4.134025970491993718e+00 -2.133471534322122665e+00 -3.994181953089053216e-01 2.688585412026006871e+00 9.758421434434591646e+00 9.758421434434591646e+00 9.758421434434591646e+00 9.758421434434591646e+00
-1.076042371172996148e+01 -1.042012171894945993e+01 -1.018028582041715424e+01 -9.819054164347640778e+00 -9.476658158080663696e+00 -9.007998580621604745e+00 -7.998197391463627071e+00 -5.897067036446041577e+00 -5.796537867609924177e+00 -4.365538002574747445e+00 -4.587289862927613981e+00 -1.827229583019436721e+00 -3.300950066333873112e-01 2.723413691697443628e+00 8.694192946404770694e+00 8.694192946404770694e+00 8.694192946404770694e+00 8.694192946404770694e+00
