-1.049154278572997967e+01 -1.023607084543838930e+01 -9.971369622054419679e+00 -9.665399986283739864e+00 -9.311397326918234185e+00 -8.902582402833042252e+00 -8.197114969669906159e+00 -6.458975275259959403e+00 -4.125306022456776134e+00 -4.060067618445723170e+00 -2.657724361738257102e+00 -4.853212852750355966e-01 2.251496821696001405e+00 2.145579830715436565e+00 5.953234748750743321e+00 5.953234748750743321e+00 5.953234748750743321e+00 5.953234748750743321e+00
-1.046959847717587877e+01 -1.010929900285194272e+01 -9.969357878050914223e+00 -9.742534858924198460e+00 -9.378167894016714357e+00 -8.833755857399603784e+00 -7.941755930095853344e+00 -5.959680507568606345e+00 -3.343171572598869545e+00 -4.500258028754586803e+00 -1.700742846651775997e+00 -9.623277426317639049e-02 1.774712220356026604e+00 2.052023020000016018e+00 6.128623880648254918e+00 6.128623880648254918e+00 6.128623880648254918e+00 6.128623880648254918e+00
-1.011784061616562447e+01 -9.839251900865095379e+00 -9.961220536503970990e+00 -9.860247646918281816e+00 -9.482159806669256952e+00 -8.992817430824137759e+00 -7.885113927610873930e+00 -5.294792969322540621e+00 -3.032611967685666876e+00 -3.261388933680247071e+00 -1.157612620751885091e+00 -1.532495932648761661e-01 2.141106793862503466e+00 2.093795744479743259e+00 5.714002767869112098e+00 5.714002767869112098e+00 5.714002767869112098e+00 5.714002767869112098e+00
-1.041036834669660927e+01 -1.011302961217566221e+01 -9.743994318873255622e+00 -9.389184379867435482e+00 -9.260842504749033921e+00 -8.977347852178217735e+00 -7.691148672397702057e+00 -4.169050230584687711e+00 -3.312284124024608811e+00 -2.124304894687417011e+00 -1.118489278072596793e+00 4.173882504420676764e-01 2.112855686864059557e+00 2.124974641354490323e+00 5.289703225600850267e+00 5.289703225600850267e+00 5.289703225600850267e+00 5.289703225600850267e+00
-1.054278001218266958e+01 -1.018198975081019420e+01 -9.985712706140613903e+00 -9.436071122753412865e+00 -8.900487494340794115e+00 -8.587869054208532305e+00 -6.938597008460610560e+00 -4.070411622860097722e+00 -4.006281878486428027e+00 -2.623455445476309045e+00 -7.383123185955331458e-01 1.809856848500160265e+00 1.687362860175144696e+00 2.382395100117492781e+00 5.110147100509776941e+00 5.110147100509776941e+00 5.110147100509776941e+00 5.110147100509776941e+00
-1.017861898848150659e+01 -1.026116550370191582e+01 -1.016459162205357813e+01 -9.777530688392797487e+00 -9.217143218040277475e+00 -8.255944848256840274e+00 -6.500860589051929317e+00 -4.486522256208648862e+00 -3.814680663347810530e+00 -1.631260389109506548e+00 -6.446402549017418160e-01 1.932215916652062493e+00 1.578849513205892396e+00 2.139570953968962463e+00 4.713344017791793128e+00 4.713344017791793128e+00 4.713344017791793128e+00 4.713344017791793128e+00
-1.052826791844273657e+01 -1.020488243572650333e+01 -1.008278268102612607e+01 -9.692100463843569713e+00 -9.162467793353490819e+00 -8.203891504685163483e+00 -5.392490401846721682e+00 -4.631423223203845474e+00 -3.682838006594199687e+00 -1.184528550135365066e+00 2.830544535406588347e-01 1.861380500469935306e+00 1.699604898026289890e+00 3.001293785392387115e+00 4.498784185613207143e+00 4.498784185613207143e+00 4.498784185613207143e+00 4.498784185613207143e+00
-1.038888636085994222e+01 -1.024530683762829852e+01 -1.007850145952906118e+01 -9.559063971156211537e+00 -9.087949539358813666e+00 -7.864318103759705636e+00 -4.429789514975263742e+00 -4.171449858562756852e+00 -3.442601985413727750e+00 -5.867563909351953821e-01 1.287397734631898327e+00 1.981592713359021651e+00 1.890225884082677332e+00 4.265407000219069822e+00 5.648529971899796109e+00 5.648529971899796109e+00 5.648529971899796109e+00 5.648529971899796109e+00
-1.046397789014365109e+01 -1.001394135864538981e+01 -9.639618641163757218e+00 -9.544835331117587529e+00 -8.609764204253277597e+00 -6.876970967104063526e+00 -3.812071013580545564e+00 -4.448373729809270039e+00 -2.622095075825130461e+00 -2.128450588841204749e-01 2.005009614560417042e+00 2.610185405180042828e+00 3.229159512682992172e+00 4.722328072119505116e+00 5.566533475418617982e+00 5.566533475418617982e+00 5.566533475418617982e+00 5.566533475418617982e+00
-1.039985913272998985e+01 -1.016879212570278312e+01 -9.330619637417918000e+00 -8.421606633062449276e+00 -7.635251198780906634e+00 -5.605014113817764709e+00 -2.738315867335214371e+00 -3.923142997851587488e+00 -1.078815290686580219e+00 7.313937774187371232e-01 2.701609161378711654e+00 3.317589991462186916e+00 4.877474185572666876e+00 4.929348821734702568e+00 5.694568679430691560e+00 5.694568679430691560e+00 5.694568679430691560e+00 5.694568679430691560e+00
-1.028800934285649049e+01 -9.655565231110275093e+00 -8.975707442174478246e+00 -8.479706370216495870e+00 -6.812608787920463982e+00 -4.500721406830327176e+00 -3.494128101962924227e+00 -2.868763956464873921e+00 -4.634092545650764922e-02 1.943695528873167211e+00 2.747846364524465734e+00 4.498317686239442281e+00 3.069376252799504101e+00 2.190146343011562191e+00 5.787829124167750194e+00 5.787829124167750194e+00 5.787829124167750194e+00 5.787829124167750194e+00
-9.952765344818301330e+00 -9.184429695339986210e+00 -8.632298186600570133e+00 -7.732670513254601197e+00 -6.154877949018871419e+00 -3.514512955892942880e+00 -4.151529839284261669e+00 -2.575089480200683845e+00 1.088804205070989517e-01 3.075612646307992026e+00 4.253628349349305893e+00 3.670727484846284749e+00 1.954043394958668856e+00 2.458151904138573318e+00 5.805794835160863698e+00 5.805794835160863698e+00 5.805794835160863698e+00 5.805794835160863698e+00
-9.478055281683161581e+00 -8.824680690187566512e+00 -7.913960709940228710e+00 -6.930217032754036666e+00 -5.047489266885005321e+00 -2.356982391273402921e+00 -3.845174662351866335e+00 -1.221910333892391787e+00 1.438089706845153248e+00 3.906491316051495133e+00 4.463576106976717028e+00 2.009026912169987966e+00 1.788813397433620667e+00 2.337970293374735498e+00 5.448545306429431356e+00 5.448545306429431356e+00 5.448545306429431356e+00 5.448545306429431356e+00
-9.866233078841194271e+00 -8.240538711768502722e+00 -7.307744360698084307e+00 -5.836065369919200663e+00 -3.875901243082111591e+00 -2.313579811272595155e+00 -2.885760991470082359e+00 1.711107261618152742e-01 3.216308305324885985e+00 4.823584551418159450e+00 3.222134208863220550e+00 -1.986179764196530417e+00 3.375468371658069677e-01 2.431912850567204742e+00 5.529119426064416309e+00 5.529119426064416309e+00 5.529119426064416309e+00 5.529119426064416309e+00
-9.791398044481587348e+00 -7.831226447055271933e+00 -6.487041959266052871e+00 -4.896614719762142798e+00 -2.887832923920573336e+00 -2.123922287937946241e+00 -2.784349579558212273e+00 5.519698004241908595e-01 3.333259353607613384e+00 5.317644191636425433e+00 4.207004840479949159e+00 -1.154072624780410949e+00 1.024765781905117690e+00 2.451024171987895794e+00 5.600222012716052689e+00 5.600222012716052689e+00 5.600222012716052689e+00 5.600222012716052689e+00
-9.080489775136854291e+00 -7.371860925568668677e+00 -5.804631502079883987e+00 -4.123050138365710104e+00 -3.002364895128341704e+00 -2.233444235256340615e+00 -2.129080574875842125e+00 1.834916313719327841e+00 3.873762233231379248e+00 5.971618214058939778e+00 5.754995946453876243e+00 1.876256493386198043e+00 7.407023073495648813e-01 2.689283592173070225e+00 5.470605620676334269e+00 5.470605620676334269e+00 5.470605620676334269e+00 5.470605620676334269e+00
-8.848655645831497552e+00 -6.928920818773442569e+00 -5.236702401654664385e+00 -3.742407437995672659e+00 -3.660645498053328950e+00 -2.611832654447912017e+00 -1.576778647014223766e+00 3.101798009365469788e+00 4.090763060543303631e+00 4.920949386522041280e+00 4.528604761212765339e+00 4.596778844078794002e+00 3.424826638458328798e+00 3.231152644232090587e+00 5.509495550276009013e+00 5.509495550276009013e+00 5.509495550276009013e+00 5.509495550276009013e+00
-8.326979765332019667e+00 -6.736295437784944440e+00 -5.078556709767148014e+00 -3.101159878412268256e+00 -2.917166214928841317e+00 -3.061623806101618328e+00 -3.073737640834688367e-01 3.832439749677063912e+00 3.873859388295485928e+00 3.188225605533409279e+00 3.173695764694797639e+00 3.123561063253253778e+00 3.858950695952348298e+00 5.089199185091385580e+00 5.633154517853897758e+00 5.633154517853897758e+00 5.633154517853897758e+00 5.633154517853897758e+00
-7.822639202000621239e+00 -6.688210160753513378e+00 -4.761708587805205894e+00 -3.050957782839762267e+00 -1.636741428369644202e+00 -2.323435842333658297e+00 7.357307174139726680e-01 3.695315660891484555e+00 3.592577413347493476e+00 1.790319399486740348e+00 1.606806394254389758e+00 1.680550222439378683e+00 2.768810825263558151e+00 4.240952266897720868e+00 5.407416233689835927e+00 5.407416233689835927e+00 5.407416233689835927e+00 5.407416233689835927e+00
-7.843762354577160423e+00 -6.577398083361441827e+00 -4.894085343764495555e+00 -3.019529304182951623e+00 -1.434179442974057306e+00 -1.330060476909975309e+00 2.062648928794773795e+00 3.866257170898999007e+00 2.979790945066772334e+00 1.582917576286139161e+00 1.249030514173609774e+00 1.231809920621205645e+00 1.943697535337690852e+00 3.593573834604509631e+00 5.634642218261992852e+00 5.634642218261992852e+00 5.634642218261992852e+00 5.634642218261992852e+00
-8.166706665450758962e+00 -6.421844365297317836e+00 -4.808189780667492030e+00 -3.110171291776821167e+00 -1.293340892998712244e+00 -8.914085288801831819e-01 3.004209649281976091e+00 3.904564993269785678e+00 2.850040070728148578e+00 1.496927975512420295e+00 9.882428473876933017e-01 5.124172928886605582e-01 1.282335201680202541e+00 3.191292151252332676e+00 5.542783615985588774e+00 5.542783615985588774e+00 5.542783615985588774e+00 5.542783615985588774e+00
-8.210149686775578104e+00 -7.059346303611963691e+00 -4.967914005856627568e+00 -2.967128852779009840e+00 -1.727277169964344772e+00 -1.287725862826614609e+00 2.029723941921056429e+00 3.846987731757471884e+00 2.610628383723966994e+00 1.353524453841326691e+00 9.248677437466673590e-02 -1.602496177728567783e+00 1.160324000118234444e+00 3.018429592030341446e+00 5.458450485601313851e+00 5.458450485601313851e+00 5.458450485601313851e+00 5.458450485601313851e+00
-8.235136725545171288e+00 -7.167459718620084352e+00 -5.364770373197391251e+00 -3.231286317437567668e+00 -2.349129949284597618e+00 -1.361044430533657534e+00 8.669991793385583012e-01 3.735214297142458229e+00 2.244437630128014227e+00 1.199481913951805145e+00 -2.406270814295963678e+00 -1.507005102669796148e+00 1.156980515147619792e+00 3.385149217471893124e+00 5.340844514904587115e+00 5.340844514904587115e+00 5.340844514904587115e+00 5.340844514904587115e+00
-8.177065726664087819e+00 -7.411491681722099933e+00 -5.721238229176323742e+00 -3.923769565489567235e+00 -2.075073950904920750e+00 -1.572045122343155743e+00 -4.235941218689286414e-01 3.403076094571040322e+00 2.058047929990268976e+00 9.728369545749546710e-01 -2.442780649239048252e+00 -1.137953460821135687e+00 1.181396080427091988e+00 3.669647321272685225e+00 5.333440633850640822e+00 5.333440633850640822e+00 5.333440633850640822e+00 5.333440633850640822e+00
-8.200748879572742567e+00 -7.327091412262667802e+00 -6.044247056931555839e+00 -4.621295270053018100e+00 -3.095877720459462967e+00 -1.542615469664247119e+00 -1.456670076311063156e+00 8.187101084325499878e-01 2.350278417232118500e+00 -3.382967130163348379e+00 -2.255011427540841940e+00 -3.392325684305315114e-01 1.429826630041588054e+00 3.673289527743410332e+00 5.500963877514054801e+00 5.500963877514054801e+00 5.500963877514054801e+00 5.500963877514054801e+00
-8.372594707193334429e+00 -7.689489288033728442e+00 -6.452460592503807213e+00 -5.242062706602952815e+00 -4.009573779989745290e+00 -2.267806308940068849e+00 -1.730397396457200587e+00 -6.212557458434371238e-01 2.207599724870503266e+00 -2.844506249465966086e+00 1.960606464156998407e-01 1.023818753412441218e+00 1.869900190050920230e+00 4.345216774823204453e+00 5.671219030272585115e+00 5.671219030272585115e+00 5.671219030272585115e+00 5.671219030272585115e+00
-8.745407952853682332e+00 -7.898724313731925406e+00 -6.867098079759488272e+00 -5.881897762695690091e+00 -4.749155788151885993e+00 -3.390869747527332834e+00 -1.685072602361889382e+00 -2.334271371183065380e+00 1.069551464581032896e+00 1.445857819274154910e+00 2.557408778896939072e-01 8.662590526176174865e-01 2.094249526577862230e+00 4.812995330849838105e+00 5.485345219255133742e+00 5.485345219255133742e+00 5.485345219255133742e+00 5.485345219255133742e+00
-9.153435665013722300e+00 -8.232346241279214993e+00 -7.391319306031454595e+00 -6.392900131732667468e+00 -5.480570573959696823e+00 -4.414851465494076699e+00 -2.319501378051229690e+00 -3.172935091445609590e+00 -8.606998022098271139e-01 1.644398497711004437e+00 1.116905469457935451e+00 3.885232714599688997e-01 1.617101197982469429e+00 5.185972281110352355e+00 5.392746993529993205e+00 5.392746993529993205e+00 5.392746993529993205e+00 5.392746993529993205e+00
-9.412187756160044216e+00 -8.535540751342020727e+00 -7.915086960300950381e+00 -7.252189073826374788e+00 -6.392138449809362299e+00 -5.324795373928607134e+00 -2.655015596688553359e+00 -2.616298223718387828e+00 -2.326697590433046692e+00 1.140893915942278181e+00 1.339024963389517708e+00 9.927095783956969566e-01 1.080856761593999682e+00 4.077991698896282990e+00 5.219273115364053695e+00 5.219273115364053695e+00 5.219273115364053695e+00 5.219273115364053695e+00
-9.836763625035302994e+00 -8.960496388526202338e+00 -8.403371005060241927e+00 -7.904201628577395056e+00 -7.295780230964445501e+00 -6.402955338299797461e+00 -4.054611590637926533e+00 -2.084210057052773735e+00 -2.230514927805182346e+00 7.591670715246136014e-01 1.484600629941494443e+00 1.127697657426366185e+00 2.244486053749014665e-01 3.995192345746393148e+00 5.360086131553989830e+00 5.360086131553989830e+00 5.360086131553989830e+00 5.360086131553989830e+00
-1.024540150169364061e+01 -9.739879973095238341e+00 -9.202884660128566097e+00 -8.662755300798146152e+00 -8.067615418026360175e+00 -7.029150224776224753e+00 -4.906101263509136778e+00 -2.946405263334376023e+00 -3.470209072653585913e+00 -1.173271114273443938e-01 1.344084545818141851e+00 1.250112228837966466e+00 6.509951663463219296e-01 4.443615134135779243e+00 5.712461378723906691e+00 5.712461378723906691e+00 5.712461378723906691e+00 5.712461378723906691e+00
-1.037167859800242198e+01 -9.929002092808991264e+00 -9.455032836736723567e+00 -9.049801554937271675e+00 -8.399355390529954946e+00 -7.419894533861135066e+00 -5.936550605484912424e+00 -3.806232873201560452e+00 -3.316527527565606981e+00 -1.743224782501451298e+00 1.089844662877902159e+00 1.299428448300651517e+00 9.323135059840363947e-01 2.933702084555470435e+00 5.526587567706447324e+00 5.526587567706447324e+00 5.526587567706447324e+00 5.526587567706447324e+00
-1.044678461670965497e+01 -1.010180847949678551e+01 -9.697113040394045314e+00 -9.233998884199110080e+00 -8.679350399770122237e+00 -7.757288414127383902e+00 -6.260799253238085171e+00 -4.085322932514077188e+00 -2.851259256746844439e+00 -2.822108660081293685e+00 1.027346495676078275e+00 1.316406295335720289e+00 9.792830044291946923e-01 1.868896012408774343e+00 5.427906822524677821e+00 5.427906822524677821e+00 5.427906822524677821e+00 5.427906822524677821e+00
-1.048250024625779098e+01 -1.009879096975505774e+01 -9.738665904915443150e+00 -9.342278888005658644e+00 -8.758084100392025562e+00 -7.952113303224121132e+00 -6.810693165597288434e+00 -4.360317047851498984e+00 -2.607071756846594646e+00 -3.678110454353920034e+00 4.589142851995219874e-01 1.244883068506324353e+00 1.014692107541883326e+00 2.259319660401639229e+00 5.329226077342911871e+00 5.329226077342911871e+00 5.329226077342911871e+00 5.329226077342911871e+00
-1.046858020444058823e+01 -1.015659369794957811e+01 -9.863785554245657394e+00 -9.423318896500468611e+00 -8.903012752704031030e+00 -8.173958001038602816e+00 -7.070974706088198225e+00 -5.291488605908896581e+00 -2.687241378031755001e+00 -4.004671862041277564e+00 1.751089773003777217e-01 1.171518999793600857e+00 9.729341463626254294e-01 2.712298170155420074e+00 5.219208385593933741e+00 5.219208385593933741e+00 5.219208385593933741e+00 5.219208385593933741e+00
-1.060617702410917218e+01 -1.016805772891768278e+01 -9.843680342035373343e+00 -9.487410759069801358e+00 -8.996699225904539077e+00 -8.310437917925550977e+00 -7.212388651111509397e+00 -5.798408846512097981e+00 -3.316899653577978668e+00 -2.756679526276848424e+00 -1.346382721132658666e+00 9.236803601340815018e-01 9.740527166276713444e-01 2.113722362427279844e+00 5.753703727175218496e+00 5.753703727175218496e+00 5.753703727175218496e+00 5.753703727175218496e+00
-1.051476329731968562e+01 -1.017671743816750052e+01 -9.897211172602284890e+00 -9.533402362396163454e+00 -9.047495560264088965e+00 -8.435398191320340189e+00 -7.348322680853929256e+00 -5.968881085430867373e+00 -3.311828652521283445e+00 -3.229966696743133969e+00 -2.792716466144876453e+00 4.202637722533950626e-01 1.046451899756598580e+00 2.373529577540284929e+00 5.655022981993433895e+00 5.655022981993433895e+00 5.655022981993433895e+00 5.655022981993433895e+00
-1.052296482029877644e+01 -1.024279261839541277e+01 -9.907498250957486263e+00 -9.562178234866649973e+00 -9.155263084299502196e+00 -8.461894725535112016e+00 -7.462198254869581326e+00 -6.065061151936483874e+00 -3.701960144229611060e+00 -3.710338217055002552e+00 -3.080537916874335203e+00 1.544021222671994042e-01 1.086504137446127949e+00 2.304371086415223591e+00 5.469149170975993179e+00 5.469149170975993179e+00 5.469149170975993179e+00 5.469149170975993179e+00
-1.058625835895172074e+01 -1.026504818250292317e+01 -9.968424346439114458e+00 -9.616491662935787943e+00 -9.213988720296450552e+00 -8.547444245459317358e+00 -7.538385693984543501e+00 -5.975139174752341908e+00 -3.716435527556455121e+00 -4.078742073917876354e+00 -3.211629449869398911e+00 -1.300845911350941853e-01 9.353333409866484427e-01 2.407660706004874474e+00 5.370468425794220124e+00 5.370468425794220124e+00 5.370468425794220124e+00 5.370468425794220124e+00
-1.061860304828539547e+01 -1.031583302235576838e+01 -9.987028568851831878e+00 -9.673537027161003721e+00 -9.278348408557423710e+00 -8.715571401645837213e+00 -7.597798893783158647e+00 -6.109609340487436313e+00 -4.382133535242461519e+00 -4.162524424109051324e+00 -3.051234594985174020e+00 -6.200284120691441636e-01 9.275824800322017838e-01 2.503571459235498953e+00 5.082942397098193510e+00 5.082942397098193510e+00 5.082942397098193510e+00 5.082942397098193510e+00
