-1.051296802151819065e+01 -1.034688706382583767e+01 -1.005909448063713008e+01 -9.708847686704714874e+00 -9.419881034722299873e+00 -9.102398567354702763e+00 -8.341646835425773787e+00 -7.318346738868520163e+00 -4.821977483537205345e+00 -3.061594451232964254e+00 -1.938729563566046199e+00 -2.051464619333401629e+00 3.723811323652922445e-01 1.841497917717334287e+00 4.820680147056976672e+00 4.820680147056976672e+00 4.820680147056976672e+00 4.820680147056976672e+00
-1.056916621265681577e+01 -1.022407317166578267e+01 -1.009234235918065892e+01 -9.920085326608152343e+00 -9.540240357699964591e+00 -9.015511784405472184e+00 -8.309519490365492089e+00 -7.053237701309822860e+00 -4.824379475401201489e+00 -2.053002263340410138e+00 -2.066969440630469279e+00 -2.981472815496113982e-01 4.876715554572111921e-01 2.082542519530370395e+00 5.228502631433517678e+00 5.228502631433517678e+00 5.228502631433517678e+00 5.228502631433517678e+00
-1.047617758556213730e+01 -1.007124664493891153e+01 -9.706731225831767063e+00 -9.689802911809053398e+00 -9.654367014741328745e+00 -9.146052182364924121e+00 -8.230786903612040462e+00 -6.989672610927388341e+00 -4.319558087315227723e+00 -2.163518356132203113e+00 -3.075178300270790643e+00 -5.158466368950600373e-02 -2.643420167918772989e-01 2.127705304806350561e+00 5.103935974892245930e+00 5.103935974892245930e+00 5.103935974892245930e+00 5.103935974892245930e+00
-1.025563477021826664e+01 -1.024936993890625736e+01 -9.995245637568876518e+00 -9.320736452246279669e+00 -9.196634217521420851e+00 -9.088792559457889553e+00 -8.265328988752038697e+00 -6.741277815149373964e+00 -3.219466045986628000e+00 -2.834426266141786055e+00 -1.820609143712227151e+00 3.585772629848620330e-01 3.146905111582374848e-01 2.313707406485521645e+00 4.740174324807190587e+00 4.740174324807190587e+00 4.740174324807190587e+00 4.740174324807190587e+00
-1.061909760994425866e+01 -1.030372828427369924e+01 -1.000028270296326838e+01 -9.610342334248507257e+00 -9.111258819491251160e+00 -8.668866133674338670e+00 -8.274860638181888106e+00 -6.298413511812229082e+00 -2.402399373614764855e+00 -2.811365679528751382e+00 -3.872459942267393318e-01 -1.208614140623967825e-01 1.231797715651541614e+00 2.399887369127628123e+00 4.547839773473683067e+00 4.547839773473683067e+00 4.547839773473683067e+00 4.547839773473683067e+00
-1.061373288956309224e+01 -1.000628560591128391e+01 -1.031975550851319134e+01 -9.942927379070987115e+00 -9.360541719257021498e+00 -8.736504037799875277e+00 -7.946303039582252481e+00 -5.057286240836229574e+00 -2.781544317741393879e+00 -2.618490719715798498e+00 2.127504516174793386e-02 1.105969615306746201e+00 1.170269638031563364e+00 2.172714851480506582e+00 4.405869262172084966e+00 4.405869262172084966e+00 4.405869262172084966e+00 4.405869262172084966e+00
-1.043999372619971133e+01 -1.040722529409664254e+01 -9.954437669695140656e+00 -9.664884548529617092e+00 -9.363810293870262313e+00 -8.682943275397489558e+00 -7.712988894966962050e+00 -3.578915784351350826e+00 -3.247583186867462945e+00 -1.108541172603208391e+00 -1.019283836219532779e-01 1.352634740427506532e+00 1.572593568924888885e+00 3.307568598317467412e+00 4.168288984810664566e+00 4.168288984810664566e+00 4.168288984810664566e+00 4.168288984810664566e+00
-1.044591044070815222e+01 -1.019481521425912796e+01 -9.962509013127986535e+00 -9.840081903827543996e+00 -9.260326599165374262e+00 -8.318755659195648633e+00 -5.956264845995582036e+00 -2.165188076604966483e+00 -2.512805737556381036e+00 9.902177750309481066e-03 1.425129328274750362e+00 2.076888204460093146e+00 1.787055895517562831e+00 4.288358879623135778e+00 4.970811773458404303e+00 4.970811773458404303e+00 4.970811773458404303e+00 4.970811773458404303e+00
-1.054823908762393536e+01 -1.030384906247139298e+01 -9.651055549648308585e+00 -9.175123596467802400e+00 -8.230213303807602188e+00 -7.072642426660419979e+00 -3.727174572090153681e+00 -3.347933318560966320e+00 -7.719347011618838961e-01 5.242545807570434535e-01 2.123293158883330811e+00 2.748239171609659692e+00 3.410539529869343500e+00 4.781055158704289987e+00 4.481102692185909397e+00 4.481102692185909397e+00 4.481102692185909397e+00 4.481102692185909397e+00
-1.025645099520751558e+01 -1.001431042992328635e+01 -9.590695622662877895e+00 -8.547588705244869800e+00 -7.397505293095002266e+00 -5.162917855691530278e+00 -2.442123746119098548e+00 -2.795707782889063076e+00 8.729690744510928968e-02 2.070442557712158127e+00 3.111284127260996346e+00 3.475280773357966702e+00 4.887994658597830444e+00 4.934779949716903147e+00 5.165495771669196046e+00 5.165495771669196046e+00 5.165495771669196046e+00 5.165495771669196046e+00
-1.027272747015737053e+01 -9.569746133257448051e+00 -8.829599149786128365e+00 -8.433178089370791497e+00 -6.844897699888808695e+00 -3.343380613808546453e+00 -3.438978602840665921e+00 -7.051102878482126135e-01 1.969990624033910454e+00 3.082558379691392236e+00 3.077149754529481918e+00 4.611413921447935493e+00 2.768892770690652760e+00 2.288629971007720698e+00 5.392642999848298757e+00 5.392642999848298757e+00 5.392642999848298757e+00 5.392642999848298757e+00
-9.935232668346976936e+00 -9.001966165613456639e+00 -8.090439081510853114e+00 -7.565157050208806133e+00 -4.653489494716269270e+00 -2.354030440551808656e+00 -2.141025716671343115e+00 7.230744480436209765e-01 2.925299088802380432e+00 3.158200732581473602e+00 4.453631054774920273e+00 3.678440168171207780e+00 7.009423489478368019e-01 2.527945399510371338e+00 4.962158661854052077e+00 4.962158661854052077e+00 4.962158661854052077e+00 4.962158661854052077e+00
-9.644841408156811013e+00 -8.668325097641057297e+00 -7.499747059575184061e+00 -5.990516704611494880e+00 -3.031529165227942801e+00 -3.215991658835237743e+00 -3.039276485834844777e-01 3.094305369729921651e+00 3.285638793879312569e+00 4.080339182158223110e+00 4.763210929117194681e+00 -1.691939327232554191e-01 4.901750479654224391e-01 2.400674414419943670e+00 4.837687572024623961e+00 4.837687572024623961e+00 4.837687572024623961e+00 4.837687572024623961e+00
-1.010449866103010486e+01 -8.029709805145671453e+00 -6.494912340343754309e+00 -4.107982965785272000e+00 -2.594130298420739500e+00 -1.746800855270458586e+00 1.420583872041448092e+00 3.103795299879660075e+00 3.327735437897453963e+00 5.058310920585805448e+00 3.296843409100766120e+00 -2.009720489191780590e+00 3.450949344861229395e-01 2.621849425146671297e+00 4.761905527639425983e+00 4.761905527639425983e+00 4.761905527639425983e+00 4.761905527639425983e+00
-9.470654397599972185e+00 -7.469065154390285954e+00 -5.246251169641050538e+00 -2.497043279310338981e+00 -2.531744963739386733e+00 1.014809145135878027e-01 3.179873677197144310e+00 3.221763758131965361e+00 3.557508940406823861e+00 5.675540650105510565e+00 4.503736964170560242e+00 -1.070755502149810745e+00 9.644865873102331788e-01 2.534633785468282774e+00 4.809778448347993951e+00 4.809778448347993951e+00 4.809778448347993951e+00 4.809778448347993951e+00
-9.205266696158730610e+00 -6.904022866092269339e+00 -4.205237662227276019e+00 -2.435029411607491756e+00 -1.389213634539516740e+00 1.961142130565847630e+00 3.028241955245151829e+00 3.044237590744312438e+00 4.138219190671803105e+00 6.297424390074660039e+00 6.043525301539281358e+00 1.771117959059801628e+00 6.309822032187331065e-01 2.744679827601033129e+00 4.855877584968820493e+00 4.855877584968820493e+00 4.855877584968820493e+00 4.855877584968820493e+00
-8.638399371342206479e+00 -5.973143554713928438e+00 -3.480140924894948640e+00 -2.300854018978945703e+00 -1.343180054853043925e+00 3.039409444865266430e+00 3.276725684655376725e+00 3.360268264288515550e+00 4.227258073435010033e+00 5.041138391592704160e+00 4.575274451972477507e+00 4.718500151524074759e+00 3.763340414570221615e+00 3.348922140866225305e+00 5.083024813147925869e+00 5.083024813147925869e+00 5.083024813147925869e+00 5.083024813147925869e+00
-7.837842020631194728e+00 -5.731935962131675666e+00 -3.072601755262071244e+00 -1.711175749408552216e+00 -4.347777631802878240e-01 2.712924855045802275e+00 3.579561472405877076e+00 3.880012241447754029e+00 4.106298405941013918e+00 3.179752045983383901e+00 3.261764747739140269e+00 3.156454013079209808e+00 4.002706661641700414e+00 5.127427989873332592e+00 4.704563370590842730e+00 4.704563370590842730e+00 4.704563370590842730e+00 4.704563370590842730e+00
-7.559280614117678709e+00 -5.785308686885229257e+00 -2.812535266913974041e+00 -1.148528334884939550e+00 8.803822868835192716e-01 3.102965765643326712e+00 3.202683907569892519e+00 3.857972610580161721e+00 3.801543717886013418e+00 1.771483417636904090e+00 1.319915597981360822e+00 1.442922408800681788e+00 2.780961439746493014e+00 4.367641870585457831e+00 4.766390275999277115e+00 4.766390275999277115e+00 4.766390275999277115e+00 4.766390275999277115e+00
-8.263546195692260454e+00 -5.813131740777432555e+00 -2.477547851809204005e+00 -1.009928085909657769e+00 1.640930539073252481e+00 3.086585561156045543e+00 3.187284421167274839e+00 4.069788625244555647e+00 3.127579680917284222e+00 1.519477037236397932e+00 -9.274900413286747414e-01 7.984821522676480710e-01 1.940821467655465593e+00 3.564848900168739121e+00 4.745715983658637782e+00 4.745715983658637782e+00 4.745715983658637782e+00 4.745715983658637782e+00
-8.099413598125561720e+00 -5.970981655137903132e+00 -3.506062162081546418e+00 -1.506899347012563117e+00 1.113081282743467515e+00 3.134206732749990731e+00 3.176970516825159407e+00 4.094263755523839698e+00 3.044768096011003955e+00 1.399952412906718902e+00 -8.239845479707593734e-01 1.160022821857199099e-02 1.266320995694484530e+00 3.375270798999453703e+00 4.661098382611486457e+00 4.661098382611486457e+00 4.661098382611486457e+00 4.661098382611486457e+00
-8.164062817423872076e+00 -6.349364919364432147e+00 -3.281507741195459626e+00 -2.524231717337212633e+00 -3.759343393221399598e-02 3.226189199580297817e+00 3.263367829432354039e+00 4.150039415675326637e+00 2.704609831424513278e+00 1.151284693141127358e+00 -2.678692938931836132e+00 -1.689164176610082446e+00 1.213038473165498621e+00 3.187182729097811418e+00 4.603921575514267062e+00 4.603921575514267062e+00 4.603921575514267062e+00 4.603921575514267062e+00
-8.042852985076724082e+00 -6.718056990522795147e+00 -3.854909268442792580e+00 -1.773967706619483664e+00 -4.225922239740350084e-01 3.169585315792495361e+00 3.217497257066064265e+00 4.034388922235637942e+00 2.347501108997720465e+00 2.534278366909879440e-02 -2.884311396320791587e+00 -1.661612279270638037e+00 1.180832017385482491e+00 3.443016043588134067e+00 4.571439169157009097e+00 4.571439169157009097e+00 4.571439169157009097e+00 4.571439169157009097e+00
-8.104980676737167045e+00 -7.113428608408088216e+00 -4.362073937415401836e+00 -2.119015420591948917e+00 -5.792787708180108242e-01 2.385201584399876840e+00 3.200894473825120823e+00 3.808903650920070660e+00 2.089373274331776109e+00 -3.855841596910122515e+00 -3.012629878802242978e+00 -1.038868590719012941e+00 1.271631957285358050e+00 3.704156416985650679e+00 4.711389532116584178e+00 4.711389532116584178e+00 4.711389532116584178e+00 4.711389532116584178e+00
-7.946263730756381705e+00 -7.265562040690838330e+00 -5.283688031905761306e+00 -2.963076960250373482e+00 -8.971275356399442957e-01 1.874212962095508916e-01 3.168766716213827994e+00 3.080615202813018705e+00 1.973466813964189326e+00 -4.242497139176835574e+00 -2.672035106612251187e+00 -5.303647379963228881e-01 1.515885917987503717e+00 3.727885232549679628e+00 4.654212725019354124e+00 4.654212725019354124e+00 4.654212725019354124e+00 4.654212725019354124e+00
-8.463410478999058739e+00 -7.665880805467848447e+00 -6.310201969570396585e+00 -3.935628392034978162e+00 -1.833352331769631860e+00 -6.292962485968122133e-01 1.042763747690350407e+00 2.749334935610847630e+00 1.372717598843031350e+00 -3.831362747668920932e+00 -1.803731415773123237e+00 1.065535443622167788e+00 1.887859475011251398e+00 4.060246018732334150e+00 4.597035917922131176e+00 4.597035917922131176e+00 4.597035917922131176e+00 4.597035917922131176e+00
-8.933274881074472873e+00 -7.937400735718884270e+00 -7.021638724404542842e+00 -5.165351091166318298e+00 -3.244762537284217707e+00 -1.332669141620291153e+00 -1.039763781295416134e+00 1.050236481381628728e+00 1.977903974132649845e+00 -1.416033443016022630e+00 -4.430574082049135720e-01 -4.058912691806475515e-01 2.131147940572195587e+00 4.326831329602610410e+00 4.512418316874985180e+00 4.512418316874985180e+00 4.512418316874985180e+00 4.512418316874985180e+00
-9.191687424635949455e+00 -8.484071161833966812e+00 -7.631777094767100422e+00 -6.150675977470764444e+00 -4.407957627372180553e+00 -2.845519459734977996e+00 -1.642177576477543255e+00 -1.939063455504488553e+00 1.683237167609545226e+00 1.476898099298910472e+00 -5.856281159979123130e-01 -1.312412180863351541e-01 1.857296501030600400e+00 4.382742087957776533e+00 4.438314967723174576e+00 4.438314967723174576e+00 4.438314967723174576e+00 4.438314967723174576e+00
-9.370312751221401726e+00 -8.609814858398106452e+00 -8.125019933250246851e+00 -7.450244320239097107e+00 -6.143548370479821941e+00 -4.374883394827616456e+00 -2.378629613611902727e+00 -2.365246390891825978e+00 -4.878669136190899591e-01 1.074903920820710734e+00 -4.832975867636893907e-01 -3.277352102288146884e-01 1.566287698704101894e+00 4.069219308772230370e+00 4.586909290445720266e+00 4.586909290445720266e+00 4.586909290445720266e+00 4.586909290445720266e+00
-1.023696051469027068e+01 -9.105978955927222174e+00 -8.810640212708525709e+00 -8.348003648187816594e+00 -7.513787996008228554e+00 -6.694465240769207348e+00 -4.067432808176623560e+00 -2.969119791888696014e+00 -1.680926803813264758e+00 -5.320076740287167372e-01 9.714359080289488579e-01 1.813449789309648508e-01 -6.112840237174997915e-01 4.056535564281812611e+00 4.562709466380079348e+00 4.562709466380079348e+00 4.562709466380079348e+00 4.562709466380079348e+00
-1.051345603434967835e+01 -1.007716379459841072e+01 -9.587729463936728536e+00 -9.156091263278112180e+00 -8.709327456823160674e+00 -7.484361121261807526e+00 -5.760184149379560026e+00 -2.935515296276588693e+00 -2.867636375161238593e+00 -3.000428136243829869e+00 -7.306711690739849940e-01 7.787660923380405054e-01 -8.767008047252713432e-01 4.416113651109097482e+00 4.505532659282859953e+00 4.505532659282859953e+00 4.505532659282859953e+00 4.505532659282859953e+00
-1.054740699442399254e+01 -1.018310486835923534e+01 -9.785659073484392678e+00 -9.412208870176968389e+00 -8.982969550607933229e+00 -7.987680231405778208e+00 -6.295399620627404325e+00 -4.990134661665003080e+00 -3.530437453072631016e+00 -3.132544644360470976e+00 -2.298082292967299711e+00 3.639858868457046537e-01 -1.224688259759026732e+00 3.789776441471745194e+00 4.420915058235721951e+00 4.420915058235721951e+00 4.420915058235721951e+00 4.420915058235721951e+00
-1.054548585341991540e+01 -1.020928779181050672e+01 -9.901260384023483851e+00 -9.519735898205885505e+00 -9.238444554987289337e+00 -8.250497536847101188e+00 -6.852371773700548729e+00 -5.608144247268091576e+00 -3.642455860434034243e+00 -3.037211392464588933e+00 -2.810502206540438142e+00 -9.824304453574962681e-02 2.273146015724452074e-01 3.134062416614082025e+00 4.363738251138483903e+00 4.363738251138483903e+00 4.363738251138483903e+00 4.363738251138483903e+00
-1.055594778030490666e+01 -1.026436766202431272e+01 -9.940961765059894262e+00 -9.630355662467602329e+00 -9.221145665644748135e+00 -8.495170750104884760e+00 -7.036979977574022271e+00 -5.688789484468432356e+00 -4.791043904055139357e+00 -2.445250565460920456e+00 -2.630286606376825986e+00 -4.741869405429600115e-01 4.307792548339409167e-01 2.680282004482624991e+00 4.555823808787961227e+00 4.555823808787961227e+00 4.555823808787961227e+00 4.555823808787961227e+00
-1.059625685341268131e+01 -1.027194330395748523e+01 -1.003676853695488802e+01 -9.683146121048103794e+00 -9.262667465737711936e+00 -8.670288745699618715e+00 -7.200968220563913391e+00 -5.847208611781009147e+00 -5.486825895069513237e+00 -3.208209450370414828e+00 -1.607193379339613815e+00 -2.144765181980651025e+00 4.675980982343629355e-01 2.474629454627666370e+00 4.498647001690730285e+00 4.498647001690730285e+00 4.498647001690730285e+00 4.498647001690730285e+00
-1.064602411633624435e+01 -1.032765697121494775e+01 -1.006006450894443915e+01 -9.706658402433571808e+00 -9.385294504204633625e+00 -8.747083756874264537e+00 -7.531034996805858306e+00 -5.896105516595146590e+00 -5.719869806791226807e+00 -4.004116062873551485e+00 -1.867792484267611908e+00 -2.590348845773523756e+00 1.733696572975308714e-02 2.125046368138567399e+00 4.414029400643573631e+00 4.414029400643573631e+00 4.414029400643573631e+00 4.414029400643573631e+00
-1.063236368899723061e+01 -1.027645975260571554e+01 -1.006480370805260627e+01 -9.761045669612515852e+00 -9.379453357199054153e+00 -8.845424604767739396e+00 -7.580208794712707920e+00 -5.819204169523960246e+00 -5.393239332464534463e+00 -4.082106141132763710e+00 -2.419066687816409100e+00 -1.460234451937810540e+00 -1.359749008746810039e-01 2.215077360148855590e+00 4.356852593546357788e+00 4.356852593546357788e+00 4.356852593546357788e+00 4.356852593546357788e+00
-1.064031682773931564e+01 -1.037328599163591569e+01 -1.003657039351909752e+01 -9.742635900738569887e+00 -9.434388178955266824e+00 -8.849070478636347659e+00 -7.615554314292045213e+00 -5.992495245191735265e+00 -5.338686887578577789e+00 -3.939787691452589780e+00 -4.953770728049453176e+00 -2.233876889932128851e+00 -1.496564819410567959e-01 2.167787954890482816e+00 4.272234992499201134e+00 4.272234992499201134e+00 4.272234992499201134e+00 4.272234992499201134e+00
-1.069036756253311715e+01 -1.032321955497856436e+01 -1.002047318748546800e+01 -9.770740515011901550e+00 -9.464679618825245555e+00 -8.909736071555512282e+00 -7.687093729840028367e+00 -5.997534842375222830e+00 -5.343444424192571596e+00 -3.819205950683313144e+00 -3.836619010423270026e+00 -2.482451439572103347e+00 -5.482278215345494088e-01 2.311826452794826015e+00 4.464320550148702438e+00 4.464320550148702438e+00 4.464320550148702438e+00 4.464320550148702438e+00
-1.073583004905187366e+01 -1.035783534783466564e+01 -1.005606485852973719e+01 -9.794219232407060716e+00 -9.490567925307722419e+00 -9.059774292872251777e+00 -7.697903398127521335e+00 -5.946431061229482395e+00 -5.326114979670403038e+00 -3.917205787753454072e+00 -3.733231121939438069e+00 -1.681762837437073443e+00 -9.860901215672290832e-01 2.363046560961887810e+00 4.407143743051433304e+00 4.407143743051433304e+00 4.407143743051433304e+00 4.407143743051433304e+00
