-1.051853121281243730e+01 -1.023516792017049326e+01 -9.959386074125909261e+00 -9.609853004401280430e+00 -9.288183629471955527e+00 -8.939902185548799451e+00 -8.171545506418155469e+00 -6.472287824175449344e+00 -4.047041232811169564e+00 -3.801816401078416341e+00 -2.544004360743018722e+00 -5.060835379728615413e-01 1.705224135462253932e+00 2.131563079814055683e+00 5.626957566337137173e+00 5.626957566337137173e+00 5.626957566337137173e+00 5.626957566337137173e+00
-1.046191669560110959e+01 -1.014925435120455255e+01 -9.988350110127599990e+00 -9.756045198100039784e+00 -9.359959078620569528e+00 -8.818283197634073645e+00 -7.923661447044479722e+00 -5.936181115421989674e+00 -4.245348313799485851e+00 -4.281652216426840241e+00 -1.690770733505788215e+00 6.950171127534349180e-02 1.623423007022700926e+00 2.091981359597234746e+00 5.568726030673039951e+00 5.568726030673039951e+00 5.568726030673039951e+00 5.568726030673039951e+00
-1.023534902565883442e+01 -9.800324003035671083e+00 -9.978066930107322818e+00 -9.848759388233348844e+00 -9.511978177121855893e+00 -8.923025727006443475e+00 -7.890259205231489048e+00 -5.509162707387716296e+00 -2.936348466802391588e+00 -3.678543680676006122e+00 -9.082961368776562017e-01 -3.004327476060941748e-02 2.163876311398924557e+00 2.099877666162302869e+00 5.765962705137660294e+00 5.765962705137660294e+00 5.765962705137660294e+00 5.765962705137660294e+00
-1.041268658336353425e+01 -1.017030730311666353e+01 -9.676947617995439899e+00 -9.373561885860729248e+00 -9.378060802332695900e+00 -8.981237878634310334e+00 -7.699641779647285134e+00 -4.509762640443046422e+00 -2.931787346711652642e+00 -2.285905515920009901e+00 -7.626969326508390434e-01 3.453729240879804818e-01 2.171817895020763611e+00 2.139702304332059768e+00 5.171826525477852599e+00 5.171826525477852599e+00 5.171826525477852599e+00 5.171826525477852599e+00
-1.051193954553011878e+01 -1.018877292780482691e+01 -9.958066496923654753e+00 -9.451752516897313328e+00 -8.936276247576557807e+00 -8.584082731139963229e+00 -7.038148534878928331e+00 -4.171890250944128908e+00 -3.439387883026662429e+00 -3.284911793203169950e+00 -6.585489950365198686e-01 1.455640120035519569e+00 1.738050051860153378e+00 2.368870856297076610e+00 5.063027697469269839e+00 5.063027697469269839e+00 5.063027697469269839e+00 5.063027697469269839e+00
-1.023154186781834696e+01 -1.011343152844778182e+01 -1.017442218770229090e+01 -9.795107603166826493e+00 -9.199005238721390754e+00 -8.221598086838486807e+00 -6.483106697570618415e+00 -5.018463792010639857e+00 -3.947621388287934963e+00 -2.184857091454204259e+00 -4.689971856851402610e-01 1.383120586905566718e+00 1.596193327417640528e+00 2.152246118759078897e+00 4.668458802190679435e+00 4.668458802190679435e+00 4.668458802190679435e+00 4.668458802190679435e+00
-1.052495775271191114e+01 -1.018345121272736442e+01 -1.004993418956391338e+01 -9.676985743734476841e+00 -9.171079634885870746e+00 -8.219073261433846866e+00 -5.238860375395419489e+00 -5.285356694453060555e+00 -3.519908571630089078e+00 -1.229406384422677911e+00 6.301014580688724109e-01 1.868275573249531307e+00 1.731386636523354117e+00 2.986711257389868202e+00 4.437023354952900789e+00 4.437023354952900789e+00 4.437023354952900789e+00 4.437023354952900789e+00
-1.039267503306565743e+01 -1.025449425285212790e+01 -1.009727262853081697e+01 -9.610959279213055595e+00 -9.068209601969369871e+00 -7.891728940560798655e+00 -4.145463677287679616e+00 -4.770448037504124272e+00 -3.267270293972231787e+00 -1.046636051681822277e+00 1.373356039155111175e+00 2.019457989630861316e+00 1.906984603510141651e+00 4.274990383935758587e+00 5.636810553803190516e+00 5.636810553803190516e+00 5.636810553803190516e+00 5.636810553803190516e+00
-1.051167765366770368e+01 -9.990512995588407108e+00 -9.636746597737303688e+00 -9.536182287043352801e+00 -8.446896787234253523e+00 -6.903120774755597822e+00 -3.701864335942186557e+00 -4.922737405603916372e+00 -1.974668742486042960e+00 -2.529106740912407947e-01 1.851057191554300152e+00 2.581220735739296224e+00 3.221409997060612262e+00 4.671188214429110808e+00 5.577776453380517196e+00 5.577776453380517196e+00 5.577776453380517196e+00 5.577776453380517196e+00
-1.055651465052304694e+01 -1.008159121358492349e+01 -9.362267076189592530e+00 -8.420923271419649581e+00 -7.601937579734877382e+00 -5.527023811553565480e+00 -2.635486849849007385e+00 -3.883696826156772364e+00 -1.086518899961991469e+00 6.025002684259797014e-01 2.687966845719031550e+00 3.320296134624111328e+00 4.885495269905178795e+00 4.915799936486195953e+00 5.793278157494443192e+00 5.793278157494443192e+00 5.793278157494443192e+00 5.793278157494443192e+00
-1.029289860956676605e+01 -9.680399805161107096e+00 -8.917427958019734646e+00 -8.450003146764583306e+00 -6.784164972338851740e+00 -4.376434695361447247e+00 -3.752488907289436959e+00 -2.588044354059547025e+00 -1.278783323855376131e-01 1.945050599993843221e+00 2.825467364303070994e+00 4.493109355645421132e+00 3.086605973530618385e+00 2.187211261143779950e+00 5.817606920608914933e+00 5.817606920608914933e+00 5.817606920608914933e+00 5.817606920608914933e+00
-9.951129712282321904e+00 -9.159544566502111351e+00 -8.638419098383419481e+00 -7.733251267340394364e+00 -6.099408359715715378e+00 -3.170065498230659085e+00 -3.899928581520611282e+00 -2.264726261905000371e+00 3.921905079499390379e-01 3.086434579192359529e+00 4.404673976679771563e+00 3.733920767725518175e+00 2.008243376742351760e+00 2.441047651916822936e+00 5.878732088983896098e+00 5.878732088983896098e+00 5.878732088983896098e+00 5.878732088983896098e+00
-9.534000488673868290e+00 -8.822388856011031066e+00 -7.933688997791666253e+00 -6.806002336402797503e+00 -4.973300683192851679e+00 -2.387154058108707844e+00 -3.928273104458645637e+00 -8.513247711359441805e-01 1.475160784423442006e+00 3.862527926705437320e+00 4.479503622733386869e+00 2.064652704340367517e+00 1.679528983384587004e+00 2.380277869723951056e+00 5.589220739558617979e+00 5.589220739558617979e+00 5.589220739558617979e+00 5.589220739558617979e+00
-9.901950360321267297e+00 -8.205561282830901249e+00 -7.260327464539803266e+00 -5.784847661190560153e+00 -3.959248715888465053e+00 -2.032111338543437729e+00 -3.124633623779450531e+00 3.803093702151687239e-02 3.164985611679245192e+00 4.877824655532931430e+00 3.235133893212447820e+00 -1.974080192628766106e+00 3.747744240041365749e-01 2.465194505123746715e+00 5.448624302046074064e+00 5.448624302046074064e+00 5.448624302046074064e+00 5.448624302046074064e+00
-9.732310605918929269e+00 -7.778797598901274313e+00 -6.369501793866857220e+00 -4.862335142241453134e+00 -2.691330096281768558e+00 -1.989070902805204044e+00 -2.372961196256596406e+00 7.925213375052353459e-01 3.322055774502539194e+00 5.401548565843984129e+00 4.335306492547532642e+00 -1.096083870045440056e+00 9.932063927043642826e-01 2.437666076490078382e+00 5.568276130672988877e+00 5.568276130672988877e+00 5.568276130672988877e+00 5.568276130672988877e+00
-9.060105052110447588e+00 -7.354863320548618688e+00 -5.726863775690604008e+00 -3.943521692911503784e+00 -3.204971693319606629e+00 -2.214718286882077170e+00 -1.873129134233592508e+00 2.488860524215837700e+00 3.953987567010374349e+00 5.997212858580621919e+00 5.860577207489622076e+00 1.965782927050139239e+00 6.800281032312518459e-01 2.670053414086464016e+00 5.547366664325031671e+00 5.547366664325031671e+00 5.547366664325031671e+00 5.547366664325031671e+00
-8.834677799015640431e+00 -6.872319589948120644e+00 -5.115472476417044945e+00 -3.360477526224024736e+00 -3.540953610236356131e+00 -2.865015746025493470e+00 -8.167173161944472071e-01 3.256093659703481080e+00 4.120469628630951675e+00 4.966201700775712879e+00 4.530174343194156350e+00 4.494651427381384678e+00 3.451850203582792265e+00 3.223898499667326334e+00 5.580615128738378061e+00 5.580615128738378061e+00 5.580615128738378061e+00 5.580615128738378061e+00
-8.268036887962878723e+00 -6.625471749816439271e+00 -5.005171637534511220e+00 -2.801385407643225633e+00 -2.626245704499519107e+00 -3.188146579139452541e+00 6.139357021967123407e-02 3.822017557663932585e+00 3.860439893353826868e+00 3.145658711121375628e+00 3.211770631529115683e+00 3.093784296574831671e+00 3.846259340167508256e+00 5.035218212274503280e+00 5.677292494300125725e+00 5.677292494300125725e+00 5.677292494300125725e+00 5.677292494300125725e+00
-7.768824791299714150e+00 -6.623746806245042862e+00 -4.756290199720364598e+00 -2.793619078792010768e+00 -1.844188342226085409e+00 -1.760634042009380007e+00 7.461834195547485393e-01 3.666672536725436249e+00 3.614517572437667692e+00 1.794168722693739726e+00 1.627255572685917917e+00 1.678501575251962308e+00 2.665483794292033082e+00 4.244427031894693059e+00 5.319472150711621161e+00 5.319472150711621161e+00 5.319472150711621161e+00 5.319472150711621161e+00
-7.852380040921861593e+00 -6.467653129414093982e+00 -4.849771006706722787e+00 -2.958804049525362689e+00 -1.430875259967866020e+00 -5.077086347181535286e-01 2.109369075632991475e+00 3.875797220231863349e+00 3.010658172877298977e+00 1.597945032120414943e+00 1.200369678844048993e+00 1.229118100486574550e+00 1.917159729139086721e+00 3.612876001056815056e+00 5.372514826082474215e+00 5.372514826082474215e+00 5.372514826082474215e+00 5.372514826082474215e+00
-8.130812655708602676e+00 -6.391609468272489103e+00 -4.849196549841186865e+00 -2.976791554746008650e+00 -1.505898510681091151e+00 -4.029812285282436367e-03 3.045942094939574574e+00 3.886684315063410722e+00 2.863523459679193195e+00 1.514024078941933471e+00 9.461545184026181055e-01 7.662463423836384235e-01 1.273566490038561927e+00 3.192167656636645923e+00 5.378985857906163126e+00 5.378985857906163126e+00 5.378985857906163126e+00 5.378985857906163126e+00
-8.186252327043764154e+00 -6.942339287470407072e+00 -4.817560066639057226e+00 -2.791530876024078900e+00 -1.723934167438910148e+00 -3.297284083133940058e-01 1.820281058107972250e+00 3.976506080206668514e+00 2.661016896329933434e+00 1.360936292018148475e+00 -4.884096461827094893e-01 -1.591352903284343867e+00 1.160935603221527668e+00 3.030943746470347033e+00 5.358076391558199703e+00 5.358076391558199703e+00 5.358076391558199703e+00 5.358076391558199703e+00
-8.244319122119444287e+00 -7.055570809861336556e+00 -5.366281653347112268e+00 -3.058773011704555955e+00 -2.544803554717532279e+00 -1.231472922581595020e+00 4.156631527270251425e-01 3.784430993143805377e+00 2.211751453677833545e+00 1.139619552690883886e+00 -2.333922343926934762e+00 -1.487500654435363945e+00 1.143497992589311840e+00 3.387269233913697164e+00 5.416410602009838371e+00 5.416410602009838371e+00 5.416410602009838371e+00 5.416410602009838371e+00
-8.147996673160150749e+00 -7.362119754578535513e+00 -5.656524708668788648e+00 -3.971819410581043819e+00 -2.094110000406343097e+00 -1.526453804735511177e+00 -1.179699995475691265e+00 3.431738842309619120e+00 2.092143392494716370e+00 9.268743654148683397e-01 -2.479956746330876260e+00 -1.248530668075494843e+00 1.195985881305021259e+00 3.627077059659166380e+00 5.441491078895342781e+00 5.441491078895342781e+00 5.441491078895342781e+00 5.441491078895342781e+00
-8.198379808718710748e+00 -7.288880881172018711e+00 -6.070223703302470852e+00 -4.647867841402397282e+00 -2.999140861475885433e+00 -1.731577638995339896e+00 -1.663634119033901682e+00 7.466953375035657592e-01 2.358405404161495245e+00 -3.493614377778769153e+00 -2.300041566530640402e+00 -7.342885723667182951e-01 1.462220728255532620e+00 3.725648008204194284e+00 5.201331735990961214e+00 5.201331735990961214e+00 5.201331735990961214e+00 5.201331735990961214e+00
-8.312434450773894312e+00 -7.709196526576331365e+00 -6.338340502041178048e+00 -5.227494154646958435e+00 -3.984264517319378474e+00 -2.169480895418945732e+00 -2.468520332893505476e+00 -3.231748794436321015e-01 2.215624321905930838e+00 -2.819202368103940870e+00 2.200820168289355505e-01 1.048903011870554458e+00 1.806809732213398245e+00 4.235683298927250817e+00 5.193656463281881130e+00 5.193656463281881130e+00 5.193656463281881130e+00 5.193656463281881130e+00
-8.768595154896889454e+00 -7.865215646233609803e+00 -6.833995160731175744e+00 -5.782759060220678649e+00 -4.671660016078366340e+00 -3.238589874549936631e+00 -1.794680206406632728e+00 -2.111279522930475050e+00 1.297769704186336304e+00 1.336633259941206520e+00 2.376901996195768252e-01 8.749463100328180865e-01 2.101440211755447152e+00 4.764625056421365024e+00 5.189695585139328493e+00 5.189695585139328493e+00 5.189695585139328493e+00 5.189695585139328493e+00
-9.137161726962670372e+00 -8.215244740306104632e+00 -7.347086690463287439e+00 -6.374549190632988527e+00 -5.417761494436272862e+00 -4.298039173329069484e+00 -2.167599923611706281e+00 -2.877571165406950904e+00 -1.169765172369806455e-01 1.532032937626229385e+00 1.071691163336685237e+00 3.313148972860110453e-01 1.658245494509150486e+00 4.882475394795817714e+00 5.168786118791363293e+00 5.168786118791363293e+00 5.168786118791363293e+00 5.168786118791363293e+00
-9.419755100562777983e+00 -8.530723030963393683e+00 -7.836283687077412630e+00 -7.174511051298955167e+00 -6.376843000975015663e+00 -5.226446171255398454e+00 -2.713993210602211548e+00 -2.451995910361380204e+00 -2.031119897686852749e+00 1.493311626686899540e+00 1.263473650869839426e+00 9.599223235747103011e-01 9.955552027558485229e-01 4.065431188825314734e+00 5.164825240648802662e+00 5.164825240648802662e+00 5.164825240648802662e+00 5.164825240648802662e+00
-9.762214204659567685e+00 -8.956492692895443142e+00 -8.407268756873765625e+00 -7.917456660534974766e+00 -7.287642121852617727e+00 -6.383440685405698645e+00 -3.940308527277081918e+00 -3.169278394438864943e+00 -2.536573834280755335e+00 6.235367925833599223e-01 1.325560688475637905e+00 1.124922025131507963e+00 3.264040848966793806e-01 3.886397911970788766e+00 5.035812445834855211e+00 5.035812445834855211e+00 5.035812445834855211e+00 5.035812445834855211e+00
-1.015703222521793592e+01 -9.726082378373693160e+00 -9.220620898739166904e+00 -8.657164031232079893e+00 -8.072219386571973132e+00 -7.067667555875345897e+00 -5.026123977770556195e+00 -2.631216703196779250e+00 -3.371153668688664951e+00 1.021208636830131800e-01 1.377246807966264752e+00 1.196914154709949329e+00 6.705290807360323457e-01 4.605509532013810414e+00 5.025275656863010809e+00 5.025275656863010809e+00 5.025275656863010809e+00 5.025275656863010809e+00
-1.035716827935863016e+01 -9.984563818880802799e+00 -9.458026197589628481e+00 -9.022742743626167794e+00 -8.437699374680109443e+00 -7.442905099210100239e+00 -6.104694069601318773e+00 -2.540134142302423736e+00 -3.344130294233341960e+00 -1.378136669573912787e+00 1.248507884779094024e+00 1.239656214000268264e+00 9.076055743572487566e-01 2.932203835513483181e+00 5.021314778720446625e+00 5.021314778720446625e+00 5.021314778720446625e+00 5.021314778720446625e+00
-1.046087719536496152e+01 -1.010479448410804082e+01 -9.691584756882722473e+00 -9.221006326413270671e+00 -8.692796975106272583e+00 -7.770696251882590389e+00 -6.560281726069847608e+00 -3.615501143569190834e+00 -2.720345893688195904e+00 -2.881589698337490901e+00 9.820636490009504449e-01 1.264181751559658951e+00 9.532316002853673531e-01 2.149413242003824998e+00 5.000405312372498301e+00 5.000405312372498301e+00 5.000405312372498301e+00 5.000405312372498301e+00
-1.047984563901065869e+01 -1.010431612053887918e+01 -9.788882845319674786e+00 -9.357219814790880719e+00 -8.779712568741670609e+00 -7.995691424461019103e+00 -6.804942914951622512e+00 -4.963652988792829568e+00 -2.063886685312003255e+00 -3.716891581408729550e+00 4.001735832153803241e-01 1.224607507107788651e+00 9.785408536971584859e-01 2.323741266958395446e+00 4.979495846024534877e+00 4.979495846024534877e+00 4.979495846024534877e+00 4.979495846024534877e+00
-1.046874615484828297e+01 -1.015884836238372024e+01 -9.878333157200250625e+00 -9.453521416742500350e+00 -8.909303459357403199e+00 -8.175674419058864828e+00 -7.077326917504240811e+00 -5.309829469674571811e+00 -2.839536760649428615e+00 -3.862503253267727921e+00 -6.879625835225253172e-02 1.144003754847120691e+00 9.369975161105987826e-01 2.688416426023300332e+00 4.879170335045532880e+00 4.879170335045532880e+00 4.879170335045532880e+00 4.879170335045532880e+00
-1.050926838071609026e+01 -1.015861868825520986e+01 -9.860174414242507623e+00 -9.511289483615383844e+00 -9.024616739922137754e+00 -8.264379935244132724e+00 -7.174507156217645232e+00 -5.831286019165901280e+00 -3.175186617564836666e+00 -4.854606732484725740e+00 -1.118450603016439171e+00 9.922798254306657295e-01 9.595890586423302393e-01 2.258360202228169467e+00 4.856894850444131606e+00 4.856894850444131606e+00 4.856894850444131606e+00 4.856894850444131606e+00
-1.053085583085718113e+01 -1.022163847569441586e+01 -9.874270137286913496e+00 -9.551710572198434335e+00 -9.077769708739817034e+00 -8.445634167329286512e+00 -7.386149728723521157e+00 -5.968275130813188056e+00 -3.177063029509714198e+00 -3.134419753372756468e+00 -3.066340299001957259e+00 7.050325611116271540e-01 9.738994757683139269e-01 2.349978110224810735e+00 4.835985384096194828e+00 4.835985384096194828e+00 4.835985384096194828e+00 4.835985384096194828e+00
-1.056075809310198999e+01 -1.023099171836295440e+01 -9.917771773676392399e+00 -9.571542918733197070e+00 -9.162816287600202614e+00 -8.485918465699809232e+00 -7.434706814647885409e+00 -6.044224845130217183e+00 -3.827214931835104750e+00 -3.640060768827165116e+00 -3.294729596564881291e+00 2.967782818573128090e-01 9.262651526886704900e-01 2.378301659594827644e+00 4.832024505953639526e+00 4.832024505953639526e+00 4.832024505953639526e+00 4.832024505953639526e+00
-1.060071026696167884e+01 -1.026803285554344392e+01 -9.996609812668367567e+00 -9.606484942812926420e+00 -9.223334972707286639e+00 -8.526696691697789987e+00 -7.539204316551923135e+00 -6.028510855925759415e+00 -4.089899486433954401e+00 -3.655470344367937052e+00 -3.517023668917507173e+00 -1.046098283204509455e-01 6.917445763471160580e-01 2.446353747499973696e+00 4.811115039605661892e+00 4.811115039605661892e+00 4.811115039605661892e+00 4.811115039605661892e+00
-1.062187170536059533e+01 -1.030911302808001295e+01 -9.989414418801896289e+00 -9.644484749753958752e+00 -9.307803872829117253e+00 -8.722571159115309669e+00 -7.571575437772041894e+00 -6.072911665902316791e+00 -4.829140438752616227e+00 -3.395618799573461466e+00 -3.324832374090025411e+00 -3.862888890406618869e-01 7.404891666041449882e-01 2.564149204465449472e+00 4.709423510373215827e+00 4.709423510373215827e+00 4.709423510373215827e+00 4.709423510373215827e+00
