-1.046664388882061481e+01 -1.050557518325846651e+01 -1.001061727100163523e+01 -9.654855074946651072e+00 -9.346126783645020808e+00 -8.993933536468631473e+00 -8.391692162481852790e+00 -7.090598240327540935e+00 -3.513980241987606501e+00 -3.562171863229980140e+00 -2.046132183983272235e+00 2.561095937521696841e-01 3.227757157498449270e-01 2.063883300268730459e+00 5.166721448869425970e+00 5.166721448869425970e+00 5.166721448869425970e+00 5.166721448869425970e+00
-1.047516144686276007e+01 -1.021903418146876596e+01 -1.005795282301848026e+01 -9.805292689033377584e+00 -9.429111484907767959e+00 -8.926696670159540048e+00 -8.157417759305635840e+00 -6.706137947505435903e+00 -2.930456726609988571e+00 -4.002438793126601446e+00 -1.826096805784314547e+00 1.508386065618830957e-02 1.134658469741920195e+00 1.992842554948741407e+00 5.153779729575622248e+00 5.153779729575622248e+00 5.153779729575622248e+00 5.153779729575622248e+00
-1.028997054543118317e+01 -1.000400951132252914e+01 -9.847868411329374183e+00 -9.940536563884295518e+00 -9.656881941210935238e+00 -9.080038533969020165e+00 -8.137672082168359466e+00 -6.498440680717402884e+00 -2.816277537220329474e+00 -4.068403383321645528e+00 -8.520419748178161834e-01 -1.273106246109263484e-01 1.858402388324900789e+00 2.042954023943403641e+00 5.309696958123271138e+00 5.309696958123271138e+00 5.309696958123271138e+00 5.309696958123271138e+00
-1.041579605052158009e+01 -1.032940391488800103e+01 -9.735901062541628903e+00 -9.379005482181433706e+00 -9.282237109638254324e+00 -9.298781738465951463e+00 -8.132561290154642464e+00 -5.925519053746244325e+00 -2.461923039986095851e+00 -3.830235095647283927e+00 -8.135871526193114711e-01 4.685687825140932294e-01 1.399585199358287069e+00 2.092248092272968929e+00 4.843384078036041984e+00 4.843384078036041984e+00 4.843384078036041984e+00 4.843384078036041984e+00
-1.056568959228284044e+01 -1.029499579075235083e+01 -9.946095535043147251e+00 -9.602941883298512948e+00 -9.071204713996115387e+00 -8.651437952876534609e+00 -8.032236134524355364e+00 -5.033668017719797660e+00 -2.475350936505529287e+00 -3.169579301905053104e+00 -8.401819455566064687e-02 7.291096261476270879e-01 1.517085403269136101e+00 2.304533449545314472e+00 4.762104715046889147e+00 4.762104715046889147e+00 4.762104715046889147e+00 4.762104715046889147e+00
-1.034624554685627196e+01 -1.014832605638739516e+01 -1.015837978438471367e+01 -9.864510752960216067e+00 -9.337655628269555308e+00 -8.516879603665008958e+00 -7.762488489592097807e+00 -3.701136348966131084e+00 -4.362677296199208854e+00 -1.572844414332940977e+00 4.795734603637420435e-01 1.121933213462792844e+00 1.657825992534879500e+00 2.126779997232892239e+00 4.472600211314772700e+00 4.472600211314772700e+00 4.472600211314772700e+00 4.472600211314772700e+00
-1.058994946405708504e+01 -1.019147367689220296e+01 -1.002889486783103834e+01 -9.859349230136103870e+00 -9.300774940005535285e+00 -8.498549193827301451e+00 -6.845378225583630183e+00 -2.691807287580372687e+00 -4.243970248169270931e+00 -7.622862654908031388e-01 8.328275795683934835e-01 1.917972177953151114e+00 1.687647112094121216e+00 3.097092568193582807e+00 4.384821573964533314e+00 4.384821573964533314e+00 4.384821573964533314e+00 4.384821573964533314e+00
-1.041976205671338640e+01 -1.024026667289145642e+01 -1.016018008083700330e+01 -9.786871537671938626e+00 -9.238985815229398213e+00 -8.325304479668780289e+00 -4.958709074847129195e+00 -3.312683885311223708e+00 -3.286884585485966070e+00 -9.495144660621082644e-03 1.322721310077874968e+00 2.054648795671665251e+00 1.867708619011099636e+00 4.279283569299035861e+00 5.221378039740709909e+00 5.221378039740709909e+00 5.221378039740709909e+00 5.221378039740709909e+00
-1.035172894443509506e+01 -1.012828408403280278e+01 -9.481448506827669931e+00 -9.228473236667273483e+00 -8.422689469557292696e+00 -7.035244305022169797e+00 -3.313444751060593774e+00 -4.273334505844959885e+00 -2.252786037001473396e+00 7.751584855039012067e-01 2.075554871762712139e+00 2.719551460352802597e+00 3.274229512909000661e+00 4.725378872248574780e+00 5.278963247700117378e+00 5.278963247700117378e+00 5.278963247700117378e+00 5.278963247700117378e+00
-1.056575046971831355e+01 -1.021486095878257316e+01 -9.404105101196465810e+00 -8.471657717416604783e+00 -7.497569071982924882e+00 -5.480812272375231053e+00 -2.985475596722012792e+00 -4.194551847238932041e+00 -1.859174478201510716e-01 1.526830712642612387e+00 2.868285198990081941e+00 3.388387223094420087e+00 4.891062720521363261e+00 4.930192596100084756e+00 5.400632828044808598e+00 5.400632828044808598e+00 5.400632828044808598e+00 5.400632828044808598e+00
-1.020431795843154710e+01 -9.594650938052735611e+00 -9.056338351704290801e+00 -8.487197834874539382e+00 -6.967717416090224880e+00 -3.809589377047189807e+00 -3.718118362668715982e+00 -2.925992698769146028e+00 6.542929082737264368e-01 2.804703456098639691e+00 2.946307730926718271e+00 4.531234343340470261e+00 2.941760612127142238e+00 2.262215014424957094e+00 5.749446597640074152e+00 5.749446597640074152e+00 5.749446597640074152e+00 5.749446597640074152e+00
-9.875665205515602452e+00 -9.108918283585975217e+00 -8.341934652831906050e+00 -8.052041795985996231e+00 -5.516624857296375417e+00 -2.493415860851419641e+00 -3.398652528650579541e+00 -5.122328047371982329e-01 1.711872328673454735e+00 3.225730803684445203e+00 4.372195117012815935e+00 3.717169643044922811e+00 2.035972956223034647e+00 2.430379659295463401e+00 5.228029035901565535e+00 5.228029035901565535e+00 5.228029035901565535e+00 5.228029035901565535e+00
-9.499305472165460174e+00 -8.687636920641359950e+00 -7.964834195240248604e+00 -6.428135636662561936e+00 -4.106334392726183502e+00 -3.405690137907746440e+00 -3.209765406609879079e+00 1.878614596589275043e-01 3.405615771316696350e+00 3.986229199836992088e+00 4.679835202832707708e+00 2.152689783727113504e+00 4.933022580310971739e-01 2.324040447009737775e+00 4.969179783646154647e+00 4.969179783646154647e+00 4.969179783646154647e+00 4.969179783646154647e+00
-1.007073069630684792e+01 -8.049933302076826891e+00 -6.867610620868516591e+00 -5.358177826272980226e+00 -2.732382188173323456e+00 -2.338938949250191968e+00 -2.098991055136110617e+00 1.205376767571437746e+00 3.254601638964028432e+00 4.898432670127149002e+00 3.234022028649334857e+00 -1.972518079087354437e+00 4.023255303191212717e-01 2.508881633180682247e+00 5.190644329317538386e+00 5.190644329317538386e+00 5.190644329317538386e+00 5.190644329317538386e+00
-9.528926248113368302e+00 -7.754436549143383317e+00 -5.937958147949117027e+00 -4.459898212008674534e+00 -2.144140892093562734e+00 -2.906733564051140029e+00 -1.029809292051104969e-01 2.743415174616306462e+00 3.486198984248367605e+00 5.524897144038300567e+00 4.337086618158602747e+00 -7.245033568869324592e-01 1.003682063668072111e+00 2.582320561224161093e+00 5.250283809143396319e+00 5.250283809143396319e+00 5.250283809143396319e+00 5.250283809143396319e+00
-9.088893720519187980e+00 -7.076534555378076519e+00 -5.200279791610416424e+00 -3.662035206782639829e+00 -1.904329435253436564e+00 -2.414187703615281233e+00 7.574917251556474440e-01 2.952351340560778858e+00 4.090094355752452060e+00 6.130424501118906022e+00 5.881763424330308077e+00 2.034437009416373954e+00 6.966681356095505429e-01 2.691155998644978009e+00 5.293205388600561889e+00 5.293205388600561889e+00 5.293205388600561889e+00 5.293205388600561889e+00
-8.844056753374337276e+00 -6.599990624736157940e+00 -4.653797621138346940e+00 -3.001605477690403756e+00 -2.334213549284877232e+00 -1.230254382819882419e+00 2.419212118800004419e+00 3.272993147890312038e+00 4.153317290860898403e+00 5.035438224256050255e+00 4.509103837644336643e+00 4.617187416549529466e+00 3.561072309586073459e+00 3.194993868395740844e+00 5.629229043202185423e+00 5.629229043202185423e+00 5.629229043202185423e+00 5.629229043202185423e+00
-8.100438939164870789e+00 -6.339003022414162913e+00 -4.194379363671681737e+00 -2.171649630346468740e+00 -2.675260204333333114e+00 9.890022452265156971e-02 3.555524987051891905e+00 3.837180704346313753e+00 3.931001104015089620e+00 3.214315770959362162e+00 3.170367445061547329e+00 3.103755478785283017e+00 3.887056963582719238e+00 5.079688363898099190e+00 5.267663116577882221e+00 5.267663116577882221e+00 5.267663116577882221e+00 5.267663116577882221e+00
-7.638546094121723584e+00 -6.224337255134900104e+00 -4.041179565418573816e+00 -1.864260203258034432e+00 -2.545438763232914958e+00 5.815382625831713170e-01 2.997494987715823012e+00 3.732989626332873900e+00 3.699523965953400051e+00 1.801282604486206029e+00 1.505581988247004510e+00 1.541485666334446725e+00 2.760938688840051114e+00 4.244399644802225424e+00 5.146289611764278682e+00 5.146289611764278682e+00 5.146289611764278682e+00 5.146289611764278682e+00
-8.039858581076906319e+00 -6.219184048379327479e+00 -3.660577393849580474e+00 -2.061583326046242171e+00 -1.964118284789862834e+00 8.500901042760312665e-01 3.194045944073932830e+00 3.918932189814890776e+00 3.005967413454824211e+00 1.518248792136125402e+00 8.421925789166626597e-01 9.769099109137946435e-01 1.934111703626583356e+00 3.582736847403127811e+00 5.351152639585479598e+00 5.351152639585479598e+00 5.351152639585479598e+00 5.351152639585479598e+00
-8.275829696553602233e+00 -6.421841015464494262e+00 -4.032600816421793688e+00 -2.875864507907953893e+00 -1.996735908196785925e+00 5.595346004235564052e-01 3.135110492609457733e+00 4.010652094502818343e+00 2.958144809482422311e+00 1.376894654188135281e+00 5.414537506570645808e-01 3.878142590154967095e-01 1.222809446201626127e+00 3.209696621094540347e+00 5.297178079971040177e+00 5.297178079971040177e+00 5.297178079971040177e+00 5.297178079971040177e+00
-8.191057305727296622e+00 -6.619009408869848343e+00 -3.946150700969365488e+00 -2.531683305109119431e+00 -2.191241594098389811e+00 6.498135096353130358e-01 3.315234604134468466e+00 3.996471433859504430e+00 2.745066803394123234e+00 1.098925667623300351e+00 -2.406129399537697555e+00 -1.631364028372744635e+00 1.151271078611578513e+00 3.087729399594210555e+00 5.272873456825778682e+00 5.272873456825778682e+00 5.272873456825778682e+00 5.272873456825778682e+00
-8.194042337543926635e+00 -6.961912348277372153e+00 -4.714099596150074234e+00 -2.293277954647048755e+00 -1.976222369378722865e+00 4.172243125507157924e-01 3.462332835519808860e+00 3.898791839937438386e+00 2.282105136997689243e+00 7.059765379655121853e-01 -2.522291301806847130e+00 -1.554373283567479058e+00 1.128201742529975737e+00 3.384299443053005341e+00 5.501464376087338515e+00 5.501464376087338515e+00 5.501464376087338515e+00 5.501464376087338515e+00
-8.166109117443854259e+00 -7.244899715985474664e+00 -5.137627609184247213e+00 -2.827903962471360000e+00 -1.973909493027843132e+00 -4.894882951570715957e-01 2.178187092834498184e+00 3.623360006880616879e+00 2.003877845400637181e+00 -1.433279638861524763e+00 -2.645274042199234454e+00 -1.332052286014378195e+00 1.186297655998388656e+00 3.685288566335398475e+00 5.064472145920686508e+00 5.064472145920686508e+00 5.064472145920686508e+00 5.064472145920686508e+00
-8.044753575467172624e+00 -7.206414520144400981e+00 -5.707576493083904801e+00 -4.039283537154655157e+00 -2.153357730977607076e+00 -1.975303859724462097e+00 6.054952417995917990e-01 2.801001065538718304e+00 2.329281954229657003e+00 -3.722173919953021937e+00 -2.379391912292209810e+00 -5.625648622401150378e-01 1.441945493915286036e+00 3.669328251636050808e+00 5.426365074400000488e+00 5.426365074400000488e+00 5.426365074400000488e+00 5.426365074400000488e+00
-8.376769697411331705e+00 -7.808986278753190291e+00 -6.623292594098129982e+00 -4.817442131230614599e+00 -3.030108252395060653e+00 -2.230657794788951875e+00 -8.389751447755844360e-01 1.296344292088611683e+00 2.159520878772632102e+00 -3.182158359207643894e+00 -3.073190230750959540e-01 1.009207545088834701e+00 1.857561532671595517e+00 4.257662392580694011e+00 5.402060451254738993e+00 5.402060451254738993e+00 5.402060451254738993e+00 5.402060451254738993e+00
-8.784092097137630617e+00 -7.879882843345773047e+00 -7.064792116331121363e+00 -5.656705302552854420e+00 -4.023913505431503168e+00 -2.418626882932928268e+00 -2.537882470461152895e+00 2.140559135742574892e-01 1.427120301925626888e+00 7.574135041225410481e-02 2.915640273082894529e-01 6.815651954491307452e-01 2.196440373340954544e+00 4.700124176242937324e+00 5.344072350798689364e+00 5.344072350798689364e+00 5.344072350798689364e+00 5.344072350798689364e+00
-9.132274384755673324e+00 -8.199143253497364725e+00 -7.382552051409112082e+00 -6.570454315370634291e+00 -5.115707340919267487e+00 -3.536612516100574144e+00 -2.622879436677259868e+00 -2.139675653729203653e+00 3.274826107046816537e-01 1.275598944717996730e+00 5.623298881065894594e-01 -1.475302448068423478e-01 1.757713805862125334e+00 4.837977741497482498e+00 5.319767727653426093e+00 5.319767727653426093e+00 5.319767727653426093e+00 5.319767727653426093e+00
-9.417840087916925285e+00 -8.529366236707874194e+00 -7.958693436164743673e+00 -7.284589395142534229e+00 -6.312903333199781031e+00 -5.005627223153924277e+00 -2.655422069301319077e+00 -2.834350653409820175e+00 -3.239235770145848514e-01 9.473439658861522172e-01 1.004090726028461500e+00 7.239029047118551441e-01 1.027784094480527433e+00 4.058550202571034049e+00 5.023188122111838183e+00 5.023188122111838183e+00 5.023188122111838183e+00 5.023188122111838183e+00
-9.913397784503413135e+00 -9.014419590204219901e+00 -8.530814234123074158e+00 -8.073505067644461519e+00 -7.364436892626848419e+00 -6.448779020957081443e+00 -4.143929361183929849e+00 -2.534863848548387644e+00 -2.075516413412014316e+00 3.705872579281420665e-01 9.256935694129384551e-01 9.774429382656621978e-01 1.503608071746040109e-01 3.914689776585534631e+00 5.497563968372904952e+00 5.497563968372904952e+00 5.497563968372904952e+00 5.497563968372904952e+00
-1.030513001843019971e+01 -9.871787036460053955e+00 -9.361516145286538304e+00 -8.866389900943863367e+00 -8.266524363037881074e+00 -7.234702592026623691e+00 -5.432110104645319737e+00 -2.606161698204490840e+00 -2.836162764005662140e+00 -2.393634563706078522e-01 8.022988793128926766e-01 9.968566697590990344e-01 2.925111988724120038e-01 4.383837828424546501e+00 5.473259345227639905e+00 5.473259345227639905e+00 5.473259345227639905e+00 5.473259345227639905e+00
-1.040577978367791623e+01 -1.003625528245979837e+01 -9.580858843340205766e+00 -9.162342288761923470e+00 -8.580887496186269559e+00 -7.621261389901700767e+00 -6.342932718155751104e+00 -3.599221336701476481e+00 -2.810815319143267210e+00 -1.645743660735695002e+00 5.127779573266807445e-01 9.514385972194226992e-01 7.783612067206331364e-01 3.126603809416761415e+00 5.415271244771594716e+00 5.415271244771594716e+00 5.415271244771594716e+00 5.415271244771594716e+00
-1.050434339164592323e+01 -1.014776366550518638e+01 -9.747124117484855077e+00 -9.301917077179547633e+00 -8.844010237118789419e+00 -7.918221712028891801e+00 -6.676415333595938861e+00 -4.967508660527352404e+00 -2.390416330026897462e+00 -2.910892993775021864e+00 1.465910187099939699e-01 8.543853738927627006e-01 5.868578178215800856e-01 2.779222387478358591e+00 5.390966621626329669e+00 5.390966621626329669e+00 5.390966621626329669e+00 5.390966621626329669e+00
-1.048032866359920590e+01 -1.017145881061529344e+01 -9.787599492920206146e+00 -9.438133441927273992e+00 -8.926748524055996725e+00 -8.101504750835145430e+00 -6.931377936725669819e+00 -5.573824527797914818e+00 -2.918133433582497993e+00 -3.245842232649452264e+00 -4.733900589407059600e-01 6.357856404080910462e-01 7.304856453594094079e-01 2.676242724684070762e+00 4.954408231392639195e+00 4.954408231392639195e+00 4.954408231392639195e+00 4.954408231392639195e+00
-1.049803352818001478e+01 -1.018886469219665258e+01 -9.876429063890887150e+00 -9.520122116267781820e+00 -9.025789633814005342e+00 -8.298612466443715974e+00 -7.121138802817507774e+00 -5.698352739520178289e+00 -4.241867090877456725e+00 -3.253780566075375802e+00 -1.574607903393215658e+00 3.377970359657355703e-01 4.448943166930994231e-01 2.862161680264790231e+00 5.190838990058026070e+00 5.190838990058026070e+00 5.190838990058026070e+00 5.190838990058026070e+00
-1.053765872366838963e+01 -1.022698499142496509e+01 -9.892772900173568473e+00 -9.516545750915922142e+00 -9.107538420286415359e+00 -8.392341406844538554e+00 -7.233418163171863924e+00 -5.861292422126925139e+00 -4.747458901303490464e+00 -2.824754979750058403e+00 -2.630567606860351848e+00 3.563786409117115916e-02 5.490967357375802216e-01 2.504457546784718325e+00 5.544458239200547922e+00 5.544458239200547922e+00 5.544458239200547922e+00 5.544458239200547922e+00
-1.056143655630721412e+01 -1.022942025258813459e+01 -9.946261743588305393e+00 -9.593778850331903030e+00 -9.155978241375375859e+00 -8.559784479646459943e+00 -7.334010956973324724e+00 -5.880875594686816754e+00 -4.850151908969667858e+00 -2.481533705367219511e+00 -2.927928192047565936e+00 -2.793614676191189528e-01 -1.876487902089008647e-02 2.572424380965818713e+00 5.520153616055289092e+00 5.520153616055289092e+00 5.520153616055289092e+00 5.520153616055289092e+00
-1.056170194887422298e+01 -1.028428670064792350e+01 -9.943107819351940435e+00 -9.617380776632147743e+00 -9.234204226124704817e+00 -8.593268545044766782e+00 -7.399366512007615526e+00 -5.914666844102873355e+00 -5.067701949212942480e+00 -2.630332612569437067e+00 -2.958795589680450977e+00 -3.128407264444437175e-01 -1.777968742330735819e-01 2.531404922409813629e+00 5.462165515599231469e+00 5.462165515599231469e+00 5.462165515599231469e+00 5.462165515599231469e+00
-1.061566555027882153e+01 -1.030132849188358080e+01 -9.957332895544688256e+00 -9.625980419145326650e+00 -9.300616909062421556e+00 -8.647305131720157689e+00 -7.532060241842838622e+00 -5.906375338663309549e+00 -5.212164483568018092e+00 -3.339211706797116541e+00 -3.010801312512569439e+00 -6.831617611636967569e-01 -6.405111429316992511e-02 2.477068853850842522e+00 5.002323741492995524e+00 5.002323741492995524e+00 5.002323741492995524e+00 5.002323741492995524e+00
-1.062147315049855223e+01 -1.033011083639749828e+01 -9.972025499098263523e+00 -9.661421290659713890e+00 -9.352487868095767709e+00 -8.840395913065012934e+00 -7.539291131058416084e+00 -5.776391482636335617e+00 -5.371614547299717657e+00 -3.706207585167071272e+00 -2.948345900147175236e+00 -1.497664196625631883e+00 -3.041749009955588279e-01 2.338621359278135081e+00 5.233765416354200006e+00 5.233765416354200006e+00 5.233765416354200006e+00 5.233765416354200006e+00
