-1.049639307696189761e+01 -1.031411502103117961e+01 -9.952988000632013055e+00 -9.619209415533772400e+00 -9.320371546580238586e+00 -8.925352620564027006e+00 -8.347221863059729685e+00 -7.055623535468334317e+00 -3.516851066037479878e+00 -3.612689575801305786e+00 -2.274386973830300640e+00 -5.813671117862464488e-01 5.653294773303044751e-01 2.080322591695470180e+00 5.247641075695607782e+00 5.247641075695607782e+00 5.247641075695607782e+00 5.247641075695607782e+00
-1.043681274315743224e+01 -1.023561303057337213e+01 -1.000810556271410157e+01 -9.768483990115282012e+00 -9.411579022345321732e+00 -8.877866658693186253e+00 -8.122948770309758260e+00 -6.701156017799465126e+00 -3.328786212254792876e+00 -4.232931593380985014e+00 -1.820539121819533035e+00 8.953620573485800149e-02 9.949951376014668503e-01 1.962982930557745531e+00 5.095837333016436155e+00 5.095837333016436155e+00 5.095837333016436155e+00 5.095837333016436155e+00
-1.026226422423328977e+01 -9.886920657831341330e+00 -9.849826477911594935e+00 -9.849777132346693165e+00 -9.601573696194257934e+00 -9.011329515579712179e+00 -8.082562638709541503e+00 -6.419634497545220420e+00 -2.932681151476333348e+00 -4.214366160439284137e+00 -6.494430520883454072e-01 6.141659930558011904e-02 1.800710098203130771e+00 2.003122599344084431e+00 5.294269944034128095e+00 5.294269944034128095e+00 5.294269944034128095e+00 5.294269944034128095e+00
-1.043697837033733400e+01 -1.023207353626578708e+01 -9.724279632626050329e+00 -9.363411625329074894e+00 -9.265263968767031955e+00 -9.241302509570321178e+00 -8.101783493868255803e+00 -5.858982672663026747e+00 -2.332860856028529106e+00 -3.854545868555657950e+00 -2.319020411192073694e-01 5.408516743883927669e-01 1.463054995206094278e+00 2.128854370239864124e+00 4.886341275616125301e+00 4.886341275616125301e+00 4.886341275616125301e+00 4.886341275616125301e+00
-1.054302460602755076e+01 -1.022497786145974175e+01 -9.979267688596253905e+00 -9.553756761598016567e+00 -9.000326309689183901e+00 -8.623683978854373322e+00 -7.967131219962815258e+00 -4.870939158139747427e+00 -2.480127983058610930e+00 -3.019309552472859259e+00 -1.857084016258867265e-01 8.542613507752918611e-01 1.490760458195483196e+00 2.299358445514745330e+00 4.830082506398841069e+00 4.830082506398841069e+00 4.830082506398841069e+00 4.830082506398841069e+00
-1.032529713160830198e+01 -1.012656531739898114e+01 -1.014610186023371874e+01 -9.831897016161901703e+00 -9.277161029510988755e+00 -8.464276255712245955e+00 -7.712844958925836991e+00 -3.645183304763028431e+00 -4.156932455174238150e+00 -1.378007457560662008e+00 1.700288231154824525e-01 1.096118183841129134e+00 1.639534796612480028e+00 2.104044255460838286e+00 4.454014448578496044e+00 4.454014448578496044e+00 4.454014448578496044e+00 4.454014448578496044e+00
-1.054417226373406535e+01 -1.025739397370253592e+01 -1.005551595467715842e+01 -9.791019812395116872e+00 -9.275301467007302847e+00 -8.468905851088456060e+00 -6.697016012706783705e+00 -2.686833695655702847e+00 -4.172640577904576098e+00 -3.196772041534453601e-01 9.439693116527716477e-01 1.865361161495221021e+00 1.700101051276715181e+00 3.064998809102485122e+00 4.413988410590623523e+00 4.413988410590623523e+00 4.413988410590623523e+00 4.413988410590623523e+00
-1.037043659246876715e+01 -1.014481590311173065e+01 -1.010092929601221101e+01 -9.687781342068213064e+00 -9.171010743073052751e+00 -8.238647658667755280e+00 -4.965053995386981001e+00 -3.384881940259480526e+00 -3.251058236356715980e+00 -1.062782165138188989e-01 1.424305186479303043e+00 2.010735551005459865e+00 1.862825149452251416e+00 4.286889991941873923e+00 5.269604511247703016e+00 5.269604511247703016e+00 5.269604511247703016e+00 5.269604511247703016e+00
-1.035358799917081996e+01 -1.007004311946865904e+01 -9.493183508740981935e+00 -9.209987118685610596e+00 -8.413060395875294972e+00 -7.006676511540666397e+00 -3.598314835269273093e+00 -4.343741195663739063e+00 -2.441866033897974742e+00 2.612447124535822174e-01 2.063537157265988853e+00 2.705471491616158630e+00 3.252960952168764575e+00 4.731833489990839858e+00 5.207919244397809955e+00 5.207919244397809955e+00 5.207919244397809955e+00 5.207919244397809955e+00
-1.053320541120644904e+01 -1.014040345384754183e+01 -9.331829477696720332e+00 -8.436501602955768675e+00 -7.490047765884955133e+00 -5.550749704096197057e+00 -2.323152615362060747e+00 -4.259286997118344686e+00 -3.681245986533551728e-01 1.796463159786602537e+00 2.807260809557705183e+00 3.394897744569593812e+00 4.930718834275220175e+00 5.000994118887691187e+00 5.406154512120470379e+00 5.406154512120470379e+00 5.406154512120470379e+00 5.406154512120470379e+00
-1.018720410358203132e+01 -9.582004577946976909e+00 -9.044715616230689648e+00 -8.387207566276408954e+00 -6.855817520290900191e+00 -4.005620235682325614e+00 -3.707091679404057594e+00 -2.782328755250980556e+00 2.310166458117917376e-01 2.759030188502928915e+00 2.980417994788887803e+00 4.586296006327512664e+00 3.048057555865173462e+00 2.352902345410283313e+00 5.656708268395156836e+00 5.656708268395156836e+00 5.656708268395156836e+00 5.656708268395156836e+00
-9.904628326546648154e+00 -9.094046043165509019e+00 -8.343625589227832151e+00 -8.053817158197755788e+00 -5.529336534979002238e+00 -2.965973347629620616e+00 -3.366862802082507322e+00 -1.315953831879996816e+00 1.477030963179918999e+00 3.192216749087391392e+00 4.350772296296584685e+00 3.754728398541403944e+00 2.107271011661932203e+00 2.388711654842355703e+00 5.379114514059391894e+00 5.379114514059391894e+00 5.379114514059391894e+00 5.379114514059391894e+00
-9.480080250431463185e+00 -8.656018039858238922e+00 -7.903276256228892294e+00 -6.503111764453851862e+00 -4.281775932579819255e+00 -3.277420633104825676e+00 -3.180147075057124351e+00 4.124035507935349676e-01 3.303420032680732366e+00 4.003361062082816169e+00 4.641399834111791023e+00 2.239482961158155927e+00 4.654274651794273465e-01 2.369033762775529794e+00 5.210353909506772574e+00 5.210353909506772574e+00 5.210353909506772574e+00 5.210353909506772574e+00
-1.002317280933328192e+01 -8.046664993525647347e+00 -6.902221326613998897e+00 -5.360251104345227446e+00 -2.998129655099143864e+00 -2.550349091567982729e+00 -2.752987852893756138e+00 7.661854610992770986e-01 3.289152798059745475e+00 4.990772754307585046e+00 3.358715910719586528e+00 -2.011349496068107090e+00 3.386848180842199074e-01 2.539677080863929071e+00 5.113623124347287607e+00 5.113623124347287607e+00 5.113623124347287607e+00 5.113623124347287607e+00
-9.511256268791425939e+00 -7.674127941613035908e+00 -6.022622277919641220e+00 -4.732256601630076887e+00 -2.273675239696567374e+00 -3.149117445898053980e+00 -8.300087315191694293e-01 2.634213841409913659e+00 3.475867271468831454e+00 5.449103611395754498e+00 4.387933371515696734e+00 -1.006131719780970490e+00 9.587320871432518654e-01 2.466926744863455756e+00 5.241470620611697662e+00 5.241470620611697662e+00 5.241470620611697662e+00 5.241470620611697662e+00
-9.079331617917455688e+00 -7.047306974489143450e+00 -5.323192180118055283e+00 -3.924573484080569497e+00 -1.845489773019844515e+00 -2.463966458280768101e+00 6.090203398747701113e-01 2.944402766379961012e+00 4.034472777848698399e+00 6.153346739472670635e+00 5.943560795805999497e+00 2.035616451316145437e+00 6.412837512154480057e-01 2.766048159038184018e+00 5.304099537551635102e+00 5.304099537551635102e+00 5.304099537551635102e+00 5.304099537551635102e+00
-8.810519531504937163e+00 -6.549278620555023522e+00 -4.777265177913353256e+00 -3.282854898008922273e+00 -1.965149572221878138e+00 -1.860155274422019334e+00 2.183447312136472362e+00 3.303313094501068914e+00 4.195041766553472939e+00 5.107460994913487262e+00 4.534187043969832409e+00 4.635098929799882583e+00 3.566942875288940051e+00 3.210578284847369179e+00 5.533399968631099952e+00 5.533399968631099952e+00 5.533399968631099952e+00 5.533399968631099952e+00
-8.120696691399805545e+00 -6.394641634981441669e+00 -4.431811283589060402e+00 -2.497661234681814335e+00 -2.628631209865721186e+00 -9.373410639907255870e-01 3.470588427678106935e+00 3.862559837296744014e+00 3.977656555009613015e+00 3.266381929753473745e+00 3.264605905689713872e+00 3.159553527086158997e+00 3.882174536395393005e+00 5.120542135657393246e+00 5.279387884754187965e+00 5.279387884754187965e+00 5.279387884754187965e+00 5.279387884754187965e+00
-7.588328488971350261e+00 -6.241070002625260571e+00 -4.234007613350483368e+00 -2.018218626290931628e+00 -2.762469963536732021e+00 5.343543772561087923e-01 2.935845246704385403e+00 3.772315820937585329e+00 3.748194953287821374e+00 1.849777070941821311e+00 1.565953168155936215e+00 1.592653135201189007e+00 2.757572778585783535e+00 4.300495555908694811e+00 5.019327004296758155e+00 5.019327004296758155e+00 5.019327004296758155e+00 5.019327004296758155e+00
-7.978367846408785269e+00 -6.154311872138867656e+00 -3.888758703198254452e+00 -1.786777719453049196e+00 -2.199038468667890101e+00 7.912681659079398022e-01 3.133382775102631079e+00 3.962506490190912167e+00 3.023491174103027035e+00 1.541977863021928519e+00 9.275849464149231727e-01 1.036342566480363825e+00 1.943064181562694115e+00 3.566466080009288664e+00 5.242549278638213295e+00 5.242549278638213295e+00 5.242549278638213295e+00 5.242549278638213295e+00
-8.199633628592133405e+00 -6.404333819233563929e+00 -4.041308089358473410e+00 -2.748106184605109803e+00 -2.026205753303471635e+00 2.485245403691963006e-02 3.077543558908947485e+00 3.996193033324610511e+00 2.954728492813198493e+00 1.415347985472827919e+00 6.275295168421189951e-01 3.296588261071233261e-01 1.220413045263093910e+00 3.235618984976288193e+00 5.290026504131748908e+00 5.290026504131748908e+00 5.290026504131748908e+00 5.290026504131748908e+00
-8.180928246139695048e+00 -6.763467398675757636e+00 -4.054126844423676879e+00 -2.473600323349408825e+00 -1.792889789396854283e+00 -3.416889593793725477e-01 3.257291654822511262e+00 4.029250100744974361e+00 2.711807426046039637e+00 1.136957297365225106e+00 -2.333413601958018280e+00 -1.640255344463189324e+00 1.134015489373878749e+00 3.081744079259728153e+00 5.222847614740756761e+00 5.222847614740756761e+00 5.222847614740756761e+00 5.222847614740756761e+00
-8.201986744218148218e+00 -6.973567285048244635e+00 -4.914277222177469540e+00 -2.378032807113435787e+00 -1.862615558747384714e+00 -1.092695457355715938e+00 3.369930249023344260e+00 3.912777586981156297e+00 2.263724864509453649e+00 8.820660280523148211e-01 -2.482915654490212454e+00 -1.568317611045923377e+00 1.148784600679199963e+00 3.392542328348577829e+00 5.341441713549801129e+00 5.341441713549801129e+00 5.341441713549801129e+00 5.341441713549801129e+00
-8.178865322585821218e+00 -7.307237816019695131e+00 -5.431002803165647208e+00 -3.229201540986724517e+00 -2.060867598115467825e+00 -1.371679429963832630e+00 2.072926658352542528e+00 3.646414649394326801e+00 2.015751538250616370e+00 -1.245882395073235394e+00 -2.607895632942586861e+00 -1.325237248239491850e+00 1.184866498378169375e+00 3.615157932998744883e+00 4.943648072555739681e+00 4.943648072555739681e+00 4.943648072555739681e+00 4.943648072555739681e+00
-8.071954038829714406e+00 -7.189125120576745687e+00 -5.695432075747051570e+00 -4.334274163605054575e+00 -1.849698001100997358e+00 -1.847664692600890612e+00 4.404668388591065353e-01 2.749452576053800446e+00 2.275272130053323849e+00 -3.693614263501463491e+00 -2.313242162412667113e+00 -4.897579547629459240e-01 1.470541849560853986e+00 3.707805230604454216e+00 5.334220083555681668e+00 5.334220083555681668e+00 5.334220083555681668e+00 5.334220083555681668e+00
-8.350827746636980464e+00 -7.875272742669595871e+00 -6.568429536524075019e+00 -4.985430464378159066e+00 -3.309305690138194311e+00 -2.107052402852915396e+00 -1.814238241870701485e+00 1.485823344226649079e+00 2.089814501919354583e+00 -3.118927866052402020e+00 -7.885052102130077345e-02 1.050173157143899028e+00 1.867111923897688097e+00 4.197929374576326644e+00 5.439069173306267935e+00 5.439069173306267935e+00 5.439069173306267935e+00 5.439069173306267935e+00
-8.771395493408999045e+00 -7.885970226430776719e+00 -6.947020506893667680e+00 -5.644207196512288860e+00 -4.229087526796021734e+00 -2.231519999415318978e+00 -2.553499425759060415e+00 -5.236276768076750243e-02 1.499120287499783988e+00 -1.664688516411534924e-01 2.217000427795812190e-02 7.655449254874113763e-01 2.173517151468340458e+00 4.683372899557012303e+00 5.335221568196516273e+00 5.335221568196516273e+00 5.335221568196516273e+00 5.335221568196516273e+00
-9.107738500932647696e+00 -8.233891734715907518e+00 -7.426669696689968347e+00 -6.509669294144256213e+00 -5.177727933316105258e+00 -3.789408702654818661e+00 -2.302888392436939657e+00 -2.065253213652278319e+00 9.910166240320695819e-01 1.207007522046394943e+00 8.116577519075510727e-01 -2.762429850907008877e-01 1.763019961971944216e+00 4.754452565556410271e+00 5.268042678805530343e+00 5.268042678805530343e+00 5.268042678805530343e+00 5.268042678805530343e+00
-9.411970184213823032e+00 -8.513499782859097920e+00 -8.006737521588693340e+00 -7.254598264173194977e+00 -6.309504184440278607e+00 -5.091172688307831429e+00 -2.375192737256631492e+00 -2.414059390317330855e+00 -1.311437432515690227e-01 1.013055063629704211e+00 9.104267965900147974e-01 5.224696566754339910e-01 1.025795125334784119e+00 4.054234137110659830e+00 5.267589911756109800e+00 5.267589911756109800e+00 5.267589911756109800e+00 5.267589911756109800e+00
-9.915789927410582294e+00 -8.969059497328121466e+00 -8.531132831150683771e+00 -8.029344691418531355e+00 -7.335108295832232450e+00 -6.381162795743769323e+00 -4.036904473798021975e+00 -2.691610885777822482e+00 -2.149655241271169359e+00 9.360217059923618965e-01 7.920506121165782343e-01 9.420048798078746177e-01 2.563725464710034929e-01 3.946571246198253835e+00 5.379308638655868613e+00 5.379308638655868613e+00 5.379308638655868613e+00 5.379308638655868613e+00
-1.026106665243442251e+01 -9.805136110322706600e+00 -9.307422989437625915e+00 -8.810100320528075457e+00 -8.218124955239867191e+00 -7.157065439634434867e+00 -5.282474883293498458e+00 -3.169102299594507954e+00 -2.664774176098747116e+00 4.293583779853168969e-01 8.936295505609626044e-01 9.491685681048982470e-01 8.719926296484598049e-02 4.405040454143698270e+00 5.520313437104114485e+00 5.520313437104114485e+00 5.520313437104114485e+00 5.520313437104114485e+00
-1.037197495857333962e+01 -1.002024987184048399e+01 -9.538402107720575174e+00 -9.137145481899731081e+00 -8.538213106102476857e+00 -7.583031851882240382e+00 -6.350807469415662432e+00 -3.411293661147634992e+00 -2.767119440886189885e+00 -1.658235097957483140e+00 8.068168206458549152e-01 9.145254878568543910e-01 8.065194085523487155e-01 2.663908895679694133e+00 5.447595521652274897e+00 5.447595521652274897e+00 5.447595521652274897e+00 5.447595521652274897e+00
-1.046296026379242861e+01 -1.009324331766794991e+01 -9.741547105163727238e+00 -9.265151418617231016e+00 -8.783677060357629074e+00 -7.854192303442124157e+00 -6.647820300974590424e+00 -4.972569814408356770e+00 -2.192852241887740306e+00 -2.862102696768801913e+00 8.275575097677350112e-01 7.885642070907731283e-01 5.797236104106535670e-01 2.776168536584314506e+00 5.380416632261272092e+00 5.380416632261272092e+00 5.380416632261272092e+00 5.380416632261272092e+00
-1.046159811715334342e+01 -1.013657667388966921e+01 -9.793906940588454901e+00 -9.408202737481442313e+00 -8.846967484213998034e+00 -8.053588170570245452e+00 -6.929096327876878014e+00 -5.572751387409988766e+00 -3.236448772224446824e+00 -3.146007537663041198e+00 -1.127098524146536163e-01 7.553951967619010333e-01 7.901273647114941401e-01 2.663586075168075773e+00 5.313237742870302149e+00 5.313237742870302149e+00 5.313237742870302149e+00 5.313237742870302149e+00
-1.048527433448540336e+01 -1.017212411593474108e+01 -9.854406396478628594e+00 -9.464330107169111272e+00 -8.979153080025410461e+00 -8.291299851007536859e+00 -7.101804007871604263e+00 -5.746803676624687718e+00 -4.218367955043127893e+00 -3.118052559444660865e+00 -1.511448395662165822e+00 6.256333068632283778e-01 5.186369407763555262e-02 2.765473004267556156e+00 5.154869704456862323e+00 5.154869704456862323e+00 5.154869704456862323e+00 5.154869704456862323e+00
-1.053093647775962260e+01 -1.022791973663732712e+01 -9.851148020385785742e+00 -9.495032563142954629e+00 -9.065979797753506375e+00 -8.350805305808302492e+00 -7.212707305810161174e+00 -5.930338830783298931e+00 -4.570413403640256611e+00 -3.011128462740721989e+00 -2.591346441116249011e+00 3.142838056657497603e-01 5.467654771542916903e-01 2.432193300284249293e+00 5.601557700901957482e+00 5.601557700901957482e+00 5.601557700901957482e+00 5.601557700901957482e+00
-1.054245158535059801e+01 -1.019913371745333386e+01 -9.934050628486740919e+00 -9.559756814205865538e+00 -9.135484342246835254e+00 -8.537084325744510593e+00 -7.340149771977750426e+00 -5.910451088046227319e+00 -4.760006135098509894e+00 -3.286649648616816854e+00 -2.850671670964317617e+00 4.666001677499604927e-01 1.675216827264987829e-01 2.554718898996510390e+00 5.635788039016494722e+00 5.635788039016494722e+00 5.635788039016494722e+00 5.635788039016494722e+00
-1.052619485284158962e+01 -1.027279104994680736e+01 -9.911739208245734289e+00 -9.614863904742612988e+00 -9.209579408465756956e+00 -8.584844392651579170e+00 -7.368253641207437532e+00 -6.001827545454825774e+00 -5.054641099142276772e+00 -2.401256062109903944e+00 -3.072400221128256614e+00 -1.300358176338681782e-01 1.721469584865612523e-01 2.502711910875251355e+00 5.492790585717049368e+00 5.492790585717049368e+00 5.492790585717049368e+00 5.492790585717049368e+00
-1.061936083445133860e+01 -1.031030902045834807e+01 -9.987671551696850614e+00 -9.629481816778064029e+00 -9.282971242644258325e+00 -8.645096405565015019e+00 -7.518745423701359343e+00 -5.980755719047907704e+00 -5.262894784489190236e+00 -3.485417146148513723e+00 -2.811338402712579398e+00 -5.836859996420226127e-01 -1.765761196635678154e-01 2.504578682100649267e+00 5.425611696326047451e+00 5.425611696326047451e+00 5.425611696326047451e+00 5.425611696326047451e+00
-1.064900699587112598e+01 -1.034576689778618430e+01 -9.992846804134048355e+00 -9.632420448588506545e+00 -9.368574602387907291e+00 -8.799744949862555288e+00 -7.553963586257427920e+00 -5.816022399809773091e+00 -5.417624161646859449e+00 -3.933427322831422934e+00 -2.064423716675399589e+00 -9.793087291783739712e-01 -4.826567802155067310e-01 2.314727538994325151e+00 4.933249404243371217e+00 4.933249404243371217e+00 4.933249404243371217e+00 4.933249404243371217e+00
