-1.042006140488855692e+01 -1.037601413637130676e+01 -1.000004544598171563e+01 -9.687255287188325070e+00 -9.371982504033010031e+00 -8.999242593021829606e+00 -8.392255505193706000e+00 -7.235502544639096811e+00 -4.775624172979391346e+00 -2.482449666113329734e+00 -1.884401340537776637e+00 -7.848970512961379598e-01 6.350546788305891921e-01 1.962578918462458022e+00 4.965200030041755141e+00 4.965200030041755141e+00 4.965200030041755141e+00 4.965200030041755141e+00
-1.038584489264495758e+01 -1.014399781739352058e+01 -9.986006981008436867e+00 -9.833646390437506213e+00 -9.524670703659854354e+00 -8.970695729362125448e+00 -8.192990881180563179e+00 -6.921556194965598152e+00 -4.252864573042812957e+00 -2.992239987633470655e+00 -2.368150775362712235e+00 -3.817782345120109833e-01 8.980188696243089908e-01 2.003507622275736644e+00 4.917873943926022839e+00 4.917873943926022839e+00 4.917873943926022839e+00 4.917873943926022839e+00
-1.038556431067775421e+01 -1.007926025627758548e+01 -9.743739725042658506e+00 -9.832465166670875334e+00 -9.724915254497130235e+00 -9.156322406514728840e+00 -8.159174978371218856e+00 -6.849571772541537484e+00 -3.109419542207785714e+00 -2.835819886819165525e+00 -1.557759361962279820e+00 -9.639445347901791361e-02 3.356691749074888209e-01 2.013422900153200246e+00 4.984673567890153478e+00 4.984673567890153478e+00 4.984673567890153478e+00 4.984673567890153478e+00
-1.033725027524243956e+01 -1.028961467664115759e+01 -9.861407530301146807e+00 -9.282935338657191338e+00 -9.198659823825011017e+00 -9.235703669108536573e+00 -8.222775047348195088e+00 -6.579778137266494298e+00 -2.690431273318501848e+00 -2.567960961217974791e+00 -5.001507610371148660e-01 -2.363852660284018192e-01 8.352778664317194179e-01 2.256164253475814618e+00 4.807407051150269339e+00 4.807407051150269339e+00 4.807407051150269339e+00 4.807407051150269339e+00
-1.054901380255188315e+01 -1.033592199315093474e+01 -9.923338934728986871e+00 -9.592806274103342190e+00 -9.058797977120304878e+00 -8.655142567861878078e+00 -8.184057075631612221e+00 -5.592753456336328810e+00 -3.024700682663936657e+00 -3.220774565669348277e+00 -1.832063014352068031e-01 4.977464159888829731e-01 2.060111690675981766e+00 2.365541842079504242e+00 4.713935273905111245e+00 4.713935273905111245e+00 4.713935273905111245e+00 4.713935273905111245e+00
-1.040778567848800762e+01 -1.004948295593535690e+01 -1.017581167395601760e+01 -9.912379711938967830e+00 -9.407792832745780487e+00 -8.654638952478345360e+00 -7.720738896958775577e+00 -3.898453874266079922e+00 -3.835542166513154161e+00 -2.174320598375792279e+00 -1.908325724097744147e-01 2.712945873348568959e-01 1.263445720584384757e+00 2.159432412501112175e+00 4.417023489411058712e+00 4.417023489411058712e+00 4.417023489411058712e+00 4.417023489411058712e+00
-1.045313272644343883e+01 -1.030094011505645923e+01 -9.987760241554159535e+00 -9.872903012675665835e+00 -9.369834779683912984e+00 -8.618756896659915512e+00 -7.453540421918994241e+00 -2.737883851980216665e+00 -3.780550058729935436e+00 -4.910528572521989377e-01 5.218258896743892539e-01 1.870865435206114036e+00 1.614405698003438472e+00 3.354152614958180401e+00 4.667249312961706309e+00 4.667249312961706309e+00 4.667249312961706309e+00 4.667249312961706309e+00
-1.051581006077733704e+01 -1.012953320150942105e+01 -1.002619006692261294e+01 -9.809938290274818229e+00 -9.281237919153113580e+00 -8.309442621096591708e+00 -4.990115161514903974e+00 -3.317314527516566525e+00 -2.933213656569138905e+00 7.319947447581247324e-02 1.564839600660004493e+00 2.017496971151441443e+00 1.860694741127754348e+00 4.387041358317034678e+00 4.995643977836400573e+00 4.995643977836400573e+00 4.995643977836400573e+00 4.995643977836400573e+00
-1.037004513665865346e+01 -1.021007150534493846e+01 -9.538044723024242444e+00 -9.113830950199492520e+00 -8.277758543759501819e+00 -6.964927061165900213e+00 -3.317863407497477546e+00 -3.854643846405455321e+00 -1.096747004679373472e+00 9.814866487761619851e-01 2.091911561381230023e+00 2.741303938967553755e+00 3.456005564993307910e+00 4.772134641932233023e+00 5.076778311173618441e+00 5.076778311173618441e+00 5.076778311173618441e+00 5.076778311173618441e+00
-1.042825724631812889e+01 -1.003826165809296533e+01 -9.529551323176020716e+00 -8.435361949247830893e+00 -7.432961225492533686e+00 -5.320031276863616654e+00 -2.655600062246930904e+00 -3.467029770232056940e+00 -4.910233933666623141e-04 2.184447939967427921e+00 3.027272212370657023e+00 3.484623128687840854e+00 4.961415126465001713e+00 4.940257832784666014e+00 5.259970979454835494e+00 5.259970979454835494e+00 5.259970979454835494e+00 5.259970979454835494e+00
-1.022761740232652272e+01 -9.501875913225848791e+00 -8.877993334434560069e+00 -8.455288806260160328e+00 -6.841032694738953701e+00 -3.398879713447342965e+00 -4.106879360533126189e+00 -1.336059862331835824e+00 1.213343512164456461e+00 3.101538344581451501e+00 3.047814743458489684e+00 4.581311195806605063e+00 2.935883347209947480e+00 2.185406666571005907e+00 5.353995708117738950e+00 5.353995708117738950e+00 5.353995708117738950e+00 5.353995708117738950e+00
-9.906041101172515795e+00 -9.032910271138614888e+00 -8.204691790397172113e+00 -7.639503189968357866e+00 -5.167455958169397512e+00 -2.506851113810462106e+00 -3.325766464301803893e+00 1.755755410511503911e-01 3.001200415315413039e+00 3.111243421890562910e+00 4.483166592933844896e+00 3.772655056205507229e+00 1.931884445063897893e+00 2.527442109027288275e+00 5.360226957908826861e+00 5.360226957908826861e+00 5.360226957908826861e+00 5.360226957908826861e+00
-9.549081518869211749e+00 -8.509325811477047807e+00 -7.722885202526161841e+00 -6.163019449101657443e+00 -3.509934551821789483e+00 -3.621513292043245791e+00 -1.596036613897295009e+00 1.918741702468020893e+00 3.237217913805878311e+00 4.021726853415494851e+00 4.713692763045744805e+00 7.887852001196062890e-01 4.356655471839634974e-01 2.328083521085836161e+00 5.164091765335003359e+00 5.164091765335003359e+00 5.164091765335003359e+00 5.164091765335003359e+00
-1.007069587662503451e+01 -7.852286209486750934e+00 -6.584567931603444890e+00 -4.894362972299871828e+00 -2.388620205128201501e+00 -3.027363647385381995e+00 2.180634161137891824e-01 3.023183487157742988e+00 3.324530531273035994e+00 5.017027138248197460e+00 3.366912170750171907e+00 -1.985950523185104011e+00 3.748063667597466009e-01 2.594558552827462172e+00 5.216223400627958640e+00 5.216223400627958640e+00 5.216223400627958640e+00 5.216223400627958640e+00
-9.420746482838273650e+00 -7.587650179331425271e+00 -5.676656818138416050e+00 -3.659239289252611549e+00 -3.147881955493822659e+00 -1.936981713908560332e+00 1.642153090610234845e+00 3.107518948879166132e+00 3.594430092823278411e+00 5.601721992604125511e+00 4.488359682550180807e+00 -9.478705954676356349e-01 9.970235455987188633e-01 2.622540399734142547e+00 5.175466962348163058e+00 5.175466962348163058e+00 5.175466962348163058e+00 5.175466962348163058e+00
-9.040783712818051043e+00 -6.910348327758487841e+00 -4.764693911848217667e+00 -2.407415672993239220e+00 -3.122144793849911171e+00 -9.313515617353762543e-02 3.066572834447886198e+00 3.050152421367909206e+00 4.130778284087686103e+00 6.202424390087149852e+00 6.099489910609340981e+00 1.935221945223518869e+00 6.402165352923165909e-01 2.719752615513391536e+00 5.120123966703359564e+00 5.120123966703359564e+00 5.120123966703359564e+00 5.120123966703359564e+00
-8.616528548329903003e+00 -6.368672518869587407e+00 -4.156886537176974983e+00 -1.818798430710180991e+00 -2.488549344191476109e+00 1.080337244348614556e+00 3.148903334250631847e+00 3.279681224522253302e+00 4.197351511090596787e+00 5.085157209986414628e+00 4.647154445575922388e+00 4.760377622829114586e+00 3.742200843718293868e+00 3.319432416919908757e+00 5.295578889558282043e+00 5.295578889558282043e+00 5.295578889558282043e+00 5.295578889558282043e+00
-7.810509943621328333e+00 -5.899518597160006372e+00 -3.573630973650054443e+00 -1.705615019853584879e+00 -1.309163686501426005e+00 2.449227628816959879e+00 3.527170174789604928e+00 3.887052133974547630e+00 4.091573020103291825e+00 3.284577694277891702e+00 3.358266510449190001e+00 3.218214367096332129e+00 3.985764863692080162e+00 5.186413952999298971e+00 5.176327824510338793e+00 5.176327824510338793e+00 5.176327824510338793e+00 5.176327824510338793e+00
-7.501760419132432745e+00 -6.007408149372257533e+00 -2.975727083208789203e+00 -1.754269066626544360e+00 -4.326440551799451417e-01 3.093889371059132198e+00 3.171344600280128656e+00 3.866666228594516141e+00 3.787140810084689946e+00 1.819020812804483134e+00 1.459163622138666350e+00 1.502505723462082443e+00 2.838458101969139502e+00 4.353118202973725204e+00 5.209726826752824280e+00 5.209726826752824280e+00 5.209726826752824280e+00 5.209726826752824280e+00
-8.094679038859188935e+00 -5.993544360454180264e+00 -3.145620601234205616e+00 -2.565718264296219076e+00 -2.743838323463004270e-01 3.041682473193751957e+00 3.077339134800435527e+00 4.052643917585537991e+00 3.116324247662245472e+00 1.541429881061081142e+00 -1.953013751543737908e-01 8.662731690864198253e-01 2.009427528748465086e+00 3.670353547033638364e+00 5.171717856162068472e+00 5.171717856162068472e+00 5.171717856162068472e+00 5.171717856162068472e+00
-8.113882001236376595e+00 -6.138153326243665830e+00 -3.092984233505315039e+00 -1.491257419605593437e+00 3.729265186195250825e-01 3.125138773357493349e+00 3.150417311896003270e+00 4.109301946103721903e+00 2.987514313825955892e+00 1.467636755526462444e+00 1.227948021685013047e-01 2.190563671214976194e-01 1.262514901033182646e+00 3.321311525688134481e+00 5.080104381118406565e+00 5.080104381118406565e+00 5.080104381118406565e+00 5.080104381118406565e+00
-8.136267961173498264e+00 -6.380835814229698144e+00 -3.238053136195429893e+00 -1.552800184340062062e+00 -1.531284003074628863e-01 3.209993534709996155e+00 3.236404394301084508e+00 4.164279455264629171e+00 2.771934062876092231e+00 1.174607843851635636e+00 -2.607247139097680577e+00 -1.651040258002373307e+00 1.191309987449651775e+00 3.173090892332914414e+00 5.024761385473602182e+00 5.024761385473602182e+00 5.024761385473602182e+00 5.024761385473602182e+00
-8.054127671650665121e+00 -6.981574214149464552e+00 -4.471446471876540762e+00 -2.280150159898257201e+00 -1.326343736183602573e+00 3.102381120437871065e+00 3.159872332745067958e+00 3.989834434979387279e+00 2.375709258718688766e+00 5.077994745575546975e-01 -2.635082556341113769e+00 -1.623957525786111855e+00 1.205140344724704216e+00 3.457172526782460231e+00 5.151098617584725758e+00 5.151098617584725758e+00 5.151098617584725758e+00 5.151098617584725758e+00
-8.069295006904559031e+00 -7.033227393279159578e+00 -5.073096871220093007e+00 -2.429577213601554764e+00 -2.045937056480179983e+00 1.063487746538580137e+00 3.196769566306775445e+00 3.774449391794941100e+00 2.162013894312348583e+00 -3.535956212468075677e+00 -2.784075159261478305e+00 -1.187978383364657775e+00 1.298415025907784237e+00 3.717501508266193966e+00 5.186974390521216449e+00 5.186974390521216449e+00 5.186974390521216449e+00 5.186974390521216449e+00
-7.927763486829897843e+00 -7.068313221225897003e+00 -5.441592713235952949e+00 -3.213581432779934133e+00 -2.306628296743562068e+00 1.081485917437123301e-01 3.122603538078938534e+00 2.977361202025440967e+00 2.030005324224455787e+00 -4.008597451942097933e+00 -2.625443058029629295e+00 -7.382237554204592600e-01 1.538019925548184119e+00 3.690493200092160198e+00 5.131698270577116361e+00 5.131698270577116361e+00 5.131698270577116361e+00 5.131698270577116361e+00
-8.392340967316711087e+00 -7.642553285065926794e+00 -6.282305210178821042e+00 -4.388291476421409598e+00 -2.333502260292612096e+00 -1.896413594699335015e+00 8.251404233544959999e-01 2.792916785073404462e+00 1.419550799972488564e+00 -3.532655207512137796e+00 -1.231361606489079774e+00 1.112830478647854227e+00 1.890144903291379297e+00 4.188576008528361427e+00 5.076355274932311978e+00 5.076355274932311978e+00 5.076355274932311978e+00 5.076355274932311978e+00
-8.850994080042491774e+00 -7.843802851930078646e+00 -6.808882002155618451e+00 -5.446604784219588602e+00 -3.554851340238217361e+00 -2.407564213398802000e+00 -7.740225655768939728e-01 8.074510871587081695e-01 1.866312843822862000e+00 -4.809590028599012856e-01 -2.206276939075028087e-01 2.429035096385628867e-01 2.210178207600128175e+00 4.565963125603994754e+00 4.984741799888652736e+00 4.984741799888652736e+00 4.984741799888652736e+00 4.984741799888652736e+00
-9.120834372024409831e+00 -8.319919545675702466e+00 -7.498378288176241746e+00 -6.250160294448508402e+00 -4.815711829725675130e+00 -3.170351676661577578e+00 -2.373419654304063542e+00 -7.895360198988635170e-02 2.947632738867300706e-01 1.389928593114053257e+00 9.817993899239460531e-02 4.065110420241215272e-01 1.839480999909781200e+00 4.621137688422543022e+00 5.144602043709562977e+00 5.144602043709562977e+00 5.144602043709562977e+00 5.144602043709562977e+00
-9.405252676846343363e+00 -8.523687884747403132e+00 -7.978747230676350277e+00 -7.344090912164585205e+00 -6.141368521994864160e+00 -4.740286625182371871e+00 -2.323344223496842886e+00 -2.279500323728792743e+00 2.075436100758944469e-01 2.487862902636338580e-01 1.166361788954302092e-01 6.557090412187349671e-02 1.360405184235771392e+00 4.096692482498830223e+00 5.153729055993137464e+00 5.153729055993137464e+00 5.153729055993137464e+00 5.153729055993137464e+00
-1.006549458181983603e+01 -9.060776385486921214e+00 -8.659726806360961149e+00 -8.264612109591293887e+00 -7.414920107932950089e+00 -6.550602968354803934e+00 -4.454814983505204218e+00 -2.220241161518790918e+00 -1.800500744348595195e+00 -2.977653777956457137e-02 6.073421932021221270e-01 7.725164663024893796e-01 -1.350859002552668442e-01 4.002658598355796293e+00 5.091678684992163362e+00 5.091678684992163362e+00 5.091678684992163362e+00 5.091678684992163362e+00
-1.038143177975530485e+01 -9.899498137289082678e+00 -9.451404578816930524e+00 -8.976293340291467970e+00 -8.438135781824231074e+00 -7.336613823066153728e+00 -5.642934134854627359e+00 -3.592358170333359357e+00 -2.244726713931692430e+00 -1.626055543252238333e+00 5.840221998490461447e-02 1.273900541835960354e+00 7.313209089774975746e-01 4.392938526270258492e+00 5.036335689347357203e+00 5.036335689347357203e+00 5.036335689347357203e+00 5.036335689347357203e+00
-1.042027022028053906e+01 -1.009220761591341287e+01 -9.615774172322407054e+00 -9.242130466653694754e+00 -8.729404429650383435e+00 -7.760186025766210527e+00 -6.384171705184441770e+00 -4.741177593264810142e+00 -2.174481972634528582e+00 -2.533635175193372557e+00 -6.812925705236640983e-01 6.760358983392379395e-01 8.384590669199053492e-01 3.939407139295951765e+00 4.948161003790641388e+00 4.948161003790641388e+00 4.948161003790641388e+00 4.948161003790641388e+00
-1.046857243432985562e+01 -1.021916470873591010e+01 -9.810355749570465633e+00 -9.414332098167900398e+00 -8.986424644244195292e+00 -8.045019154971214448e+00 -6.717711423232569423e+00 -5.405805976460054119e+00 -3.421503017943559932e+00 -2.598680830604494396e+00 -1.922382693128564357e+00 -1.132462618218805783e-01 7.793980545400560622e-01 3.032412949170756544e+00 4.948050853413306527e+00 4.948050853413306527e+00 4.948050853413306527e+00 4.948050853413306527e+00
-1.052024275126292530e+01 -1.022297214396284915e+01 -9.774112629955105547e+00 -9.519640789802025438e+00 -9.016642923673803267e+00 -8.209897142474467557e+00 -6.826051616611558792e+00 -5.649448123965465918e+00 -3.916620242062176516e+00 -2.655630820260383995e+00 -2.673305999339124828e+00 -6.201646156289558620e-01 5.581438822042372738e-01 2.683537042109373161e+00 5.143139807359522919e+00 5.143139807359522919e+00 5.143139807359522919e+00 5.143139807359522919e+00
-1.047575318681854561e+01 -1.018620707172509654e+01 -9.901590881391943100e+00 -9.577492554072902564e+00 -9.119745557876210995e+00 -8.371840744409404067e+00 -7.027745292910576147e+00 -5.798789324192916261e+00 -4.894876061265367895e+00 -3.595784637889090973e+00 -2.570046559671842701e+00 -7.870368188080479888e-01 -2.605323055766171625e-01 2.659217484913795726e+00 5.087929578806066999e+00 5.087929578806066999e+00 5.087929578806066999e+00 5.087929578806066999e+00
-1.056908464108886925e+01 -1.024165811385342550e+01 -9.939223529040809524e+00 -9.594183396298669564e+00 -9.223776097992260503e+00 -8.513090701411995198e+00 -7.167463449632007766e+00 -5.769835800331300391e+00 -5.369520416381712735e+00 -3.733126042461826000e+00 -2.744775889377873312e+00 -7.745193244517208919e-01 2.554401190150437095e-01 2.270876640688721082e+00 5.031538322762131976e+00 5.031538322762131976e+00 5.031538322762131976e+00 5.031538322762131976e+00
-1.053648672110487183e+01 -1.028889982256425739e+01 -9.982867343449893127e+00 -9.672399042145219283e+00 -9.292508641164094030e+00 -8.711568133225430444e+00 -7.361950148606210220e+00 -5.722267538896637973e+00 -5.120187485921619874e+00 -3.236744606894741416e+00 -3.093810376960849151e+00 -9.516167441800580384e-01 -1.521498031751962465e-01 2.338400025713372354e+00 4.989737409715906402e+00 4.989737409715906402e+00 4.989737409715906402e+00 4.989737409715906402e+00
-1.058111673442244083e+01 -1.030309089817712298e+01 -1.002237492519522810e+01 -9.653576383595096289e+00 -9.326371492698257271e+00 -8.702726196017614768e+00 -7.435950241378652237e+00 -5.820892540462260456e+00 -5.119998200942250222e+00 -3.859275968164220139e+00 -2.838809611819641088e+00 -1.804097443657905808e+00 -2.360984861524304812e-01 2.226102960286490351e+00 4.864020488773436846e+00 4.864020488773436846e+00 4.864020488773436846e+00 4.864020488773436846e+00
-1.066684769896573570e+01 -1.029902805765799911e+01 -1.001439450483962190e+01 -9.673027351861406942e+00 -9.358559774461388869e+00 -8.776004604503821582e+00 -7.596191100591816792e+00 -5.884302041251717519e+00 -5.195719690732874874e+00 -3.851300238583797331e+00 -3.942565187533886295e+00 -2.701884645873854573e+00 -4.896772192761833509e-01 2.199526619384127191e+00 5.097865635638925141e+00 5.097865635638925141e+00 5.097865635638925141e+00 5.097865635638925141e+00
-1.070323482048344843e+01 -1.033697214164662270e+01 -1.004972155671768874e+01 -9.719947770754929550e+00 -9.397263035801914910e+00 -8.978753278791840486e+00 -7.603868471928521444e+00 -5.794725278129740254e+00 -5.337266278475847336e+00 -3.623288229514647796e+00 -3.990426139653133752e+00 -1.572706539744918697e+00 -5.475361227748338777e-01 2.217670658403585904e+00 5.066276104273612191e+00 5.066276104273612191e+00 5.066276104273612191e+00 5.066276104273612191e+00
