-1.022489608838962916e+01 -1.037396379600502172e+01 -1.000393626746383546e+01 -9.667740833232736364e+00 -9.347068785188573870e+00 -8.995765757567978582e+00 -8.312077777528122269e+00 -7.330193113366995306e+00 -4.724134725164256032e+00 -3.387132679617325337e+00 -2.433619596891778425e+00 -2.611680328681215801e+00 -4.633112219690965206e-01 1.848950584285320220e+00 5.038000584098143442e+00 5.038000584098143442e+00 5.038000584098143442e+00 5.038000584098143442e+00
-1.020052023485633796e+01 -1.030576409803412297e+01 -1.017709696647222195e+01 -1.000622713465896396e+01 -9.560013237551972409e+00 -8.959796810611214468e+00 -8.279394272754061035e+00 -7.071384358646705337e+00 -4.746914664168922826e+00 -2.187732925093495595e+00 -2.064667750202340279e+00 -7.708428275488530268e-01 -4.575537591538989535e-01 2.122144200654445534e+00 5.332091801873263925e+00 5.332091801873263925e+00 5.332091801873263925e+00 5.332091801873263925e+00
-1.020025266504930173e+01 -1.013585782417182202e+01 -9.690005995273875072e+00 -9.703521320065723543e+00 -9.763163131137147843e+00 -9.217201184222743038e+00 -8.183064125895825214e+00 -6.973203896209875019e+00 -4.372262876500408346e+00 -2.325396348214960884e+00 -3.042321229562540807e+00 -3.672729122172064820e-01 -2.058042263986584464e-01 2.157356987550607119e+00 5.377574442761630991e+00 5.377574442761630991e+00 5.377574442761630991e+00 5.377574442761630991e+00
-1.025668776932080206e+01 -1.017801082434396065e+01 -9.972437574151481243e+00 -9.298576963098700077e+00 -9.230165900025141923e+00 -9.260031751314695470e+00 -8.315098767435154414e+00 -6.777297726429244662e+00 -3.218875240991280862e+00 -2.327875093658079209e+00 -1.816137595445674879e+00 -3.082163431789166144e-02 4.122345440768334091e-01 2.308367746560624489e+00 5.057653841845016984e+00 5.057653841845016984e+00 5.057653841845016984e+00 5.057653841845016984e+00
-1.049995922910689572e+01 -1.032981183477963505e+01 -1.000135262872869291e+01 -9.643822498646866137e+00 -9.108122951419565183e+00 -8.708204479273705445e+00 -8.168776795065060270e+00 -6.385663581965989266e+00 -2.447470172585069825e+00 -2.663548447616334691e+00 -4.954729861600423169e-01 2.980899915235021291e-01 1.348333201940583370e+00 2.408029648978872395e+00 4.941472560344679188e+00 4.941472560344679188e+00 4.941472560344679188e+00 4.941472560344679188e+00
-1.050716560370435815e+01 -1.002784732509557131e+01 -1.026443627035880013e+01 -1.002825079232703587e+01 -9.410086425706877478e+00 -8.708265482482044462e+00 -7.852072654311564648e+00 -5.241901324010653340e+00 -2.896949746214632970e+00 -2.708786377954813140e+00 -3.443375940617335318e-01 1.210886510045358300e+00 1.141951137984346332e+00 2.170546296605678993e+00 4.928499739999884000e+00 4.928499739999884000e+00 4.928499739999884000e+00 4.928499739999884000e+00
-1.038212680279296762e+01 -1.046084222750544335e+01 -9.979699855276411569e+00 -9.688209933515640415e+00 -9.423055362069836960e+00 -8.691449269970766167e+00 -7.681997001331721364e+00 -3.515518671060156919e+00 -3.027898817327506986e+00 -1.136434419495153003e+00 -4.131341255623722231e-01 1.385018693323041727e+00 1.558943264916272886e+00 3.351364709090334237e+00 4.849905045283272820e+00 4.849905045283272820e+00 4.849905045283272820e+00 4.849905045283272820e+00
-1.065045280400293137e+01 -1.016470466676556228e+01 -9.990656434343831549e+00 -9.987959895610931227e+00 -9.322975789639157185e+00 -8.287135509667290734e+00 -6.043065902300212677e+00 -2.683744714540046150e+00 -2.668610964754599024e+00 -1.537233057435595796e-01 1.274515439255157423e+00 2.119601899638120734e+00 1.814519828131069712e+00 4.328195836017863840e+00 5.393476324433364333e+00 5.393476324433364333e+00 5.393476324433364333e+00 5.393476324433364333e+00
-1.056554618871001239e+01 -1.028048615076471251e+01 -9.659956867709411199e+00 -9.072131930190849403e+00 -8.185299044961663384e+00 -7.053210550631946241e+00 -3.476424980939988529e+00 -3.241730691495154915e+00 -6.631440495182052697e-01 5.684664294709331767e-01 2.181684712768797052e+00 2.770671909133082256e+00 3.422238197367676094e+00 4.762036476336747093e+00 5.415007237168929066e+00 5.415007237168929066e+00 5.415007237168929066e+00 5.415007237168929066e+00
-1.018460385434910087e+01 -9.938782334109564687e+00 -9.531033283081749019e+00 -8.478083289946763301e+00 -7.397654596040616148e+00 -5.002335331647772776e+00 -2.965215706935901530e+00 -2.348734514652122574e+00 1.347385984885365595e-01 2.120527387451637047e+00 3.040237017922671647e+00 3.450737546187381710e+00 4.925414008880085959e+00 4.944266533071480119e+00 5.890279872509526449e+00 5.890279872509526449e+00 5.890279872509526449e+00 5.890279872509526449e+00
-1.022655188451211394e+01 -9.509827517006261388e+00 -8.755274594403063659e+00 -8.465929787810258844e+00 -6.835186275487156848e+00 -2.846700528182924739e+00 -3.219043887397782910e+00 -9.604169991999172984e-02 2.035336768439672817e+00 3.067582560281002735e+00 3.085509321737692545e+00 4.603295835251949519e+00 2.803645827130067048e+00 2.361945855379971704e+00 5.965105467477437529e+00 5.965105467477437529e+00 5.965105467477437529e+00 5.965105467477437529e+00
-9.841857308999193421e+00 -9.029269335039035838e+00 -8.097392654080675101e+00 -7.470506609489165228e+00 -4.545316166434997918e+00 -2.890669201216779616e+00 -1.750654427744118724e+00 8.695901685829107164e-01 2.962258354196148247e+00 3.186490722498290573e+00 4.478099628058455295e+00 3.720365277311120877e+00 8.515493669187892412e-01 2.518472463238047965e+00 5.470253573049686402e+00 5.470253573049686402e+00 5.470253573049686402e+00 5.470253573049686402e+00
-9.596702563112259554e+00 -8.541443127856085837e+00 -7.492123798954089864e+00 -5.878897540025052493e+00 -2.578065645664678218e+00 -3.405715132526696998e+00 1.548196458395546815e-02 3.075360266459029379e+00 3.280272110952540565e+00 4.092803275716777378e+00 4.743057088161783064e+00 -1.277117225018300217e-01 5.511795695945269635e-01 2.454188135983157437e+00 5.549755106469100419e+00 5.549755106469100419e+00 5.549755106469100419e+00 5.549755106469100419e+00
-1.011020658618282830e+01 -7.977465370419195345e+00 -6.392075189696861059e+00 -3.766495209186393467e+00 -2.971142958680549118e+00 -1.262298680759792235e+00 1.380491804460692418e+00 3.142164289730636551e+00 3.308361469647003172e+00 5.021998894778249678e+00 3.316289769762919004e+00 -1.838340630668580111e+00 4.041494919614513348e-01 2.631537362435182104e+00 5.527307457669843771e+00 5.527307457669843771e+00 5.527307457669843771e+00 5.527307457669843771e+00
-9.436411087642710527e+00 -7.443788110062373953e+00 -4.984521797543131960e+00 -2.358512766507275149e+00 -2.201169842989453507e+00 8.375304675626218942e-02 3.121107463228100176e+00 3.239858056760296812e+00 3.596433038971727392e+00 5.666634660190155159e+00 4.545074258881379059e+00 -8.557874899321331608e-01 9.693623749888866659e-01 2.737138927169780356e+00 5.507036091925118448e+00 5.507036091925118448e+00 5.507036091925118448e+00 5.507036091925118448e+00
-9.210820420394698615e+00 -6.886710823836505568e+00 -3.925712798519239044e+00 -2.575138324477283192e+00 -8.355050986730294671e-01 2.004912652399870154e+00 3.063236970190241326e+00 3.091373640655642685e+00 4.215172080281539557e+00 6.340864482715181438e+00 6.024930889007990231e+00 1.961994404645628798e+00 7.942678443226476315e-01 2.783962399942530030e+00 5.774743898743925463e+00 5.774743898743925463e+00 5.774743898743925463e+00 5.774743898743925463e+00
-8.672154512420419792e+00 -5.966290976589132100e+00 -2.827237533096555566e+00 -2.073478113312109627e+00 -1.937713293662458314e-01 3.020761974491639634e+00 3.262476040038644332e+00 3.358345421322497248e+00 4.222573464733933690e+00 5.013692216325303264e+00 4.578642013628833496e+00 4.793643645486008964e+00 3.896425413371666036e+00 3.317283122874127077e+00 5.803136967734386253e+00 5.803136967734386253e+00 5.803136967734386253e+00 5.803136967734386253e+00
-7.802075849819683384e+00 -5.630836651996954600e+00 -2.641032066487490226e+00 -1.828185580776816810e+00 2.063270021912244345e-01 2.690794945860296661e+00 3.541265071018703914e+00 3.874794296323052833e+00 4.098933515039217212e+00 3.224869592051569089e+00 3.216011564073396833e+00 3.150075812377191919e+00 4.028022543360699537e+00 5.166437376307788654e+00 5.567837273572568080e+00 5.567837273572568080e+00 5.567837273572568080e+00 5.567837273572568080e+00
-7.556503462212764255e+00 -5.781317087271128585e+00 -2.441559475119949418e+00 -1.299090412216941104e+00 8.581316139380645858e-01 3.130488995662907836e+00 3.176471699916781688e+00 3.925250203672216109e+00 3.840973674493707080e+00 1.779448135174983570e+00 1.305642397937682109e+00 1.425749073854966298e+00 2.752818812912646962e+00 4.364109638291099991e+00 5.464427498397328442e+00 5.464427498397328442e+00 5.464427498397328442e+00 5.464427498397328442e+00
-8.221017873193773084e+00 -5.750629847702108499e+00 -2.337268813871589135e+00 -9.320148650282618075e-01 1.549171519347877446e+00 3.108134911420594726e+00 3.157694767044083584e+00 4.051273056032382414e+00 3.144005644142243483e+00 1.542160142168312653e+00 -8.200861747021055415e-01 8.029833452240926484e-01 1.942552628293964467e+00 3.639764882039965066e+00 5.388731692935065709e+00 5.388731692935065709e+00 5.388731692935065709e+00 5.388731692935065709e+00
-8.153463026872060482e+00 -6.247477065002356333e+00 -3.212769208500315887e+00 -1.776868020192760023e+00 1.048997147690682974e+00 3.131271774521522833e+00 3.203764188661042400e+00 4.088041623374902400e+00 3.063090065030032783e+00 1.448935690411245147e+00 -9.808345588644608037e-01 2.826545486889102399e-02 1.262505481683335429e+00 3.341435784601041625e+00 5.585648318113414668e+00 5.585648318113414668e+00 5.585648318113414668e+00 5.585648318113414668e+00
-8.164329133603457578e+00 -6.597639341688134706e+00 -3.639667224784268740e+00 -1.787960135414981444e+00 4.278350490030492503e-01 3.236087017131675125e+00 3.230905359118389164e+00 4.161441440596782115e+00 2.738715830963355913e+00 1.146550737555885879e+00 -2.732713215027956277e+00 -1.761325534011704441e+00 1.223364463217326614e+00 3.186093589758092648e+00 5.538854134393162987e+00 5.538854134393162987e+00 5.538854134393162987e+00 5.538854134393162987e+00
-8.094699540776014501e+00 -6.733301502056589172e+00 -3.599727129521933744e+00 -2.305044218307407800e+00 2.106410063353199302e-01 3.194018110261902521e+00 3.267078981452474107e+00 4.051555939347458946e+00 2.384311923712881587e+00 -7.824666454826425532e-01 -2.743153799687318983e+00 -1.660610761418016335e+00 1.216733382282361386e+00 3.491625730744035927e+00 5.544745935889822341e+00 5.544745935889822341e+00 5.544745935889822341e+00 5.544745935889822341e+00
-8.150670829164695874e+00 -7.164913829597908013e+00 -4.425959535187531380e+00 -1.571201116512774165e+00 -2.490407227159577297e-01 2.408744499252950533e+00 3.189114794174936485e+00 3.779619614377698333e+00 2.112259975133124357e+00 -3.993146063945827606e+00 -2.903883718575392958e+00 -1.245595045896908726e+00 1.270814705074312823e+00 3.690758498761633533e+00 5.497838916481168070e+00 5.497838916481168070e+00 5.497838916481168070e+00 5.497838916481168070e+00
-7.967163461930164559e+00 -7.253286687240674269e+00 -5.125994398285559583e+00 -2.450376974807876529e+00 -1.098714589080427739e+00 7.190508914562712128e-01 3.224948879875597640e+00 3.076212389137395142e+00 2.065124051971612307e+00 -4.403677459126152272e+00 -2.826555854288216985e+00 -6.555354420146426442e-01 1.554597629099248257e+00 3.708395361978695792e+00 5.543719194614736168e+00 5.543719194614736168e+00 5.543719194614736168e+00 5.543719194614736168e+00
-8.411967032397715371e+00 -7.635338725745366872e+00 -6.310565664375877404e+00 -3.537486683686891453e+00 -1.356061295661450172e+00 -1.489864304917288385e+00 1.442670816015516611e+00 2.787809488716761486e+00 1.356412848099031843e+00 -4.038522316220812591e+00 -2.314219714116112048e+00 1.131492657829716197e+00 1.871252546263283190e+00 4.077966358945549707e+00 5.641200487467360247e+00 5.641200487467360247e+00 5.641200487467360247e+00 5.641200487467360247e+00
-8.948195065688210548e+00 -7.898698896795059987e+00 -6.858467172416567337e+00 -5.102762615270838076e+00 -2.426079334729732473e+00 -1.630842742780529431e+00 -1.240795790870648840e+00 1.450810993778718139e+00 2.017624429944510744e+00 -1.673354678805939466e+00 -1.207204906946213185e+00 5.150439693029464916e-01 2.118133270088955467e+00 4.297391415592717756e+00 5.505302918332269257e+00 5.505302918332269257e+00 5.505302918332269257e+00 5.505302918332269257e+00
-9.189668747381864122e+00 -8.464385604343377167e+00 -7.597058827769269662e+00 -6.031350551645529912e+00 -4.083467251072967485e+00 -2.413710124375226140e+00 -2.878231539815416795e+00 -6.938017822797317713e-01 1.234937110400459837e+00 1.510501641262938399e+00 -9.589892320051718322e-01 -3.622583942652097821e-01 1.777660650160494127e+00 4.439998284852394228e+00 5.728513980027715391e+00 5.728513980027715391e+00 5.728513980027715391e+00 5.728513980027715391e+00
-9.431890592589464717e+00 -8.580803700708115045e+00 -8.105595007263222129e+00 -7.391753265393356642e+00 -6.075752419979888685e+00 -4.079411270368406228e+00 -2.669588215548732713e+00 -2.494101797280647403e+00 2.142475780950968967e-01 9.573463019269745633e-01 -1.219864556874324268e+00 1.366735868183517055e-01 1.575796321508762032e+00 4.066366308302327148e+00 5.578277291100674162e+00 5.578277291100674162e+00 5.578277291100674162e+00 5.578277291100674162e+00
-1.027596683330967586e+01 -9.047550164979186960e+00 -8.755300414863830483e+00 -8.313309031785724557e+00 -7.417452433572581327e+00 -6.706552928673201741e+00 -3.891133482511587083e+00 -2.850753164188398969e+00 -2.395827745686957666e+00 -3.329228123376133941e-01 3.429798154248364650e-01 3.829964431206547837e-04 7.254118292182473171e-01 4.009370197568812522e+00 5.517140117642465924e+00 5.517140117642465924e+00 5.517140117642465924e+00 5.517140117642465924e+00
-1.045371326610054652e+01 -1.002240823472365605e+01 -9.549270362129300693e+00 -9.163625570967539602e+00 -8.777192392056578640e+00 -7.507723838706805708e+00 -5.806265155496340924e+00 -3.080381004189125527e+00 -2.861316076381698714e+00 -3.093042234581548922e+00 -1.224878378232153453e-01 1.514106919570876730e-01 -3.721947371834053442e-01 4.285311606940336304e+00 5.578442876600529843e+00 5.578442876600529843e+00 5.578442876600529843e+00 5.578442876600529843e+00
-1.053571053248502309e+01 -1.016999408494283230e+01 -9.764055048482690680e+00 -9.457862097296382942e+00 -9.068324645119041350e+00 -7.954797916008889302e+00 -6.297331481165807432e+00 -5.452600340779108379e+00 -3.199305109473713493e+00 -3.356539585396232983e+00 -2.564680614724978547e+00 1.624929728130843076e-02 -7.999393252911525254e-01 3.998509468101493880e+00 5.647398386889341815e+00 5.647398386889341815e+00 5.647398386889341815e+00 5.647398386889341815e+00
-1.053991812118224836e+01 -1.031707810819599302e+01 -9.969332281877159474e+00 -9.603561095304065987e+00 -9.255357163517476948e+00 -8.289970221556529850e+00 -6.656214761162129179e+00 -5.694354287363641909e+00 -4.006531626340859020e+00 -3.035118894809317958e+00 -2.698378416430291082e+00 -2.120188517469026868e-01 -3.545349419286523696e-01 3.052047710576782702e+00 5.526335429189666471e+00 5.526335429189666471e+00 5.526335429189666471e+00 5.526335429189666471e+00
-1.050588750163446861e+01 -1.026677288080785289e+01 -9.987261682071039814e+00 -9.697567790419228118e+00 -9.262951428067522031e+00 -8.450313505219321897e+00 -6.918582493801215705e+00 -5.756039847159426515e+00 -4.988780312560066044e+00 -2.325289725793554307e+00 -2.498576748625472632e+00 -5.393714999917831321e-01 -4.793140320260217413e-01 2.701130195074901152e+00 5.597477458841185083e+00 5.597477458841185083e+00 5.597477458841185083e+00 5.597477458841185083e+00
-1.056677839264015972e+01 -1.032817636665025951e+01 -1.002830670791509426e+01 -9.750330950768386629e+00 -9.345245274469213825e+00 -8.639489975217246709e+00 -7.187562543178476204e+00 -5.829702492663113134e+00 -5.571026636439283308e+00 -2.794833099277500565e+00 -1.843554911574007082e+00 -2.301428015058973653e+00 -2.629975337129250579e-01 2.450815224602181708e+00 5.731934827974757951e+00 5.731934827974757951e+00 5.731934827974757951e+00 5.731934827974757951e+00
-1.061084899785115176e+01 -1.029016516418406191e+01 -9.989213930326132029e+00 -9.672040378051743659e+00 -9.359849048701445184e+00 -8.705099605205701252e+00 -7.356257838476765620e+00 -5.906392643399458464e+00 -5.795954449519804541e+00 -3.876549940824058016e+00 -1.850054926634918218e+00 -3.186173891407436898e+00 -7.329295592158580064e-01 2.107191366268171606e+00 5.505732069386297667e+00 5.505732069386297667e+00 5.505732069386297667e+00 5.505732069386297667e+00
-1.062794613838999780e+01 -1.030769573773550363e+01 -1.007990550836596810e+01 -9.751875488807403514e+00 -9.353154105998955359e+00 -8.851257223248335748e+00 -7.555237571354924242e+00 -5.740724060366183323e+00 -5.470752172246775125e+00 -3.911727525052212329e+00 -2.561858547765864635e+00 -2.072180884921652755e+00 -5.956201839860573166e-01 2.313674188799178744e+00 5.660961805384165046e+00 5.660961805384165046e+00 5.660961805384165046e+00 5.660961805384165046e+00
-1.074199758550087225e+01 -1.039675558456471904e+01 -1.004066900464798096e+01 -9.757080388105050517e+00 -9.417523981912914621e+00 -8.812349376691649638e+00 -7.539106625607590928e+00 -5.917708171217141100e+00 -5.354564170328488970e+00 -3.498624444165573166e+00 -4.895653793438581758e+00 -2.384675600328650891e+00 -3.168762947256515417e-01 2.191470294665911478e+00 5.626884380863396373e+00 5.626884380863396373e+00 5.626884380863396373e+00 5.626884380863396373e+00
-1.073220065650933108e+01 -1.032419774016763725e+01 -1.004477912343197410e+01 -9.752801700965711973e+00 -9.444454373467083386e+00 -8.843700895200758083e+00 -7.679782186813173261e+00 -5.938795358179409511e+00 -5.392012678627150279e+00 -3.796384260694887658e+00 -3.754205764372116505e+00 -2.195118671920537778e+00 -3.829667119662071850e-01 2.362195220830038522e+00 5.708343591525517624e+00 5.708343591525517624e+00 5.708343591525517624e+00 5.708343591525517624e+00
-1.074090021505846693e+01 -1.038678844788790911e+01 -1.005475224497677011e+01 -9.764861386107247299e+00 -9.501429863310205448e+00 -9.015513465387240188e+00 -7.698278755234801096e+00 -5.709352282800940870e+00 -5.398129802486491435e+00 -4.138087136167968083e+00 -3.714950407918893305e+00 -1.940154217712073192e+00 -2.743173762783893133e-01 2.345198945030421811e+00 5.439915939397470090e+00 5.439915939397470090e+00 5.439915939397470090e+00 5.439915939397470090e+00
