-1.043716740070881599e+01 -1.036314847359815872e+01 -9.976743423598499305e+00 -9.669595568821822695e+00 -9.357646793652463657e+00 -8.993533252951900536e+00 -8.404932730105274530e+00 -7.221695776422103030e+00 -4.805228968634610354e+00 -2.313480763193934919e+00 -2.070787992340529460e+00 -8.351030576414120166e-01 6.536394619972500930e-01 1.974727200827276707e+00 4.988256514922285945e+00 4.988256514922285945e+00 4.988256514922285945e+00 4.988256514922285945e+00
-1.037701981096950732e+01 -1.013044034354145495e+01 -9.987222657744897703e+00 -9.831898938099840279e+00 -9.519916966834065519e+00 -8.955747515064704345e+00 -8.185133656147554504e+00 -6.924952032378033806e+00 -4.272111730452346379e+00 -2.942121688190385775e+00 -2.173144099734249046e+00 -3.573167062608687550e-01 9.276552603717473922e-01 2.071310135558658949e+00 5.082021777299855714e+00 5.082021777299855714e+00 5.082021777299855714e+00 5.082021777299855714e+00
-1.036891013190579258e+01 -1.005538148219213923e+01 -9.775673515568890082e+00 -9.823268649206227110e+00 -9.712293627006033603e+00 -9.152971040494108479e+00 -8.152836257938641751e+00 -6.844769240073823369e+00 -3.119243602195311382e+00 -2.960757749659664650e+00 -1.223247397623870913e+00 -1.102999726002267811e-01 5.368206006611484504e-01 2.001928604755168095e+00 5.090044132560234580e+00 5.090044132560234580e+00 5.090044132560234580e+00 5.090044132560234580e+00
-1.037175896763399763e+01 -1.031196875761163412e+01 -9.874735932251462955e+00 -9.289053721697525745e+00 -9.221010269789655212e+00 -9.230411080488220676e+00 -8.223045502421252095e+00 -6.547008157804791395e+00 -2.700516091420092746e+00 -2.760652803438730540e+00 -5.701555408595337937e-01 -1.692306223791663899e-01 7.177980165631574483e-01 2.250474986430720747e+00 4.738544954592833314e+00 4.738544954592833314e+00 4.738544954592833314e+00 4.738544954592833314e+00
-1.055540116131682460e+01 -1.033477238625441785e+01 -9.923904843666607078e+00 -9.623715962906022270e+00 -9.063048409223483759e+00 -8.657295230806743902e+00 -8.224804197419214091e+00 -5.511595438131969615e+00 -3.075455835147499428e+00 -3.189311983403901429e+00 -2.070379575066654820e-01 4.418250293339443524e-01 2.026872296600795487e+00 2.355837947770800689e+00 4.683278068614729506e+00 4.683278068614729506e+00 4.683278068614729506e+00 4.683278068614729506e+00
-1.040669362002141796e+01 -1.001244013972298319e+01 -1.016376113861498887e+01 -9.898295529308647644e+00 -9.375513471555922962e+00 -8.648779555777052153e+00 -7.697845664758748541e+00 -3.823485705341130192e+00 -3.814221859613153853e+00 -1.967544988669814643e+00 -2.451683496092516845e-01 2.822143435083188101e-01 1.277888789760013966e+00 2.151680948086299061e+00 4.400204067383749695e+00 4.400204067383749695e+00 4.400204067383749695e+00 4.400204067383749695e+00
-1.046798353404571458e+01 -1.029491724634808847e+01 -9.976044551977764741e+00 -9.857913356504070634e+00 -9.353827664123256724e+00 -8.596125429391296535e+00 -7.419031000367796835e+00 -2.690947236233115269e+00 -3.768548048547191165e+00 -5.673837306667403046e-01 3.946248650143150960e-01 1.852856561371497568e+00 1.597722468788097760e+00 3.346507469942385349e+00 5.253918815546167131e+00 5.253918815546167131e+00 5.253918815546167131e+00 5.253918815546167131e+00
-1.047637692605250237e+01 -1.010283768438005225e+01 -1.000962045665506217e+01 -9.792391700955352718e+00 -9.249562249564018401e+00 -8.288108649750901336e+00 -4.917346656702497931e+00 -3.350620670154764724e+00 -2.927922262642656204e+00 1.001332758966237274e-01 1.495319681724673222e+00 1.999302308763633018e+00 1.863663111700243569e+00 4.353551860491958081e+00 5.193428794982041019e+00 5.193428794982041019e+00 5.193428794982041019e+00 5.193428794982041019e+00
-1.039576353919312268e+01 -1.018617344197077301e+01 -9.533560632932392309e+00 -9.093231456883472674e+00 -8.270362287557379233e+00 -6.955547641362799460e+00 -3.362442266572309713e+00 -3.959211276173879135e+00 -1.099736113168363838e+00 9.902960580423576520e-01 2.069863392647365075e+00 2.734394264129210050e+00 3.432402759412127580e+00 4.763009230300069063e+00 5.232547118493878102e+00 5.232547118493878102e+00 5.232547118493878102e+00 5.232547118493878102e+00
-1.043337145647938868e+01 -1.004185762029910123e+01 -9.520969620994771176e+00 -8.429939353837701432e+00 -7.413073018444778839e+00 -5.336225560646418842e+00 -2.532224370302469385e+00 -3.498894520810708730e+00 4.279818598974383104e-02 2.159082438103685053e+00 3.006483664049339755e+00 3.478145719768412469e+00 4.917501971907396907e+00 4.967386322047460112e+00 5.488384770315237304e+00 5.488384770315237304e+00 5.488384770315237304e+00 5.488384770315237304e+00
-1.022554520036799097e+01 -9.499654712659674871e+00 -8.883229985006021678e+00 -8.401480985265209256e+00 -6.845575258137236219e+00 -3.482008751266538304e+00 -4.092271821111056695e+00 -1.296718281403887341e+00 1.135050530366426003e+00 3.109062307272828285e+00 3.047553385924297586e+00 4.580598450644212782e+00 2.914651568816066352e+00 2.207734656731964673e+00 5.391704257346455975e+00 5.391704257346455975e+00 5.391704257346455975e+00 5.391704257346455975e+00
-9.892973147766195297e+00 -9.033847366344113894e+00 -8.195231466699153700e+00 -7.627968554719130267e+00 -5.196841724482293756e+00 -2.424384535284020092e+00 -3.314624266708480427e+00 1.819598710016741006e-01 2.994577027739576014e+00 3.113062187461660635e+00 4.466805507394135510e+00 3.762308226244485354e+00 1.995100720027641605e+00 2.507856346478008813e+00 5.723364884425262922e+00 5.723364884425262922e+00 5.723364884425262922e+00 5.723364884425262922e+00
-9.520224761485740927e+00 -8.543523039273557274e+00 -7.739022226399029591e+00 -6.169722064076436752e+00 -3.677601528448288803e+00 -3.574703419119127812e+00 -1.855410237949037144e+00 1.834915888000077766e+00 3.211236391228751152e+00 4.026770297337930238e+00 4.705401929471099365e+00 1.245827929060842942e+00 4.617370374871960226e-01 2.320404311535372077e+00 5.562856776046127827e+00 5.562856776046127827e+00 5.562856776046127827e+00 5.562856776046127827e+00
-1.006676825105654771e+01 -7.841546530034631424e+00 -6.613018320857612764e+00 -4.936870403439389321e+00 -2.350245695939078061e+00 -3.081777039330867662e+00 1.121034528443954625e-01 3.003535807933468860e+00 3.298807640955329745e+00 5.053314762867962884e+00 3.363445164940196186e+00 -2.019968197150331601e+00 3.687089494061984718e-01 2.577400682636212359e+00 5.531079615449769449e+00 5.531079615449769449e+00 5.531079615449769449e+00 5.531079615449769449e+00
-9.423407429602235652e+00 -7.582553185790104955e+00 -5.682827556837574789e+00 -3.872570442584717831e+00 -2.893216797419322361e+00 -2.057104852012455520e+00 1.425434903448314472e+00 3.089963277922722185e+00 3.579102980378556342e+00 5.577130998852116051e+00 4.453943084988022605e+00 -9.372177122783034164e-01 9.998065927466898151e-01 2.605823248752740184e+00 5.415060604903621844e+00 5.415060604903621844e+00 5.415060604903621844e+00 5.415060604903621844e+00
-9.088361738277090041e+00 -6.910160353119708887e+00 -4.815048104428445441e+00 -2.590384784707068455e+00 -3.022618664981640002e+00 -2.820027820653009387e-01 3.031448646457043594e+00 3.029891260591962787e+00 4.110911438709632826e+00 6.272050630700924501e+00 6.086950440132723905e+00 1.883427232125582051e+00 6.450735380320287149e-01 2.703823967674164663e+00 5.327555857895088565e+00 5.327555857895088565e+00 5.327555857895088565e+00 5.327555857895088565e+00
-8.637893169643117375e+00 -6.423043962369506588e+00 -4.189295304762352679e+00 -1.821448541370961127e+00 -2.581852642243252394e+00 8.204621266434958260e-01 3.161217631467819089e+00 3.263970547874690098e+00 4.198947773126572969e+00 5.090478690331541323e+00 4.620103440902564529e+00 4.756930858862106426e+00 3.752059430976919074e+00 3.325874216398197802e+00 5.634998466477393109e+00 5.634998466477393109e+00 5.634998466477393109e+00 5.634998466477393109e+00
-7.825060290637208205e+00 -5.935418041836333813e+00 -3.724936279872246736e+00 -1.659260615911731795e+00 -1.495189617938113447e+00 2.316295429014435747e+00 3.520741828193594269e+00 3.874052483295004734e+00 4.101497773796118906e+00 3.235602001690168095e+00 3.311005897840630929e+00 3.192602000755269120e+00 4.013248917893232459e+00 5.140966890603948514e+00 5.550433865653360499e+00 5.550433865653360499e+00 5.550433865653360499e+00 5.550433865653360499e+00
-7.504979851469149921e+00 -6.036313935796337127e+00 -3.034723030844082459e+00 -1.665456257713826327e+00 -8.765364547881464574e-01 3.075136110203394502e+00 3.158065306654274984e+00 3.862502752255162264e+00 3.783247926517418591e+00 1.808992835095411422e+00 1.469358917055588076e+00 1.505229451252407369e+00 2.868021148293554923e+00 4.344439207489830146e+00 5.472865824266923696e+00 5.472865824266923696e+00 5.472865824266923696e+00 5.472865824266923696e+00
-8.170372948421388060e+00 -6.036051287891899264e+00 -3.145860824468584838e+00 -2.650735294766526806e+00 -6.968819541507127457e-01 3.049242558732317310e+00 3.072649745850855485e+00 4.050461305813739088e+00 3.103464885565129006e+00 1.551109378275131068e+00 -3.161780253099959470e-01 8.576576482294977488e-01 2.009824609164639231e+00 3.665072532827095220e+00 5.394349090249378698e+00 5.394349090249378698e+00 5.394349090249378698e+00 5.394349090249378698e+00
-8.152055408960244165e+00 -6.124469838638287200e+00 -3.095570162949442317e+00 -1.556557444795951595e+00 -4.517584895671955536e-02 3.128356667582600892e+00 3.137008353287341844e+00 4.097739706274421856e+00 2.984652380023437246e+00 1.440192724095088028e+00 4.368704539095229905e-02 2.214174686354040134e-01 1.264550030703819772e+00 3.341370687534181094e+00 5.251959764344191761e+00 5.251959764344191761e+00 5.251959764344191761e+00 5.251959764344191761e+00
-8.208317554845953268e+00 -6.385569244731142291e+00 -3.311738331952484238e+00 -1.548496561722027876e+00 -4.008764978837482951e-01 3.247446010922975024e+00 3.233266606924601660e+00 4.157998894672122248e+00 2.778134572303484706e+00 1.186311542688955889e+00 -2.587793518159788864e+00 -1.640035028871523082e+00 1.195846821124540549e+00 3.193550797498238669e+00 5.164455017335660258e+00 5.164455017335660258e+00 5.164455017335660258e+00 5.164455017335660258e+00
-8.031302609740224696e+00 -7.050241920470510237e+00 -4.532054866394514825e+00 -1.986113338425162134e+00 -1.655284605165725509e+00 3.005287907511910994e+00 3.167734609973778426e+00 3.984901316914125857e+00 2.374466708076371280e+00 3.858336683480844131e-01 -2.697551249339643853e+00 -1.611326943448552651e+00 1.202938363994148663e+00 3.436389718085391287e+00 5.446429193680434544e+00 5.446429193680434544e+00 5.446429193680434544e+00 5.446429193680434544e+00
-8.056975796180852356e+00 -7.082546607671897476e+00 -5.117096812165855546e+00 -2.690312572629806720e+00 -1.934502928992538617e+00 6.567988538154336808e-01 3.183143098469638499e+00 3.787712432787799344e+00 2.134349720928888416e+00 -3.265813081731656631e+00 -2.775372412918242659e+00 -1.231811336384702082e+00 1.282989284724532775e+00 3.717321966913125664e+00 5.406223067417758266e+00 5.406223067417758266e+00 5.406223067417758266e+00 5.406223067417758266e+00
-7.930559120839761000e+00 -7.082417406365005164e+00 -5.377117759351630610e+00 -3.430759912243041221e+00 -1.882854664979571435e+00 -2.697627931826427350e-01 3.041424265304709884e+00 2.998759573292666403e+00 2.023320836621397056e+00 -3.968959779192906989e+00 -2.522245392081036375e+00 -7.483626417874089665e-01 1.529924778420676201e+00 3.707618117001720837e+00 5.318752996698481894e+00 5.318752996698481894e+00 5.318752996698481894e+00 5.318752996698481894e+00
-8.399017863383228644e+00 -7.612789360262697258e+00 -6.272266484932108810e+00 -4.390402380802493454e+00 -2.654927166814832429e+00 -2.080368727125647688e+00 6.478985613600769522e-01 2.770162324535633935e+00 1.396700581311013156e+00 -3.489484357628514388e+00 -7.838869913852747340e-01 1.083660421985773059e+00 1.878085852415152690e+00 4.170853663334401773e+00 5.231248249689951280e+00 5.231248249689951280e+00 5.231248249689951280e+00 5.231248249689951280e+00
-8.847372837066521001e+00 -7.908851049884967566e+00 -6.817940577320195317e+00 -5.433969547451452442e+00 -3.491776202240949090e+00 -2.409713326965737146e+00 -1.149011565026190285e+00 1.028142236763546657e+00 1.835939550648339580e+00 -4.633014225246713247e-01 -9.654453399612489273e-03 2.849857152735695287e-01 2.187045961496169255e+00 4.561063506859076355e+00 5.088858923784765231e+00 5.088858923784765231e+00 5.088858923784765231e+00 5.088858923784765231e+00
-9.130568429544336340e+00 -8.325053124494221635e+00 -7.480058213414304547e+00 -6.301535508142793063e+00 -4.859216614983731475e+00 -3.173081645434140619e+00 -2.458408338877215549e+00 -4.531794205559006028e-02 6.252541026029485582e-01 1.332203621541355520e+00 5.372715487131850959e-02 3.975769214341163815e-01 1.827974055530039443e+00 4.655514519073958191e+00 5.388215402497578133e+00 5.388215402497578133e+00 5.388215402497578133e+00 5.388215402497578133e+00
-9.392562289794881281e+00 -8.511801088979886742e+00 -7.988241458915096516e+00 -7.325074903873220578e+00 -6.166977806872994350e+00 -4.758713866062198150e+00 -2.290487213045771409e+00 -2.244969142955282493e+00 2.903194661282298972e-01 4.648040874951378520e-01 -3.429807868353847988e-01 3.639300210238152061e-02 1.307155416547742810e+00 4.094711513922127288e+00 5.370217212141743524e+00 5.370217212141743524e+00 5.370217212141743524e+00 5.370217212141743524e+00
-1.007590438900419727e+01 -9.077575481596673157e+00 -8.662905811144451462e+00 -8.256507261800662079e+00 -7.425629222441775923e+00 -6.530913838951903472e+00 -4.426886267581991774e+00 -2.292168862538229490e+00 -1.838169168633898343e+00 2.440786447906489465e-01 4.371602484959807855e-01 7.458458427980669825e-01 -1.361612175691944981e-01 3.995067198998492053e+00 5.243156903147584202e+00 5.243156903147584202e+00 5.243156903147584202e+00 5.243156903147584202e+00
-1.035233643793981528e+01 -9.911067715280236001e+00 -9.429073985310541417e+00 -9.005860147401619997e+00 -8.430512971975771208e+00 -7.357736264341317778e+00 -5.632383613712390158e+00 -3.517244825395136498e+00 -2.318556812470148554e+00 -1.066440753827640808e+00 2.034475846155758272e-01 1.273828331373355827e+00 6.323398352974605174e-01 4.398737133573200175e+00 5.155652156139048259e+00 5.155652156139048259e+00 5.155652156139048259e+00 5.155652156139048259e+00
-1.045912455957172682e+01 -1.010726080892875345e+01 -9.628626992986660582e+00 -9.244543564592127893e+00 -8.737464549826837512e+00 -7.756516986092542254e+00 -6.371116072697838639e+00 -4.728202445606493498e+00 -2.188614027047717236e+00 -2.353824755686145132e+00 -1.909384345413503714e-01 7.124699616230553145e-01 7.755185870599984321e-01 3.919057350436746745e+00 5.021668760090838290e+00 5.021668760090838290e+00 5.021668760090838290e+00 5.021668760090838290e+00
-1.050861272658036327e+01 -1.021356558791297253e+01 -9.793859693795097243e+00 -9.384068443304935059e+00 -8.944642704330568961e+00 -8.034853175583020146e+00 -6.711384395898122079e+00 -5.393813158047681355e+00 -3.428299824522442751e+00 -2.390144546433586203e+00 -1.626349135596654616e+00 -1.256433570349691775e-01 7.479887076055686812e-01 3.042733386012132168e+00 5.069177634847225278e+00 5.069177634847225278e+00 5.069177634847225278e+00 5.069177634847225278e+00
-1.051048246434269728e+01 -1.024336204537140027e+01 -9.754538277679010605e+00 -9.519901063872802993e+00 -9.002473004156902547e+00 -8.180171162709108046e+00 -6.826496250305269520e+00 -5.671779911581086076e+00 -4.027281461047228284e+00 -2.819629853175751322e+00 -2.787579977714135460e+00 -2.362499226248853668e-01 5.903208353189541846e-01 2.671923394398668883e+00 5.309881293306354166e+00 5.309881293306354166e+00 5.309881293306354166e+00 5.309881293306354166e+00
-1.047132771885026159e+01 -1.021030662269836142e+01 -9.908717585807913508e+00 -9.589884400772872297e+00 -9.115676154056714608e+00 -8.395703214837297423e+00 -7.028553564762008321e+00 -5.794360133521164968e+00 -4.902280935497645764e+00 -3.489433870528012349e+00 -2.681550500625982991e+00 -6.859227519520696426e-01 1.555191832852341749e-01 2.674311769892087298e+00 5.222445388493335727e+00 5.222445388493335727e+00 5.222445388493335727e+00 5.222445388493335727e+00
-1.058088801522305111e+01 -1.024002777864106051e+01 -9.954442577150782512e+00 -9.606679062397063262e+00 -9.221440556374945530e+00 -8.529648471769608165e+00 -7.175605462847022054e+00 -5.758285382520661244e+00 -5.315853529307831948e+00 -3.699144755866363710e+00 -2.591466600711190615e+00 -8.594072052105229398e-01 7.899550867180304969e-02 2.264951654938514025e+00 5.166154820143036730e+00 5.166154820143036730e+00 5.166154820143036730e+00 5.166154820143036730e+00
-1.053165978470444131e+01 -1.027204023698062230e+01 -9.972868561751702998e+00 -9.668419631882672505e+00 -9.271408651668883394e+00 -8.685160064440196948e+00 -7.355825298180409533e+00 -5.740144236421169666e+00 -5.085455240889198869e+00 -3.166346767830788167e+00 -3.109545699112493011e+00 -1.048805907675258720e+00 -1.023994319315286727e-01 2.352013947852889864e+00 5.111752941708797238e+00 5.111752941708797238e+00 5.111752941708797238e+00 5.111752941708797238e+00
-1.056088584548450982e+01 -1.030912570856458466e+01 -1.002464466339973903e+01 -9.662259468404586826e+00 -9.345356513305079105e+00 -8.712012777383501216e+00 -7.441208804011099076e+00 -5.828034535405349104e+00 -5.115714293144061564e+00 -3.791700551636935312e+00 -2.726221674449148757e+00 -1.762099983620445842e+00 -1.501751794081143676e-01 2.250505913142766268e+00 4.885999636939873270e+00 4.885999636939873270e+00 4.885999636939873270e+00 4.885999636939873270e+00
-1.066597329672361738e+01 -1.029942417193000281e+01 -1.001199379793004773e+01 -9.679431772446612570e+00 -9.332651597766041363e+00 -8.770824449072877727e+00 -7.582332016265078245e+00 -5.882920510902934552e+00 -5.163623892185860598e+00 -3.862922914245566552e+00 -3.950699998860965678e+00 -2.542970742261208450e+00 -6.883090045044653049e-01 2.178874367747723806e+00 5.221184956284980139e+00 5.221184956284980139e+00 5.221184956284980139e+00 5.221184956284980139e+00
-1.069376721924624718e+01 -1.034666994994333322e+01 -1.003043871856284674e+01 -9.717595108306365859e+00 -9.387446903083022320e+00 -8.962064679248127774e+00 -7.607618113739588850e+00 -5.801291927724561148e+00 -5.309827543213662793e+00 -3.636005176360806779e+00 -3.950796184619526308e+00 -1.647214418048054130e+00 -6.188056151239598179e-01 2.212307597055283459e+00 5.191744233070760828e+00 5.191744233070760828e+00 5.191744233070760828e+00 5.191744233070760828e+00
