-1.035701905018183311e+01 -1.034917045918830070e+01 -9.986114787578966201e+00 -9.663851206948763206e+00 -9.386518744228146360e+00 -8.967221490748919166e+00 -8.368312251363551724e+00 -7.238896392035274907e+00 -4.848098276879800217e+00 -2.760909884178050611e+00 -1.999632988818777601e+00 -1.078064719741042898e+00 5.645596151249905326e-01 1.865495970935334480e+00 4.949100196118399353e+00 4.949100196118399353e+00 4.949100196118399353e+00 4.949100196118399353e+00
-1.041073491304249288e+01 -1.010574917954492236e+01 -1.001152265739711922e+01 -9.839826687958289853e+00 -9.467874639632334777e+00 -8.954934700325440033e+00 -8.208976028238382128e+00 -6.913744960828121400e+00 -4.512590610355550425e+00 -2.501070465805939946e+00 -2.523401409316512023e+00 -2.286103890471464783e-01 7.271550917135327641e-01 2.010714963820049217e+00 4.877243066605712052e+00 4.877243066605712052e+00 4.877243066605712052e+00 4.877243066605712052e+00
-1.040134787762130308e+01 -1.009242380525492777e+01 -9.730715048674886347e+00 -9.762872259694079347e+00 -9.663597488017124704e+00 -9.167419350342022710e+00 -8.132665624639807689e+00 -6.905346496606671991e+00 -3.740927304416578281e+00 -2.426517477038755199e+00 -2.340209467026432844e+00 2.845600144339501675e-02 5.001604961792634196e-02 2.029852102329296581e+00 5.131184476203562994e+00 5.131184476203562994e+00 5.131184476203562994e+00 5.131184476203562994e+00
-1.029727765180795274e+01 -1.025755656320389164e+01 -9.863167973793661503e+00 -9.278912427893093451e+00 -9.187293380501770912e+00 -9.171835962361111427e+00 -8.229625698096441511e+00 -6.700114602979054368e+00 -2.980213345130362512e+00 -2.727458360994771347e+00 -8.741545966426566006e-01 1.082300757169774585e-01 1.003517172749959219e+00 2.264607438257727701e+00 4.822977058681903628e+00 4.822977058681903628e+00 4.822977058681903628e+00 4.822977058681903628e+00
-1.054618797731518853e+01 -1.033190464398228414e+01 -9.952003902288460324e+00 -9.593602778990041102e+00 -9.072197478164975237e+00 -8.672255516460491975e+00 -8.162640303292839405e+00 -5.833782562063728250e+00 -2.699689957242013882e+00 -3.226920070274176933e+00 -2.942104950531643226e-01 2.851021564349457416e-01 1.734819841096993720e+00 2.397910578353061872e+00 4.738831808569493376e+00 4.738831808569493376e+00 4.738831808569493376e+00 4.738831808569493376e+00
-1.040187017417594539e+01 -1.004429229542975399e+01 -1.018073176270896951e+01 -9.946216855127978818e+00 -9.411073208099054455e+00 -8.672551354626435227e+00 -7.769130679124177874e+00 -4.586033983666831126e+00 -3.116899657695298753e+00 -2.061297615659544835e+00 -3.210183223729782265e-01 1.499214030938184339e-01 1.252634210208773968e+00 2.177349830846867285e+00 4.432426629047962585e+00 4.432426629047962585e+00 4.432426629047962585e+00 4.432426629047962585e+00
-1.038306039310563733e+01 -1.020861947924515079e+01 -1.008629572202235991e+01 -9.865098271650335704e+00 -9.366845823854289321e+00 -8.613404102185096889e+00 -7.544705734903022432e+00 -3.257666807695063227e+00 -3.620408828116796762e+00 -5.204508253902154769e-01 4.881879484533218072e-01 1.908999070735942105e+00 1.616373761371548090e+00 3.313338297083421757e+00 4.286933836718275437e+00 4.286933836718275437e+00 4.286933836718275437e+00 4.286933836718275437e+00
-1.051495054742561308e+01 -1.007726971791677428e+01 -1.001206924112777941e+01 -9.803198268082681466e+00 -9.302322921256484634e+00 -8.273927204646351896e+00 -5.417212708174930391e+00 -2.504161001409062060e+00 -2.839863618832458414e+00 -6.712304574161218063e-02 1.504260993515389000e+00 2.046977390371731431e+00 1.802979543752777580e+00 4.404406955247024413e+00 5.595499352219851730e+00 5.595499352219851730e+00 5.595499352219851730e+00 5.595499352219851730e+00
-1.040860442747566950e+01 -1.028325037022148969e+01 -9.559766842629912276e+00 -9.132622726210785302e+00 -8.211924676199904738e+00 -6.954803162954663165e+00 -3.542899967974546094e+00 -3.493509944265154488e+00 -8.807472774138547233e-01 9.725993296891624063e-01 2.070896232097478862e+00 2.743927954067287622e+00 3.442843644848570861e+00 4.829255950061403624e+00 5.645000605393473592e+00 5.645000605393473592e+00 5.645000605393473592e+00 5.645000605393473592e+00
-1.032669582923973195e+01 -1.001561641077980980e+01 -9.514933564238928554e+00 -8.437922774365198109e+00 -7.427206118679695379e+00 -5.228119161790066194e+00 -2.586688543306921773e+00 -3.304857422183816951e+00 -7.624308833888644721e-02 2.131355261649322763e+00 3.012601757597336061e+00 3.498198634497850179e+00 4.979134859242634548e+00 4.941209267482788547e+00 5.221436996864428082e+00 5.221436996864428082e+00 5.221436996864428082e+00 5.221436996864428082e+00
-1.024353107880239122e+01 -9.444875056360350740e+00 -8.833972012167478738e+00 -8.532872963017807066e+00 -6.777219053114078129e+00 -3.414610756845147144e+00 -3.858903757731407147e+00 -1.085357556799246170e+00 1.459953225541646749e+00 3.098822466927734443e+00 3.093776949473540760e+00 4.635968408498795768e+00 3.003416090460715893e+00 2.233174704394117693e+00 5.436356444220721507e+00 5.436356444220721507e+00 5.436356444220721507e+00 5.436356444220721507e+00
-9.898352559599523204e+00 -9.052265750310384718e+00 -8.207800087946392154e+00 -7.592208397096481320e+00 -4.978007154965077952e+00 -2.496424229498441782e+00 -3.083599511532312043e+00 6.481028537864838568e-02 2.972881679323529092e+00 3.164734508580525851e+00 4.450850339764189201e+00 3.790669802247156994e+00 1.765202066371757361e+00 2.480766312635463322e+00 5.243261856809157351e+00 5.243261856809157351e+00 5.243261856809157351e+00 5.243261856809157351e+00
-9.546002204563592386e+00 -8.503393505205044889e+00 -7.632958805335769981e+00 -6.093825116761589555e+00 -3.350948670282846820e+00 -3.636828258632317734e+00 -1.006215098275672570e+00 2.590927911330791922e+00 3.283435090964599290e+00 4.075836508649219425e+00 4.722805562157725845e+00 4.672015546244251971e-01 4.428342708517597481e-01 2.397965382118345978e+00 5.111611959793204818e+00 5.111611959793204818e+00 5.111611959793204818e+00 5.111611959793204818e+00
-1.010495960727886633e+01 -7.919560707540731492e+00 -6.482270474831373974e+00 -4.696514220261822636e+00 -2.143176393417287162e+00 -2.737156444256308330e+00 4.143228323105533351e-01 3.105806776518070578e+00 3.398821578878766125e+00 5.027222580662641604e+00 3.412900707952728041e+00 -1.970549559515667681e+00 3.762427224212376853e-01 2.626070794785653195e+00 6.142719214157138730e+00 6.142719214157138730e+00 6.142719214157138730e+00 6.142719214157138730e+00
-9.394756840354338223e+00 -7.528740295927158321e+00 -5.535022399284248884e+00 -3.380426585349245450e+00 -3.184374150266316317e+00 -1.171214715085936886e+00 2.548930522144777555e+00 3.156145352098571166e+00 3.591127049169172025e+00 5.637556887711683729e+00 4.529309222984585936e+00 -8.978726226568309876e-01 9.476684050048230779e-01 2.558278739101978339e+00 5.740826023119735666e+00 5.740826023119735666e+00 5.740826023119735666e+00 5.740826023119735666e+00
-9.138767338261118311e+00 -6.878702864254156779e+00 -4.542986116843248823e+00 -2.210950260377511967e+00 -2.769402500466976669e+00 1.792900907461092430e-01 3.048340149458462545e+00 3.062359084149149702e+00 4.167435105026211062e+00 6.187717946738808372e+00 6.111878988535544899e+00 1.925927928792236177e+00 6.162235924669372533e-01 2.789986312787887890e+00 5.739905863294165300e+00 5.739905863294165300e+00 5.739905863294165300e+00 5.739905863294165300e+00
-8.713556546405847314e+00 -6.244070559174629054e+00 -3.857034786196981813e+00 -2.109157796764175252e+00 -1.896524875203186689e+00 1.874182410181248981e+00 3.217922034725032354e+00 3.293359576035917780e+00 4.222693931691181568e+00 5.149855327745954447e+00 4.686805789540445133e+00 4.785727571892326004e+00 3.720965790928604022e+00 3.345479040166124740e+00 5.765707498030186784e+00 5.765707498030186784e+00 5.765707498030186784e+00 5.765707498030186784e+00
-7.776781794651647317e+00 -5.830535851743617215e+00 -3.362966852182573962e+00 -1.800037877829510080e+00 -5.012283127091807788e-01 2.663954554029924982e+00 3.548091111370386130e+00 3.917081774971248542e+00 4.095129973658307776e+00 3.289826095088709490e+00 3.365928169500890910e+00 3.227398778171204796e+00 4.041853971847212179e+00 5.275872321805660903e+00 5.462493080510691712e+00 5.462493080510691712e+00 5.462493080510691712e+00 5.462493080510691712e+00
-7.479598305268503999e+00 -5.867731612212763181e+00 -2.996920254021265606e+00 -2.125778225904850327e+00 2.115663356920208793e-01 3.138701552819571639e+00 3.159719657839194618e+00 3.951147953812719660e+00 3.810426740140842927e+00 1.839502186942507667e+00 1.451316579009350516e+00 1.524912589092370041e+00 2.836909210114975544e+00 4.392366075155003102e+00 6.085983944866846684e+00 6.085983944866846684e+00 6.085983944866846684e+00 6.085983944866846684e+00
-8.143729577572663914e+00 -5.814069626377357913e+00 -2.966409276747517865e+00 -2.086915771609550330e+00 5.034836424034060398e-01 3.062130203357939173e+00 3.122523976585561023e+00 4.058267882900566725e+00 3.176508809097136954e+00 1.563367188722712520e+00 -6.077033728433658966e-02 8.995587006084579951e-01 2.012701776851871127e+00 3.676706771720300360e+00 6.210993412106823541e+00 6.210993412106823541e+00 6.210993412106823541e+00 6.210993412106823541e+00
-8.105135518351545443e+00 -5.875231960344361681e+00 -3.048742459269951688e+00 -1.436604558792508701e+00 7.863144206339967024e-01 3.126440210466130409e+00 3.193237553237268322e+00 4.113776102384234079e+00 3.037553573154167630e+00 1.500960509393674203e+00 8.077332882645295309e-02 1.856517975340540583e-01 1.275054000610287730e+00 3.339708543262677853e+00 6.179796137332997041e+00 6.179796137332997041e+00 6.179796137332997041e+00 6.179796137332997041e+00
-8.156257588141144765e+00 -6.265812974248667899e+00 -3.239387886769786284e+00 -1.735401849462765433e+00 1.993242703217230627e-01 3.188110261137685697e+00 3.233216378986461415e+00 4.172244110066143818e+00 2.800467389109818406e+00 1.189096197863254822e+00 -2.621002780065651905e+00 -1.686892270185190945e+00 1.226361217191914488e+00 3.180101085011162620e+00 6.088792734358791314e+00 6.088792734358791314e+00 6.088792734358791314e+00 6.088792734358791314e+00
-8.113661192457614746e+00 -6.872009392920734427e+00 -4.046647919873650245e+00 -2.189917936091728023e+00 -5.435557457759030431e-01 3.179139808993621585e+00 3.214205906984427763e+00 4.023932008156026363e+00 2.369312033998697498e+00 4.763426411303259833e-01 -2.686544702536212803e+00 -1.626740916973790529e+00 1.248897551981705822e+00 3.464529110082934515e+00 6.079522319126494878e+00 6.079522319126494878e+00 6.079522319126494878e+00 6.079522319126494878e+00
-8.106227014835482692e+00 -7.015801833053046721e+00 -4.815953376488378623e+00 -2.353023408665929850e+00 -1.475737987833436682e+00 1.779111726190182541e+00 3.213480721195463463e+00 3.759000609398039039e+00 2.162877581776085467e+00 -3.718577060644442156e+00 -2.837522835492995554e+00 -1.285125195509740692e+00 1.329124462792579342e+00 3.720107694358580019e+00 5.987466921527561325e+00 5.987466921527561325e+00 5.987466921527561325e+00 5.987466921527561325e+00
-7.882850773387886534e+00 -7.060820766345559107e+00 -5.333585362513431072e+00 -3.245692578079395929e+00 -1.694176792107362495e+00 2.177015719927892778e-01 3.197530782000659322e+00 3.012566547718552812e+00 2.027559113864303431e+00 -4.093643464808289778e+00 -2.561028172185704221e+00 -7.537272890184840701e-01 1.548116748391400010e+00 3.702882562437140201e+00 6.694406706514183014e+00 6.694406706514183014e+00 6.694406706514183014e+00 6.694406706514183014e+00
-8.386097616063203475e+00 -7.612206994457411113e+00 -6.236715208760163165e+00 -4.276094893902750549e+00 -2.433707466276141762e+00 -1.234231961836752545e+00 8.322556401615504029e-01 2.787174377938974157e+00 1.426250165462949138e+00 -3.641302002144382044e+00 -1.553905224479236402e+00 1.124477717768086693e+00 1.889583921853069892e+00 4.165148715356757236e+00 6.725056410731557577e+00 6.725056410731557577e+00 6.725056410731557577e+00 6.725056410731557577e+00
-8.869730456421461184e+00 -7.831330480467066479e+00 -6.804802498897078777e+00 -5.350887246677825004e+00 -3.592515317711059808e+00 -2.114922760596579021e+00 -8.373714828120878417e-01 4.459422479894817326e-01 1.680301808937292973e+00 -5.997528400008695915e-01 -3.788604570846744179e-01 1.070347908197773618e-01 2.202873938987103930e+00 4.542925920798920991e+00 6.631422228621001835e+00 6.631422228621001835e+00 6.631422228621001835e+00 6.631422228621001835e+00
-9.128955101150394214e+00 -8.335959259719343706e+00 -7.530526150907970617e+00 -6.140203000180564530e+00 -4.638457983649451499e+00 -3.271427089144860467e+00 -1.813285096430549359e+00 -5.766591575927320079e-01 -2.287104811149448247e-01 1.561770760038909689e+00 -1.390109602589492677e-01 4.066483394706817966e-01 1.827255914769483791e+00 4.679624518224940743e+00 6.727950383995191075e+00 6.727950383995191075e+00 6.727950383995191075e+00 6.727950383995191075e+00
-9.372559843572966898e+00 -8.514451322013275814e+00 -7.965466612640859978e+00 -7.350657587706591833e+00 -6.164862174155560481e+00 -4.527524250081063961e+00 -2.658080378212118067e+00 -1.724318743901059880e+00 -7.595799713903429451e-01 4.136650868834064743e-01 4.936954670080452301e-01 9.702780521353666227e-03 1.403563753689883287e+00 4.091471111985924836e+00 5.873137050309890306e+00 5.873137050309890306e+00 5.873137050309890306e+00 5.873137050309890306e+00
-1.005076870794929711e+01 -9.004165643511228723e+00 -8.652570919303625985e+00 -8.220440991855166857e+00 -7.447479857941223358e+00 -6.577039104221750421e+00 -4.350492304741496064e+00 -2.236618102055719870e+00 -1.873184776487482051e+00 -6.492280236012094585e-01 1.164890130274204960e+00 5.513039637432736173e-01 -3.522017948188281289e-01 4.024315961742487069e+00 7.183747107067922855e+00 7.183747107067922855e+00 7.183747107067922855e+00 7.183747107067922855e+00
-1.035025850082028853e+01 -9.932854391575798303e+00 -9.476255076396215671e+00 -9.015990951641942530e+00 -8.458989671566435220e+00 -7.317912248801158093e+00 -5.651512379816964859e+00 -3.508729494588433084e+00 -2.447726938671235697e+00 -1.560858902686089067e+00 -2.067756442063024558e-01 1.150859039826306329e+00 2.776979975293596969e-01 4.422552796324797697e+00 7.237042081686406725e+00 7.237042081686406725e+00 7.237042081686406725e+00 7.237042081686406725e+00
-1.038055982173262315e+01 -1.007914568939421684e+01 -9.625752270153522971e+00 -9.256522478162093392e+00 -8.770122042605555279e+00 -7.772296592537935034e+00 -6.401764717244063263e+00 -4.694214991652307489e+00 -2.856432439495465658e+00 -2.480200303652616345e+00 -1.257704285473374872e+00 9.183840636872593333e-01 6.548360752473754154e-01 4.002608616758899451e+00 7.022276986665676901e+00 7.022276986665676901e+00 7.022276986665676901e+00 7.022276986665676901e+00
-1.043297097658437877e+01 -1.019270612345483329e+01 -9.801241985280839231e+00 -9.424301617377087936e+00 -9.022116836732143597e+00 -8.076158964496372050e+00 -6.666434347023004747e+00 -5.485170819669886733e+00 -3.717734622865693339e+00 -2.908294907144895802e+00 -2.426497638253183098e+00 -2.380384869096276515e-02 2.817066046901257059e-01 3.093215408450028292e+00 6.487477873613869406e+00 6.487477873613869406e+00 6.487477873613869406e+00 6.487477873613869406e+00
-1.051302308733755453e+01 -1.019190156887434462e+01 -9.881240738435124626e+00 -9.531920945113327548e+00 -9.043516489599191743e+00 -8.251879152470170453e+00 -6.912940377833944439e+00 -5.695120693314185800e+00 -4.165298792954033047e+00 -2.654067035309915390e+00 -2.284748187858387958e+00 -5.104957627856864244e-01 2.554846186022606824e-01 2.741419399517532440e+00 5.781201075332909944e+00 5.781201075332909944e+00 5.781201075332909944e+00 5.781201075332909944e+00
-1.048346911545802662e+01 -1.020898695369245246e+01 -9.952832134598937230e+00 -9.579182390977663886e+00 -9.147273500541826863e+00 -8.451341837670288015e+00 -7.109462038344458890e+00 -5.832654219519572081e+00 -5.227143663807786389e+00 -3.547197580830507846e+00 -2.041698379084979642e+00 -7.374849456131462588e-01 -1.344174148514120093e-01 2.663049062772818942e+00 6.078955919409042785e+00 6.078955919409042785e+00 6.078955919409042785e+00 6.078955919409042785e+00
-1.058112036574573622e+01 -1.025256906292248260e+01 -9.935824980334125200e+00 -9.572908551042509373e+00 -9.229739693537570844e+00 -8.539804889996869264e+00 -7.254817567424373337e+00 -5.785128134921986742e+00 -5.580854646840133881e+00 -3.973458502759621425e+00 -2.539026480330791369e+00 -9.659601375671518220e-01 1.942987960004980696e-01 2.222623100784205885e+00 6.383488735667660841e+00 6.383488735667660841e+00 6.383488735667660841e+00 6.383488735667660841e+00
-1.054845239394714085e+01 -1.026814347201949928e+01 -1.001758063150881739e+01 -9.672394664024782429e+00 -9.250671734049637607e+00 -8.721617684945558224e+00 -7.426291889464778251e+00 -5.769968297397671364e+00 -5.226290178623937521e+00 -3.742983430729046379e+00 -2.711331121844112513e+00 -2.054481825473811085e+00 -1.187969689024327979e-01 2.275230195705205904e+00 5.949776025255570033e+00 5.949776025255570033e+00 5.949776025255570033e+00 5.949776025255570033e+00
-1.058857362019038995e+01 -1.031835239314666985e+01 -1.002323759590430896e+01 -9.653460214522134208e+00 -9.328211461523736148e+00 -8.711900912857231560e+00 -7.457159181908775913e+00 -5.865709663471867508e+00 -5.206096054457994171e+00 -3.907142459057627804e+00 -4.088322991537350681e+00 -1.741931582985938753e+00 -5.257758320711528599e-01 2.120649278131543802e+00 5.320193107481814287e+00 5.320193107481814287e+00 5.320193107481814287e+00 5.320193107481814287e+00
-1.061130396215482108e+01 -1.030366974985162010e+01 -1.000171860055083251e+01 -9.650225013633097149e+00 -9.361477668271470876e+00 -8.776360857521073200e+00 -7.616881286408091256e+00 -5.864113967755123724e+00 -5.271150668011030049e+00 -3.726101428545276928e+00 -3.937897296523495072e+00 -2.299849517597164272e+00 -6.598791377810967473e-01 2.261887993729439827e+00 5.673413275117723309e+00 5.673413275117723309e+00 5.673413275117723309e+00 5.673413275117723309e+00
-1.066491739712665421e+01 -1.034381016469024139e+01 -1.002085577365595270e+01 -9.700628816910523256e+00 -9.395260539898041330e+00 -8.942750921824064392e+00 -7.591805989315920655e+00 -5.722437618690388916e+00 -5.350083287815873945e+00 -3.642979620273097741e+00 -4.122140753830042748e+00 -1.905594824831966072e+00 -5.585166141902462300e-01 2.257481505114859122e+00 5.333031834709689001e+00 5.333031834709689001e+00 5.333031834709689001e+00 5.333031834709689001e+00
