-1.043650947779265081e+01 -1.036364330678174106e+01 -9.977639655228625060e+00 -9.670274788758996820e+00 -9.358198167128637834e+00 -8.993752842954590321e+00 -8.404445144531752732e+00 -7.222226805968910313e+00 -4.804090322647871503e+00 -2.319979567152373079e+00 -2.063619274963500505e+00 -8.331720573973628863e-01 6.529246626446862933e-01 1.974259959197860681e+00 4.987369727042265666e+00 4.987369727042265666e+00 4.987369727042265666e+00 4.987369727042265666e+00
-1.037735923718779318e+01 -1.013096178484345877e+01 -9.987175900947342200e+00 -9.831966147805134781e+00 -9.520099802865825467e+00 -8.956322446383836677e+00 -8.185435857110363145e+00 -6.924821423246785734e+00 -4.271371455167364495e+00 -2.944049315092042818e+00 -2.180644356489190194e+00 -3.582575342705280885e-01 9.265153991891535989e-01 2.068702346586238860e+00 5.075708399093169731e+00 5.075708399093169731e+00 5.075708399093169731e+00 5.075708399093169731e+00
-1.036955067724317558e+01 -1.005629989658004142e+01 -9.774445292856341894e+00 -9.823622361416406434e+00 -9.712779074217230857e+00 -9.153099939187207212e+00 -8.153080054878355298e+00 -6.844953952861043689e+00 -3.118865753734253232e+00 -2.955952447242722325e+00 -1.236113242406117640e+00 -1.097651449417187397e-01 5.290840073629307083e-01 2.002370693039707827e+00 5.085991418534462127e+00 5.085991418534462127e+00 5.085991418534462127e+00 5.085991418534462127e+00
-1.037043171023432109e+01 -1.031110898526661401e+01 -9.874223301407219822e+00 -9.288818399272898318e+00 -9.220150637252555015e+00 -9.230614641589001579e+00 -8.223035100303057732e+00 -6.548268541630241302e+00 -2.700128213800800481e+00 -2.753241578737932294e+00 -5.674630493279022581e-01 -1.718134932887523947e-01 7.223164723273328702e-01 2.250693804393993247e+00 4.741193496768119076e+00 4.741193496768119076e+00 4.741193496768119076e+00 4.741193496768119076e+00
-1.055515549367201977e+01 -1.033481660190428286e+01 -9.923883077938237207e+00 -9.622527128721305445e+00 -9.062884931065669392e+00 -8.657212436078093987e+00 -8.223237000427383592e+00 -5.514716900370599362e+00 -3.073503713898131373e+00 -3.190522082721803709e+00 -2.061213553500708950e-01 4.439758518975958079e-01 2.028150734834456514e+00 2.356211174474981629e+00 4.684457191895129213e+00 4.684457191895129213e+00 4.684457191895129213e+00 4.684457191895129213e+00
-1.040673562227013349e+01 -1.001386486342345883e+01 -1.016422462074348942e+01 -9.898837228640584129e+00 -9.376754985447840696e+00 -8.649004917188641173e+00 -7.698726173689519392e+00 -3.826369096453628327e+00 -3.815041871416999797e+00 -1.975497896735429304e+00 -2.430785120246564124e-01 2.817943528862625335e-01 1.277333287099412740e+00 2.151979081333022847e+00 4.400850968230953342e+00 4.400850968230953342e+00 4.400850968230953342e+00 4.400850968230953342e+00
-1.046741234913793406e+01 -1.029514889514456399e+01 -9.976495155423011241e+00 -9.858489881741439476e+00 -9.354443322414050854e+00 -8.596995870440089504e+00 -7.420358285812073795e+00 -2.692752490684926947e+00 -3.769009664323450526e+00 -5.644479278431041580e-01 3.995172121166256640e-01 1.853549210365136535e+00 1.598364131450226155e+00 3.346801513981453979e+00 5.231354603908302536e+00 5.231354603908302536e+00 5.231354603908302536e+00 5.231354603908302536e+00
-1.047789358508037871e+01 -1.010386443503887222e+01 -1.001025774935765966e+01 -9.793066569775330521e+00 -9.250780544548213413e+00 -8.288929187110351648e+00 -4.920145445349129787e+00 -3.349339664668680605e+00 -2.928125777793674889e+00 9.909736045736175503e-02 1.497993524760647510e+00 2.000002103470856163e+00 1.863548943601301744e+00 4.354839918100616103e+00 5.185821686630285754e+00 5.185821686630285754e+00 5.185821686630285754e+00 5.185821686630285754e+00
-1.039477436986487469e+01 -1.018709259825439517e+01 -9.533733097935924050e+00 -9.094023745087934429e+00 -8.270646758949768085e+00 -6.955908388278302823e+00 -3.360727695069431142e+00 -3.955189451952016544e+00 -1.099621147457248593e+00 9.899572346090423913e-01 2.070711399137128872e+00 2.734660020853762141e+00 3.433310559626788105e+00 4.763360207670537250e+00 5.226556010520022610e+00 5.226556010520022610e+00 5.226556010520022610e+00 5.226556010520022610e+00
-1.043317475608857237e+01 -1.004171931406040308e+01 -9.521299686463279954e+00 -8.430147915199629693e+00 -7.413837949485076351e+00 -5.335602703577849049e+00 -2.536969589223410537e+00 -3.497668953480760567e+00 4.113321639808572433e-02 2.160058034329213505e+00 3.007283223600159872e+00 3.478394850880698108e+00 4.919190939390380990e+00 4.966342918614275348e+00 5.479599624512914602e+00 5.479599624512914602e+00 5.479599624512914602e+00 5.479599624512914602e+00
-1.022562490044331973e+01 -9.499740143450681629e+00 -8.883028575368658863e+00 -8.403550516841937323e+00 -6.845400544160378686e+00 -3.478811480581184945e+00 -4.092833649550366992e+00 -1.298231419131885556e+00 1.138061798897119559e+00 3.108772924092390255e+00 3.047563438137151248e+00 4.580625863919689067e+00 2.915468175677369267e+00 2.206875887879620191e+00 5.390253928529967098e+00 5.390253928529967098e+00 5.390253928529967098e+00 5.390253928529967098e+00
-9.893475761358747178e+00 -9.033811324220826222e+00 -8.195595325302923229e+00 -7.628412194536408286e+00 -5.195711502701028550e+00 -2.427556326765806460e+00 -3.315052812769762269e+00 1.817143198497308543e-01 2.994831773415569387e+00 3.112992234939695013e+00 4.467434779914893461e+00 3.762706181242986059e+00 1.992669324836728428e+00 2.508609645037596536e+00 5.709398041097707655e+00 5.709398041097707655e+00 5.709398041097707655e+00 5.709398041097707655e+00
-9.521334636769720916e+00 -8.542207761281384037e+00 -7.738401571634687670e+00 -6.169464271192792282e+00 -3.671152798578039000e+00 -3.576503798846978555e+00 -1.845434329331662404e+00 1.838139957787306322e+00 3.212235680558640283e+00 4.026576318725528125e+00 4.705720807685509044e+00 1.228249362563103242e+00 4.607342878601485836e-01 2.320699665748851448e+00 5.547519660249546014e+00 5.547519660249546014e+00 5.547519660249546014e+00 5.547519660249546014e+00
-1.006691931357841341e+01 -7.841959594628943542e+00 -6.611924075117068256e+00 -4.935235502241715366e+00 -2.351721638600198450e+00 -3.079684216563733479e+00 1.161788360470644710e-01 3.004291487903633318e+00 3.299796982890626396e+00 5.051919084997971154e+00 3.363578511317502961e+00 -2.018659825074745839e+00 3.689434654582580131e-01 2.578060600720490925e+00 5.518969761033545751e+00 5.518969761033545751e+00 5.518969761033545751e+00 5.518969761033545751e+00
-9.423305085495929490e+00 -7.582749224003233479e+00 -5.682590220733761299e+00 -3.864365398225790393e+00 -2.903011611191418595e+00 -2.052484731316151834e+00 1.433770218339157632e+00 3.090638496036431704e+00 3.579692484703353550e+00 5.578076806304116175e+00 4.455266800278875117e+00 -9.376274385548162282e-01 9.996995524717677828e-01 2.606466216098178634e+00 5.405845464805334899e+00 5.405845464805334899e+00 5.405845464805334899e+00 5.405845464805334899e+00
-9.086531814220972336e+00 -6.910167582913508078e+00 -4.813111404713820818e+00 -2.583347511179613143e+00 -3.026446593015035269e+00 -2.747386426079254096e-01 3.032799576764383609e+00 3.030670536006422111e+00 4.111675548147250225e+00 6.269372698369625851e+00 6.087432727458747195e+00 1.885419336475502528e+00 6.448867302343475050e-01 2.704436607975673645e+00 5.319577708233868663e+00 5.319577708233868663e+00 5.319577708233868663e+00 5.319577708233868663e+00
-8.637071453438762703e+00 -6.420952753004124602e+00 -4.188048813701376716e+00 -1.821346614037854028e+00 -2.578264053856645255e+00 8.304573234783081404e-01 3.160744004651773409e+00 3.264574804668827213e+00 4.198886378432881372e+00 5.090274018010575219e+00 4.621143864159232173e+00 4.757063426706991116e+00 3.751680254543895199e+00 3.325626454879802019e+00 5.621943867365120084e+00 5.621943867365120084e+00 5.621943867365120084e+00 5.621943867365120084e+00
-7.824500661905828380e+00 -5.934037293964166793e+00 -3.719116845017547135e+00 -1.661043477601803264e+00 -1.488034774421317818e+00 2.321408205929917479e+00 3.520989072293440714e+00 3.874552469859602333e+00 4.101116052500240805e+00 3.237485682174311208e+00 3.312823613710190962e+00 3.193587091768387065e+00 4.012191838885495798e+00 5.142714854542230540e+00 5.536045171763243289e+00 5.536045171763243289e+00 5.536045171763243289e+00 5.536045171763243289e+00
-7.504856027148505859e+00 -6.035202174780026851e+00 -3.032453955935032752e+00 -1.668872134979700217e+00 -8.594636701878309859e-01 3.075857389467076874e+00 3.158576048716807527e+00 3.862662885960522097e+00 3.783397652808467626e+00 1.809378526545760035e+00 1.468966790328014138e+00 1.505124692491241145e+00 2.866884108050308022e+00 4.344773015008441597e+00 5.462745093593303736e+00 5.462745093593303736e+00 5.462745093593303736e+00 5.462745093593303736e+00
-8.167461644207458349e+00 -6.034416406067371952e+00 -3.145851585113415894e+00 -2.647465408979207346e+00 -6.806320263890045519e-01 3.048951786211603121e+00 3.072830106964301145e+00 4.050545252420347353e+00 3.103959476415018237e+00 1.550737089920744438e+00 -3.115289233809335201e-01 8.579890144163024868e-01 2.009809336840940208e+00 3.665275648758115956e+00 5.385786350476790219e+00 5.385786350476790219e+00 5.385786350476790219e+00 5.385786350476790219e+00
-8.150587200970864643e+00 -6.124996126623109660e+00 -3.095470704124668071e+00 -1.554045905365553093e+00 -2.909498866532550521e-02 3.128232902420096551e+00 3.137524082464597797e+00 4.098184407806318319e+00 2.984762454400457621e+00 1.441248263765525506e+00 4.672965142085803991e-02 2.213266570387153465e-01 1.264471756485718412e+00 3.340599181309332977e+00 5.245349941912430758e+00 5.245349941912430758e+00 5.245349941912430758e+00 5.245349941912430758e+00
-8.205546416627781170e+00 -6.385387189711854816e+00 -3.308904285961828506e+00 -1.548662085668875310e+00 -3.913477249000449354e-01 3.246005531068629324e+00 3.233387291054465873e+00 4.158240454694910326e+00 2.777896091171661919e+00 1.185861400425981982e+00 -2.588541734349707468e+00 -1.640458306915017150e+00 1.195672327521660305e+00 3.192763878068803240e+00 5.159082185340965410e+00 5.159082185340965410e+00 5.159082185340965410e+00 5.159082185340965410e+00
-8.032180496736780029e+00 -7.047600854842777096e+00 -4.529723774297669259e+00 -1.997422446943358354e+00 -1.642633033281797550e+00 3.009022261855217373e+00 3.167432214695750758e+00 3.985091052224327690e+00 2.374514498485691405e+00 3.905246608946025821e-01 -2.695148607301238730e+00 -1.611812735076920244e+00 1.203023055560708432e+00 3.437189056881432503e+00 5.435070325369061095e+00 5.435070325369061095e+00 5.435070325369061095e+00 5.435070325369061095e+00
-8.057449611977919091e+00 -7.080649714810637541e+00 -5.115404506744864577e+00 -2.680284289590258773e+00 -1.938788856972832431e+00 6.724407343047855701e-01 3.183667193386451544e+00 3.787202315826535326e+00 2.135413727597483380e+00 -3.276203202144595927e+00 -2.775707133931444304e+00 -1.230125453576238925e+00 1.283582582462350352e+00 3.717328872349781932e+00 5.397790425998660879e+00 5.397790425998660879e+00 5.397790425998660879e+00 5.397790425998660879e+00
-7.930451596454766161e+00 -7.081874937705809003e+00 -5.379597565270258563e+00 -3.422406893802151906e+00 -1.899153650816648220e+00 -2.552277399162443672e-01 3.044546545026795670e+00 2.997936559013157698e+00 2.023577932298437521e+00 -3.970484305067876196e+00 -2.526214533079059077e+00 -7.479726846194494350e-01 1.530236130233272762e+00 3.706959466351352983e+00 5.311558584155353202e+00 5.311558584155353202e+00 5.311558584155353202e+00 5.311558584155353202e+00
-8.398761059688363062e+00 -7.613934126601283658e+00 -6.272652589749290186e+00 -4.390321192172451426e+00 -2.642564670410131544e+00 -2.073293529724635320e+00 6.547155560521700224e-01 2.771037496094779229e+00 1.397579435874916065e+00 -3.491144774931730588e+00 -8.010975535046519491e-01 1.084782347242006839e+00 1.878549662064238124e+00 4.171535291995707162e+00 5.225290827583888742e+00 5.225290827583888742e+00 5.225290827583888742e+00 5.225290827583888742e+00
-8.847512115642519603e+00 -7.906349196117471223e+00 -6.817592170583095523e+00 -5.434455518096381610e+00 -3.494202169086998211e+00 -2.409630668751624238e+00 -1.134588911201217298e+00 1.019654115624899049e+00 1.837107754231974699e+00 -4.639805602298724407e-01 -1.776880880376213723e-02 2.833671689029922947e-01 2.187935663269398479e+00 4.561251953733881592e+00 5.084854419019530170e+00 5.084854419019530170e+00 5.084854419019530170e+00 5.084854419019530170e+00
-9.130194042716647473e+00 -8.324855679155048094e+00 -7.480762831674378610e+00 -6.299559538385319790e+00 -4.857543354012268111e+00 -3.172976646635196296e+00 -2.455139543316709361e+00 -4.661162128383223441e-02 6.125429168830940352e-01 1.334423812755689998e+00 5.543687733751374858e-02 3.979205414568088850e-01 1.828416630313875801e+00 4.654192333279672411e+00 5.378845657928808421e+00 5.378845657928808421e+00 5.378845657928808421e+00 5.378845657928808421e+00
-9.393050381604552967e+00 -8.512258273432482980e+00 -7.987876296290529865e+00 -7.325806288807504174e+00 -6.165992834377681753e+00 -4.758005126028358234e+00 -2.291750944216966346e+00 -2.246297265292724887e+00 2.871357793569861983e-01 4.564957106785414997e-01 -3.253032112303534396e-01 3.751522910313121600e-02 1.309203484535743867e+00 4.094787705021230906e+00 5.361890744597566538e+00 5.361890744597566538e+00 5.361890744597566538e+00 5.361890744597566538e+00
-1.007550401180479938e+01 -9.076929362515528510e+00 -8.662783541729702108e+00 -8.256818986715686037e+00 -7.425217333422206245e+00 -6.531671113159706721e+00 -4.427960448963653484e+00 -2.289402412499020212e+00 -1.836720383084463837e+00 2.335457531533330633e-01 4.437057079077555422e-01 7.468716360097755746e-01 -1.361198592109665040e-01 3.995359175896849635e+00 5.237330817833914409e+00 5.237330817833914409e+00 5.237330817833914409e+00 5.237330817833914409e+00
-1.035345548954810369e+01 -9.910622731511345762e+00 -9.429932854291555699e+00 -9.004722962512769158e+00 -8.430806156969943288e+00 -7.356923862753811605e+00 -5.632789402987091520e+00 -3.520133800200452967e+00 -2.315717193295592224e+00 -1.087964399574740781e+00 1.978689167451653519e-01 1.273831108698840531e+00 6.361467996697696137e-01 4.398514110215394624e+00 5.151063061262444620e+00 5.151063061262444620e+00 5.151063061262444620e+00 5.151063061262444620e+00
-1.045763016190668182e+01 -1.010668183996662606e+01 -9.628132653730343549e+00 -9.244450753132957388e+00 -8.737154545204665723e+00 -7.756658103003068128e+00 -6.371618212408861837e+00 -4.728701489747198394e+00 -2.188070486493363553e+00 -2.360740541051807639e+00 -2.097982090022086910e-01 7.110686514967546890e-01 7.779393747469178777e-01 3.919840034623638836e+00 5.018841538694676530e+00 5.018841538694676530e+00 5.018841538694676530e+00 5.018841538694676530e+00
-1.050707271533995879e+01 -1.021378093871385495e+01 -9.794494157478764507e+00 -9.385232430030434614e+00 -8.946249702019555272e+00 -8.035244174790257432e+00 -6.711627743103292687e+00 -5.394274420294310701e+00 -3.428038408884793498e+00 -2.398165172747852125e+00 -1.637735041655574264e+00 -1.251665456806196342e-01 7.491967594107413753e-01 3.042336446133617756e+00 5.064518912484381907e+00 5.064518912484381907e+00 5.064518912484381907e+00 5.064518912484381907e+00
-1.051085785999347522e+01 -1.024257781839414783e+01 -9.755291137381936650e+00 -9.519891053331619446e+00 -9.003018001061398934e+00 -8.181314469623160335e+00 -6.826479149009356817e+00 -5.670920996672792924e+00 -4.023025260317034224e+00 -2.813322198063621826e+00 -2.783184824699711957e+00 -2.510158723558111871e-01 5.890832601991573547e-01 2.672370073156772996e+00 5.303468159231476520e+00 5.303468159231476520e+00 5.303468159231476520e+00 5.303468159231476520e+00
-1.047149792915673316e+01 -1.020937971689169643e+01 -9.908443481791916696e+00 -9.589407791284411786e+00 -9.115832669588234793e+00 -8.394785427513147269e+00 -7.028522477383106981e+00 -5.794530487008540121e+00 -4.901996132642557846e+00 -3.493524284657284706e+00 -2.677261887512362382e+00 -6.898117545234534465e-01 1.395172029443937090e-01 2.673731220469845127e+00 5.217271703505363512e+00 5.217271703505363512e+00 5.217271703505363512e+00 5.217271703505363512e+00
-1.058043403929481485e+01 -1.024009048384153786e+01 -9.953857229146553465e+00 -9.606198459854816463e+00 -9.221530384898688482e+00 -8.529011634448162127e+00 -7.175292308492599247e+00 -5.758729629359532254e+00 -5.317917640349135056e+00 -3.700451728427728071e+00 -2.597363111813755676e+00 -8.561422867197997499e-01 8.578183983885079300e-02 2.265179539005829579e+00 5.160977262551464051e+00 5.160977262551464051e+00 5.160977262551464051e+00 5.160977262551464051e+00
-1.053184543610445800e+01 -1.027268868257999301e+01 -9.973253130278557421e+00 -9.668572686123539484e+00 -9.272220189726391837e+00 -8.686175759393474749e+00 -7.356060869350631748e+00 -5.739456671131764054e+00 -5.086791096467369044e+00 -3.169054377025555702e+00 -3.108940494414352607e+00 -1.045067862925443292e+00 -1.043129077485928230e-01 2.351490335462908199e+00 5.107060036632147693e+00 5.107060036632147693e+00 5.107060036632147693e+00 5.107060036632147693e+00
-1.056166395659750634e+01 -1.030889360047276071e+01 -1.002455736577648793e+01 -9.661925503604221532e+00 -9.344626320204817205e+00 -8.711655601177120900e+00 -7.441006551602158403e+00 -5.827759843292153796e+00 -5.115879058828607384e+00 -3.794299606118753942e+00 -2.730551979732629420e+00 -1.763715270544963243e+00 -1.534799219752034372e-01 2.249567338032909980e+00 4.885154285087317305e+00 4.885154285087317305e+00 4.885154285087317305e+00 4.885154285087317305e+00
-1.066600692757908320e+01 -1.029940893676569402e+01 -1.001208613281118609e+01 -9.679185448577952045e+00 -9.333648066100476370e+00 -8.771023685820221516e+00 -7.582865057969953249e+00 -5.882973646685579538e+00 -5.164858345976130138e+00 -3.862475888258575907e+00 -3.950387121502231924e+00 -2.549082815477079045e+00 -6.806693204572236144e-01 2.179668685118354876e+00 5.216441905490901476e+00 5.216441905490901476e+00 5.216441905490901476e+00 5.216441905490901476e+00
-1.069413135775537071e+01 -1.034629695731653598e+01 -1.003118036618418785e+01 -9.717685595323617420e+00 -9.387824446649133847e+00 -8.962706548461348177e+00 -7.607473896746855146e+00 -5.801039364278606669e+00 -5.310882879185284899e+00 -3.635516063020569622e+00 -3.952320413659280440e+00 -1.644348730421010485e+00 -6.160644808028395980e-01 2.212513868645602955e+00 5.186918535809332376e+00 5.186918535809332376e+00 5.186918535809332376e+00 5.186918535809332376e+00
