-1.043257706840463150e+01 -1.035026304099754135e+01 -1.004969607806270027e+01 -9.696040692744560374e+00 -9.352804933318667580e+00 -8.972389268023858833e+00 -8.269666612286036056e+00 -7.300297814990788225e+00 -4.806932522206441405e+00 -3.107145475252616862e+00 -2.057708222012735622e+00 -2.578742290546358618e+00 4.142807806868972764e-01 1.936726447886595537e+00 4.737143188944085814e+00 4.737143188944085814e+00 4.737143188944085814e+00 4.737143188944085814e+00
-1.038528260779808221e+01 -1.011158319102589331e+01 -1.003921135546744203e+01 -9.905647086686315106e+00 -9.520439409895724125e+00 -8.923083158962455741e+00 -8.219116022030027224e+00 -7.002747997978255867e+00 -4.775263001965031506e+00 -1.927974036048200279e+00 -1.898501258016950466e+00 -6.292786379616074344e-01 -6.486149027158150115e-01 2.156664526084217215e+00 4.684071524697963618e+00 4.684071524697963618e+00 4.684071524697963618e+00 4.684071524697963618e+00
-1.040289834318583573e+01 -1.008189513635972290e+01 -9.629541962483969542e+00 -9.643777997395742929e+00 -9.660495436961573645e+00 -9.148735836578625324e+00 -8.145708399635591235e+00 -6.980280088156836094e+00 -4.225076360236726281e+00 -2.470514772358377353e+00 -3.061351407531975877e+00 2.281275647475722590e-01 -1.917935029001451019e-01 2.196892389466721607e+00 4.589347167290124041e+00 4.589347167290124041e+00 4.589347167290124041e+00 4.589347167290124041e+00
-1.021184516489408622e+01 -1.016850892852619381e+01 -9.995539973319749194e+00 -9.277635199867393823e+00 -9.194023757347963510e+00 -9.179950236999941282e+00 -8.298062644852826963e+00 -6.763020730190605789e+00 -3.070315846840448337e+00 -2.687400794713500574e+00 -2.043087759987384011e+00 2.869435261347003663e-01 2.477708883420657870e-01 2.358459987206741104e+00 4.278854268416272255e+00 4.278854268416272255e+00 4.278854268416272255e+00 4.278854268416272255e+00
-1.062860653751567774e+01 -1.030202156073702113e+01 -1.002452713775753068e+01 -9.636927116747482813e+00 -9.107737139741567844e+00 -8.695971739588538085e+00 -8.126836613752884020e+00 -6.325292032151762278e+00 -2.494275723099063757e+00 -2.720182596555514642e+00 -1.105087010662507696e+00 1.304066049216587864e-01 1.484182574934469034e+00 2.423141622472856138e+00 4.460635315652149657e+00 4.460635315652149657e+00 4.460635315652149657e+00 4.460635315652149657e+00
-1.050651552034427283e+01 -9.884820085734252970e+00 -1.023250881218110564e+01 -9.958164100001191343e+00 -9.377763183723200058e+00 -8.658768898973173478e+00 -7.906458157382783902e+00 -5.110277680564169422e+00 -2.960294718264853131e+00 -2.649349233203182497e+00 -3.291394623852861856e-01 1.594012987476318699e+00 1.208933652874594200e+00 2.183518003280548569e+00 4.410083625899722470e+00 4.410083625899722470e+00 4.410083625899722470e+00 4.410083625899722470e+00
-1.044132523814193370e+01 -1.040627492957456823e+01 -1.004132405114242133e+01 -9.629739153532955953e+00 -9.408260221319549643e+00 -8.671905244553338221e+00 -7.626834873793425729e+00 -3.501222078480820343e+00 -3.210743582790249739e+00 -1.475715490171539246e+00 -4.350237183572747135e-01 1.403983776809626605e+00 1.607115682154055536e+00 3.391853756665442088e+00 4.189808273329255428e+00 4.189808273329255428e+00 4.189808273329255428e+00 4.189808273329255428e+00
-1.066368269137461233e+01 -1.016798394997529442e+01 -1.002282504296719878e+01 -1.000622612664633948e+01 -9.318731535972480273e+00 -8.227129460062457156e+00 -6.033057701291678399e+00 -2.348435175981301803e+00 -2.674073572583966385e+00 3.265118805285540104e-01 1.479913244138304496e+00 2.144174709484034658e+00 1.858689899945078272e+00 4.361861675842577668e+00 4.884696823084157202e+00 4.884696823084157202e+00 4.884696823084157202e+00 4.884696823084157202e+00
-1.062742610010217881e+01 -1.035420637927267862e+01 -9.705506396651403023e+00 -9.124944605027355493e+00 -8.222099395683729384e+00 -7.080109708519643164e+00 -3.605703359555846532e+00 -3.389823591998062824e+00 -7.588149101681652686e-01 7.725605481330318769e-01 2.161864357467587094e+00 2.761855881240919963e+00 3.452484227839482500e+00 4.776729820433440743e+00 5.028275429222535564e+00 5.028275429222535564e+00 5.028275429222535564e+00 5.028275429222535564e+00
-1.026864415174226863e+01 -1.002025937526691557e+01 -9.614752039210001655e+00 -8.500623911714541237e+00 -7.389627621060462559e+00 -5.085807769005072032e+00 -2.706470631021374196e+00 -2.626054878037588303e+00 4.242946332753431693e-01 2.113398528395249443e+00 3.108167727042234763e+00 3.487500655902383340e+00 4.964965139471232192e+00 4.926519158311341684e+00 4.922455215729251599e+00 4.922455215729251599e+00 4.922455215729251599e+00 4.922455215729251599e+00
-1.021850657892561998e+01 -9.491095717909114882e+00 -8.779550759627387180e+00 -8.444854907057719018e+00 -6.899309681647727288e+00 -3.048332330137101476e+00 -3.396467603911402566e+00 -1.932575427433279314e-01 2.048235562901086215e+00 3.168988873536385142e+00 3.160614535009653725e+00 4.680525800423301241e+00 2.846172225889775920e+00 2.378278475855528207e+00 5.187083518516916847e+00 5.187083518516916847e+00 5.187083518516916847e+00 5.187083518516916847e+00
-9.906959310716247913e+00 -9.021091767510853288e+00 -8.172473635144250181e+00 -7.537978324378607375e+00 -4.578164375144783804e+00 -2.726119753847379368e+00 -2.148795078291188432e+00 8.997839001400743664e-01 2.973211587847363724e+00 3.207040983316754357e+00 4.532412726738748177e+00 3.748134173532689850e+00 1.092469773578657488e+00 2.508577574452060865e+00 5.040606159685637522e+00 5.040606159685637522e+00 5.040606159685637522e+00 5.040606159685637522e+00
-9.606655615223480993e+00 -8.647953497608526163e+00 -7.540819540446406677e+00 -5.936316065156748145e+00 -2.844547450120098908e+00 -3.465754723383343006e+00 2.119440385730868848e-01 3.038941396292975661e+00 3.340158963429032291e+00 4.153052631010100804e+00 4.770436851856787008e+00 -1.844234748407162228e-01 4.070346967627275214e-01 2.420925459448935779e+00 4.806517013805278182e+00 4.806517013805278182e+00 4.806517013805278182e+00 4.806517013805278182e+00
-1.012775957972776020e+01 -8.001203274369004248e+00 -6.384361736898456208e+00 -3.941586603742690542e+00 -3.001791838910281118e+00 -1.802053073183868426e+00 1.397833747179681119e+00 3.147040711118083589e+00 3.366849711320571981e+00 5.030890352282846756e+00 3.353291917740767847e+00 -1.953953135659872498e+00 4.009712189239481028e-01 2.744928983687267898e+00 4.437703948091788142e+00 4.437703948091788142e+00 4.437703948091788142e+00 4.437703948091788142e+00
-9.489264997021393810e+00 -7.483622777456529818e+00 -5.123448845329237500e+00 -2.356602361815909763e+00 -2.388157337742477182e+00 3.177911186643348485e-01 3.177076822137232970e+00 3.269059040370589919e+00 3.547197973181600794e+00 5.645350543632342344e+00 4.525099462256938487e+00 -6.484800128777585826e-01 8.889225886620318873e-01 2.721316068472082073e+00 4.847165842348121423e+00 4.847165842348121423e+00 4.847165842348121423e+00 4.847165842348121423e+00
-9.220028443433459842e+00 -6.878252547511201520e+00 -4.032415145724669081e+00 -2.632339252401945107e+00 -1.268304469970155335e+00 1.935417717751618971e+00 3.071568902594314032e+00 3.128332869207136824e+00 4.175484714871730674e+00 6.165827756836703699e+00 6.140603872588275891e+00 2.046760867758443680e+00 6.652871802537405621e-01 2.824529694776151345e+00 4.823009025163317531e+00 4.823009025163317531e+00 4.823009025163317531e+00 4.823009025163317531e+00
-8.614186605839678990e+00 -5.941389329923110196e+00 -3.068763389918728546e+00 -2.129543432001891556e+00 -6.119382226971493699e-01 3.023728164452425649e+00 3.168401487013501328e+00 3.268901503190686508e+00 4.199377500393500995e+00 5.051160734741594105e+00 4.504400137342282839e+00 4.760999726216877725e+00 3.553960690565342251e+00 3.324330473288362064e+00 4.962366743835468164e+00 4.962366743835468164e+00 4.962366743835468164e+00 4.962366743835468164e+00
-7.805526839616385715e+00 -5.605640441988924749e+00 -2.750711134193201790e+00 -1.820280692736754746e+00 1.619562365811665905e-01 2.757300743634037765e+00 3.692817986745795533e+00 3.930300475870622812e+00 4.125990961428050774e+00 3.195734954165392327e+00 3.267697956069724796e+00 3.161638331976574179e+00 4.000629932120609134e+00 5.158227803089091346e+00 4.893162672663143198e+00 4.893162672663143198e+00 4.893162672663143198e+00 4.893162672663143198e+00
-7.493382478284054571e+00 -5.772442869118266984e+00 -2.695050091493699451e+00 -9.627294896931637425e-01 1.000162821099926047e+00 3.145989804153259239e+00 3.216023980799695536e+00 3.909864721264097120e+00 3.840728088784474803e+00 1.818344924607106172e+00 1.367134830414218349e+00 1.482182210972579295e+00 2.775785740604979956e+00 4.427437811328180040e+00 4.651519932519796008e+00 4.651519932519796008e+00 4.651519932519796008e+00 4.651519932519796008e+00
-8.182728653430359600e+00 -5.697706124748108891e+00 -2.424733416922845830e+00 -8.186250638070697860e-01 1.624267495932832484e+00 3.110691296796535887e+00 3.159790787468970574e+00 4.058439137167854760e+00 3.177224655428970923e+00 1.577603988765570620e+00 -1.011580782530113520e+00 8.519376987274243085e-01 1.993751705708605160e+00 3.645831071330320583e+00 4.785907222649354864e+00 4.785907222649354864e+00 4.785907222649354864e+00 4.785907222649354864e+00
-8.048219854639029336e+00 -5.938052918574290295e+00 -3.337634406273785270e+00 -1.358774097714077200e+00 9.912539445238028879e-01 3.181188482985843891e+00 3.244318628441064334e+00 4.107401733220187978e+00 3.081389648532534498e+00 1.462722936472174329e+00 -1.036220645275384156e+00 -8.336051632290262386e-03 1.308670326903480063e+00 3.345766599327226309e+00 4.818045603061531068e+00 4.818045603061531068e+00 4.818045603061531068e+00 4.818045603061531068e+00
-8.134547425341072113e+00 -6.471174947031419045e+00 -3.446797914148274966e+00 -1.632449191607605599e+00 3.632491571106357120e-01 3.292577752564297189e+00 3.326648970692679175e+00 4.220991752968256350e+00 2.780195681750486258e+00 1.165098509302144647e+00 -2.904836132924466074e+00 -1.859610620354079646e+00 1.244450671617800985e+00 3.251151157711604789e+00 4.791306887283775851e+00 4.791306887283775851e+00 4.791306887283775851e+00 4.791306887283775851e+00
-7.991592552928192816e+00 -6.666315019964810240e+00 -3.618869568516625890e+00 -2.111509355421438361e+00 -4.775793025239181699e-01 3.215312425236040994e+00 3.314604942614259642e+00 4.090762162810074543e+00 2.369021687373089158e+00 -2.694820907298647317e-01 -2.954125837581403680e+00 -1.616079115020595092e+00 1.212021919361308653e+00 3.463964700067461155e+00 5.034945668807642605e+00 5.034945668807642605e+00 5.034945668807642605e+00 5.034945668807642605e+00
-8.056444919240734137e+00 -7.094864676289677874e+00 -4.437356892266711483e+00 -2.015356560974080669e+00 -7.740835648295054661e-01 2.401447325005795719e+00 3.263379055094938863e+00 3.857509202242404900e+00 2.140235331264731311e+00 -4.068194712976390015e+00 -2.969667481588533331e+00 -1.242196504764066400e+00 1.284916644919009698e+00 3.748159891539477151e+00 4.702483991515692630e+00 4.702483991515692630e+00 4.702483991515692630e+00 4.702483991515692630e+00
-7.805839272709885535e+00 -7.175341609141037580e+00 -5.177564078246572166e+00 -2.767316560000802728e+00 -5.685386714829996357e-01 1.008272645503165199e+00 3.246786377785383149e+00 3.055881603397192059e+00 2.197285236833558475e+00 -4.366224302964671899e+00 -2.704828010364344948e+00 -5.584921174986104964e-01 1.563271634325026360e+00 3.739919462150232299e+00 4.843088815179192430e+00 4.843088815179192430e+00 4.843088815179192430e+00 4.843088815179192430e+00
-8.381998937232067348e+00 -7.676623801901673261e+00 -6.353361098969821263e+00 -3.772231220498065696e+00 -1.544593163400650671e+00 -1.482849121487929134e+00 1.604354416804069539e+00 2.842745843179350640e+00 1.401039470665333742e+00 -3.844987066472437487e+00 -1.850789619729115376e+00 1.157887574031350342e+00 1.913389785671623322e+00 4.133842479413001314e+00 4.836578747473127216e+00 4.836578747473127216e+00 4.836578747473127216e+00 4.836578747473127216e+00
-8.836878055319942860e+00 -7.889008941326280500e+00 -6.819098729937869585e+00 -5.141123671552961127e+00 -2.844249167752467944e+00 -1.081396862341054588e+00 -1.880149296889883415e+00 1.689046924425230856e+00 2.073017701898487442e+00 -1.436743384313449168e+00 -5.998070282951344367e-01 2.271312230396071163e-01 2.173716972683353177e+00 4.356535256983689486e+00 4.788925363774932720e+00 4.788925363774932720e+00 4.788925363774932720e+00 4.788925363774932720e+00
-9.207051698450658961e+00 -8.418912198366744093e+00 -7.569665971846678332e+00 -6.047367594584484252e+00 -4.243861132979502848e+00 -2.566615294027143168e+00 -2.991550433089572802e+00 -1.658779641780520508e+00 1.366958444699336805e+00 1.596495603040824163e+00 -1.462479953686119938e+00 -4.015506731444419275e-01 1.832593480230822580e+00 4.509121250342864151e+00 4.761763484445814321e+00 4.761763484445814321e+00 4.761763484445814321e+00 4.761763484445814321e+00
-9.355464346375413243e+00 -8.586677304751439976e+00 -8.110474460574401689e+00 -7.369615768971570446e+00 -6.087142750711621808e+00 -4.224969275516480494e+00 -2.397203114995139828e+00 -2.547951378069839734e+00 -3.890618294489610052e-01 1.034062486659350188e+00 -4.781039660785227352e-01 1.319037315354554818e-01 1.583817135216665672e+00 4.129264002050673454e+00 4.818356101825922444e+00 4.818356101825922444e+00 4.818356101825922444e+00 4.818356101825922444e+00
-1.014908382510951412e+01 -9.081763241308472345e+00 -8.708270245176679580e+00 -8.285797220544639075e+00 -7.474797375893653673e+00 -6.702718588964919455e+00 -3.961491123021732452e+00 -2.935327530658456752e+00 -2.185741880915827551e+00 -9.680589851982991378e-01 6.782287644479394473e-01 1.696368656365886962e-01 -3.557584524673505499e-01 4.069961270106366769e+00 4.840707291670355517e+00 4.840707291670355517e+00 4.840707291670355517e+00 4.840707291670355517e+00
-1.041439519388391233e+01 -1.000010679546815417e+01 -9.506291725969413520e+00 -9.088053845280860799e+00 -8.656179356144278358e+00 -7.472572844510973589e+00 -5.828552525800000161e+00 -2.959267749116765156e+00 -2.862343876757189598e+00 -3.108552672559740326e+00 -9.148222031676161992e-02 4.450741923566540748e-01 -8.480750277847347585e-01 4.177758543480747377e+00 4.834197223964286749e+00 4.834197223964286749e+00 4.834197223964286749e+00 4.834197223964286749e+00
-1.046922669809625894e+01 -1.015391156151730101e+01 -9.696803672699491727e+00 -9.381000486492265367e+00 -8.964655070614556465e+00 -7.887629212770676190e+00 -6.387329944155185402e+00 -5.332236982196218555e+00 -3.443841185749108913e+00 -3.389873442897816336e+00 -2.612592042060677411e+00 3.233655701107265301e-01 -8.836692213253732886e-01 3.849108315745887854e+00 4.786543840266095806e+00 4.786543840266095806e+00 4.786543840266095806e+00 4.786543840266095806e+00
-1.047164048846238060e+01 -1.023325416892016015e+01 -9.909304715711718003e+00 -9.531001190559976521e+00 -9.149705952443202506e+00 -8.202222161266607969e+00 -6.656769751964886517e+00 -5.668325262887501381e+00 -3.756920918822959088e+00 -3.058455910583743442e+00 -2.670670939325373361e+00 9.066842565581351154e-02 -5.600361404513789498e-01 3.110031090342558535e+00 4.759805124488339700e+00 4.759805124488339700e+00 4.759805124488339700e+00 4.759805124488339700e+00
-1.046388114682305392e+01 -1.021396097449095919e+01 -9.908143387438945737e+00 -9.582331718363731099e+00 -9.169530478490816705e+00 -8.339288401845907472e+00 -6.940141837951215642e+00 -5.656866533178974699e+00 -4.828478195524662731e+00 -2.280114160862995121e+00 -2.539795136439625622e+00 -7.092833476689058836e-01 -4.809630455280376471e-01 2.714772903144702099e+00 4.739297967829254610e+00 4.739297967829254610e+00 4.739297967829254610e+00 4.739297967829254610e+00
-1.050320491638068710e+01 -1.028744431135204884e+01 -9.998742168236287142e+00 -9.660096278343898391e+00 -9.249614986693723395e+00 -8.598218229742444763e+00 -7.212515387444196513e+00 -5.763569915600160520e+00 -5.491599381573957217e+00 -2.830397922993593163e+00 -2.196321545570019573e+00 -2.275682099878860498e+00 -3.596652477659523228e-01 2.478168962653054308e+00 4.692330603979810277e+00 4.692330603979810277e+00 4.692330603979810277e+00 4.692330603979810277e+00
-1.057142086121184832e+01 -1.026259608856430461e+01 -9.939514014320090851e+00 -9.645280136353466816e+00 -9.313329016659826820e+00 -8.656321763964962557e+00 -7.312347370825000858e+00 -5.916406975545463354e+00 -5.751085766504756336e+00 -3.859521234860352035e+00 -1.745917108060396350e+00 -3.194310819583380479e+00 -3.303971026354237672e-01 2.102059207626670645e+00 4.831815700455448059e+00 4.831815700455448059e+00 4.831815700455448059e+00 4.831815700455448059e+00
-1.055597813166379240e+01 -1.023638931187205436e+01 -1.001230493660039755e+01 -9.689816425457527416e+00 -9.290718201266555454e+00 -8.755167979001365453e+00 -7.543339064973557662e+00 -5.722926931433052644e+00 -5.389676872374589145e+00 -4.042741923354179256e+00 -2.042818700626416906e+00 -1.981782473772175868e+00 -5.251952727785470509e-01 2.274581386608805822e+00 4.805076984677694618e+00 4.805076984677694618e+00 4.805076984677694618e+00 4.805076984677694618e+00
-1.057140945462603199e+01 -1.033052034157328514e+01 -9.985731179204684338e+00 -9.673892938174198264e+00 -9.333651394283592140e+00 -8.779317661121849525e+00 -7.536324991476503143e+00 -5.872126756416908400e+00 -5.325335632408031650e+00 -3.576922112015676891e+00 -5.038428825139329881e+00 -2.401318338722790990e+00 -7.714952022979422175e-01 2.162096113254798002e+00 4.757423600979502787e+00 4.757423600979502787e+00 4.757423600979502787e+00 4.757423600979502787e+00
-1.066167567638358626e+01 -1.024986442468079773e+01 -9.988801003723194682e+00 -9.702766346184345636e+00 -9.356342683648462000e+00 -8.815297683882343804e+00 -7.612402414413784513e+00 -5.922520412616846919e+00 -5.336367571563437551e+00 -3.477148897154142659e+00 -3.944299286742618982e+00 -2.312526338122351088e+00 -4.315537289238743912e-01 2.355238372454267815e+00 4.736916444320415920e+00 4.736916444320415920e+00 4.736916444320415920e+00 4.736916444320415920e+00
-1.066311206645234577e+01 -1.030293019711249869e+01 -1.001136920877126713e+01 -9.714086470087623937e+00 -9.414101142432897973e+00 -8.975550664409679413e+00 -7.634065026885632932e+00 -5.741647451041318462e+00 -5.313973009829212835e+00 -4.119725010539944776e+00 -3.525061398732844964e+00 -2.100020967331484911e+00 -6.172890769270420463e-01 2.398137375526980808e+00 4.461251576477962111e+00 4.461251576477962111e+00 4.461251576477962111e+00 4.461251576477962111e+00
