-1.044769416736743750e+01 -1.035523114266083589e+01 -9.962403717516522761e+00 -9.658728049827054463e+00 -9.348824818033666162e+00 -8.990019812908865759e+00 -8.412734099281623301e+00 -7.213199303673182960e+00 -4.823447304422437298e+00 -2.209499899858922589e+00 -2.185487470372992735e+00 -8.659990615461958807e-01 6.650762516382722200e-01 1.982203066897934463e+00 5.002445121002612183e+00 5.002445121002612183e+00 5.002445121002612183e+00 5.002445121002612183e+00
-1.037158899147692281e+01 -1.012209728270941511e+01 -9.987970766505796405e+00 -9.830823582815122919e+00 -9.516991590325886818e+00 -8.946548613958597684e+00 -8.180298440742626909e+00 -6.927041778477993184e+00 -4.283956135012060074e+00 -2.911279657763872208e+00 -2.053139991655195118e+00 -3.422634581063197512e-01 9.458930392932479725e-01 2.113034759117380368e+00 5.183035828606830542e+00 5.183035828606830542e+00 5.183035828606830542e+00 5.183035828606830542e+00
-1.035866140650766276e+01 -1.004068685198571131e+01 -9.795325078969646881e+00 -9.817609253843368577e+00 -9.704526471626898854e+00 -9.150908661404493216e+00 -8.148935506903210779e+00 -6.841813835478307126e+00 -3.125289177572250665e+00 -3.037642588330740967e+00 -1.017393881107927278e+00 -1.188572151363553181e-01 6.606060934326313250e-01 1.994855192202533045e+00 5.154887556972592932e+00 5.154887556972592932e+00 5.154887556972592932e+00 5.154887556972592932e+00
-1.039299508602880096e+01 -1.032572511513192737e+01 -9.882938025759351319e+00 -9.292818880491578781e+00 -9.234764390383283228e+00 -9.227154102875717356e+00 -8.223211936312363690e+00 -6.526842016597588447e+00 -2.706722133328764102e+00 -2.879232398651503377e+00 -6.132354053656376980e-01 -1.279046878257907582e-01 6.455027243363500311e-01 2.246973899018354981e+00 4.696168279788256683e+00 4.696168279788256683e+00 4.696168279788256683e+00 4.696168279788256683e+00
-1.055933184363371247e+01 -1.033406493585655994e+01 -9.924253095320526796e+00 -9.642737309861519890e+00 -9.065664059748517190e+00 -8.658619946465123007e+00 -8.249879349288509189e+00 -5.461652042313902555e+00 -3.106689775137383869e+00 -3.169950394317473386e+00 -2.217035920121784853e-01 4.074118683155205645e-01 2.006417284862219930e+00 2.349866320503906092e+00 4.664412096128341290e+00 4.664412096128341290e+00 4.664412096128341290e+00 4.664412096128341290e+00
-1.040602158404197830e+01 -9.989644560515369420e+00 -1.015634542455897105e+01 -9.889628339997681650e+00 -9.355649249285240998e+00 -8.645173773191642042e+00 -7.683757521866425577e+00 -3.777351447541161367e+00 -3.801101670751614314e+00 -1.840298459619982285e+00 -2.786057509627761219e-01 2.889341934612184026e-01 1.286776832329631581e+00 2.146910816138721589e+00 4.389853653828482472e+00 4.389853653828482472e+00 4.389853653828482472e+00 4.389853653828482472e+00
-1.047712249257019224e+01 -1.029121086560447651e+01 -9.968834896853831395e+00 -9.848688952706165622e+00 -9.343977131470543540e+00 -8.582198372610605475e+00 -7.397794433259368141e+00 -2.662063165004129317e+00 -3.761162196127040502e+00 -6.143565758449196501e-01 3.163473113773464518e-01 1.841774177473272101e+00 1.587455866194041665e+00 3.341802765317280599e+00 5.614946201751989108e+00 5.614946201751989108e+00 5.614946201751989108e+00 5.614946201751989108e+00
-1.045211038160644890e+01 -1.008640967383890086e+01 -9.999423773413491645e+00 -9.781593799835679448e+00 -9.230069529816882223e+00 -8.274980051999708763e+00 -4.872566038356402451e+00 -3.371116757932117736e+00 -2.924666020226359020e+00 1.167079229248152716e-01 1.452538193149084833e+00 1.988105593448058261e+00 1.865489801283314097e+00 4.332942938753450157e+00 5.315142528610127037e+00 5.315142528610127037e+00 5.315142528610127037e+00 5.315142528610127037e+00
-1.041159024844510483e+01 -1.017146694143282559e+01 -9.530801192875868466e+00 -9.080554845612075709e+00 -8.265810745279148719e+00 -6.949775690714736776e+00 -3.389875410618359730e+00 -4.023560463723677927e+00 -1.101575564546203978e+00 9.957172329754012674e-01 2.056295288811140320e+00 2.730142156536383258e+00 3.417877955977554727e+00 4.757393592372584301e+00 5.328404846075576629e+00 5.328404846075576629e+00 5.328404846075576629e+00 5.328404846075576629e+00
-1.043651866273247286e+01 -1.004407052011825918e+01 -9.515688573498618297e+00 -8.426602372046852807e+00 -7.400834121800005327e+00 -5.346191273743526651e+00 -2.456300867567416280e+00 -3.518503598089879336e+00 6.943769945627335793e-02 2.143472898495228041e+00 2.993690711236221880e+00 3.474159621971841361e+00 4.890478492179639147e+00 4.984080776978411009e+00 5.628947103152407649e+00 5.628947103152407649e+00 5.628947103152407649e+00 5.628947103152407649e+00
-1.022426999916273971e+01 -9.498287820003568527e+00 -8.886452539203844481e+00 -8.368368480037545964e+00 -6.848370681766947854e+00 -3.533165082232196941e+00 -4.083282566082091058e+00 -1.272508077755919231e+00 1.086870233875330660e+00 3.113692438159828768e+00 3.047392550518641219e+00 4.580159838236586900e+00 2.901585859035216597e+00 2.221474958369478170e+00 5.414909518410281564e+00 5.414909518410281564e+00 5.414909518410281564e+00 5.414909518410281564e+00
-9.884931330285382955e+00 -9.034424040316730853e+00 -8.189409729038834129e+00 -7.620870317642682856e+00 -5.214925272982538829e+00 -2.373635871575439982e+00 -3.307767529727973610e+00 1.858886894327655692e-01 2.990501096923675828e+00 3.114181427813105252e+00 4.456737147062007409e+00 3.755940946268471414e+00 2.034003043082253104e+00 2.495803569524606136e+00 5.946834377666146310e+00 5.946834377666146310e+00 5.946834377666146310e+00 5.946834377666146310e+00
-9.502466756942066439e+00 -8.564567487148332603e+00 -7.748952702628486122e+00 -6.173846750214762480e+00 -3.780781206372288317e+00 -3.545897343473516816e+00 -2.015024775827032322e+00 1.783330771404420645e+00 3.195247761950518406e+00 4.029873955136351604e+00 4.700299878040548052e+00 1.527084993024681037e+00 4.777810315199545466e-01 2.315678644119701701e+00 5.808250628791435943e+00 5.808250628791435943e+00 5.808250628791435943e+00 5.808250628791435943e+00
-1.006435125070671077e+01 -7.834937496525635758e+00 -6.630526252706332002e+00 -4.963028822602169043e+00 -2.326630613361156286e+00 -3.115262203605012825e+00 4.689732160169164665e-02 2.991444928410838866e+00 3.282978169990587780e+00 5.075645608787819008e+00 3.361311622903288221e+00 -2.040902150359702460e+00 3.649566925732458111e-01 2.566841993287750867e+00 5.724837286109345058e+00 5.724837286109345058e+00 5.724837286109345058e+00 5.724837286109345058e+00
-9.425044935303137805e+00 -7.579416574380061888e+00 -5.686624934498595962e+00 -4.003851152327552398e+00 -2.736499777065783956e+00 -2.131026783153314064e+00 1.292069865194825029e+00 3.079159788103372097e+00 3.569670911181804573e+00 5.561998079620109614e+00 4.432763640334387745e+00 -9.306620918540990939e-01 1.001519237145441110e+00 2.595535771225723209e+00 5.562502846476211182e+00 5.562502846476211182e+00 5.562502846476211182e+00 5.562502846476211182e+00
-9.117640523174960876e+00 -6.910044676418922727e+00 -4.846035299862431422e+00 -2.702981161146347677e+00 -2.961371816447319283e+00 -3.982290133833091272e-01 3.009833761539602026e+00 3.017422853960610940e+00 4.098685687707753544e+00 6.314897548001709104e+00 6.079233842916345054e+00 1.851553562526851548e+00 6.480624627949285177e-01 2.694021722850024947e+00 5.455206252474614992e+00 5.455206252474614992e+00 5.455206252474614992e+00 5.455206252474614992e+00
-8.651040628912788577e+00 -6.456503312215609469e+00 -4.209239161737969859e+00 -1.823079378700671604e+00 -2.639270056428960842e+00 6.605389772864996845e-01 3.168795660524549529e+00 3.254302439168497152e+00 4.199930088225635849e+00 5.093753447467003426e+00 4.603456668795882223e+00 4.754809773343946944e+00 3.758126253905303304e+00 3.329838400692529454e+00 5.843872052273768603e+00 5.843872052273768603e+00 5.843872052273768603e+00 5.843872052273768603e+00
-7.834014350339288058e+00 -5.957510007790997264e+00 -3.818047237547442130e+00 -1.630734828870591402e+00 -1.609667114206844385e+00 2.234490998366728931e+00 3.516785922596048497e+00 3.866052698261440046e+00 4.107605314530166751e+00 3.205463113943876952e+00 3.281922443927671296e+00 3.176840544545384226e+00 4.030162182017019035e+00 5.112999467591424541e+00 5.780652967895218985e+00 5.780652967895218985e+00 5.780652967895218985e+00 5.780652967895218985e+00
-7.506961040599436252e+00 -6.054102112057309526e+00 -3.071028229388878206e+00 -1.610802221459846084e+00 -1.149701008393193558e+00 3.063595641984479201e+00 3.149893433653749852e+00 3.859940612969405827e+00 3.780852305860636697e+00 1.802821771889828506e+00 1.475632944696770643e+00 1.506905591431069169e+00 2.886213792185503113e+00 4.339098287192047820e+00 5.634797515044830618e+00 5.634797515044830618e+00 5.634797515044830618e+00 5.634797515044830618e+00
-8.216953815844279418e+00 -6.062209397084342477e+00 -3.146008654151279060e+00 -2.703053467363639051e+00 -9.568807983380434035e-01 3.053894919063742108e+00 3.069763968035729373e+00 4.049118160108016617e+00 3.095551431966903522e+00 1.557065991945315364e+00 -3.905636561749941116e-01 8.523557892406228298e-01 2.010068966343823149e+00 3.661822677930761216e+00 5.531352926610800580e+00 5.531352926610800580e+00 5.531352926610800580e+00 5.531352926610800580e+00
-8.175546736790316515e+00 -6.116049230881131393e+00 -3.097161504145828470e+00 -1.596742075682325623e+00 -3.024696136190239137e-01 3.130336910182667243e+00 3.128756686451242608e+00 4.090624481764083775e+00 2.982891189991118353e+00 1.423304089368088388e+00 -4.994651087539377782e-03 2.228704541824233498e-01 1.265802418193442636e+00 3.353714787131747865e+00 5.357716923252367813e+00 5.357716923252367813e+00 5.357716923252367813e+00 5.357716923252367813e+00
-8.252655766336694398e+00 -6.388482125039722348e+00 -3.357083067802979492e+00 -1.545848178572468257e+00 -5.533368656230007732e-01 3.270493688592500447e+00 3.231335660846765379e+00 4.154133934307502329e+00 2.781950270412649306e+00 1.193513818896537515e+00 -2.575822059121086305e+00 -1.633262580175615319e+00 1.198638718770626221e+00 3.206141508369207749e+00 5.250420329250772511e+00 5.250420329250772511e+00 5.250420329250772511e+00 5.250420329250772511e+00
-8.017256417795339374e+00 -7.092498970514229839e+00 -4.569352339944037666e+00 -1.805167602134027272e+00 -1.857709755308570410e+00 2.945538238019012933e+00 3.172572934422214885e+00 3.981865551950887649e+00 2.373702061527252383e+00 3.107777876037950415e-01 -2.735993521954124041e+00 -1.603554277394670269e+00 1.201583298929191024e+00 3.423600297348734056e+00 5.628171086662407951e+00 5.628171086662407951e+00 5.628171086662407951e+00 5.628171086662407951e+00
-8.049394743427802368e+00 -7.112896893452042235e+00 -5.144173698901709280e+00 -2.850765101262577428e+00 -1.865928081307836051e+00 4.065287659858052849e-01 3.174757579800631113e+00 3.795874304168019631e+00 2.117325614231374775e+00 -3.099571155124629662e+00 -2.770016876707021236e+00 -1.258785461320114152e+00 1.273496520919455088e+00 3.717211479926621820e+00 5.541145330123322665e+00 5.541145330123322665e+00 5.541145330123322665e+00 5.541145330123322665e+00
-7.932279510999675765e+00 -7.091096904912148169e+00 -5.337440864653585137e+00 -3.564408207297260489e+00 -1.622070891586346431e+00 -5.023236454450150656e-01 2.991467789751338202e+00 3.011927801764805235e+00 2.019207305788745188e+00 -3.944567365193405006e+00 -2.458739136112671364e+00 -7.546019564747626918e-01 1.524943149419133004e+00 3.718156527407604717e+00 5.433863597388554290e+00 5.433863597388554290e+00 5.433863597388554290e+00 5.433863597388554290e+00
-8.403126722501086832e+00 -7.594473098845325509e+00 -6.266088807857209453e+00 -4.391701398883160579e+00 -2.852727109290044805e+00 -2.193571885541839350e+00 5.388266462865882733e-01 2.756159579589314568e+00 1.382638908288566615e+00 -3.462917680777054308e+00 -5.085179974752409571e-01 1.065709617886030580e+00 1.870664898029782197e+00 4.159947604753502226e+00 5.326567003386959875e+00 5.326567003386959875e+00 5.326567003386959875e+00 5.326567003386959875e+00
-8.845144379850539806e+00 -7.948880710164898389e+00 -6.823515085113781353e+00 -5.426194017132599967e+00 -3.452960732704168922e+00 -2.411035858391543218e+00 -1.379774026225757177e+00 1.163952174981909060e+00 1.817248293310171459e+00 -4.524352192414528573e-01 1.201752330667815311e-01 3.108824572028043853e-01 2.172810733124502569e+00 4.558048356862203221e+00 5.152931000028527109e+00 5.152931000028527109e+00 5.152931000028527109e+00 5.152931000028527109e+00
-9.136558618787368857e+00 -8.328212249921003618e+00 -7.468784321253112424e+00 -6.333151024262352102e+00 -4.885988790527151515e+00 -3.174761626217256882e+00 -2.510709067845309228e+00 -2.461907440371543382e-02 8.286330741206214823e-01 1.296680562112002777e+00 2.637159541219476558e-02 3.920790010710362705e-01 1.820892858988659935e+00 4.676669491782520893e+00 5.538131315597896176e+00 5.538131315597896176e+00 5.538131315597896176e+00 5.538131315597896176e+00
-9.384752820840136067e+00 -8.504486137738338059e+00 -7.994084060908170031e+00 -7.313372744924687474e+00 -6.182737366797997680e+00 -4.770053706603628818e+00 -2.270267514306650192e+00 -2.223719185556198852e+00 3.412584544681286358e-01 5.977381165606787672e-01 -6.258219965158864362e-01 1.843737009038645680e-02 1.274386328739725238e+00 4.093492456336463192e+00 5.503440692848577953e+00 5.503440692848577953e+00 5.503440692848577953e+00 5.503440692848577953e+00
-1.008231042419457246e+01 -9.087913386894982182e+00 -8.664862121780446458e+00 -8.251519663160273410e+00 -7.432219446754900538e+00 -6.518797451627041717e+00 -4.409699365475399091e+00 -2.336432063165576611e+00 -1.861349737424853990e+00 4.126049109877034660e-01 3.324328979075862334e-01 7.294331514107301739e-01 -1.368229513008422937e-01 3.990395568624766742e+00 5.336374268166304446e+00 5.336374268166304446e+00 5.336374268166304446e+00 5.336374268166304446e+00
-1.033443161220720619e+01 -9.918187455582483381e+00 -9.415332081614300463e+00 -9.024055105623252970e+00 -8.425822012069026812e+00 -7.370734689741417434e+00 -5.625890985317166582e+00 -3.471021228510076106e+00 -2.363990719263044493e+00 -7.220624218740421263e-01 2.927062705421427102e-01 1.273783894165599007e+00 5.714284053405146446e-01 4.402305507298087228e+00 5.229077674164704703e+00 5.229077674164704703e+00 5.229077674164704703e+00 5.229077674164704703e+00
-1.048303492221245747e+01 -1.011652431232280769e+01 -9.636536421087740223e+00 -9.246028547938855979e+00 -8.742424623781579029e+00 -7.754259115524130941e+00 -6.363081837321468370e+00 -4.720217739355222264e+00 -2.197310675917371725e+00 -2.243172189835543673e+00 1.108179568323810760e-01 7.348909236438661008e-01 7.367859840692865259e-01 3.906534403446466630e+00 5.066904302429421136e+00 5.066904302429421136e+00 5.066904302429421136e+00 5.066904302429421136e+00
-1.053325290642682788e+01 -1.021011997509885738e+01 -9.783708274856408593e+00 -9.365444655696958165e+00 -8.918930741306800414e+00 -8.028597188267205809e+00 -6.707490840615384364e+00 -5.386432962101605604e+00 -3.432482474724832144e+00 -2.261814525405334564e+00 -1.444174638653940912e+00 -1.332723387045621488e-01 7.286598787228072416e-01 3.049084424068363219e+00 5.143717192652712988e+00 5.143717192652712988e+00 5.143717192652712988e+00 5.143717192652712988e+00
-1.050447613393024859e+01 -1.025590967700743050e+01 -9.742492522432183222e+00 -9.520061232531741524e+00 -8.993753053684962140e+00 -8.161878252084271423e+00 -6.826769871039859439e+00 -5.685522550113774720e+00 -4.095380672730336791e+00 -2.920552334969823249e+00 -2.857902425944910618e+00 5.273069927230755738e-06 6.101220372357030186e-01 2.664776534269004848e+00 5.412491438504403618e+00 5.412491438504403618e+00 5.412491438504403618e+00 5.412491438504403618e+00
-1.046860435394670219e+01 -1.022513711560498706e+01 -9.913103250063898031e+00 -9.597510152588238697e+00 -9.113171905552409413e+00 -8.410387812023694565e+00 -7.029050962824427984e+00 -5.791634477723163421e+00 -4.906837781179047120e+00 -3.423987244459655965e+00 -2.750168310443916297e+00 -6.236987108099291133e-01 4.115508687386811859e-01 2.683600560647959377e+00 5.305224348300884962e+00 5.305224348300884962e+00 5.305224348300884962e+00 5.305224348300884962e+00
-1.058815163007485438e+01 -1.023902449543345305e+01 -9.963808145218461476e+00 -9.614368703072996070e+00 -9.220003299995060075e+00 -8.539837868912755425e+00 -7.180615932517801170e+00 -5.751177433098728642e+00 -5.282827752646983122e+00 -3.678233194884541035e+00 -2.497122423070155861e+00 -9.116459010620934222e-01 -2.958579000096042688e-02 2.261305509861463392e+00 5.248995741608209364e+00 5.248995741608209364e+00 5.248995741608209364e+00 5.248995741608209364e+00
-1.052868936230417773e+01 -1.026166510739069260e+01 -9.966715465322049994e+00 -9.665970764028799067e+00 -9.258424042748755411e+00 -8.668908945187746795e+00 -7.352056159456838991e+00 -5.751145281051650571e+00 -5.064081551638478729e+00 -3.123025020714509381e+00 -3.119228974282735045e+00 -1.108614623672305122e+00 -7.178381885850249056e-02 2.360391746092592946e+00 5.186839422935192623e+00 5.186839422935192623e+00 5.186839422935192623e+00 5.186839422935192623e+00
-1.054843606767655295e+01 -1.031283943803379266e+01 -1.002604142537174425e+01 -9.667602905210426201e+00 -9.357039602909276610e+00 -8.717727596685586278e+00 -7.444444842554142738e+00 -5.832429609216481126e+00 -5.113078042191330219e+00 -3.750115679927836343e+00 -2.656936789913461716e+00 -1.736255392828162547e+00 -9.729929833468906053e-02 2.265523114900474866e+00 4.899525266580756266e+00 4.899525266580756266e+00 4.899525266580756266e+00 4.899525266580756266e+00
-1.066543520303616077e+01 -1.029966793455892571e+01 -1.001051643983185002e+01 -9.683372954345202288e+00 -9.316708104415058145e+00 -8.767636661115373542e+00 -7.573803348987085293e+00 -5.882070338380606778e+00 -5.143872631541543505e+00 -3.870075330037424433e+00 -3.955706036600706632e+00 -2.445177570807272271e+00 -8.105439492603310203e-01 2.166165289817629791e+00 5.297073768990244957e+00 5.297073768990244957e+00 5.297073768990244957e+00 5.297073768990244957e+00
-1.068794100310027773e+01 -1.035263783197207488e+01 -1.001857235662140511e+01 -9.716147316030326664e+00 -9.381406206025241445e+00 -8.951794771836611986e+00 -7.609925585623321886e+00 -5.805332942859834588e+00 -5.292942167667702869e+00 -3.643830989804596854e+00 -3.926408519983460632e+00 -1.693065420080752892e+00 -6.626637642618835589e-01 2.209007251610174638e+00 5.268955389253622279e+00 5.268955389253622279e+00 5.268955389253622279e+00 5.268955389253622279e+00
