-1.040112754146146123e+01 -1.029575984495536289e+01 -9.951881172428251432e+00 -9.637100159111051667e+00 -9.300713425377354682e+00 -8.992380725541922359e+00 -8.363032178330840338e+00 -7.250586886096585637e+00 -4.748397972865084249e+00 -2.469893975497519545e+00 -2.269826411509376030e+00 1.023924402467434047e-01 5.380284359323700416e-01 1.839465590165042297e+00 5.304671742424382330e+00 5.304671742424382330e+00 5.304671742424382330e+00 5.304671742424382330e+00
-1.035451193531832637e+01 -1.020712965697843799e+01 -9.961152720223687140e+00 -9.788585727556718297e+00 -9.447640991001382105e+00 -8.891148900026690782e+00 -8.174252416471418314e+00 -6.707212629325042030e+00 -3.390473193547366648e+00 -2.818506719092167323e+00 -1.723928906058245669e+00 -3.921502707587390391e-02 1.318577150876802273e+00 1.957784961363147058e+00 5.356054338744817400e+00 5.356054338744817400e+00 5.356054338744817400e+00 5.356054338744817400e+00
-1.030619774806743827e+01 -9.912913698443798438e+00 -9.835609984843779685e+00 -9.909687866864643979e+00 -9.575072337787435828e+00 -9.034212264876538612e+00 -8.106296698866479744e+00 -6.656253450509750813e+00 -3.054341473498619397e+00 -3.494879434064278367e+00 -6.574591435802112915e-01 1.635855724646066156e-01 1.703839775733109851e+00 1.923888238089916491e+00 4.959806374178704402e+00 4.959806374178704402e+00 4.959806374178704402e+00 4.959806374178704402e+00
-1.044481809777602344e+01 -1.033816998991615144e+01 -9.684007195253817812e+00 -9.321744441076592835e+00 -9.178179036877658348e+00 -9.319181049859089683e+00 -8.157334382888347335e+00 -6.195610463658494105e+00 -3.255663701974260249e+00 -3.366681469582886610e+00 -4.979373353143180803e-02 4.189259050984014410e-01 1.359631826035490043e+00 2.132413959418320903e+00 4.824090979280416747e+00 4.824090979280416747e+00 4.824090979280416747e+00 4.824090979280416747e+00
-1.053100261393769443e+01 -1.032414879006516273e+01 -9.860453575777746948e+00 -9.581230933832900476e+00 -9.012397533682284134e+00 -8.668124778299084454e+00 -8.152554617563982475e+00 -4.886871091415653012e+00 -3.376132200394406979e+00 -3.208660536942817831e+00 1.676253347817912576e-01 6.987641401219946147e-01 1.678404017000712845e+00 2.312207080586422769e+00 4.729956588900623871e+00 4.729956588900623871e+00 4.729956588900623871e+00 4.729956588900623871e+00
-1.040892809507999495e+01 -1.003464644631079850e+01 -1.012197623141836367e+01 -9.815619779676502787e+00 -9.352852211039991204e+00 -8.528854695130325680e+00 -7.484385319417341975e+00 -3.836541283835606997e+00 -4.011928124917785610e+00 -1.859783159864665913e+00 4.627953538469096184e-01 1.126515885967744879e+00 1.772796719602224735e+00 2.137558303007599747e+00 4.457746430979716123e+00 4.457746430979716123e+00 4.457746430979716123e+00 4.457746430979716123e+00
-1.043527876936445331e+01 -1.024500601845224956e+01 -9.946266287169388320e+00 -9.779160787279682410e+00 -9.338529879926678490e+00 -8.517671652610047772e+00 -7.096793098505663977e+00 -2.492808760154944014e+00 -3.772643493499875600e+00 -3.605178744215677411e-01 5.141157595169084660e-01 1.775082303531841932e+00 1.609670630048342987e+00 3.260153747350539089e+00 4.220461234753921431e+00 4.220461234753921431e+00 4.220461234753921431e+00 4.220461234753921431e+00
-1.045012841300131257e+01 -1.009469221497054470e+01 -1.000936999905860070e+01 -9.728035696091847484e+00 -9.194102454895505261e+00 -8.323535392525137411e+00 -4.943473657037526614e+00 -2.822524886018661583e+00 -2.713483661343487174e+00 3.733540598789070186e-01 1.552956116508084961e+00 1.917644436289032805e+00 1.824501524348723702e+00 4.352981342599218095e+00 5.236211622544581168e+00 5.236211622544581168e+00 5.236211622544581168e+00 5.236211622544581168e+00
-1.036753106773294242e+01 -9.925109715163578983e+00 -9.497711185391070288e+00 -9.095569752903777783e+00 -8.363723349525420403e+00 -6.951625222600275045e+00 -3.646428064098605315e+00 -3.972403083405732893e+00 -1.858179496125857755e+00 1.054991209408553621e+00 2.151302243405145642e+00 2.636700333293741760e+00 3.343860310333844232e+00 4.831268482277611298e+00 5.199481163805897310e+00 5.199481163805897310e+00 5.199481163805897310e+00 5.199481163805897310e+00
-1.046035848265874613e+01 -1.007610640962195880e+01 -9.434707695443016462e+00 -8.443926355831287367e+00 -7.444960843894677716e+00 -5.628712278699723903e+00 -2.333389422584800421e+00 -3.780391461261047414e+00 -1.073560208876896821e-01 1.817017019436370839e+00 3.045093153870009672e+00 3.426791458936876644e+00 4.961765333898731534e+00 5.001385389803001402e+00 5.331691589935990905e+00 5.331691589935990905e+00 5.331691589935990905e+00 5.331691589935990905e+00
-1.029732430161640622e+01 -9.572904362885802598e+00 -9.028160386377924951e+00 -8.462378947900255355e+00 -7.029382784559260244e+00 -4.113256426758128192e+00 -3.435778464331514126e+00 -2.381615659747204905e+00 1.025660633453774340e+00 3.063160938865515881e+00 3.065626007724266522e+00 4.607510463895280850e+00 2.990497202540749466e+00 2.227954210164066140e+00 5.698232804257354900e+00 5.698232804257354900e+00 5.698232804257354900e+00 5.698232804257354900e+00
-9.895083334967731403e+00 -9.052856446366609688e+00 -8.309672587539397526e+00 -7.850950912335859400e+00 -5.498210693192495668e+00 -2.346882324912242357e+00 -2.710428945461251349e+00 5.082655814589597670e-02 2.423999457979027383e+00 3.122316932608908857e+00 4.510843568703363005e+00 3.730083254089276323e+00 1.960510876635609634e+00 2.496025155341423662e+00 5.474595683485123487e+00 5.474595683485123487e+00 5.474595683485123487e+00 5.474595683485123487e+00
-9.420498899171748874e+00 -8.625737051135635269e+00 -7.930445888030702051e+00 -6.346009368421319685e+00 -4.412907839726235792e+00 -3.105924753170936636e+00 -2.793909019518327597e+00 8.777518842604082883e-01 3.166372013913807848e+00 4.074406675849175485e+00 4.687033105283898493e+00 2.009533342027381764e+00 5.113942175287981007e-01 2.438307555000299942e+00 5.316920331188680571e+00 5.316920331188680571e+00 5.316920331188680571e+00 5.316920331188680571e+00
-1.005335388846099498e+01 -7.893911901021876787e+00 -6.773062004124776436e+00 -5.325998977110782739e+00 -3.179920186275569272e+00 -1.643831458841540805e+00 -2.062591327113139084e+00 2.220298651045059746e+00 3.320228112814975763e+00 5.010314547696270715e+00 3.261120175057524051e+00 -1.784341655179298103e+00 4.001224730046334943e-01 2.557829818785567255e+00 5.169497143199328626e+00 5.169497143199328626e+00 5.169497143199328626e+00 5.169497143199328626e+00
-9.448739033196666526e+00 -7.629908535794286628e+00 -5.849756600305697773e+00 -4.533923871679450102e+00 -2.064590259895225710e+00 -2.783880730281189653e+00 1.768637335941771194e-01 3.035571652910912022e+00 3.538133446420835604e+00 5.495957642219558181e+00 4.454213129362305956e+00 -9.201834619432985862e-01 9.954966746489961604e-01 2.457115675047819803e+00 5.198868036703346185e+00 5.198868036703346185e+00 5.198868036703346185e+00 5.198868036703346185e+00
-9.041588203857616080e+00 -6.894713679601298217e+00 -5.164673232575854200e+00 -3.746515214393534521e+00 -1.598035183961719063e+00 -1.970745037530883703e+00 1.930667011205727590e+00 2.967791895597453156e+00 4.132032007041212651e+00 6.336650364656407852e+00 6.015668801122459719e+00 1.941969659108970125e+00 9.298109089422513795e-01 2.790339668494056902e+00 5.145260467976383367e+00 5.145260467976383367e+00 5.145260467976383367e+00 5.145260467976383367e+00
-8.686001424973207818e+00 -6.477647773949067656e+00 -4.607234802961730935e+00 -2.644897482257257959e+00 -1.636795513365932875e+00 -1.195115141957266980e+00 3.104546670259917818e+00 3.391370885940945712e+00 4.205260930444715939e+00 5.091155509871407858e+00 4.575741161875062524e+00 4.701055947701007653e+00 3.653909168410367503e+00 3.235102542993530061e+00 5.355533072292884889e+00 5.355533072292884889e+00 5.355533072292884889e+00 5.355533072292884889e+00
-7.963310973720982844e+00 -6.157872723008333438e+00 -4.284536133058479912e+00 -1.780948258032436726e+00 -2.298611969049941806e+00 7.335290017713570476e-01 3.464327692717898977e+00 3.872868227629894466e+00 4.122152571642417662e+00 3.219072933562816541e+00 3.363471519326764358e+00 3.166304429017476441e+00 3.954677813406441533e+00 5.160510848426524966e+00 5.372765196050217185e+00 5.372765196050217185e+00 5.372765196050217185e+00 5.372765196050217185e+00
-7.382406158793134665e+00 -6.027784978625624568e+00 -4.156421791471110794e+00 -1.727105433283882441e+00 -1.886577198727931393e+00 1.892842486100151822e+00 3.125084548444868382e+00 3.812047610862120184e+00 3.777057149599082564e+00 1.784993118278390023e+00 1.533470807129561964e+00 1.571864393671053017e+00 2.822622960965031069e+00 4.295929731717577305e+00 5.139513122592950012e+00 5.139513122592950012e+00 5.139513122592950012e+00 5.139513122592950012e+00
-7.913435519002428364e+00 -6.101772567588978902e+00 -3.831100382757711476e+00 -2.761247028875803533e+00 -1.534573611572143115e+00 2.308877072586366097e+00 3.041200381060532365e+00 4.055619749358037929e+00 3.083740121842027282e+00 1.546721883310964163e+00 7.797024804709261625e-01 1.010920304054765850e+00 1.998012106340271155e+00 3.649830566939977761e+00 5.357462727579336281e+00 5.357462727579336281e+00 5.357462727579336281e+00 5.357462727579336281e+00
-8.205536322319442633e+00 -6.247023183533549684e+00 -4.027887622112402255e+00 -1.579485790355672714e+00 -1.671806191349907600e+00 2.001572917770376048e+00 3.121253119300010148e+00 4.004631657413616708e+00 3.011017663698758451e+00 1.413403499169261224e+00 6.009501855173435825e-01 3.786324569896609704e-01 1.285297351738025728e+00 3.346090151222165243e+00 5.223889823848952396e+00 5.223889823848952396e+00 5.223889823848952396e+00 5.223889823848952396e+00
-8.074079742747775512e+00 -6.266325624063630251e+00 -3.970468117751132731e+00 -1.861071158204417042e+00 -1.398416963273551250e+00 2.158198139105525826e+00 3.172430052857766913e+00 4.060113674789387339e+00 2.802969330058858510e+00 1.202184164582869474e+00 -2.549859418924364185e+00 -1.544730497067041464e+00 1.208347768634927766e+00 3.203066656094396780e+00 5.170282255121991355e+00 5.170282255121991355e+00 5.170282255121991355e+00 5.170282255121991355e+00
-8.079230928931293576e+00 -6.852477339427182734e+00 -4.654441682291076354e+00 -2.715964404211075323e+00 -1.623764783850417892e+00 8.774609924837564190e-01 3.149394423567792867e+00 3.941635107791419124e+00 2.343742099781275012e+00 8.187987902784655825e-01 -2.557435648190462096e+00 -1.523810218807045480e+00 1.244849546588806977e+00 3.518291538666707741e+00 5.418247009003945180e+00 5.418247009003945180e+00 5.418247009003945180e+00 5.418247009003945180e+00
-8.030569691550304867e+00 -7.167475328098134923e+00 -4.936927609467260503e+00 -2.870377417643173334e+00 -1.335345024285313764e+00 -1.148459984297270031e+00 3.173433537272663862e+00 3.720365570185134807e+00 2.055272797632930804e+00 -1.635153870545109633e+00 -2.644399141254447638e+00 -1.164909876983824866e+00 1.242965096565538774e+00 3.760653269660521936e+00 5.270934708615301112e+00 5.270934708615301112e+00 5.270934708615301112e+00 5.270934708615301112e+00
-7.944451181258253669e+00 -7.114231580680853817e+00 -5.587543995029450983e+00 -4.015694207277327621e+00 -3.031718461809508991e+00 -1.740600391663186475e+00 7.730548191529404978e-01 2.967396978329468471e+00 1.914455876737077844e+00 -3.709602531844585993e+00 -2.343498813315163076e+00 -4.849569926428365929e-01 1.451649076195052457e+00 3.729907284596969408e+00 5.453314462307748300e+00 5.453314462307748300e+00 5.453314462307748300e+00 5.453314462307748300e+00
-8.300530153659810395e+00 -7.730627508813913806e+00 -6.483160090804096498e+00 -4.912314669494216801e+00 -3.004466574897938003e+00 -1.947231483880084379e+00 -8.730057624978124764e-01 2.203774892022782428e+00 1.549768415366778562e+00 -3.236699193695907528e+00 -1.462174130419042206e-01 1.013077822613055456e+00 1.839384385048836501e+00 4.114857192552284992e+00 5.361131105877603886e+00 5.361131105877603886e+00 5.361131105877603886e+00 5.361131105877603886e+00
-8.705085273195866336e+00 -7.761834246439113016e+00 -6.812713499563259667e+00 -5.467278741009399923e+00 -4.167964572856305061e+00 -2.618520442106430313e+00 -2.209510991643439670e+00 1.150696125716780815e-01 1.847686694081105196e+00 -2.839063616645955967e-01 4.552735828794421402e-01 2.979314763224051310e-01 2.214787376671672803e+00 4.642148852689885530e+00 5.248911610994556831e+00 5.248911610994556831e+00 5.248911610994556831e+00 5.248911610994556831e+00
-9.081447322193383798e+00 -8.196426974876400706e+00 -7.363072933966141598e+00 -6.316629508310105834e+00 -5.089377628946569310e+00 -3.921709557559138748e+00 -1.712676070810579265e+00 -1.566306812305186869e+00 9.802625329075014271e-01 1.484625184178453905e+00 4.232838319354015888e-01 4.243279410092575255e-01 1.849993581901115292e+00 4.762122646836697726e+00 5.195304042267588684e+00 5.195304042267588684e+00 5.195304042267588684e+00 5.195304042267588684e+00
-9.338475649533679146e+00 -8.499240056282227229e+00 -7.962664398888679607e+00 -7.261762107245191444e+00 -6.213592652893606072e+00 -4.995854571379558351e+00 -2.652206417227930491e+00 -2.211618661960176979e+00 -1.623138092564089807e-01 9.554707490715802498e-01 9.927797085967772217e-01 5.134609428342443715e-01 1.159946859957787790e+00 4.103968550123518355e+00 5.104254193016549479e+00 5.104254193016549479e+00 5.104254193016549479e+00 5.104254193016549479e+00
-9.894431089219274611e+00 -8.946166625632399061e+00 -8.522702809643082134e+00 -8.068602515106077178e+00 -7.324904955863972056e+00 -6.404789316205300231e+00 -4.531738631324030209e+00 -2.269249631989349147e+00 -1.956636035518158678e+00 6.145127535959896692e-01 1.170182550671734933e+00 9.860542126754067160e-01 1.022131343710893231e-01 3.914109053145732542e+00 5.335436404181431058e+00 5.335436404181431058e+00 5.335436404181431058e+00 5.335436404181431058e+00
-1.030328652647587973e+01 -9.805846285995446721e+00 -9.297240144514791638e+00 -8.810503313739410203e+00 -8.257690748051233598e+00 -7.194328857935709642e+00 -5.488383447454875608e+00 -3.015995737191930370e+00 -2.692892386133586502e+00 -1.786149341975695748e-01 9.497562603799596381e-01 1.135635505333284501e+00 3.729086348399599515e-01 4.436824649137300014e+00 5.439760461750161369e+00 5.439760461750161369e+00 5.439760461750161369e+00 5.439760461750161369e+00
-1.035554909641377463e+01 -1.001379423645856015e+01 -9.559334934780448378e+00 -9.137655595285135490e+00 -8.559235992830819484e+00 -7.633725255734725046e+00 -6.325880488841963079e+00 -3.828107622850900782e+00 -2.746444770638994282e+00 -2.278836293450436035e+00 6.175687006636754184e-01 1.060974905094429044e+00 7.742253858273706602e-01 3.774023801907011588e+00 5.327540966867121419e+00 5.327540966867121419e+00 5.327540966867121419e+00 5.327540966867121419e+00
-1.038734361079173318e+01 -1.009989288673033947e+01 -9.715860245516779514e+00 -9.292304301312332981e+00 -8.788145967874589459e+00 -7.881430559418967974e+00 -6.623726701947583173e+00 -5.273353859550118372e+00 -3.065930163390174101e+00 -2.703536610665475681e+00 -3.738215298201983533e-03 1.246619343094543142e+00 5.746973991520815117e-01 2.837524743270589678e+00 5.273933398140161266e+00 5.273933398140161266e+00 5.273933398140161266e+00 5.273933398140161266e+00
-1.042969067259294569e+01 -1.014283125496958959e+01 -9.719754767082550373e+00 -9.418686525073081128e+00 -8.915080313666887690e+00 -8.065343277692987201e+00 -6.856476340157339422e+00 -5.574947240804050352e+00 -3.861379161586824704e+00 -2.261561313759004488e+00 -1.237593683307705916e+00 7.410970011849080663e-01 5.778817987141362522e-01 2.638710592627561802e+00 5.220325829413197560e+00 5.220325829413197560e+00 5.220325829413197560e+00 5.220325829413197560e+00
-1.043893698666732739e+01 -1.013093900235682909e+01 -9.881629257929040122e+00 -9.483158414768963596e+00 -9.038561332668313852e+00 -8.263847831273537281e+00 -7.039247388748344214e+00 -5.716035196695878007e+00 -4.799625031982232670e+00 -2.059513334494942782e+00 -2.141165769497020310e+00 2.278737392833837527e-01 7.979105680835157921e-01 2.754890891189258006e+00 5.180301374979054074e+00 5.180301374979054074e+00 5.180301374979054074e+00 5.180301374979054074e+00
-1.048034846180943802e+01 -1.019085141864678157e+01 -9.818805029273697471e+00 -9.489747207974261300e+00 -9.134226143695830302e+00 -8.397515324216978883e+00 -7.164305329841742953e+00 -5.767758551710839399e+00 -5.062374268115481968e+00 -2.813169815386907135e+00 -2.772898418761801320e+00 2.330526990406568688e-02 6.260089677054028190e-01 2.393393826862961316e+00 5.518389817622725069e+00 5.518389817622725069e+00 5.518389817622725069e+00 5.518389817622725069e+00
-1.050280681183975773e+01 -1.020430114532405597e+01 -9.926462255562348957e+00 -9.567182982015109971e+00 -9.159512535329179528e+00 -8.559831999189388085e+00 -7.327930606987187900e+00 -5.822247970259303962e+00 -4.961362691050595686e+00 -3.326177344748624254e+00 -2.089731214370929901e+00 -3.312413046847971776e-01 -5.672657613535526944e-02 2.343306944184873508e+00 5.464782248895766692e+00 5.464782248895766692e+00 5.464782248895766692e+00 5.464782248895766692e+00
-1.052816988267560205e+01 -1.027373022877974051e+01 -9.910073100691157322e+00 -9.596962095943643689e+00 -9.252741177746443668e+00 -8.578199553660242671e+00 -7.378810094778404327e+00 -5.919065993721881469e+00 -5.094334934592512631e+00 -2.937170444413227166e+00 -3.116888539941357283e+00 -1.255123294742085616e+00 3.109926512657570363e-01 2.237903701488240582e+00 5.352562754012719637e+00 5.352562754012719637e+00 5.352562754012719637e+00 5.352562754012719637e+00
-1.057940946561725326e+01 -1.026543060003735341e+01 -9.941657015763958327e+00 -9.649899198839793968e+00 -9.260301597024907849e+00 -8.674770822881722410e+00 -7.610912267955495025e+00 -5.931822369012311746e+00 -5.168347656432632498e+00 -3.618710297132572418e+00 -3.272078180124426527e+00 -1.828615297747292923e+00 -4.600249733835874710e-03 2.295728434295293940e+00 5.299447117797053686e+00 5.299447117797053686e+00 5.299447117797053686e+00 5.299447117797053686e+00
-1.059468301341540908e+01 -1.028841431367030346e+01 -9.991364036967739892e+00 -9.646545382687033765e+00 -9.300068006169448509e+00 -8.863330689983303756e+00 -7.565639520861929590e+00 -5.895804376442179695e+00 -5.190848939558190267e+00 -3.742317203443296769e+00 -3.662137663515772079e+00 -2.151859574774982686e+00 -2.810642717468755380e-01 2.494768448933763150e+00 5.004372340313249623e+00 5.004372340313249623e+00 5.004372340313249623e+00 5.004372340313249623e+00
