-1.049716612541592653e+01 -1.031530103190605452e+01 -9.954335740049943482e+00 -9.619631031268069066e+00 -9.319425143130800393e+00 -8.920742259467218105e+00 -8.342943158286983518e+00 -7.052127266394911054e+00 -3.503015324695555766e+00 -3.602010779394487550e+00 -2.327249430746011871e+00 -6.017918354856544028e-01 4.588783845913573800e-01 2.085251127448540132e+00 5.234273392089902721e+00 5.234273392089902721e+00 5.234273392089902721e+00 5.234273392089902721e+00
-1.043615650102297643e+01 -1.023411651375984732e+01 -1.000870935613723134e+01 -9.770284421869654068e+00 -9.413237871302618132e+00 -8.876945609004588178e+00 -8.126692954673261582e+00 -6.709084757780856556e+00 -3.320378695029349458e+00 -4.226649827705066365e+00 -1.842692054773900745e+00 1.881449456987614732e-01 9.741268778391128924e-01 1.969557788408969001e+00 5.078833635692378223e+00 5.078833635692378223e+00 5.078833635692378223e+00 5.078833635692378223e+00
-1.027725024892432870e+01 -9.884328891499725600e+00 -9.844375012031020944e+00 -9.854502838138472498e+00 -9.605798035110787225e+00 -9.009295141694657616e+00 -8.081221451938098710e+00 -6.425922202586439091e+00 -2.918975851265505739e+00 -4.188526446231968237e+00 -6.400574980601655417e-01 1.476780865271150045e-01 1.820962413942086355e+00 2.002849597968699769e+00 5.352667218844837649e+00 5.352667218844837649e+00 5.352667218844837649e+00 5.352667218844837649e+00
-1.043651169776908993e+01 -1.023344290508992493e+01 -9.727113914136674921e+00 -9.365128529676486124e+00 -9.259236538270632977e+00 -9.259365687428980252e+00 -8.103535060546956714e+00 -5.863328670835644907e+00 -2.334284708784846174e+00 -3.850722225207037663e+00 -2.359001682849399539e-01 6.271089987691581547e-01 1.456626478106563871e+00 2.128060729839263310e+00 4.876356671398928810e+00 4.876356671398928810e+00 4.876356671398928810e+00 4.876356671398928810e+00
-1.054762502767612808e+01 -1.022467882363490332e+01 -9.984083045509189347e+00 -9.556035276804772494e+00 -9.005816252980375580e+00 -8.626638594131165405e+00 -7.973759502672326249e+00 -4.878985976963334359e+00 -2.461936382343741236e+00 -3.013017698823415635e+00 -2.121519010111130310e-01 7.760074383223944938e-01 1.492788195133152085e+00 2.294688431337296386e+00 4.834054035387098658e+00 4.834054035387098658e+00 4.834054035387098658e+00 4.834054035387098658e+00
-1.032830940910042195e+01 -1.011700205489372273e+01 -1.014429379501543416e+01 -9.831491554202800742e+00 -9.275735551935978762e+00 -8.466271089509387338e+00 -7.708676605205357468e+00 -3.675801039256270997e+00 -4.177674790948241679e+00 -1.362350100263616914e+00 1.692792162684544632e-01 1.046518802561465566e+00 1.643407202448270210e+00 2.105087817368983316e+00 4.448849917152855937e+00 4.448849917152855937e+00 4.448849917152855937e+00 4.448849917152855937e+00
-1.054823759867756117e+01 -1.026114476564356970e+01 -1.005228928201826122e+01 -9.794143202664553627e+00 -9.277111431267833552e+00 -8.473044160911481271e+00 -6.697604062043625461e+00 -2.669025985774279519e+00 -4.176453481545236990e+00 -2.796503042235948810e-01 9.570892405890304433e-01 1.866021623397627227e+00 1.703619976807864589e+00 3.059354143109911828e+00 4.419430733852633963e+00 4.419430733852633963e+00 4.419430733852633963e+00 4.419430733852633963e+00
-1.037457516348233888e+01 -1.014589115187063761e+01 -1.010378074283812033e+01 -9.688690747384535840e+00 -9.172453171778681025e+00 -8.241066778843865848e+00 -4.963973397973654222e+00 -3.372476395667579396e+00 -3.246038060125991720e+00 -9.231464975012974861e-02 1.366912542753895732e+00 2.015338206595603587e+00 1.863519503113796105e+00 4.289757392874355979e+00 5.291903635139258100e+00 5.291903635139258100e+00 5.291903635139258100e+00 5.291903635139258100e+00
-1.035455046800224110e+01 -1.008050510255071863e+01 -9.486883901483853521e+00 -9.200012537348071007e+00 -8.414442007468158735e+00 -7.002369333690851683e+00 -3.594322510754830891e+00 -4.342353311351292433e+00 -2.459909062103953659e+00 2.616997764678650196e-01 2.067628570208505767e+00 2.707456219449269508e+00 3.252523888383846984e+00 4.736440543453232621e+00 5.262102500093567947e+00 5.262102500093567947e+00 5.262102500093567947e+00 5.262102500093567947e+00
-1.052978463943910192e+01 -1.014443551631114993e+01 -9.332974772709910383e+00 -8.437980028259849163e+00 -7.499293890328337930e+00 -5.529916092468433853e+00 -2.313342354999333050e+00 -4.273886799329219777e+00 -3.454160065926870637e-01 1.793567933242591783e+00 2.816268425879182136e+00 3.397610576349922695e+00 4.940144979607168807e+00 5.006069727548627668e+00 5.429881256660054945e+00 5.429881256660054945e+00 5.429881256660054945e+00 5.429881256660054945e+00
-1.018314761975807414e+01 -9.578732542277869300e+00 -9.048460253400410380e+00 -8.389172743065378413e+00 -6.864325014061941843e+00 -3.982667803808610962e+00 -3.724414583318958361e+00 -2.789333059738133613e+00 2.291338176622149947e-01 2.763744929714829990e+00 2.982472913055425501e+00 4.592331737947330517e+00 3.046370602550299456e+00 2.360375993590784205e+00 5.712723267867105825e+00 5.712723267867105825e+00 5.712723267867105825e+00 5.712723267867105825e+00
-9.905501932363250717e+00 -9.092678378589761579e+00 -8.342402271120493040e+00 -8.056338273543625306e+00 -5.529059350101213965e+00 -2.997782723557783413e+00 -3.368348819355880597e+00 -1.312106511100352257e+00 1.494712352945625211e+00 3.194822583097956414e+00 4.353422281617034706e+00 3.758117695523117696e+00 2.112464884200321080e+00 2.377500324949682664e+00 5.399671620491365509e+00 5.399671620491365509e+00 5.399671620491365509e+00 5.399671620491365509e+00
-9.475253512262600708e+00 -8.651496413574781386e+00 -7.906155953928417190e+00 -6.497141004896444194e+00 -4.237886597934525490e+00 -3.291835461188909129e+00 -3.155671131841663257e+00 4.770031266268804915e-01 3.311112164933778246e+00 4.006467175358999988e+00 4.643683253195151295e+00 2.254101339320004005e+00 4.630235228379417367e-01 2.365925874845912880e+00 5.211542488650207083e+00 5.211542488650207083e+00 5.211542488650207083e+00 5.211542488650207083e+00
-1.002584727843318291e+01 -8.043409822512623819e+00 -6.897672948257723036e+00 -5.363081349826160249e+00 -2.969954169349084516e+00 -2.580657816985190589e+00 -2.743440639012000304e+00 8.307958551946585946e-01 3.296199217190516340e+00 5.000622736608216989e+00 3.362894890553011162e+00 -2.015781608003295311e+00 3.344594304698032539e-01 2.543700052291359093e+00 5.156829749191018664e+00 5.156829749191018664e+00 5.156829749191018664e+00 5.156829749191018664e+00
-9.504887893342404581e+00 -7.680965634617503923e+00 -6.018168173072749205e+00 -4.719127167686482771e+00 -2.264823748361795008e+00 -3.146352181464799003e+00 -8.347823687983627616e-01 2.646449939650354466e+00 3.481182582501234801e+00 5.453832136081050663e+00 4.390517716349153332e+00 -1.014679266729720641e+00 9.542399095292258826e-01 2.466071970812025338e+00 5.225508147826470662e+00 5.225508147826470662e+00 5.225508147826470662e+00 5.225508147826470662e+00
-9.083647417423234671e+00 -7.044956470640547863e+00 -5.314941971731485637e+00 -3.909657061604953299e+00 -1.850323733917906832e+00 -2.455465659196212069e+00 6.243304758933284626e-01 2.945754292219675996e+00 4.038518201173053157e+00 6.159723154621514318e+00 5.950484163915913172e+00 2.052456743660673322e+00 6.366229011806529003e-01 2.778768362424554716e+00 5.313088127586909515e+00 5.313088127586909515e+00 5.313088127586909515e+00 5.313088127586909515e+00
-8.813796568785507546e+00 -6.549008346605721620e+00 -4.777437894203201196e+00 -3.281056043047712922e+00 -1.919004532428677079e+00 -1.818347809942781446e+00 2.212037525215439615e+00 3.300862083441541195e+00 4.196873215075324737e+00 5.105618647794932130e+00 4.531556979720001266e+00 4.638863953359610548e+00 3.583461525399630698e+00 3.216727091504207880e+00 5.590337158479430357e+00 5.590337158479430357e+00 5.590337158479430357e+00 5.590337158479430357e+00
-8.124374503871298003e+00 -6.396489182247159455e+00 -4.420084185562550338e+00 -2.499150280785772171e+00 -2.647721916379273122e+00 -8.485195196399966111e-01 3.481720866912908718e+00 3.863021688064991022e+00 3.977011709672810813e+00 3.272082075914920729e+00 3.273571363901724318e+00 3.161340146313119437e+00 3.883477143180336100e+00 5.126645565767591783e+00 5.307676330255747921e+00 5.307676330255747921e+00 5.307676330255747921e+00 5.307676330255747921e+00
-7.587231772558403087e+00 -6.239790502756292767e+00 -4.233652281501075976e+00 -1.994890026407086348e+00 -2.788197990506924739e+00 6.790603553792122771e-01 2.953868210735567601e+00 3.771485480592491779e+00 3.751970051663105377e+00 1.860771099917270632e+00 1.568554939446075158e+00 1.593499228751857899e+00 2.762113136088374166e+00 4.303875296581620269e+00 5.051556998288463163e+00 5.051556998288463163e+00 5.051556998288463163e+00 5.051556998288463163e+00
-8.000929555724093589e+00 -6.163841635794330642e+00 -3.864851869477271773e+00 -1.797691329209348376e+00 -2.155988888878809462e+00 8.869942787792354233e-01 3.139203706513096215e+00 3.958453836268345238e+00 3.017175535751987159e+00 1.536214520083542645e+00 9.146377851262139647e-01 1.028604415361736857e+00 1.937365799593281812e+00 3.562682303176856191e+00 5.293722052299490777e+00 5.293722052299490777e+00 5.293722052299490777e+00 5.293722052299490777e+00
-8.193539247615673204e+00 -6.401912818433145524e+00 -4.018993159737973109e+00 -2.767930007238671219e+00 -2.068900368808654910e+00 1.517391302507973272e-01 3.074976106794846675e+00 3.990684101215475899e+00 2.950343130077163867e+00 1.409126345276370040e+00 6.052576262925591921e-01 3.079105131422268937e-01 1.214830916743763645e+00 3.230553995904080544e+00 5.274621039946191026e+00 5.274621039946191026e+00 5.274621039946191026e+00 5.274621039946191026e+00
-8.188581997435617765e+00 -6.765128709024628151e+00 -4.033001923349331719e+00 -2.510807991360181735e+00 -1.752391840529850198e+00 -2.267498872969604395e-01 3.265714076840985136e+00 4.025062900121537446e+00 2.709649433826280429e+00 1.127222314609207743e+00 -2.423573588370528942e+00 -1.647655212323139162e+00 1.129646927477616414e+00 3.078860675491267962e+00 5.219608763414925079e+00 5.219608763414925079e+00 5.219608763414925079e+00 5.219608763414925079e+00
-8.203697343889217564e+00 -6.978867098627540067e+00 -4.933950571669090124e+00 -2.372892472653415741e+00 -1.884240984365257887e+00 -1.010101071639267323e+00 3.377389889091413799e+00 3.920963174845365717e+00 2.256053302684055684e+00 8.760581830100051537e-01 -2.492096942257050696e+00 -1.565648170963563013e+00 1.146841915349053442e+00 3.387741272075173171e+00 5.393548997788087718e+00 5.393548997788087718e+00 5.393548997788087718e+00 5.393548997788087718e+00
-8.182100014733078908e+00 -7.314075757829323621e+00 -5.446192808944936736e+00 -3.203743615606438500e+00 -2.100103264427191974e+00 -1.316848757781046153e+00 2.183501298023534432e+00 3.649094183177028938e+00 1.998508428812234783e+00 -1.404845129219896682e+00 -2.614340854824337868e+00 -1.344022530765333734e+00 1.181707742597848387e+00 3.603135413156611122e+00 4.951183507467358247e+00 4.951183507467358247e+00 4.951183507467358247e+00 4.951183507467358247e+00
-8.073307358981137938e+00 -7.192748976095842295e+00 -5.684755437351367569e+00 -4.357681559921107173e+00 -1.810256180567799245e+00 -1.869800482234172945e+00 6.347279960569706114e-01 2.756750941929309029e+00 2.270388366678457892e+00 -3.698041524576429762e+00 -2.317622335271488421e+00 -4.914476560287373563e-01 1.470852221664167070e+00 3.704713730401821614e+00 5.403942992544212842e+00 5.403942992544212842e+00 5.403942992544212842e+00 5.403942992544212842e+00
-8.359850682643365616e+00 -7.883907263265392373e+00 -6.587221632777366942e+00 -4.994988333851867246e+00 -3.271347929412645961e+00 -2.152267449195962357e+00 -1.792436910286353102e+00 1.458082171154451157e+00 2.084733315640233009e+00 -3.133624610746158279e+00 -1.042808034292803665e-01 1.051980906970500840e+00 1.868443158021039885e+00 4.199757348879686880e+00 5.432112071491432381e+00 5.432112071491432381e+00 5.432112071491432381e+00 5.432112071491432381e+00
-8.773704497378755462e+00 -7.895072187626534621e+00 -6.950325467913932798e+00 -5.638859454204681931e+00 -4.215584383452106287e+00 -2.204694223289639599e+00 -2.614437711710249967e+00 1.553442462588398854e-02 1.488381849345873587e+00 -1.854617925743881346e-01 5.746094143982891783e-03 7.634983178452060537e-01 2.174418118324516591e+00 4.673763383992738163e+00 5.322849505893462840e+00 5.322849505893462840e+00 5.322849505893462840e+00 5.322849505893462840e+00
-9.109904275596623080e+00 -8.240752538653897119e+00 -7.425758690570180676e+00 -6.534808591915132858e+00 -5.163007021250269446e+00 -3.766794529997554708e+00 -2.366657119960965616e+00 -2.030590835932881699e+00 9.869477527604584299e-01 1.204757120587131691e+00 8.189615529788270010e-01 -2.623434029437705095e-01 1.772113899663264380e+00 4.739232040864345130e+00 5.267837229362205775e+00 5.267837229362205775e+00 5.267837229362205775e+00 5.267837229362205775e+00
-9.417369995285497453e+00 -8.516469836849285713e+00 -8.016562877494809669e+00 -7.264546917065991316e+00 -6.311294648679311337e+00 -5.096368464128347320e+00 -2.324368029623245402e+00 -2.400984750594938433e+00 -1.539319715024469737e-01 9.530134691539334790e-01 9.044927173068915138e-01 4.983358496148490024e-01 1.038155139480780198e+00 4.051284831945434206e+00 5.308362872687089506e+00 5.308362872687089506e+00 5.308362872687089506e+00 5.308362872687089506e+00
-9.925232958161135599e+00 -8.968305479548073222e+00 -8.537728469447909418e+00 -8.037898078609549302e+00 -7.339410578230596727e+00 -6.385499911548918384e+00 -4.035416164117659577e+00 -2.789140261728390247e+00 -2.142800136627025953e+00 9.359974486881447175e-01 7.643603659567809183e-01 9.426197103769754504e-01 2.244462481873573390e-01 3.952833362399224448e+00 5.461959687304013045e+00 5.461959687304013045e+00 5.461959687304013045e+00 5.461959687304013045e+00
-1.027048217775982941e+01 -9.812701345460769886e+00 -9.310903937287152488e+00 -8.820715006284505222e+00 -8.221919195825492466e+00 -7.158984524011655637e+00 -5.324164884872604198e+00 -3.137838552419015326e+00 -2.670016174271271137e+00 4.453874061061384171e-01 8.606071215913054795e-01 9.467355638309615795e-01 7.475304919569045192e-02 4.402328717207426578e+00 5.527160790375780230e+00 5.527160790375780230e+00 5.527160790375780230e+00 5.527160790375780230e+00
-1.037396094965652971e+01 -1.002097370836868429e+01 -9.541070988526957564e+00 -9.141928094012143902e+00 -8.542673508499438739e+00 -7.588510013633974260e+00 -6.364318868380551386e+00 -3.465972156496050172e+00 -2.773679244594454474e+00 -1.687659063042185492e+00 7.885559648262243648e-01 9.136385921825042056e-01 8.038545929091741593e-01 2.596861456413307234e+00 5.426090248371999714e+00 5.426090248371999714e+00 5.426090248371999714e+00 5.426090248371999714e+00
-1.046204049557541538e+01 -1.009158194026978883e+01 -9.743981456021582943e+00 -9.266142230717605344e+00 -8.790710162791908644e+00 -7.856860208081469565e+00 -6.648482461289704659e+00 -4.980561035946507786e+00 -2.153133184089156327e+00 -2.911973569981738397e+00 8.316050485234620648e-01 7.745793672693150889e-01 5.619281376431625175e-01 2.778246056467638336e+00 5.371077971840723109e+00 5.371077971840723109e+00 5.371077971840723109e+00 5.371077971840723109e+00
-1.046526186326480712e+01 -1.013464614880155956e+01 -9.798981500989816240e+00 -9.411799734128029726e+00 -8.849894748915440701e+00 -8.059883073042700019e+00 -6.938204269708087679e+00 -5.581235972410320656e+00 -3.235213263480230417e+00 -3.203183946612984556e+00 -1.509137178271553192e-01 7.138051758608473518e-01 7.968678966242622730e-01 2.672365569093939630e+00 5.316065695309482031e+00 5.316065695309482031e+00 5.316065695309482031e+00 5.316065695309482031e+00
-1.048985760380232968e+01 -1.017701492850783040e+01 -9.855204344985430964e+00 -9.466269725887141107e+00 -8.982195111161050960e+00 -8.299533034291222577e+00 -7.107708816827062570e+00 -5.760528436738897362e+00 -4.248781426767914482e+00 -3.260435118105835084e+00 -1.545661661277577759e+00 6.132679441130864939e-01 2.066093640718274713e-02 2.760257170184365894e+00 5.217919713021689887e+00 5.217919713021689887e+00 5.217919713021689887e+00 5.217919713021689887e+00
-1.052999375093110324e+01 -1.023424202819405338e+01 -9.851865114889738706e+00 -9.497346552773546335e+00 -9.067348651572498142e+00 -8.356029440176964584e+00 -7.210526045792133409e+00 -5.940766332371848257e+00 -4.622692716640525390e+00 -2.989000898862222311e+00 -2.576459758930172761e+00 3.202784686993514485e-01 5.341804855726440815e-01 2.448808102997992009e+00 5.622209509260128968e+00 5.622209509260128968e+00 5.622209509260128968e+00 5.622209509260128968e+00
-1.054789941356009919e+01 -1.020070382450525059e+01 -9.935393912506793157e+00 -9.559612349809786025e+00 -9.140332177211496045e+00 -8.540458229944276169e+00 -7.339763703104039472e+00 -5.917613706345446367e+00 -4.774802821096592709e+00 -3.247653712748609145e+00 -2.872668696407876254e+00 4.841071526849042295e-01 1.684821726713468804e-01 2.561967589979352589e+00 5.593883871546101894e+00 5.593883871546101894e+00 5.593883871546101894e+00 5.593883871546101894e+00
-1.052897568529052741e+01 -1.027918780267578214e+01 -9.912668953568035235e+00 -9.620047554500493092e+00 -9.213023015738736277e+00 -8.594222590591417799e+00 -7.364649197046265527e+00 -6.012120114152525119e+00 -5.049117418058035156e+00 -2.368908469796923377e+00 -3.077177938923447265e+00 -9.869780659943862278e-02 6.883819247809359887e-02 2.505759417399747058e+00 5.474318714319278634e+00 5.474318714319278634e+00 5.474318714319278634e+00 5.474318714319278634e+00
-1.062451103511106076e+01 -1.031453146806677523e+01 -9.992334661205896751e+00 -9.635931752081923207e+00 -9.287418185558438566e+00 -8.651261247429340884e+00 -7.521746776725903416e+00 -5.993078484674522421e+00 -5.267930550175704774e+00 -3.501490398113463076e+00 -2.821253344459617285e+00 -5.971372531369932846e-01 -2.794520548773556934e-01 2.515571176286615085e+00 5.419306437788003805e+00 5.419306437788003805e+00 5.419306437788003805e+00 5.419306437788003805e+00
-1.065097600833297165e+01 -1.034914840089349042e+01 -9.993765220021160189e+00 -9.634329008429412866e+00 -9.372920955833015100e+00 -8.802478684261988207e+00 -7.563175232931258485e+00 -5.817197399495007915e+00 -5.421592906536115919e+00 -3.929108427182148588e+00 -2.094911097571370728e+00 -1.016392795515784320e+00 -5.570854334539355746e-01 2.314189213534123102e+00 4.974621484524921478e+00 4.974621484524921478e+00 4.974621484524921478e+00 4.974621484524921478e+00
