-1.040111492601629095e+01 -1.029430139509065967e+01 -9.950267694494460358e+00 -9.635222624070523878e+00 -9.300445628462044922e+00 -8.989762775718071808e+00 -8.360930909174186354e+00 -7.251225547376543901e+00 -4.761089153323603718e+00 -2.464678267896127650e+00 -2.282949582187309812e+00 7.965561149314123734e-02 5.467515887355043347e-01 1.836434977029397952e+00 5.291958426273528637e+00 5.291958426273528637e+00 5.291958426273528637e+00 5.291958426273528637e+00
-1.035246039341400781e+01 -1.019755556077447878e+01 -9.959026608476786890e+00 -9.787299929959933920e+00 -9.446531453313999904e+00 -8.890167503194174259e+00 -8.171610267003702077e+00 -6.714047205657799111e+00 -3.442553334181992941e+00 -2.791400637604666279e+00 -1.720898474429939595e+00 -4.219984289936533350e-02 1.339576664588116861e+00 1.956009861689953722e+00 5.336416360469622866e+00 5.336416360469622866e+00 5.336416360469622866e+00 5.336416360469622866e+00
-1.030370230946587995e+01 -9.914484684059315711e+00 -9.832095718063619927e+00 -9.900924195193901767e+00 -9.575260916006346434e+00 -9.035840388291841663e+00 -8.106558616242026005e+00 -6.663669204344042640e+00 -3.082621982156055207e+00 -3.480198261983026953e+00 -6.586801358100975445e-01 1.595563503753173185e-01 1.670803924290801490e+00 1.924485383107878755e+00 4.944146826625000379e+00 4.944146826625000379e+00 4.944146826625000379e+00 4.944146826625000379e+00
-1.044413812077467973e+01 -1.033363999130636302e+01 -9.690100162429070352e+00 -9.319788803946833511e+00 -9.176856595116994697e+00 -9.304302972397078264e+00 -8.157394152552441824e+00 -6.208209619548789249e+00 -3.222284314343934586e+00 -3.355907419176298312e+00 -7.836379417671969494e-02 4.456968794529014843e-01 1.343073275533968935e+00 2.133692881072163594e+00 4.825390583256353061e+00 4.825390583256353061e+00 4.825390583256353061e+00 4.825390583256353061e+00
-1.053061822646805012e+01 -1.031954303863018829e+01 -9.860945373041682060e+00 -9.580285727969231502e+00 -9.009655232272708147e+00 -8.666462914368253223e+00 -8.149508323840217727e+00 -4.908367322079659978e+00 -3.330258880988625769e+00 -3.197161808692466689e+00 1.388854021701487473e-01 6.806010082763048752e-01 1.686804304465301607e+00 2.312215557316513070e+00 4.738026896647784980e+00 4.738026896647784980e+00 4.738026896647784980e+00 4.738026896647784980e+00
-1.040602986139199970e+01 -1.003238773920687521e+01 -1.012214983647194622e+01 -9.816833846063667934e+00 -9.349486941410180663e+00 -8.529947956333380432e+00 -7.488913603770992466e+00 -3.850834554970516965e+00 -3.995398284024243463e+00 -1.823691703374350492e+00 4.342507318989995424e-01 1.080213494737277902e+00 1.753211524752761319e+00 2.137675693076901418e+00 4.458008923728901785e+00 4.458008923728901785e+00 4.458008923728901785e+00 4.458008923728901785e+00
-1.043307818085811789e+01 -1.024386581553924813e+01 -9.942331862499379724e+00 -9.776494163638686175e+00 -9.334887077253785748e+00 -8.516990203529935854e+00 -7.106801804374724085e+00 -2.520119284859409170e+00 -3.766261023269552144e+00 -3.697069511348729520e-01 5.632128618197846937e-01 1.763557329394860096e+00 1.608601927377167673e+00 3.263601538051634332e+00 4.222494245795365586e+00 4.222494245795365586e+00 4.222494245795365586e+00 4.222494245795365586e+00
-1.044996366112580510e+01 -1.009201358985200514e+01 -1.000590231696062204e+01 -9.726374865689678018e+00 -9.192182222199376085e+00 -8.320310095565119468e+00 -4.941441096302071401e+00 -2.800340596251609693e+00 -2.716875317823629565e+00 3.440192007587896672e-01 1.550422679951525939e+00 1.921573235328798424e+00 1.820839817232668523e+00 4.352800683680861482e+00 5.223136626356584600e+00 5.223136626356584600e+00 5.223136626356584600e+00 5.223136626356584600e+00
-1.037094450306758908e+01 -9.936441823647971461e+00 -9.500533143070677866e+00 -9.092224760470850597e+00 -8.355956908613388023e+00 -6.948593067811930979e+00 -3.656494440323056594e+00 -3.978200321907467085e+00 -1.806059952115476541e+00 1.069851252579992584e+00 2.144684632229921561e+00 2.640761233283265064e+00 3.345642712117570916e+00 4.825690632198002206e+00 5.187946072156904620e+00 5.187946072156904620e+00 5.187946072156904620e+00 5.187946072156904620e+00
-1.045777307278533108e+01 -1.007471331892053712e+01 -9.436355495836524554e+00 -8.443589900872591869e+00 -7.442594534886611157e+00 -5.614197079830162807e+00 -2.344273956720032359e+00 -3.768786251560729106e+00 -9.760581131040220459e-02 1.828921114198914566e+00 3.047406811956183681e+00 3.429750094539457450e+00 4.961351472406525076e+00 5.000217897427453373e+00 5.329296677943155203e+00 5.329296677943155203e+00 5.329296677943155203e+00 5.329296677943155203e+00
-1.029290718491702350e+01 -9.564408929971534690e+00 -9.021164826705279083e+00 -8.459842765057453917e+00 -7.018171962954258269e+00 -4.103671200348652626e+00 -3.460872123925802235e+00 -2.335588196460448351e+00 1.052478349858553042e+00 3.065349523215984195e+00 3.063569716503711682e+00 4.605469401458143430e+00 2.980850365677625735e+00 2.227778820305620577e+00 5.672508333021891502e+00 5.672508333021891502e+00 5.672508333021891502e+00 5.672508333021891502e+00
-9.895257502333727473e+00 -9.048654423913410128e+00 -8.303467143416446206e+00 -7.841633219651487963e+00 -5.483878656974265908e+00 -2.364693534926286311e+00 -2.721064138060273585e+00 4.816748687308586296e-02 2.448035796231623262e+00 3.120048487992171715e+00 4.504645838458911200e+00 3.732219760297927902e+00 1.958281659056808621e+00 2.498777180649136120e+00 5.455073506892750501e+00 5.455073506892750501e+00 5.455073506892750501e+00 5.455073506892750501e+00
-9.417853219254144648e+00 -8.617530024788850440e+00 -7.925190808910961948e+00 -6.337535058829886658e+00 -4.396186300937532820e+00 -3.078732249187688730e+00 -2.771280788830146946e+00 9.099082438607140055e-01 3.170640737180260516e+00 4.072571825297329084e+00 4.687845656548404349e+00 2.007720249953646618e+00 5.105372867776338808e-01 2.435551342761379523e+00 5.298492061274448162e+00 5.298492061274448162e+00 5.298492061274448162e+00 5.298492061274448162e+00
-1.004902607668552861e+01 -7.885315640377218216e+00 -6.767129631313451910e+00 -5.308340755370061004e+00 -3.171785705016192836e+00 -1.746918331245293388e+00 -1.965885204444894452e+00 2.264596276267730968e+00 3.317587645947799313e+00 5.009474784594064367e+00 3.262051047647686275e+00 -1.794329938538143931e+00 3.967977252896828788e-01 2.560018638194712093e+00 5.161293255356122600e+00 5.161293255356122600e+00 5.161293255356122600e+00 5.161293255356122600e+00
-9.443933901535789488e+00 -7.624553711042560522e+00 -5.839068017809585065e+00 -4.515648649323737551e+00 -2.064241617995324241e+00 -2.770469863557497359e+00 1.747254656068743806e-01 3.039563760953237548e+00 3.537493183639973005e+00 5.496659059102099398e+00 4.455202010533928281e+00 -9.187087041100976403e-01 9.939604483662689560e-01 2.463420796682673775e+00 5.206056860767232841e+00 5.206056860767232841e+00 5.206056860767232841e+00 5.206056860767232841e+00
-9.038846404861349271e+00 -6.889775883044185534e+00 -5.151467038110678409e+00 -3.716733292714579306e+00 -1.601356071769179046e+00 -1.942953699983195337e+00 1.989332362187058001e+00 2.968914652714862434e+00 4.135304452664922081e+00 6.330032037665749733e+00 6.017186243248212385e+00 1.939906086795625262e+00 9.095771452456908879e-01 2.787010288457390406e+00 5.155053872856381503e+00 5.155053872856381503e+00 5.155053872856381503e+00 5.155053872856381503e+00
-8.681167123850373812e+00 -6.474749778637929332e+00 -4.585796441327973483e+00 -2.628863811149928509e+00 -1.663156112815952881e+00 -1.132916664758803149e+00 3.110806064384873615e+00 3.383661792235419963e+00 4.207728824652095412e+00 5.091526086390413042e+00 4.577447378286658264e+00 4.704495949172416758e+00 3.687952510847620324e+00 3.231186427191898414e+00 5.352220255523624459e+00 5.352220255523624459e+00 5.352220255523624459e+00 5.352220255523624459e+00
-7.956608274044786100e+00 -6.149055645675001180e+00 -4.266588385856928234e+00 -1.776886521189041224e+00 -2.271967144400382832e+00 7.292609729791242890e-01 3.468378446838602081e+00 3.872076040502276051e+00 4.121322510846400000e+00 3.221928707334057229e+00 3.364854521647330454e+00 3.167627268490432968e+00 3.952387905559499703e+00 5.159759465710839876e+00 5.361968921393959420e+00 5.361968921393959420e+00 5.361968921393959420e+00 5.361968921393959420e+00
-7.392907781194453243e+00 -6.025446810408046083e+00 -4.127180274457817433e+00 -1.714332213444734077e+00 -1.831307148907627136e+00 1.954770890192428778e+00 3.124228435947710825e+00 3.816640685227105312e+00 3.776983193486059154e+00 1.782342809257057237e+00 1.531149115691666340e+00 1.569652620590602066e+00 2.821126582357113666e+00 4.294088007949373065e+00 5.134640438555615027e+00 5.134640438555615027e+00 5.134640438555615027e+00 5.134640438555615027e+00
-7.914478516582081014e+00 -6.099097074215467984e+00 -3.804960025666281886e+00 -2.707412119551751317e+00 -1.544078865454594940e+00 2.346929698787387331e+00 3.040554087064210709e+00 4.052612652457572295e+00 3.081992388421306295e+00 1.544392305783675923e+00 7.697641644520588633e-01 1.006725958002248067e+00 1.997440344984334981e+00 3.647398793472580891e+00 5.354639909746449433e+00 5.354639909746449433e+00 5.354639909746449433e+00 5.354639909746449433e+00
-8.201105354482908893e+00 -6.237629513316578667e+00 -3.990006883609804156e+00 -1.570850270088395284e+00 -1.632611353190902337e+00 2.062891799178951491e+00 3.120114163304064103e+00 4.006400430490846709e+00 3.006503476088587146e+00 1.412183198460803979e+00 5.946163411350599004e-01 3.813299402651392778e-01 1.283408350301465717e+00 3.345616281177181683e+00 5.231252594950148271e+00 5.231252594950148271e+00 5.231252594950148271e+00 5.231252594950148271e+00
-8.066203339236658110e+00 -6.260351346257681193e+00 -3.940930825106269353e+00 -1.846815954765835599e+00 -1.371227387561772648e+00 2.214442080353566045e+00 3.173520759294978788e+00 4.064844693719790847e+00 2.799814107164204202e+00 1.197969639445710444e+00 -2.551752928485741645e+00 -1.545363090814100282e+00 1.206232043085746497e+00 3.200212186273894588e+00 5.180249607039298709e+00 5.180249607039298709e+00 5.180249607039298709e+00 5.180249607039298709e+00
-8.077092029947447571e+00 -6.856846492335000320e+00 -4.642157738783958543e+00 -2.726863505971011570e+00 -1.633642277374757423e+00 8.818583521421532456e-01 3.149700988836085624e+00 3.942127015484249153e+00 2.342026997026296353e+00 8.140738103895388544e-01 -2.554452705250121358e+00 -1.528381172206159544e+00 1.240945668758764109e+00 3.514570037745150088e+00 5.410764791310745281e+00 5.410764791310745281e+00 5.410764791310745281e+00 5.410764791310745281e+00
-8.031311331008499366e+00 -7.165947937923547784e+00 -4.943482844102392804e+00 -2.865251642536703613e+00 -1.352897998513380440e+00 -1.110241947710833621e+00 3.173077642178892432e+00 3.723046199701040671e+00 2.054434676447759234e+00 -1.705040131336486464e+00 -2.646521048506353946e+00 -1.174961432661780325e+00 1.243803145573832092e+00 3.755227130744676067e+00 5.268864335895157680e+00 5.268864335895157680e+00 5.268864335895157680e+00 5.268864335895157680e+00
-7.942374047412986471e+00 -7.113131556553287105e+00 -5.574452824024837660e+00 -3.998576820636253082e+00 -3.000413780912262407e+00 -1.705502444274148655e+00 8.038087398068372025e-01 2.968150881294729260e+00 1.915760198409900639e+00 -3.713389707385444716e+00 -2.353475845747754480e+00 -4.849749196595013467e-01 1.453821326468198727e+00 3.731076994792978940e+00 5.447835174192057650e+00 5.447835174192057650e+00 5.447835174192057650e+00 5.447835174192057650e+00
-8.301301821905267886e+00 -7.722052495151096707e+00 -6.466784655014356176e+00 -4.899656309332796056e+00 -3.008224394739749119e+00 -1.968031260687809203e+00 -8.751270412895134632e-01 2.234488608502128049e+00 1.535643321717683030e+00 -3.241100708897092897e+00 -1.461170533345775291e-01 1.013939410645600114e+00 1.841102363173546808e+00 4.120120920090391436e+00 5.363493451791348399e+00 5.363493451791348399e+00 5.363493451791348399e+00 5.363493451791348399e+00
-8.707620033968073159e+00 -7.753704633923881318e+00 -6.804772154832045672e+00 -5.460694894494600327e+00 -4.152857037363613557e+00 -2.598382663212075894e+00 -2.176805815860725524e+00 1.399641521960930390e-01 1.846107904290027912e+00 -2.916212949465186166e-01 4.505680265510328408e-01 3.003537993940595952e-01 2.211285076519714288e+00 4.643460856900332168e+00 5.256448329133062813e+00 5.256448329133062813e+00 5.256448329133062813e+00 5.256448329133062813e+00
-9.075796697106051525e+00 -8.203498096913236282e+00 -7.369261181348562673e+00 -6.307063635437383020e+00 -5.080819216440612074e+00 -3.909263330792334568e+00 -1.739435917005954568e+00 -1.556849109290247224e+00 1.015012792183776602e+00 1.469934381488829489e+00 4.227630332125551504e-01 4.163739222332992207e-01 1.852099624559546465e+00 4.761802044137676937e+00 5.205445341222206146e+00 5.205445341222206146e+00 5.205445341222206146e+00 5.205445341222206146e+00
-9.337892269256952815e+00 -8.497398708784544397e+00 -7.958051610439849100e+00 -7.261538908626974376e+00 -6.213577894763028908e+00 -4.988522183195017945e+00 -2.668528575750376941e+00 -2.184473511615407926e+00 -1.328639622229939588e-01 9.618519094946191839e-01 9.738860079684219517e-01 5.071742659842671808e-01 1.164418955803783406e+00 4.103934875853155972e+00 5.117552555018128224e+00 5.117552555018128224e+00 5.117552555018128224e+00 5.117552555018128224e+00
-9.898908334873631532e+00 -8.949352925132775027e+00 -8.525628140500428387e+00 -8.068257571219437096e+00 -7.328850048044969867e+00 -6.409954981178027644e+00 -4.523600451717946669e+00 -2.267386426083264794e+00 -1.938344204833652995e+00 6.342754251798831122e-01 1.151585949555414601e+00 9.838075550822017457e-01 1.012651861122346869e-01 3.916530522873668207e+00 5.339165867041224978e+00 5.339165867041224978e+00 5.339165867041224978e+00 5.339165867041224978e+00
-1.030204360065955527e+01 -9.806311853743871154e+00 -9.298673116999914612e+00 -8.812285699466080757e+00 -8.258738368784548811e+00 -7.197610667670105933e+00 -5.494903738696295115e+00 -3.062267051842940901e+00 -2.624357888767928415e+00 -1.931914294920797082e-01 9.566459119455760218e-01 1.133325487899500050e+00 3.564040648794211119e-01 4.420854643806038098e+00 5.439692173885105397e+00 5.439692173885105397e+00 5.439692173885105397e+00 5.439692173885105397e+00
-1.035678330545979975e+01 -1.001326674549989804e+01 -9.559031563957800515e+00 -9.138351861779543839e+00 -8.561513763232165175e+00 -7.636322317923157854e+00 -6.328392177686507303e+00 -3.881448143066365208e+00 -2.749161297858675468e+00 -2.249163114338130320e+00 6.630326737690331873e-01 1.040360132514593250e+00 7.765517019522704123e-01 3.783729407283238366e+00 5.332647051226825141e+00 5.332647051226825141e+00 5.332647051226825141e+00 5.332647051226825141e+00
-1.038460074012429857e+01 -1.009996373091480137e+01 -9.715795794348936809e+00 -9.292944499582029394e+00 -8.790513668459110974e+00 -7.883522283277367038e+00 -6.625542000635540774e+00 -5.277982817180917330e+00 -3.105877423642137813e+00 -2.666136883517749467e+00 -1.406472903529712784e-02 1.228743252192570523e+00 5.691765469335571259e-01 2.843325992933328550e+00 5.281644063315977355e+00 5.281644063315977355e+00 5.281644063315977355e+00 5.281644063315977355e+00
-1.042838630047323889e+01 -1.014031531651445128e+01 -9.711209926080929478e+00 -9.419759789072887912e+00 -8.918238925766027947e+00 -8.065783066108348720e+00 -6.856588775451912809e+00 -5.577086472876706225e+00 -3.878148290471125303e+00 -2.290644223011032654e+00 -1.330548509587853978e+00 7.458644301799541854e-01 5.418841915210330651e-01 2.635185894112031413e+00 5.230641075405125129e+00 5.230641075405125129e+00 5.230641075405125129e+00 5.230641075405125129e+00
-1.043924432526645774e+01 -1.013123102853833224e+01 -9.879452453347713714e+00 -9.484379562258419938e+00 -9.038248600873826533e+00 -8.266044074956221621e+00 -7.036728262214277052e+00 -5.718440299042718777e+00 -4.798693401011671966e+00 -2.126059183860501633e+00 -2.153690989820044255e+00 2.256781295355473338e-01 7.545367339503107340e-01 2.757553930833059219e+00 5.194472894405789631e+00 5.194472894405789631e+00 5.194472894405789631e+00 5.194472894405789631e+00
-1.048285497320079607e+01 -1.019010126986692200e+01 -9.821471424699316444e+00 -9.492103228502596579e+00 -9.133372124515696910e+00 -8.399366396115057753e+00 -7.165315777258853380e+00 -5.767715546638420676e+00 -5.069182777005444507e+00 -2.864202138403876496e+00 -2.726974832507219837e+00 1.454068300920332429e-02 5.760108050002921143e-01 2.386868151804110383e+00 5.515890895978867725e+00 5.515890895978867725e+00 5.515890895978867725e+00 5.515890895978867725e+00
-1.050224331340690931e+01 -1.020535401963174671e+01 -9.925569889663471201e+00 -9.569658341442410787e+00 -9.159336045270514148e+00 -8.562968210301585614e+00 -7.327753512603861097e+00 -5.821501064327201824e+00 -4.964903598034145382e+00 -3.332704246471011711e+00 -2.134966493700075407e+00 -3.754322728854968538e-01 -1.627528600017795479e-02 2.343537228200433198e+00 5.464887908068019939e+00 5.464887908068019939e+00 5.464887908068019939e+00 5.464887908068019939e+00
-1.052730192651248586e+01 -1.027356104134468318e+01 -9.910436512661377151e+00 -9.595893550103467007e+00 -9.251967032189327256e+00 -8.580887176620073831e+00 -7.377224659183209354e+00 -5.915484643662169084e+00 -5.093674804168743186e+00 -2.983302649544162577e+00 -3.116367066542307551e+00 -1.315082599997725588e+00 3.108083724910345458e-01 2.236613688783023246e+00 5.357842785409733466e+00 5.357842785409733466e+00 5.357842785409733466e+00 5.357842785409733466e+00
-1.058078875125880103e+01 -1.026317867639065007e+01 -9.941355492355747003e+00 -9.645041767031807822e+00 -9.260854435540514018e+00 -8.677532690370988178e+00 -7.605681696994031959e+00 -5.928864291042524215e+00 -5.166541231297127723e+00 -3.630606940267569804e+00 -3.306341039878720522e+00 -1.819350772263002680e+00 -2.885439651733927302e-02 2.288166268204825826e+00 5.307536701889880248e+00 5.307536701889880248e+00 5.307536701889880248e+00 5.307536701889880248e+00
-1.059594500221553481e+01 -1.028502110174303397e+01 -9.988718120787813959e+00 -9.644623362756561846e+00 -9.300493218681419094e+00 -8.864591834840460649e+00 -7.567024596024672256e+00 -5.893779792339437051e+00 -5.194750187416711462e+00 -3.748670967867274495e+00 -3.689039701655385084e+00 -2.158293695510274723e+00 -3.182252573766634618e-01 2.471468547072157129e+00 5.020321747363831300e+00 5.020321747363831300e+00 5.020321747363831300e+00 5.020321747363831300e+00
