-1.054023178751412715e+01 -1.030758810489730770e+01 -9.998566286631337618e+00 -9.644373341811084188e+00 -9.345422109797921095e+00 -8.966778952905672284e+00 -8.319826805736340702e+00 -6.885693543522375393e+00 -3.718909799068054856e+00 -4.167806388471351653e+00 -1.862078995222478994e+00 -3.217851484497200043e-01 1.386843706719994795e+00 2.071742256220337364e+00 5.646462342069493268e+00 5.646462342069493268e+00 5.646462342069493268e+00 5.646462342069493268e+00
-1.047688272606036897e+01 -1.022021195571025665e+01 -1.002184201795641449e+01 -9.825802602702328414e+00 -9.427006500692835189e+00 -8.870282094119719574e+00 -8.057769718221701183e+00 -6.293220777189231896e+00 -4.188476819535042139e+00 -4.387928697818121115e+00 -1.682275529267559078e+00 6.676331828622250608e-02 1.780154653759346006e+00 1.978710334066394960e+00 5.682628596008960642e+00 5.682628596008960642e+00 5.682628596008960642e+00 5.682628596008960642e+00
-1.021244173083710827e+01 -1.004065554524927251e+01 -9.901479991644835721e+00 -9.957727907946974710e+00 -9.598559270343384853e+00 -9.010544431330162141e+00 -8.046170021247922577e+00 -6.081738515491849739e+00 -2.781083998557093206e+00 -4.237030426785095116e+00 -9.287644640910903693e-01 9.533472500992173915e-02 2.154136899699046204e+00 2.096091866407539417e+00 5.535775195761317491e+00 5.535775195761317491e+00 5.535775195761317491e+00 5.535775195761317491e+00
-1.043316941305505985e+01 -1.020195754126423893e+01 -9.680864420514673441e+00 -9.391396675519093407e+00 -9.357226417788623962e+00 -9.003131693853845263e+00 -7.892625245127735667e+00 -5.140703426981039215e+00 -2.585246540706272800e+00 -3.529237804154903735e+00 -4.559273766483710744e-01 2.675876168059878601e-01 2.128470618631662425e+00 2.169599655342651534e+00 5.079549524828849805e+00 5.079549524828849805e+00 5.079549524828849805e+00 5.079549524828849805e+00
-1.056531543697644615e+01 -1.029488679953254859e+01 -9.923371182341162111e+00 -9.525976074452016107e+00 -8.962094078484053483e+00 -8.617890923914888646e+00 -7.496720786559247784e+00 -4.341342369184461703e+00 -2.783303266266758502e+00 -3.003794931517422384e+00 -4.253950133840757042e-01 1.195349264382767895e+00 1.673427498526025126e+00 2.328570518479305740e+00 4.981079906829801729e+00 4.981079906829801729e+00 4.981079906829801729e+00 4.981079906829801729e+00
-1.034225636823288497e+01 -1.017088855979937634e+01 -1.012281025469575546e+01 -9.809927386063545640e+00 -9.260772678779522593e+00 -8.343352770040075583e+00 -7.057970927798415062e+00 -4.571742209668573587e+00 -4.274420370252836499e+00 -1.844912023210892427e+00 1.133368925539768035e-01 1.411112021023329222e+00 1.618351837461978304e+00 2.159428076368136828e+00 4.610218665552004325e+00 4.610218665552004325e+00 4.610218665552004325e+00 4.610218665552004325e+00
-1.051237982574481400e+01 -1.024033278309707740e+01 -1.008011459438433199e+01 -9.746902309859319047e+00 -9.254435953089346967e+00 -8.331222428091308529e+00 -5.430113499375345043e+00 -4.733760854312265565e+00 -3.641450903950605777e+00 -1.399676451131642851e+00 7.138350142934497544e-01 1.896617819144499784e+00 1.733744684746176823e+00 3.023621236476306429e+00 4.452759024132314281e+00 4.452759024132314281e+00 4.452759024132314281e+00 4.452759024132314281e+00
-1.044136184238346310e+01 -1.018602002013297536e+01 -1.008282032083038970e+01 -9.640119883929179068e+00 -9.149185369064783302e+00 -8.115833118004388780e+00 -3.967523599097248610e+00 -4.451254703282049086e+00 -3.153343731077586032e+00 -2.796569966706796695e-01 1.142295030710715142e+00 1.975693626890035581e+00 1.899568305243780175e+00 4.285561837118642359e+00 5.390068519521559409e+00 5.390068519521559409e+00 5.390068519521559409e+00 5.390068519521559409e+00
-1.045502389075219440e+01 -9.928074822471907979e+00 -9.603029796058535794e+00 -9.457683787595742686e+00 -8.479083446126221446e+00 -6.896512799388879955e+00 -3.430287505970777584e+00 -4.530153690491584229e+00 -2.512422905193696376e+00 -4.001038267286763372e-01 2.156370506310183011e+00 2.639177751990667620e+00 3.231474620390565544e+00 4.701748936104278798e+00 5.523538822724245456e+00 5.523538822724245456e+00 5.523538822724245456e+00 5.523538822724245456e+00
-1.057169373663031742e+01 -1.018158719922370281e+01 -9.342198691751907091e+00 -8.442168852210091501e+00 -7.510494731229005794e+00 -5.570790357278439409e+00 -2.253664737640976412e+00 -4.582304773505500251e+00 -1.762174720848644016e+00 9.489940162360890330e-01 2.763411809490329496e+00 3.375243441525456412e+00 4.921828218934283683e+00 4.958401049109281367e+00 5.811908429172525814e+00 5.811908429172525814e+00 5.811908429172525814e+00 5.811908429172525814e+00
-1.020349170089301261e+01 -9.797063037312813805e+00 -8.998865292630410906e+00 -8.454326874742008613e+00 -6.823892392122292705e+00 -3.971645319059030399e+00 -3.497343357549466347e+00 -2.213256586773846291e+00 2.259969729559167806e-01 2.321661897062087476e+00 2.871178969834828898e+00 4.530143119087105319e+00 3.043585646115481769e+00 2.249620001667412161e+00 5.715385719976841195e+00 5.715385719976841195e+00 5.715385719976841195e+00 5.715385719976841195e+00
-9.915469002254596376e+00 -9.173569527067277463e+00 -8.470909377544888486e+00 -7.910003539479349755e+00 -5.841306722623257563e+00 -3.068150373509255679e+00 -3.439563900634689642e+00 -1.303618187365556569e+00 8.152716806186414145e-01 3.221585620150766438e+00 4.399914466134718261e+00 3.741391204782243740e+00 2.052600094980972845e+00 2.394635211474082759e+00 5.625254798918795096e+00 5.625254798918795096e+00 5.625254798918795096e+00 5.625254798918795096e+00
-9.532949093836146304e+00 -8.774502929549084840e+00 -7.987114950537156588e+00 -6.621036163016881915e+00 -4.814920792338766908e+00 -3.087290872458963165e+00 -4.042545137845634073e+00 -5.934774905513502397e-01 1.823491836556279555e+00 3.916753694289476062e+00 4.547215426857269982e+00 2.056179433521535316e+00 4.832000412553093538e-01 2.349849896394733850e+00 5.628383928394315561e+00 5.628383928394315561e+00 5.628383928394315561e+00 5.628383928394315561e+00
-9.961101931035221568e+00 -8.217828560124390336e+00 -7.115421420889259885e+00 -5.631944175213710047e+00 -3.634348289668136278e+00 -1.801305455399776045e+00 -2.670934853111161633e+00 -1.577076117486904683e-01 3.266331130519617432e+00 4.871598161646795155e+00 3.287323908754988810e+00 -1.968309327995661606e+00 3.651750639016340672e-01 2.478393302482991611e+00 5.546347327712406461e+00 5.546347327712406461e+00 5.546347327712406461e+00 5.546347327712406461e+00
-9.681577627560875143e+00 -7.732573804743744006e+00 -6.192886514425220312e+00 -4.725778293383931405e+00 -2.448377953837999499e+00 -2.465446285537030935e+00 -9.923505589384213899e-01 1.473754775009663120e+00 3.377645794483691066e+00 5.531917558950768310e+00 4.308077063314588173e+00 -9.755309135599745662e-01 9.882494511473288723e-01 2.586463648550977545e+00 5.903288197390447856e+00 5.903288197390447856e+00 5.903288197390447856e+00 5.903288197390447856e+00
-9.056816285264073230e+00 -7.225319675410540654e+00 -5.528011866907585059e+00 -3.746899193219915158e+00 -2.725658833129432246e+00 -2.680030295362490822e+00 -1.590760777372348389e-01 2.844060496516964687e+00 3.961087749176849915e+00 6.036815669759622693e+00 5.853404394494744700e+00 1.863146490056720950e+00 6.708894790319742674e-01 2.581639480045158752e+00 5.839631963856300345e+00 5.839631963856300345e+00 5.839631963856300345e+00 5.839631963856300345e+00
-8.935006343292764441e+00 -6.743652995672025696e+00 -4.976054106503342567e+00 -2.815349017610711879e+00 -3.055808495624176668e+00 -2.841440255929809311e+00 4.745862403356279624e-01 3.348200523505504567e+00 4.156239491200388159e+00 5.047382883699611966e+00 4.522581935410417309e+00 4.599270207253133513e+00 3.680370280295016894e+00 3.289146555964015395e+00 5.751736438602016221e+00 5.751736438602016221e+00 5.751736438602016221e+00 5.751736438602016221e+00
-8.280077222271705395e+00 -6.558689998693653322e+00 -4.771623026597212380e+00 -2.406519283270966536e+00 -2.248895011906679731e+00 -2.599268179628434705e+00 7.258149621121994244e-01 3.836977124679967766e+00 3.924658079359385709e+00 3.252135714244468012e+00 3.302187559942408424e+00 3.141808585856859182e+00 3.881270161143233643e+00 5.093480317303834326e+00 5.714590034779662986e+00 5.714590034779662986e+00 5.714590034779662986e+00 5.714590034779662986e+00
-7.695640158592011559e+00 -6.466014254503239300e+00 -4.545772025443494790e+00 -2.357378560754606056e+00 -1.624631344601839000e+00 -1.553295120882596692e+00 1.521589439758718409e+00 3.743401777261865071e+00 3.699598191256650903e+00 1.789904856096255603e+00 1.624630266873379414e+00 1.664044164226758937e+00 2.798539110002741914e+00 4.259153460355534548e+00 5.831797316557840283e+00 5.831797316557840283e+00 5.831797316557840283e+00 5.831797316557840283e+00
-7.887809063228872652e+00 -6.296321923100599349e+00 -4.594354240557249724e+00 -2.426345216146441608e+00 -1.432600405930744225e+00 3.622575670040851237e-01 2.851305714883161979e+00 3.923263440554988435e+00 3.027799088754742574e+00 1.596818623252314495e+00 1.140106637053195815e+00 1.180797973354629660e+00 1.937089830027519000e+00 3.624479523539342107e+00 5.987565903734182626e+00 5.987565903734182626e+00 5.987565903734182626e+00 5.987565903734182626e+00
-8.282109940133073778e+00 -6.507416470764817440e+00 -4.452142628914646849e+00 -2.425963748726437164e+00 -1.430844856578701085e+00 -4.749764509616997976e-02 3.250618465172125493e+00 3.960137281898582273e+00 2.939032374764856126e+00 1.509589075914766321e+00 8.218188709816840465e-01 6.353343531419713974e-01 1.289489681234758045e+00 3.236124398660316093e+00 5.894618838649455128e+00 5.894618838649455128e+00 5.894618838649455128e+00 5.894618838649455128e+00
-8.276640219528292874e+00 -6.900468286796265005e+00 -4.590811879529724138e+00 -2.205690477575628528e+00 -1.721732433801806739e+00 -1.556859324307542147e+00 1.867886763796054117e+00 3.962014806051208815e+00 2.716737000252916978e+00 1.354497066887781154e+00 -1.335260648965886254e+00 -1.540280298256740732e+00 1.193215600045866687e+00 3.044547222934200104e+00 5.860476097155693509e+00 5.860476097155693509e+00 5.860476097155693509e+00 5.860476097155693509e+00
-8.248064481322797903e+00 -6.923520933288241253e+00 -5.138160898363930862e+00 -2.701545115727461255e+00 -1.915422592162398630e+00 -1.576385334682590900e+00 5.330942419656471420e-01 3.839493088377284202e+00 2.322120750007878875e+00 1.120372916245773842e+00 -2.376115383514837198e+00 -1.508900321409717415e+00 1.171319419891333258e+00 3.394012025266229138e+00 5.730015226212936241e+00 5.730015226212936241e+00 5.730015226212936241e+00 5.730015226212936241e+00
-8.173674800534428186e+00 -7.402131925487948294e+00 -5.411063221152131675e+00 -3.503769242799378514e+00 -1.601439518782473037e+00 -1.809413298805977455e+00 -3.870134108537622852e-01 3.539087245696503459e+00 2.181967397195107239e+00 2.838368230155194349e-01 -2.528042895384640776e+00 -1.180899631672001737e+00 1.208634142997163430e+00 3.737099594317698781e+00 5.732871101299103600e+00 5.732871101299103600e+00 5.732871101299103600e+00 5.732871101299103600e+00
-8.118616336824231894e+00 -7.265605917694076155e+00 -6.017845054312442876e+00 -4.443523168017697422e+00 -2.370593092465018259e+00 -2.204756225786542068e+00 -1.438728005414258826e+00 1.687864998875737488e+00 2.547774271418051129e+00 -3.567376409750437460e+00 -2.212561065111318559e+00 -4.862360982162948764e-01 1.490788798388851033e+00 3.727811845197772200e+00 6.066797358042002486e+00 6.066797358042002486e+00 6.066797358042002486e+00 6.066797358042002486e+00
-8.346213863180718562e+00 -7.805573103304544347e+00 -6.426545374945431988e+00 -5.034895525640235014e+00 -3.630694118520769731e+00 -2.136417721922968749e+00 -2.106685980679128267e+00 6.251642247331909985e-01 2.276894864161834064e+00 -2.955245133687446568e+00 3.475316711606458719e-01 9.731556565872195863e-01 1.865407989543634182e+00 4.183398521594965835e+00 6.002023439921957859e+00 6.002023439921957859e+00 6.002023439921957859e+00 6.002023439921957859e+00
-8.742522538700960411e+00 -7.882984652605363962e+00 -6.821951541141772601e+00 -5.747983694985941305e+00 -4.501354915514984789e+00 -2.296985867342554055e+00 -2.875138807231619964e+00 -1.346242131283322374e+00 1.362291785255954180e+00 5.878787544716297386e-01 3.631319839428599483e-01 8.930178118024046929e-01 2.140821158798871249e+00 4.782010889185210445e+00 5.890540680537984741e+00 5.890540680537984741e+00 5.890540680537984741e+00 5.890540680537984741e+00
-9.164523022395478336e+00 -8.183895368014827199e+00 -7.319411625569406610e+00 -6.386499543216353381e+00 -5.328582386022449491e+00 -4.005088122413962282e+00 -2.523776855348552672e+00 -2.621396552316829442e+00 3.836148663298751815e-01 1.559318965786655964e+00 9.933150601561957505e-01 3.463678153935716431e-01 1.739046661672679628e+00 4.910832948099370654e+00 5.846748219619075648e+00 5.846748219619075648e+00 5.846748219619075648e+00 5.846748219619075648e+00
-9.448083297144968640e+00 -8.523059603202472800e+00 -7.897330849415861387e+00 -7.216660123091159562e+00 -6.335120418376776641e+00 -5.126432616489444705e+00 -2.386164557204023318e+00 -2.919005473604336487e+00 -8.663719464601147280e-01 1.362051139731731864e+00 1.254059323088791089e+00 8.595485224721144402e-01 1.002274605866792623e+00 4.075809948848899467e+00 5.832386561480825904e+00 5.832386561480825904e+00 5.832386561480825904e+00 5.832386561480825904e+00
-9.839082059355090948e+00 -8.989958682458961903e+00 -8.440500626192783074e+00 -7.985056554230113512e+00 -7.362569850589881781e+00 -6.375989985936984183e+00 -3.778382284134168323e+00 -2.849930590005290032e+00 -2.156174299445886344e+00 7.637971723991776596e-01 1.291591886706590309e+00 1.108207582198200258e+00 3.200047582657892797e-01 3.988700565292107925e+00 6.119566826864435427e+00 6.119566826864435427e+00 6.119566826864435427e+00 6.119566826864435427e+00
-1.025342268708724092e+01 -9.786131042370479705e+00 -9.284567732682988961e+00 -8.764750658516748061e+00 -8.175941625615735120e+00 -7.137342913950188716e+00 -4.993873294674767038e+00 -2.437893097778522922e+00 -2.859913322159870486e+00 3.641159284051336820e-01 1.200467542098740736e+00 1.178550797827220054e+00 6.300335945708737118e-01 4.376963404858634554e+00 6.080379200551766061e+00 6.080379200551766061e+00 6.080379200551766061e+00 6.080379200551766061e+00
-1.041489221089807948e+01 -1.000300760632141817e+01 -9.541688501975537307e+00 -9.081076823945195997e+00 -8.487605409951195057e+00 -7.543904151808051850e+00 -6.230411009839635028e+00 -2.630888510340184450e+00 -3.015019198788502663e+00 -1.044840637198852118e+00 9.772204257162481200e-01 1.231404867250273316e+00 8.189040101243119096e-01 3.096632026656464642e+00 5.949691244430136194e+00 5.949691244430136194e+00 5.949691244430136194e+00 5.949691244430136194e+00
-1.047747287377661785e+01 -1.011435119867829791e+01 -9.691408765798010805e+00 -9.252426730787997045e+00 -8.715328038061391780e+00 -7.811540092737706331e+00 -6.615600752355605962e+00 -3.921483862652978658e+00 -3.210933415006949510e+00 -2.670392094418934548e+00 7.390454339961569641e-01 1.262814991395874831e+00 8.394859635105208495e-01 2.368099440294404889e+00 5.886462522426514354e+00 5.886462522426514354e+00 5.886462522426514354e+00 5.886462522426514354e+00
-1.048429001264980798e+01 -1.014082943984600682e+01 -9.771557272438395003e+00 -9.387831954767761999e+00 -8.826427798110156431e+00 -8.028323273760097578e+00 -6.887954238526881490e+00 -5.331525405930459982e+00 -2.763773642463060121e+00 -3.006640153030184948e+00 1.995505577591379920e-01 1.168483028641916555e+00 7.663261553401183868e-01 2.516059971425916864e+00 5.844594142355146182e+00 5.844594142355146182e+00 5.844594142355146182e+00 5.844594142355146182e+00
-1.047988919214724213e+01 -1.018258510787042326e+01 -9.930910698707931417e+00 -9.496195597131523058e+00 -8.961241813993838790e+00 -8.257188311231447031e+00 -7.141142535352840603e+00 -5.602247386054215461e+00 -2.735942331218850665e+00 -3.118863075040307464e+00 -8.445246085408589232e-02 8.470215948838902831e-01 2.905284300932661767e-01 2.767317591046579484e+00 6.044096935088475675e+00 6.044096935088475675e+00 6.044096935088475675e+00 6.044096935088475675e+00
-1.053667209720407527e+01 -1.017974133103945000e+01 -9.864391942645479361e+00 -9.522583289976054743e+00 -9.049992380911444201e+00 -8.298176483109777735e+00 -7.253259519287080792e+00 -5.902622875313106476e+00 -3.086396141277998328e+00 -3.400281062605278404e+00 -1.257587468322497903e+00 5.012733211682016687e-01 1.009747396595579216e+00 2.313780056632656290e+00 6.149902286462467060e+00 6.149902286462467060e+00 6.149902286462467060e+00 6.149902286462467060e+00
-1.052084380926964258e+01 -1.020215393704385320e+01 -9.911481723809654198e+00 -9.594954411096967561e+00 -9.048024047411125537e+00 -8.488121830436876181e+00 -7.392405233856109703e+00 -5.969209025475191943e+00 -3.976644839214283245e+00 -2.875726596466349871e+00 -2.391616672936613952e+00 3.618968308434424297e-01 8.694370378212114003e-01 2.456233773318563962e+00 6.094836736739537741e+00 6.094836736739537741e+00 6.094836736739537741e+00 6.094836736739537741e+00
-1.055810680952564162e+01 -1.025419896635792583e+01 -9.913189918531811529e+00 -9.599998385447600313e+00 -9.203202292787114658e+00 -8.512107038696164807e+00 -7.464420304712726661e+00 -6.067785407654826102e+00 -4.843239866148429940e+00 -2.409049515867010882e+00 -3.665467822988365043e+00 1.771803582641897634e-01 5.594988608482466264e-01 2.448282253308498468e+00 5.964148780617902545e+00 5.964148780617902545e+00 5.964148780617902545e+00 5.964148780617902545e+00
-1.060446829553079340e+01 -1.028709088894697565e+01 -9.986707661503416489e+00 -9.632051477622994184e+00 -9.244191086478002362e+00 -8.557720557796152150e+00 -7.572905281424721302e+00 -6.015219321759189164e+00 -5.069830853899529366e+00 -2.648720709593801903e+00 -3.952039130192529726e+00 1.311788912709012933e-01 4.818716338512688546e-01 2.526419052371879026e+00 5.900250556175871353e+00 5.900250556175871353e+00 5.900250556175871353e+00 5.900250556175871353e+00
-1.063552099925654382e+01 -1.034460348693865228e+01 -1.005412205531822778e+01 -9.699326896029448974e+00 -9.315599353160518348e+00 -8.770777213040346965e+00 -7.547131730829260476e+00 -5.955147073441552585e+00 -5.233372671449598279e+00 -3.134069771944021809e+00 -4.345352095802584635e+00 -2.008266084749321667e-01 3.403729127310614055e-01 2.616130745311180839e+00 6.150759474667295557e+00 6.150759474667295557e+00 6.150759474667295557e+00 6.150759474667295557e+00
