-1.049694525442906112e+01 -1.031496217165609153e+01 -9.953950671644818726e+00 -9.619510569629696306e+00 -9.319695544116354924e+00 -8.922059505494877030e+00 -8.344165645364910233e+00 -7.053126200415889002e+00 -3.506968393650391036e+00 -3.605061864082149903e+00 -2.312145871627237170e+00 -5.959562001429664635e-01 4.892929825167708358e-01 2.083842974376234114e+00 5.238092730262961183e+00 5.238092730262961183e+00 5.238092730262961183e+00 5.238092730262961183e+00
-1.043634399877567631e+01 -1.023454408999228349e+01 -1.000853684373062258e+01 -9.769770012796977099e+00 -9.412763914457674019e+00 -8.877208766058473088e+00 -8.125623187712260886e+00 -6.706819403500459131e+00 -3.322780842808047197e+00 -4.228444617898186486e+00 -1.836362645358367018e+00 1.599710199947890488e-01 9.800892377712139281e-01 1.967679257594333597e+00 5.083691834927822839e+00 5.083691834927822839e+00 5.083691834927822839e+00 5.083691834927822839e+00
-1.027296852758403212e+01 -9.885069396165899747e+00 -9.845932573711184688e+00 -9.853152636483677895e+00 -9.604591081134635999e+00 -9.009876391376101523e+00 -8.081604648158510429e+00 -6.424125715431805439e+00 -2.922891651325741691e+00 -4.195909221719772653e+00 -6.427390849253596938e-01 1.230319473209622039e-01 1.815176038016670601e+00 2.002927598361667005e+00 5.335982283184635300e+00 5.335982283184635300e+00 5.335982283184635300e+00 5.335982283184635300e+00
-1.043664503278859002e+01 -1.023305165685445672e+01 -9.726304119419353356e+00 -9.364637985577227042e+00 -9.260958661269603098e+00 -9.254204779469363373e+00 -8.103034612924471247e+00 -5.862086957072039084e+00 -2.333877893711612916e+00 -3.851814694735214761e+00 -2.347578462375877750e-01 6.024640489460822979e-01 1.458463197277858114e+00 2.128287484239435035e+00 4.879209415460985078e+00 4.879209415460985078e+00 4.879209415460985078e+00 4.879209415460985078e+00
-1.054631062149081977e+01 -1.022476426301342656e+01 -9.982707229248351410e+00 -9.555384272459985340e+00 -9.004247697754319546e+00 -8.625794418337797254e+00 -7.971865707612465712e+00 -4.876686885870880950e+00 -2.467133982547989657e+00 -3.014815371294685242e+00 -2.045966154724769281e-01 7.983656990232221862e-01 1.492208841722389545e+00 2.296022721102281672e+00 4.832919312819025315e+00 4.832919312819025315e+00 4.832919312819025315e+00 4.832919312819025315e+00
-1.032744875838838716e+01 -1.011973441560951059e+01 -1.014481038507780220e+01 -9.831607400476830350e+00 -9.276142831243124220e+00 -8.465701136995919640e+00 -7.709867563411208380e+00 -3.667053115115344486e+00 -4.171748409298526639e+00 -1.366823630919915544e+00 1.694933896533195872e-01 1.060690054355654999e+00 1.642300800780901460e+00 2.104789656823798705e+00 4.450325497560181809e+00 4.450325497560181809e+00 4.450325497560181809e+00 4.450325497560181809e+00
-1.054707607440799144e+01 -1.026007311080327433e+01 -1.005321118849223083e+01 -9.793250805444712270e+00 -9.276594298621967383e+00 -8.471861786676331718e+00 -6.697436047947384452e+00 -2.674113902883257676e+00 -4.175364080505048037e+00 -2.910865613464092561e-01 9.533406894643849938e-01 1.865832919996939676e+00 1.702614569513250409e+00 3.060966904822075563e+00 4.417875784349201140e+00 4.417875784349201140e+00 4.417875784349201140e+00 4.417875784349201140e+00
-1.037339271462131940e+01 -1.014558393793952185e+01 -1.010296604374500262e+01 -9.688430917294159173e+00 -9.172041049291358661e+00 -8.240375601650692161e+00 -4.964282140091747841e+00 -3.376020836979551021e+00 -3.247472396191913191e+00 -9.630424025404094035e-02 1.383310440961154963e+00 2.014023162141276746e+00 1.863321116353354734e+00 4.288938135465075518e+00 5.285532456884527441e+00 5.285532456884527441e+00 5.285532456884527441e+00 5.285532456884527441e+00
-1.035427547690754935e+01 -1.007751596452727227e+01 -9.488683789271606273e+00 -9.202862417730225175e+00 -8.414047261298769342e+00 -7.003599955933655252e+00 -3.595463174901814440e+00 -4.342749849726277311e+00 -2.454753911187959048e+00 2.615697581780699332e-01 2.066459595082072109e+00 2.706889154354095162e+00 3.252648763750966232e+00 4.735124242463977673e+00 5.246621569894779569e+00 5.246621569894779569e+00 5.246621569894779569e+00 5.246621569894779569e+00
-1.053076200280120034e+01 -1.014328349846440425e+01 -9.332647545563284908e+00 -8.437557621030110866e+00 -7.496652140487370275e+00 -5.535868552933509434e+00 -2.316145286531540837e+00 -4.269715427268969243e+00 -3.519041757528779124e-01 1.794395140826594570e+00 2.813694821215902753e+00 3.396835481555543268e+00 4.937451795226611040e+00 5.004619553645502705e+00 5.423102186791601831e+00 5.423102186791601831e+00 5.423102186791601831e+00 5.423102186791601831e+00
-1.018430661513634661e+01 -9.579667409611898776e+00 -9.047390357066202426e+00 -8.388611263982816979e+00 -6.861894301555929943e+00 -3.989225641486815466e+00 -3.719465182200415221e+00 -2.787331829884660994e+00 2.296717685620940641e-01 2.762397860797143778e+00 2.981885793550700381e+00 4.590607243198810750e+00 3.046852589211691775e+00 2.358240665539212522e+00 5.696718982303691448e+00 5.696718982303691448e+00 5.696718982303691448e+00 5.696718982303691448e+00
-9.905252330701364016e+00 -9.093069139897117736e+00 -8.342751790579733040e+00 -8.055617954873376618e+00 -5.529138545780581282e+00 -2.988694330435451185e+00 -3.367924242992059281e+00 -1.313205745608822195e+00 1.489660527298280357e+00 3.194078059094938027e+00 4.352665142954049493e+00 3.757149324956913450e+00 2.110980920617924195e+00 2.380703562061874834e+00 5.393798161510801492e+00 5.393798161510801492e+00 5.393798161510801492e+00 5.393798161510801492e+00
-9.476632580310848653e+00 -8.652788306798626650e+00 -7.905333183157123855e+00 -6.498846936198560797e+00 -4.250426407833180598e+00 -3.287716938879170936e+00 -3.162664258474652268e+00 4.585461049602103656e-01 3.308914412861479359e+00 4.005579714422946580e+00 4.643030847742762646e+00 2.249924659845190522e+00 4.637103635069376173e-01 2.366813842825803427e+00 5.211202894609225922e+00 5.211202894609225922e+00 5.211202894609225922e+00 5.211202894609225922e+00
-1.002508314440463977e+01 -8.044339871373487938e+00 -6.898972484930944837e+00 -5.362272708260178433e+00 -2.978004308134815314e+00 -2.571998181151702756e+00 -2.746168414406787495e+00 8.123357425959781830e-01 3.294185954581724474e+00 4.997808455950893958e+00 3.361700896314889775e+00 -2.014515290307527184e+00 3.356666840739223057e-01 2.542550631883521817e+00 5.144484999235666933e+00 5.144484999235666933e+00 5.144484999235666933e+00 5.144484999235666933e+00
-9.506707429184981351e+00 -7.679012008044797888e+00 -6.019440774457574861e+00 -4.722878434527509661e+00 -2.267352745886015430e+00 -3.147142257017156997e+00 -8.334184724328789207e-01 2.642953911581657156e+00 3.479663922206262416e+00 5.452481129028108775e+00 4.389779332111023002e+00 -1.012237110458649170e+00 9.555233888475190840e-01 2.466316191969576632e+00 5.230068854336535011e+00 5.230068854336535011e+00 5.230068854336535011e+00 5.230068854336535011e+00
-9.082414331850154454e+00 -7.045628043168718158e+00 -5.317299174127647632e+00 -3.913918896597986308e+00 -1.848942602232745980e+00 -2.457894458934656523e+00 6.199561513165974258e-01 2.945368141979757048e+00 4.037362365937522846e+00 6.157901321721844567e+00 5.948506058741652502e+00 2.047645231562236656e+00 6.379545726191657717e-01 2.775134018599877184e+00 5.310519959005402413e+00 5.310519959005402413e+00 5.310519959005402413e+00 5.310519959005402413e+00
-8.812860272419628771e+00 -6.549085567734093338e+00 -4.777388546691815563e+00 -3.281570001608058451e+00 -1.932188829512448747e+00 -1.830292799793992398e+00 2.203868892907163257e+00 3.301562372315691718e+00 4.196349944069081239e+00 5.106145032685947882e+00 4.532308426648524069e+00 4.637788232342545669e+00 3.578741911082290450e+00 3.214970289602253839e+00 5.574069389951335829e+00 5.574069389951335829e+00 5.574069389951335829e+00 5.574069389951335829e+00
-8.123323700308015205e+00 -6.395961311599810628e+00 -4.423434784998696578e+00 -2.498724839041784218e+00 -2.642267428803972695e+00 -8.738971037402047948e-01 3.478540169988679320e+00 3.862889730702634861e+00 3.977195951197611379e+00 3.270453462725936067e+00 3.271009804412578603e+00 3.160829683676845026e+00 3.883104969813209628e+00 5.124901728593249217e+00 5.299593917255301712e+00 5.299593917255301712e+00 5.299593917255301712e+00 5.299593917255301712e+00
-7.587545120104959295e+00 -6.240156074147425791e+00 -4.233753804886620564e+00 -2.001555340659613602e+00 -2.780847125658298058e+00 6.377157902011826307e-01 2.948718792440944370e+00 3.771722720691089936e+00 3.750891452127309567e+00 1.857629948781428064e+00 1.567811576220320857e+00 1.593257487737381073e+00 2.760815891087633478e+00 4.302909656389355852e+00 5.042348428576547192e+00 5.042348428576547192e+00 5.042348428576547192e+00 5.042348428576547192e+00
-7.994483353062576292e+00 -6.161118846178483821e+00 -3.871682393397552602e+00 -1.794573154993262865e+00 -2.168288768818546597e+00 8.596439608160080237e-01 3.137540583252963255e+00 3.959611737389078456e+00 3.018980003852283822e+00 1.537861189494510006e+00 9.183369740658451352e-01 1.030815315681344657e+00 1.938993908727399518e+00 3.563763382271837088e+00 5.279101259824839687e+00 5.279101259824839687e+00 5.279101259824839687e+00 5.279101259824839687e+00
-8.195280499323231993e+00 -6.402604532947550275e+00 -4.025368853915258782e+00 -2.762266057914795958e+00 -2.056701907235745086e+00 1.154857941896894336e-01 3.075709664541732558e+00 3.992258081818085724e+00 2.951596090858887855e+00 1.410903956761072164e+00 6.116210235924333105e-01 3.141243168464830093e-01 1.216425810606429625e+00 3.232001135638997269e+00 5.279022601142065341e+00 5.279022601142065341e+00 5.279022601142065341e+00 5.279022601142065341e+00
-8.186395211351067402e+00 -6.764654048924951368e+00 -4.039037615084859034e+00 -2.500177229071389284e+00 -1.763962683063279968e+00 -2.595896221776495816e-01 3.263307670549992601e+00 4.026259243156804501e+00 2.710266003031925663e+00 1.130003738253783974e+00 -2.397813592252668435e+00 -1.645540964363153336e+00 1.130895088019405526e+00 3.079684505139399064e+00 5.220534149508019972e+00 5.220534149508019972e+00 5.220534149508019972e+00 5.220534149508019972e+00
-8.203208601126053878e+00 -6.977352866176312673e+00 -4.928329614671483228e+00 -2.374361139641993024e+00 -1.878062291331579869e+00 -1.033699467558252705e+00 3.375258563357679265e+00 3.918624435455591470e+00 2.258245177491312372e+00 8.777747101649507888e-01 -2.489473717180811008e+00 -1.566410868129951561e+00 1.147396968300523845e+00 3.389113002439002820e+00 5.378661202291434407e+00 5.378661202291434407e+00 5.378661202291434407e+00 5.378661202291434407e+00
-8.181175816976718806e+00 -7.312122060169429005e+00 -5.441852807293710903e+00 -3.211017308572234441e+00 -2.088893074052413645e+00 -1.332514664118985115e+00 2.151908543831821952e+00 3.648328602096256645e+00 2.003435031508915110e+00 -1.359427205177993203e+00 -2.612499362858123231e+00 -1.338655307186521703e+00 1.182610244249368447e+00 3.606570418825791879e+00 4.949030526064038149e+00 4.949030526064038149e+00 4.949030526064038149e+00 4.949030526064038149e+00
-8.072920696080732483e+00 -7.191713588804671708e+00 -5.687805905464419887e+00 -4.350993732402234748e+00 -1.821525272148712959e+00 -1.863475970910378088e+00 5.792248082861523040e-01 2.754665694536305942e+00 2.271783727642705308e+00 -3.696776592840725240e+00 -2.316370857311824683e+00 -4.909648842385112011e-01 1.470763543920363459e+00 3.705597016174002167e+00 5.384022161404631746e+00 5.384022161404631746e+00 5.384022161404631746e+00 5.384022161404631746e+00
-8.357272700927255826e+00 -7.881440257380878833e+00 -6.581852462419282901e+00 -4.992257514002236718e+00 -3.282193003905659712e+00 -2.139348864526520178e+00 -1.798665862167595497e+00 1.466008220603650658e+00 2.086185083148553332e+00 -3.129425540833656427e+00 -9.701500845557191333e-02 1.051464407020043179e+00 1.868062805414367755e+00 4.199235070507297607e+00 5.434099814867099809e+00 5.434099814867099809e+00 5.434099814867099809e+00 5.434099814867099809e+00
-8.773044781958823535e+00 -7.892471627284890268e+00 -6.949381193336714446e+00 -5.640387380578284038e+00 -4.219442424407510828e+00 -2.212358730754119485e+00 -2.597026772867052635e+00 -3.864773176016439438e-03 1.491449974532705003e+00 -1.800352380220353876e-01 1.043863989654724225e-02 7.640830628858361617e-01 2.174160699222751791e+00 4.676508959868245441e+00 5.326384380837192012e+00 5.326384380837192012e+00 5.326384380837192012e+00 5.326384380837192012e+00
-9.109285482835487002e+00 -8.238792308957329169e+00 -7.426018978032977280e+00 -6.527625935409167468e+00 -5.167212996126222535e+00 -3.773255722185344219e+00 -2.348437483525529945e+00 -2.040494372424137559e+00 9.881102874094901400e-01 1.205400092432635573e+00 8.168747526727482278e-01 -2.663147121286077446e-01 1.769515631751458651e+00 4.743580762204935297e+00 5.267895929203155525e+00 5.267895929203155525e+00 5.267895929203155525e+00 5.267895929203155525e+00
-9.415827192122160127e+00 -8.515621249994946851e+00 -8.013755632950205765e+00 -7.261704444810907155e+00 -6.310783087468158747e+00 -5.094883956751056431e+00 -2.338889374661355713e+00 -2.404720361944193474e+00 -1.474210491450532734e-01 9.701682104327251643e-01 9.061881685306409917e-01 5.052312230607304278e-01 1.034623706867638271e+00 4.052127490564069845e+00 5.296713455278237781e+00 5.296713455278237781e+00 5.296713455278237781e+00 5.296713455278237781e+00
-9.922534949375261704e+00 -8.968520913199514055e+00 -8.535844001362987044e+00 -8.035454253697830396e+00 -7.338181354688206426e+00 -6.384260735604589954e+00 -4.035841395454905722e+00 -2.761274725742513425e+00 -2.144758737953923688e+00 9.360043793464924988e-01 7.722718648595801039e-01 9.424440445000894506e-01 2.335680476969704822e-01 3.951044186341803766e+00 5.438345101975971652e+00 5.438345101975971652e+00 5.438345101975971652e+00 5.438345101975971652e+00
-1.026779202766685550e+01 -9.810539849707037519e+00 -9.309909380758714548e+00 -8.817682238925524274e+00 -8.220835127086742133e+00 -7.158436214189592306e+00 -5.312253455850003192e+00 -3.146771051612013093e+00 -2.668518460507693035e+00 4.408076837859036257e-01 8.700421012969217216e-01 9.474307079092290085e-01 7.830911027259201962e-02 4.403103499189218617e+00 5.525204403726732494e+00 5.525204403726732494e+00 5.525204403726732494e+00 5.525204403726732494e+00
-1.037339352363276035e+01 -1.002076689793205588e+01 -9.540308451153705960e+00 -9.140561633408596620e+00 -8.541399107814591218e+00 -7.586944824562049661e+00 -6.360458468676298160e+00 -3.450349729253645581e+00 -2.771805014963521607e+00 -1.679252215875127741e+00 7.937733522032617284e-01 9.138919909466042268e-01 8.046159688072239691e-01 2.616017867632274729e+00 5.432234612166364052e+00 5.432234612166364052e+00 5.432234612166364052e+00 5.432234612166364052e+00
-1.046230328649456176e+01 -1.009205661952640654e+01 -9.743285927205052488e+00 -9.265859141546068045e+00 -8.788700704953543053e+00 -7.856097949613085163e+00 -6.648293272628242434e+00 -4.978277829792749465e+00 -2.164481486317323178e+00 -2.897724749063756544e+00 8.304486088789686526e-01 7.785750357897316398e-01 5.670125584338743252e-01 2.777652479358117432e+00 5.373746160532308025e+00 5.373746160532308025e+00 5.373746160532308025e+00 5.373746160532308025e+00
-1.046421507866153178e+01 -1.013519772739816283e+01 -9.797531626589426779e+00 -9.410772020800433069e+00 -8.849058387572171114e+00 -8.058084529479142333e+00 -6.935602000613456219e+00 -5.578811805267368307e+00 -3.235566265978578215e+00 -3.186847829770143470e+00 -1.399983277092976819e-01 7.256880389754341021e-01 7.949420303634713303e-01 2.669857142257978655e+00 5.315257708898288413e+00 5.315257708898288413e+00 5.315257708898288413e+00 5.315257708898288413e+00
-1.048854809828320889e+01 -1.017561755348694952e+01 -9.854976359697772637e+00 -9.465715549110559124e+00 -8.981325959408010817e+00 -8.297180696210169515e+00 -7.106021728554074102e+00 -5.756607076706266035e+00 -4.240091863417974949e+00 -3.219754387059785117e+00 -1.535886442530317142e+00 6.168009048988413179e-01 2.957601002731211765e-02 2.761747408493848699e+00 5.199905424860309822e+00 5.199905424860309822e+00 5.199905424860309822e+00 5.199905424860309822e+00
-1.053026310145353683e+01 -1.023243565917784714e+01 -9.851660230745753921e+00 -9.496685412879092070e+00 -9.066957550481358652e+00 -8.354536830357346844e+00 -7.211149262940141469e+00 -5.937787046203690799e+00 -4.607755770069020151e+00 -2.995323059970365076e+00 -2.580713096697623055e+00 3.185657078326081248e-01 5.377761974531148903e-01 2.444061016508351614e+00 5.616308992586365179e+00 5.616308992586365179e+00 5.616308992586365179e+00 5.616308992586365179e+00
-1.054634289121452717e+01 -1.020025522249041749e+01 -9.935010117072492264e+00 -9.559653625351522521e+00 -9.138947081507307502e+00 -8.539494257315771719e+00 -7.339874008496527935e+00 -5.915567243974240164e+00 -4.770575196525712158e+00 -3.258795408710954522e+00 -2.866383831995430675e+00 4.791051569892059714e-01 1.682077469728188168e-01 2.559896535412826246e+00 5.605856490823356353e+00 5.605856490823356353e+00 5.605856490823356353e+00 5.605856490823356353e+00
-1.052818116173368779e+01 -1.027736015903893296e+01 -9.912403312047375792e+00 -9.618566511712526079e+00 -9.212039127946457739e+00 -8.591543105465749619e+00 -7.365679038235171561e+00 -6.009179380238895973e+00 -5.050695612653533395e+00 -2.378150639029203539e+00 -3.075812876696249809e+00 -1.076515240378470573e-01 9.835498276622721414e-02 2.504888701249890826e+00 5.479596391861498716e+00 5.479596391861498716e+00 5.479596391861498716e+00 5.479596391861498716e+00
-1.062303954920828275e+01 -1.031332505446436620e+01 -9.991002344203309349e+00 -9.634088913423678235e+00 -9.286147630440101608e+00 -8.649499864039533747e+00 -7.520889247290318380e+00 -5.989557694495490026e+00 -5.266491759979557763e+00 -3.496898040409192276e+00 -2.818420503960463730e+00 -5.932940378527159497e-01 -2.500589305305591648e-01 2.512430463662053803e+00 5.421107940227445354e+00 5.421107940227445354e+00 5.421107940227445354e+00 5.421107940227445354e+00
-1.065041343334387136e+01 -1.034818225714854734e+01 -9.993502815481985380e+00 -9.633783705617725346e+00 -9.371679140562982013e+00 -8.801697617290720643e+00 -7.560543333881592609e+00 -5.816861685299225648e+00 -5.420458979424899404e+00 -3.930342397367655671e+00 -2.086200417315378974e+00 -1.005797347990809998e+00 -5.358201039572416668e-01 2.314343020808466544e+00 4.962800890158763245e+00 4.962800890158763245e+00 4.962800890158763245e+00 4.962800890158763245e+00
