-1.044659907645923802e+01 -1.034355418966521434e+01 -1.005135172463909576e+01 -9.714870205546297655e+00 -9.448652049400191544e+00 -9.004147210573339777e+00 -8.309282090839623436e+00 -7.280160930221586391e+00 -4.819535676977892535e+00 -3.258827762475178691e+00 -1.704881045960980446e+00 -1.457282143985672462e+00 4.756171003198146896e-01 1.846942462438583732e+00 4.710724030098747406e+00 4.710724030098747406e+00 4.710724030098747406e+00 4.710724030098747406e+00
-1.043119254827054831e+01 -1.025339822044747606e+01 -1.004693602424781318e+01 -9.868457043099549963e+00 -9.498940382920979530e+00 -9.002163205760510323e+00 -8.241936569428874648e+00 -6.983198782850378983e+00 -4.699050227481929909e+00 -2.361610443606725340e+00 -2.275813183416460106e+00 -2.731258967932110454e-02 5.137245003349211192e-01 2.057526213767342682e+00 4.680185423095421626e+00 4.680185423095421626e+00 4.680185423095421626e+00 4.680185423095421626e+00
-1.037536960258575824e+01 -1.009305961884920322e+01 -9.751053039916829590e+00 -9.707349309471911880e+00 -9.598935196260217850e+00 -9.071576112654989643e+00 -8.157309130403872288e+00 -6.948519452486867642e+00 -4.269280576306094588e+00 -2.018546422380091965e+00 -2.890954544075925003e+00 4.574926991474594085e-02 -2.260883360756002491e-01 2.104542405004169225e+00 4.875487509189715851e+00 4.875487509189715851e+00 4.875487509189715851e+00 4.875487509189715851e+00
-1.033054144964983756e+01 -1.031535924790384406e+01 -9.922300735638692970e+00 -9.365102365556847275e+00 -9.214566013591527494e+00 -9.060349697724731755e+00 -8.281880573764873077e+00 -6.811149188688503386e+00 -3.329238976169810904e+00 -2.502705764281354384e+00 -1.544944831907028027e+00 -9.245172931259462712e-02 5.069135256650262322e-01 2.281589721887849809e+00 4.679457911435230599e+00 4.679457911435230599e+00 4.679457911435230599e+00 4.679457911435230599e+00
-1.061612692598159491e+01 -1.030468823039524473e+01 -9.929912878387355590e+00 -9.642078248442425448e+00 -9.112462760498569736e+00 -8.690385611152473544e+00 -8.156945153386164549e+00 -6.127720531685475258e+00 -2.795452899958882131e+00 -3.063769329025480381e+00 -5.568499874004777528e-01 5.089873787731342969e-02 1.430677475423282718e+00 2.369883217924273922e+00 4.459449137635392191e+00 4.459449137635392191e+00 4.459449137635392191e+00 4.459449137635392191e+00
-1.046383370856685069e+01 -1.004894240368717995e+01 -1.013807600973886736e+01 -9.945952370922157115e+00 -9.373936387804537418e+00 -8.681341135707803858e+00 -7.885841150118485743e+00 -5.202555961603566814e+00 -2.608066189009640379e+00 -2.565461846349287534e+00 -1.140095898659475859e-01 6.512778097200958571e-01 1.184956978275566897e+00 2.159461279453179117e+00 4.400103673830876083e+00 4.400103673830876083e+00 4.400103673830876083e+00 4.400103673830876083e+00
-1.047944607632421565e+01 -1.028396307466706361e+01 -9.945584272100514767e+00 -9.780013637980678354e+00 -9.353298491892580557e+00 -8.671966404750897084e+00 -7.661714413112354016e+00 -3.627933906113518958e+00 -3.239001603607326363e+00 -1.005413423094069669e+00 6.838930311953958507e-02 1.488685718258391244e+00 1.565579302341519652e+00 3.248179051073060819e+00 4.194919242300280793e+00 4.194919242300280793e+00 4.194919242300280793e+00 4.194919242300280793e+00
-1.054959251105350937e+01 -1.009854986555851752e+01 -9.976055584457480307e+00 -9.772445402871500875e+00 -9.203011342483158330e+00 -8.271902367632787190e+00 -5.818800649968939531e+00 -2.327295100291800534e+00 -2.779740434382992120e+00 1.441842618094101858e-01 1.361828863919002153e+00 2.053678657521366802e+00 1.758158929190434927e+00 4.327071574427010958e+00 4.894135814962536912e+00 4.894135814962536912e+00 4.894135814962536912e+00 4.894135814962536912e+00
-1.047076532277228011e+01 -1.020971218824872651e+01 -9.611884676271294836e+00 -9.033524003181788942e+00 -8.297960814494746984e+00 -7.021599558506268046e+00 -3.950710314046838256e+00 -3.294019947776725132e+00 -9.353755897477845638e-01 1.002571968258662238e+00 2.065270212133498262e+00 2.739970988922782347e+00 3.442886812319132961e+00 4.752590967856491488e+00 4.920559344552132508e+00 4.920559344552132508e+00 4.920559344552132508e+00 4.920559344552132508e+00
-1.024539927222802582e+01 -1.011078757778330761e+01 -9.514777502224655237e+00 -8.560442165515974366e+00 -7.452016451894889926e+00 -5.115254118477724710e+00 -2.346706624612702186e+00 -2.970466045921219322e+00 -8.766718764183639712e-04 2.088245153147169297e+00 3.089780613015152611e+00 3.485859210780676065e+00 4.985080361522636672e+00 4.958754629358606003e+00 5.076065516665860144e+00 5.076065516665860144e+00 5.076065516665860144e+00 5.076065516665860144e+00
-1.018940281970013650e+01 -9.448377213397106900e+00 -8.759128275160737331e+00 -8.518418995195807142e+00 -6.777694051519011609e+00 -3.381953204190020656e+00 -3.494139432788492705e+00 -7.200020481737530176e-01 1.953032546459116947e+00 3.111265640778201558e+00 3.083131626778650158e+00 4.600450733199501485e+00 2.972845369919423497e+00 2.287276122623101760e+00 4.944487995086100263e+00 4.944487995086100263e+00 4.944487995086100263e+00 4.944487995086100263e+00
-9.884972755736917804e+00 -9.110575801676894514e+00 -8.244887776534685742e+00 -7.608075897726633841e+00 -4.818777871355375275e+00 -2.486709022657152435e+00 -2.626534739738163537e+00 3.642733257848619344e-01 2.918604166997787352e+00 3.178031027049920354e+00 4.434779371621226041e+00 3.769421315736846356e+00 1.258087111354371013e+00 2.486888428233531734e+00 4.776564309030772115e+00 4.776564309030772115e+00 4.776564309030772115e+00 4.776564309030772115e+00
-9.660213471038622046e+00 -8.601675575601015922e+00 -7.589475435886059884e+00 -6.017605242692727785e+00 -3.251750170963715547e+00 -3.378312654018049699e+00 -9.988466020622080443e-02 3.150759741179725459e+00 3.298569740717368415e+00 4.148123355260221246e+00 4.777391418254067545e+00 3.063837070395106568e-02 5.428100721140778351e-01 2.395195513893479067e+00 4.636406504513827187e+00 4.636406504513827187e+00 4.636406504513827187e+00 4.636406504513827187e+00
-1.011428478248364016e+01 -8.008655746515040974e+00 -6.546186127115166897e+00 -4.407328694894782295e+00 -2.503759037569929902e+00 -2.236250374391453466e+00 1.095020705115118398e+00 3.128265628917616503e+00 3.336778908358591700e+00 5.033686806809772207e+00 3.382453639274385804e+00 -1.910563395472683501e+00 3.963165922035071231e-01 2.594295991946909741e+00 4.673832733272137219e+00 4.673832733272137219e+00 4.673832733272137219e+00 4.673832733272137219e+00
-9.460161536185326625e+00 -7.498147610653004946e+00 -5.347032202185307170e+00 -3.053416273746671905e+00 -2.844456474745113095e+00 -1.724474733663758086e-01 3.117651388069623941e+00 3.175649171585322339e+00 3.659113119353868182e+00 5.678944732283902397e+00 4.496829800635167906e+00 -9.072072064678315950e-01 8.849362468289392325e-01 2.650170414995361323e+00 4.807423611486297155e+00 4.807423611486297155e+00 4.807423611486297155e+00 4.807423611486297155e+00
-9.205087626389049760e+00 -6.900345395344172239e+00 -4.357643015111554163e+00 -2.102995134667474897e+00 -1.834031913413411985e+00 9.901951084563942462e-01 3.041848220952821258e+00 3.112554954887711389e+00 4.213415513505342602e+00 6.251060045865548531e+00 6.166164686565338116e+00 1.955654416048363542e+00 6.144174278527878563e-01 2.756101764827996181e+00 4.914883377771674944e+00 4.914883377771674944e+00 4.914883377771674944e+00 4.914883377771674944e+00
-8.859520974517424818e+00 -5.998759208925424247e+00 -3.695188939921188798e+00 -2.432377733620381566e+00 -7.732866008297963889e-01 2.949730705391044872e+00 3.262862885571624627e+00 3.429165240889929578e+00 4.266236271560573279e+00 5.062606698788139070e+00 4.644701929341086277e+00 4.780046930103861058e+00 3.582745824865876116e+00 3.404696265704635127e+00 4.850726688560357047e+00 4.850726688560357047e+00 4.850726688560357047e+00 4.850726688560357047e+00
-7.747374521430297811e+00 -5.718498917432988549e+00 -3.243799988446561589e+00 -2.186066991692894756e+00 -4.036825419064145604e-01 2.718678529082050765e+00 3.539998536929299444e+00 3.918558350695624970e+00 4.102035335257042448e+00 3.210346654635643837e+00 3.294238157443169612e+00 3.149078757152202535e+00 3.955476300687433167e+00 5.102681571093857116e+00 4.694294901934199515e+00 4.694294901934199515e+00 4.694294901934199515e+00 4.694294901934199515e+00
-7.453028859413419305e+00 -5.832290903336972754e+00 -2.941685204257026953e+00 -1.579669634663530386e+00 1.203903837961277506e-01 3.077492383826519795e+00 3.132835252945730176e+00 3.923166490855061639e+00 3.793265938983286567e+00 1.740253584787581520e+00 1.374250226733906288e+00 1.461404523150283019e+00 2.784493257523413146e+00 4.364428295160894145e+00 4.597025833078633994e+00 4.597025833078633994e+00 4.597025833078633994e+00 4.597025833078633994e+00
-8.206398773931844914e+00 -5.857175050657265736e+00 -2.572770745300343886e+00 -1.139762650191576743e+00 1.543278755675403291e+00 3.105085060293927501e+00 3.176714416165531407e+00 4.092683155015845564e+00 3.238601366415597038e+00 1.535156989576240250e+00 -9.537923800313907741e-01 8.727237363178946827e-01 1.955118309093123230e+00 3.665910934837754986e+00 4.689018847914407040e+00 4.689018847914407040e+00 4.689018847914407040e+00 4.689018847914407040e+00
-8.158108098927474572e+00 -5.811869035459005239e+00 -3.119893443181742665e+00 -1.468439682578282612e+00 1.273857858363916185e+00 3.140550757694378525e+00 3.263307945086086015e+00 4.100980950538041014e+00 3.008090351784676653e+00 1.445420057811397818e+00 -3.730485225177235797e-01 9.675841323209276312e-02 1.274793733485389158e+00 3.325247141405020646e+00 4.805944122614096869e+00 4.805944122614096869e+00 4.805944122614096869e+00 4.805944122614096869e+00
-8.132089962059888322e+00 -6.233879778164503449e+00 -3.546216484664074464e+00 -2.127987534932574754e+00 -1.500782440780746955e-03 3.225118170777423465e+00 3.268038701876677887e+00 4.195367679813658768e+00 2.761602388556123167e+00 1.189377313410381776e+00 -2.785338490320250493e+00 -1.707700369668893936e+00 1.239674759905637691e+00 3.178258800740397572e+00 4.719755716729267192e+00 4.719755716729267192e+00 4.719755716729267192e+00 4.719755716729267192e+00
-8.047281236642465529e+00 -6.770913422178708174e+00 -3.767899292755470420e+00 -2.359903099233840784e+00 -1.873680685748863595e-01 3.184742564239180673e+00 3.262081930367735971e+00 4.005524114388615331e+00 2.380770089630520836e+00 1.121423036750802682e-01 -2.688192999695088403e+00 -1.590613980355191748e+00 1.320355651056974278e+00 3.486804599032184981e+00 4.663852965891960523e+00 4.663852965891960523e+00 4.663852965891960523e+00 4.663852965891960523e+00
-8.125907770971291910e+00 -7.089292588073837109e+00 -4.583118958253007413e+00 -2.498409273750289650e+00 -5.221979211475018534e-01 2.443588787010602559e+00 3.228419597387698570e+00 3.738210858174291662e+00 2.182122178694075210e+00 -3.165921254714652910e+00 -2.936416712615421698e+00 -1.299350585632218280e+00 1.303255957335469395e+00 3.703989079918321270e+00 4.519544837049162211e+00 4.519544837049162211e+00 4.519544837049162211e+00 4.519544837049162211e+00
-7.839781053875780614e+00 -7.189184481050800102e+00 -5.264356860686966399e+00 -3.176466507183729693e+00 -1.014291784981043776e+00 5.053417838544084217e-01 3.215195283733929266e+00 3.039829309666028490e+00 2.075571118262705905e+00 -4.181822499018880812e+00 -2.826615202253014658e+00 -5.885106768276378020e-01 1.589388267666008270e+00 3.709464172104895763e+00 4.572272869989046917e+00 4.572272869989046917e+00 4.572272869989046917e+00 4.572272869989046917e+00
-8.346610628276405208e+00 -7.696438145914571649e+00 -6.255515219349593536e+00 -4.036291413011803719e+00 -2.396421554687643951e+00 -6.926323398167938405e-01 2.808159453150762541e-01 2.873489551259057251e+00 1.393810050047576521e+00 -3.744945433152436109e+00 -1.625466239962334081e+00 1.109330620302246162e+00 1.903186465882419798e+00 4.189541119922481904e+00 4.675805554697003430e+00 4.675805554697003430e+00 4.675805554697003430e+00 4.675805554697003430e+00
-8.871342129159497603e+00 -7.816062437152925924e+00 -6.850500028951382880e+00 -5.231567454822143581e+00 -3.423616021199925807e+00 -1.745140625089055764e+00 -7.643343113691356550e-01 -3.275672613794980981e-01 2.079466687204619912e+00 -9.324422951809397953e-01 -4.308904776532637149e-01 -1.596381757317393568e-01 2.129156636791675439e+00 4.477039726960976296e+00 4.597993899322786682e+00 4.597993899322786682e+00 4.597993899322786682e+00 4.597993899322786682e+00
-9.084336324604102231e+00 -8.298618368532512335e+00 -7.573917740330758264e+00 -6.091512355620336550e+00 -4.505473030120176858e+00 -3.140098291118560869e+00 -1.604636086125974970e+00 -1.245538489454004027e+00 2.823375095111551047e-01 1.521000143893503687e+00 -3.277135460730479233e-01 6.907175420693381640e-02 1.846780481295067222e+00 4.482356234328753963e+00 4.522024629202086032e+00 4.522024629202086032e+00 4.522024629202086032e+00 4.522024629202086032e+00
-9.375469167415300120e+00 -8.604490108266901416e+00 -8.073215578134650627e+00 -7.360546709046782432e+00 -6.141499162654946886e+00 -4.449290660052241719e+00 -2.680432506772373547e+00 -2.214262588852561109e+00 -1.183259059434535132e+00 1.599623467645171271e+00 3.675321871891529257e-01 -2.616864466393474808e-01 1.478232379257282680e+00 4.110968198698016884e+00 4.442063841019706416e+00 4.442063841019706416e+00 4.442063841019706416e+00 4.442063841019706416e+00
-1.014570256567353823e+01 -9.104972661605430062e+00 -8.696739165351500489e+00 -8.320436658920758788e+00 -7.491727289105609700e+00 -6.624169048412293925e+00 -4.252412982482969284e+00 -2.351802203825400284e+00 -1.760311445730422086e+00 -2.802258804553218186e-01 1.350697902249494486e+00 2.714916267145893736e-01 -4.780481991724511714e-01 3.985699516925799379e+00 4.617358607974058948e+00 4.617358607974058948e+00 4.617358607974058948e+00 4.617358607974058948e+00
-1.034692876510633752e+01 -9.934487999658651702e+00 -9.458611168179871243e+00 -9.090931976424929672e+00 -8.534140359881035920e+00 -7.404242537341920283e+00 -5.759445862746575884e+00 -3.249759010614037713e+00 -2.803074355919269234e+00 -2.515647238304232758e+00 -5.866700420803490357e-02 1.172327179790671803e+00 -3.868601991790873162e-01 4.451733263701419752e+00 4.607018849027697982e+00 4.607018849027697982e+00 4.607018849027697982e+00 4.607018849027697982e+00
-1.051703210863568039e+01 -1.005123278698557421e+01 -9.642331812593878837e+00 -9.291045474672511517e+00 -8.922728531230788462e+00 -7.889347642842947650e+00 -6.336219194292600498e+00 -4.805172110124039442e+00 -3.486814471906722890e+00 -2.809983474020236294e+00 -1.785702617997654285e+00 5.126088534761801263e-01 -4.962840982343521556e-01 3.939052098962782189e+00 4.483378310228715691e+00 4.483378310228715691e+00 4.483378310228715691e+00 4.483378310228715691e+00
-1.048532276509215500e+01 -1.020668768892416267e+01 -9.846798650672509368e+00 -9.454343553691195723e+00 -9.036806683399497331e+00 -8.173729481239838890e+00 -6.667890963054103892e+00 -5.588552863068711574e+00 -3.819232101184345751e+00 -2.981863004356409164e+00 -2.525095247744636673e+00 5.239652891941276591e-02 5.726431589040708037e-01 3.065843935750792948e+00 4.409548637147130634e+00 4.409548637147130634e+00 4.409548637147130634e+00 4.409548637147130634e+00
-1.051208355091098134e+01 -1.025451428887104299e+01 -9.913752081119856285e+00 -9.542482452074512622e+00 -9.176711298617931334e+00 -8.323514166210051357e+00 -6.983226232101523934e+00 -5.779164357741677804e+00 -4.655386912632622831e+00 -2.500593329036348234e+00 -2.579219882717669332e+00 -1.160892426670106642e-01 7.826946494259825471e-01 2.714634659545610340e+00 4.408990543451326793e+00 4.408990543451326793e+00 4.408990543451326793e+00 4.408990543451326793e+00
-1.054476193093928948e+01 -1.030553048083133305e+01 -1.008766584607756833e+01 -9.578738007880204464e+00 -9.208543596554601862e+00 -8.539192998260601186e+00 -7.277599628756009409e+00 -5.854949986898906111e+00 -5.490294661329951253e+00 -3.407031496784313163e+00 -1.428895520583285395e+00 -9.633218636069137419e-01 3.829273351529356439e-01 2.606432932616797427e+00 4.354686683798212776e+00 4.354686683798212776e+00 4.354686683798212776e+00 4.354686683798212776e+00
-1.059170401594295896e+01 -1.028562003758115218e+01 -9.921873421244928437e+00 -9.629117914074010187e+00 -9.461168626681898175e+00 -8.646154168234033932e+00 -7.434660337115531092e+00 -5.965818860152097614e+00 -5.750189435323981968e+00 -4.097412154796782779e+00 -2.108736638595670065e+00 -1.680890404012798101e+00 4.393221700346365555e-02 2.297266312857035420e+00 4.485257031621211254e+00 4.485257031621211254e+00 4.485257031621211254e+00 4.485257031621211254e+00
-1.062023447942239507e+01 -1.028801568502710495e+01 -1.006563434658281153e+01 -9.723035762108185764e+00 -9.302152929980463725e+00 -8.776589281122767261e+00 -7.542734646459660297e+00 -5.816575772854633009e+00 -5.346753782893455487e+00 -4.150139386274430464e+00 -2.328489016075233398e+00 -2.179496917262734534e+00 -1.643835136822075216e-01 2.168918303160913830e+00 4.407470858228030863e+00 4.407470858228030863e+00 4.407470858228030863e+00 4.407470858228030863e+00
-1.066871573154475961e+01 -1.046258263551057688e+01 -1.004943746613283295e+01 -9.735965647264476885e+00 -9.391020974676655086e+00 -8.774942153915491261e+00 -7.592141761350617912e+00 -5.986891884349938131e+00 -5.274725478413767377e+00 -3.844286034472601976e+00 -5.058623254492765398e+00 -1.912662353927408354e+00 -5.128519033246223824e-01 2.114944336482653675e+00 4.297072645092185894e+00 4.297072645092185894e+00 4.297072645092185894e+00 4.297072645092185894e+00
-1.076635420035276880e+01 -1.042014608948029064e+01 -1.002179250371948882e+01 -9.730143829627021290e+00 -9.461856285238180675e+00 -8.824039223935686849e+00 -7.651416511315947133e+00 -6.029441444769329195e+00 -5.358455536419389986e+00 -3.400837504587310711e+00 -3.833060323406260128e+00 -2.774113542467771865e+00 -5.100659098003506031e-01 2.264227531941438887e+00 4.330640717739515644e+00 4.330640717739515644e+00 4.330640717739515644e+00 4.330640717739515644e+00
-1.070887958897996306e+01 -1.045772479823473589e+01 -1.002907841854041493e+01 -9.738331272168208486e+00 -9.453746947350463614e+00 -8.980474005321227082e+00 -7.666085038460338730e+00 -5.786139748033841457e+00 -5.361140864600892897e+00 -3.678648365031600420e+00 -3.985548882778091162e+00 -2.195509193598796926e+00 -6.436961598532118245e-01 2.268414557233918938e+00 4.312995235684520701e+00 4.312995235684520701e+00 4.312995235684520701e+00 4.312995235684520701e+00
