-1.048152638418961402e+01 -1.022062356427949581e+01 -9.939974996851228539e+00 -9.639792744495101928e+00 -9.280818390225428871e+00 -8.890488950863556283e+00 -8.177656706922768137e+00 -6.302821562154207413e+00 -4.105975632428465083e+00 -3.960222532380492932e+00 -2.807650963461476579e+00 -2.493037833873771036e-01 2.030372421677814287e+00 2.180302500505376884e+00 5.653958187563310922e+00 5.653958187563310922e+00 5.653958187563310922e+00 5.653958187563310922e+00
-1.047691089879881154e+01 -1.008832300286722550e+01 -9.946206171161801279e+00 -9.736809600437819512e+00 -9.354832057850359206e+00 -8.798544482074287743e+00 -7.899727300095055860e+00 -5.857390394603168460e+00 -3.871734563423200992e+00 -4.347974565722115159e+00 -1.876378435256622845e+00 -1.163267721131520244e-01 1.651720370342713018e+00 2.080267496935520821e+00 5.442136701937562826e+00 5.442136701937562826e+00 5.442136701937562826e+00 5.442136701937562826e+00
-1.012305279856924045e+01 -9.814083340305140624e+00 -9.952615002032864311e+00 -9.845937082881697222e+00 -9.477148635210488337e+00 -8.897896488700853368e+00 -7.814623547662214342e+00 -5.294924712941043943e+00 -3.007317324693469462e+00 -3.408088351404467531e+00 -9.688247277151313952e-01 -1.655331388887663346e-01 2.147258425766198187e+00 2.120282382792745945e+00 5.758131345764708975e+00 5.758131345764708975e+00 5.758131345764708975e+00 5.758131345764708975e+00
-1.039441557318144582e+01 -1.011361605730447977e+01 -9.683839718246922246e+00 -9.303620503417104004e+00 -9.315622627890341789e+00 -8.945509161011749200e+00 -7.670316201709958648e+00 -4.253968216425851878e+00 -3.133704571367256442e+00 -2.359721204755417023e+00 -7.184138200975865862e-01 4.561381097301037690e-01 2.110226227138176647e+00 2.139650795314321119e+00 5.330714741237795096e+00 5.330714741237795096e+00 5.330714741237795096e+00 5.330714741237795096e+00
-1.050872965295644690e+01 -1.016316725228426066e+01 -9.914658626179344125e+00 -9.415676157908155375e+00 -8.889153722892100262e+00 -8.597858357066023416e+00 -6.943864593463309198e+00 -4.169333302373062544e+00 -3.888737214861524460e+00 -2.883712874162315920e+00 -5.880620361336128532e-01 1.924180586991007358e+00 1.716342289352976280e+00 2.396286886089118884e+00 5.053685410630133212e+00 5.053685410630133212e+00 5.053685410630133212e+00 5.053685410630133212e+00
-1.014368415960729308e+01 -1.014626175836009203e+01 -1.014396803630618571e+01 -9.773759076972648785e+00 -9.196075851415500324e+00 -8.203103051280137947e+00 -6.444145819642677964e+00 -4.753855206414189460e+00 -4.034571283735026270e+00 -2.021612310375601851e+00 -3.783467408899553464e-01 1.534200330185451877e+00 1.595070023943559567e+00 2.140634229132523103e+00 4.731609634391604757e+00 4.731609634391604757e+00 4.731609634391604757e+00 4.731609634391604757e+00
-1.050795302123377262e+01 -1.017744180425196099e+01 -1.001750884473013414e+01 -9.669518712714939568e+00 -9.181753578198126320e+00 -8.180833275738581989e+00 -5.324049396620413432e+00 -4.985358688846050157e+00 -3.619526383873582720e+00 -1.586928033772863511e+00 1.795547804463171193e-01 1.867619434003237266e+00 1.710346456498881285e+00 3.017761619341240653e+00 4.355242498820071972e+00 4.355242498820071972e+00 4.355242498820071972e+00 4.355242498820071972e+00
-1.039144169810138330e+01 -1.020545302843056845e+01 -1.004961786035531368e+01 -9.591197693924991441e+00 -9.069086301384331250e+00 -7.850997227850903926e+00 -4.293243085900574130e+00 -4.542811493407650225e+00 -3.254252730005481098e+00 -9.679811402425622102e-01 9.655725393647012211e-01 2.014776003085695599e+00 1.901970548342636569e+00 4.256024891975245694e+00 5.800873634734471374e+00 5.800873634734471374e+00 5.800873634734471374e+00 5.800873634734471374e+00
-1.047242642878324759e+01 -9.945365594231601492e+00 -9.618666757591004313e+00 -9.529802609547967762e+00 -8.563718247877821099e+00 -6.859686515330422729e+00 -3.693902128432298149e+00 -4.718906643506681320e+00 -2.278093478157579899e+00 -4.015462450535211558e-01 1.842121781903826250e+00 2.601274557070405891e+00 3.178174472109817295e+00 4.749410354960814651e+00 5.569957299617444235e+00 5.569957299617444235e+00 5.569957299617444235e+00 5.569957299617444235e+00
-1.043219957021586630e+01 -1.014425396353781927e+01 -9.279905581202870124e+00 -8.425974739139743264e+00 -7.601260499993407471e+00 -5.554632992225935872e+00 -2.730753559479928150e+00 -3.993615837037225447e+00 -1.018356945402077995e+00 7.552570026095171141e-01 2.700578957542760783e+00 3.351428271312283158e+00 4.898478097675431187e+00 4.940250073667992403e+00 5.600885872029230050e+00 5.600885872029230050e+00 5.600885872029230050e+00 5.600885872029230050e+00
-1.026451025147410334e+01 -9.667031223694072750e+00 -8.944180453486019644e+00 -8.454177430900186252e+00 -6.805829040097854943e+00 -4.411608485650432065e+00 -3.534710096274704672e+00 -2.801418664146633208e+00 -1.793714608722347947e-01 1.955126513391547194e+00 2.798619489680479244e+00 4.490826709749687673e+00 3.112909001323998393e+00 2.194607968554679989e+00 5.669423260261282849e+00 5.669423260261282849e+00 5.669423260261282849e+00 5.669423260261282849e+00
-9.896324757547622752e+00 -9.133873149367229161e+00 -8.596583057758669710e+00 -7.732920094087740281e+00 -6.073892313345317540e+00 -3.446582556843960976e+00 -4.066091909378088509e+00 -2.400966341542689619e+00 1.034228656486700232e-01 3.073485258146071430e+00 4.274253532946183931e+00 3.685531115353948728e+00 1.961726566584389708e+00 2.538452302497717916e+00 5.678480169159159097e+00 5.678480169159159097e+00 5.678480169159159097e+00 5.678480169159159097e+00
-9.495673671682171246e+00 -8.817810346928911969e+00 -7.907516872957463860e+00 -6.869612389279456721e+00 -4.949778011467561356e+00 -2.362287292703679764e+00 -3.875801544640074425e+00 -7.649929900965847240e-01 1.509187628746050613e+00 3.917453278898733071e+00 4.448315288679648205e+00 2.007659208968439746e+00 1.798641019864044566e+00 2.380448499439046461e+00 5.454188648182133115e+00 5.454188648182133115e+00 5.454188648182133115e+00 5.454188648182133115e+00
-9.840530943683553744e+00 -8.183411750657667127e+00 -7.301904271762931664e+00 -5.807440843223749205e+00 -3.848941747995636042e+00 -2.156091390722569834e+00 -2.968723910217976325e+00 4.458360397137155484e-01 3.193413015308292469e+00 4.841101277773334211e+00 3.197444386493954127e+00 -1.951714244444128443e+00 3.207739755873934562e-01 2.469683124246127015e+00 5.620123385601979216e+00 5.620123385601979216e+00 5.620123385601979216e+00 5.620123385601979216e+00
-9.738922419210325643e+00 -7.793143137590631042e+00 -6.436635711161001083e+00 -4.833698846809990179e+00 -2.875049421013843087e+00 -2.201868617832511532e+00 -2.560921778627696987e+00 4.135055811956810379e-01 3.265709873476122738e+00 5.272900743650438926e+00 4.242645942414092097e+00 -1.117220380024930293e+00 9.905431008189022890e-01 2.417372292913487986e+00 5.527158466581365559e+00 5.527158466581365559e+00 5.527158466581365559e+00 5.527158466581365559e+00
-9.065102940271994925e+00 -7.343499882461610007e+00 -5.766988225341889596e+00 -4.070835669617317798e+00 -3.047389737491223105e+00 -2.336965874095334073e+00 -2.030692175774444941e+00 2.087749076199625353e+00 3.870227841666286750e+00 5.896216963179260695e+00 5.780978465846345671e+00 1.910662532806008507e+00 6.664272678362362923e-01 2.655483319091915817e+00 5.533247328595603420e+00 5.533247328595603420e+00 5.533247328595603420e+00 5.533247328595603420e+00
-8.917736425442729598e+00 -6.911379793653408932e+00 -5.163366669599692926e+00 -3.629721169291159288e+00 -3.619022736923383388e+00 -2.808492155152319203e+00 -1.181252943484429441e+00 2.806323505399011875e+00 4.082576782283706684e+00 4.913150646517724596e+00 4.566437991749326741e+00 4.515386488550126032e+00 3.389740077941638230e+00 3.323018252245451887e+00 5.604644314840193431e+00 5.604644314840193431e+00 5.604644314840193431e+00 5.604644314840193431e+00
-8.297037953864721871e+00 -6.687077254986862229e+00 -4.974566969270523664e+00 -3.031326431463194027e+00 -2.787597826192696360e+00 -3.188170797703946846e+00 3.910132662243935575e-02 3.834540214707318206e+00 3.859929890663261531e+00 3.194308441776388285e+00 3.173067982630976225e+00 3.134515988008476306e+00 3.806369004938170875e+00 5.080798311176693893e+00 5.478805168971638828e+00 5.478805168971638828e+00 5.478805168971638828e+00 5.478805168971638828e+00
-7.838877853247955940e+00 -6.634850273929386866e+00 -4.695579615312252209e+00 -2.993256537644851445e+00 -1.547053212121919819e+00 -2.023851856407596905e+00 4.613275503428667657e-01 3.669303270540344553e+00 3.617864818452491971e+00 1.805667427534434211e+00 1.620604349163006885e+00 1.680237752290492326e+00 2.752607940726070179e+00 4.260903978805360204e+00 5.386026896137998676e+00 5.386026896137998676e+00 5.386026896137998676e+00 5.386026896137998676e+00
-7.837509490768494125e+00 -6.509488721959013624e+00 -4.833322779333857788e+00 -2.989105249168616307e+00 -1.522579067018181131e+00 -1.109353078891034627e+00 2.157948929602587551e+00 3.897826742889777929e+00 3.011910795414602937e+00 1.600589970020356523e+00 1.255229801332070849e+00 1.232274331935605538e+00 1.950679678418856700e+00 3.590967237877317420e+00 5.270400983612783641e+00 5.270400983612783641e+00 5.270400983612783641e+00 5.270400983612783641e+00
-8.100694006171750061e+00 -6.387653173643557558e+00 -4.757694459396630826e+00 -3.050253050822250067e+00 -1.574298978694925966e+00 -3.879394703941140277e-01 3.034179911812874941e+00 3.917916802921139752e+00 2.878234114791097475e+00 1.538800378813427461e+00 9.806204034810044323e-01 7.795055089745174248e-01 1.294454458398494490e+00 3.194213027984857067e+00 5.487393706220336398e+00 5.487393706220336398e+00 5.487393706220336398e+00 5.487393706220336398e+00
-8.181943734823892811e+00 -7.023731454277195141e+00 -4.858094108821392254e+00 -2.946314812691360974e+00 -1.554014057281350780e+00 -1.051932420525971468e+00 2.026234468084337603e+00 3.941675197662162677e+00 2.644918174644753428e+00 1.366773231942052469e+00 -7.756822267148503203e-01 -1.484889698903593569e+00 1.138898417121310569e+00 3.028752516198089939e+00 5.465608785161966132e+00 5.465608785161966132e+00 5.465608785161966132e+00 5.465608785161966132e+00
-8.234027260449966690e+00 -7.091677611527607894e+00 -5.315762477844387490e+00 -3.152609970901618652e+00 -2.405979565502889272e+00 -1.377210364982903279e+00 5.910998426596679733e-01 3.783026829133946833e+00 2.260341143215768511e+00 1.218147429777305168e+00 -2.306697184651328669e+00 -1.438103568780982444e+00 1.137572614924160730e+00 3.393551657785663700e+00 5.489579173670178669e+00 5.489579173670178669e+00 5.489579173670178669e+00 5.489579173670178669e+00
-8.160983191624083588e+00 -7.393671697588923841e+00 -5.643703164511647330e+00 -3.887814814781744843e+00 -1.953955369458553415e+00 -1.483878995800606226e+00 -2.937228416485295202e-01 3.410325074660755629e+00 2.091707262387701771e+00 1.048210710953175306e+00 -2.478050163099641434e+00 -1.256672008567657040e+00 1.147562177784221760e+00 3.716242929517129312e+00 5.300125728304484696e+00 5.300125728304484696e+00 5.300125728304484696e+00 5.300125728304484696e+00
-8.185166813762403848e+00 -7.282777866860687510e+00 -6.004314259765712869e+00 -4.572106265495851751e+00 -2.993554818575025145e+00 -1.574289725195330725e+00 -1.377566206524426962e+00 4.509750704526606646e-01 2.344383944734202974e+00 -3.184283347544051068e+00 -2.368360890430292187e+00 -2.364354959824271352e-01 1.430131840880338290e+00 3.699733954032133898e+00 5.146298897221342372e+00 5.146298897221342372e+00 5.146298897221342372e+00 5.146298897221342372e+00
-8.327292441660132383e+00 -7.668776779706318436e+00 -6.379550738325420411e+00 -5.165319691365506394e+00 -3.860915602749486641e+00 -2.097902611338514856e+00 -2.054816653814371286e+00 -6.441112270543956075e-01 2.236332506923143004e+00 -2.790221782675337714e+00 1.559727983106927729e-01 9.838945883726175623e-01 1.810502357269104357e+00 4.314787134140453340e+00 5.580019626400244626e+00 5.580019626400244626e+00 5.580019626400244626e+00 5.580019626400244626e+00
-8.745200075890155134e+00 -7.859164314414807784e+00 -6.856438474501910463e+00 -5.800901277508742737e+00 -4.707608402272267512e+00 -3.295920581179904385e+00 -1.750915548677872025e+00 -2.173990724891448956e+00 7.686811719746793337e-01 1.324942706799907333e+00 1.869123367735076591e-01 8.877067941417345898e-01 2.116631769697711274e+00 4.855565741563299120e+00 5.447628945859313454e+00 5.447628945859313454e+00 5.447628945859313454e+00 5.447628945859313454e+00
-9.123123621820342422e+00 -8.196181389171815823e+00 -7.314980448130469881e+00 -6.339111253080607078e+00 -5.459906225433387661e+00 -4.308190433443864542e+00 -2.219553108159662003e+00 -3.447224239160317616e+00 -4.521506777943474775e-01 1.668530138990524048e+00 1.088097879599394302e+00 4.161982851514957615e-01 1.643372320707661371e+00 5.069111489922935476e+00 5.397970241728332397e+00 5.397970241728332397e+00 5.397970241728332397e+00 5.397970241728332397e+00
-9.413881519287272681e+00 -8.514425685629220197e+00 -7.810655904907799041e+00 -7.143845570716003124e+00 -6.357499171839880781e+00 -5.264370889289300415e+00 -2.845261005433784351e+00 -2.655905153094943572e+00 -2.119987565541946672e+00 1.324481021718477702e+00 1.271785994377172768e+00 9.760468166996626449e-01 1.024515148019260469e+00 4.057503482454044352e+00 5.307397958212919598e+00 5.307397958212919598e+00 5.307397958212919598e+00 5.307397958212919598e+00
-9.781062935212737841e+00 -8.935522879619371750e+00 -8.404490493646335381e+00 -7.907030649438240744e+00 -7.295806948733472019e+00 -6.345790424488916059e+00 -3.934366466844119170e+00 -2.962251837036826263e+00 -2.320011742304226576e+00 3.740485757487964635e-01 1.375886184019744274e+00 1.118278673729163231e+00 2.810500773438754929e-01 3.858462948543947224e+00 5.025252281847595093e+00 5.025252281847595093e+00 5.025252281847595093e+00 5.025252281847595093e+00
-1.023356802776707397e+01 -9.698495369507165620e+00 -9.167454319322681400e+00 -8.651912213636892446e+00 -8.047019388964374187e+00 -7.047688685821694499e+00 -4.876168540290547249e+00 -2.919861103236781830e+00 -3.308578388008582394e+00 1.717764620171572387e-01 1.417457439828217147e+00 1.191912256291100425e+00 6.219824419299269103e-01 4.714796625536624042e+00 5.610426682345789118e+00 5.610426682345789118e+00 5.610426682345789118e+00 5.610426682345789118e+00
-1.038826358504458724e+01 -9.968704300936472862e+00 -9.441284299276020420e+00 -9.052764365969515836e+00 -8.395985247380165717e+00 -7.419248688422859672e+00 -6.002448847908743446e+00 -2.998871232052968683e+00 -3.282651079305775710e+00 -1.561621736490327983e+00 1.128708465625381407e+00 1.251767485224020371e+00 9.147655774083649494e-01 3.077878446335089446e+00 5.478036001804863275e+00 5.478036001804863275e+00 5.478036001804863275e+00 5.478036001804863275e+00
-1.046849987505095392e+01 -1.008840755062440309e+01 -9.685279745704251653e+00 -9.229934304838705472e+00 -8.649418025461592663e+00 -7.739760444412713269e+00 -6.483658825500100420e+00 -3.432435431227847111e+00 -2.882876392595048465e+00 -2.732418057138817691e+00 8.505669107683490049e-01 1.271923628289907793e+00 9.625074378584039803e-01 1.931315249149116342e+00 5.407864185498287846e+00 5.407864185498287846e+00 5.407864185498287846e+00 5.407864185498287846e+00
-1.044748866074424853e+01 -1.012498629853813625e+01 -9.765640978560025331e+00 -9.344898806227185162e+00 -8.777822605308857717e+00 -7.958614828550801157e+00 -6.821048601244541487e+00 -4.888548017484827923e+00 -2.120705459364534917e+00 -3.798817413949340693e+00 2.863737701352341292e-01 1.246271746558983873e+00 1.011748831153765682e+00 2.271804656489530672e+00 5.337692369191722186e+00 5.337692369191722186e+00 5.337692369191722186e+00 5.337692369191722186e+00
-1.044586500747800173e+01 -1.014998913346260245e+01 -9.859717754476722718e+00 -9.417893816299745424e+00 -8.888615604113963897e+00 -8.158651326586291219e+00 -7.079982319249462641e+00 -5.293543166844128400e+00 -2.781010997281165409e+00 -4.066793873902231127e+00 2.170108499030009852e-01 1.185688477608017877e+00 9.302130707337311621e-01 2.674348170830233684e+00 4.908994671132411725e+00 4.908994671132411725e+00 4.908994671132411725e+00 4.908994671132411725e+00
-1.049953315161112499e+01 -1.014452855988697877e+01 -9.839531944701388255e+00 -9.467931752116577115e+00 -8.989730004398538199e+00 -8.286015908026483245e+00 -7.184526652936654045e+00 -5.790021519495274660e+00 -3.281902926700279721e+00 -4.624960598765238018e+00 -1.098304836263743089e+00 9.623866819125466154e-01 9.537697513480113409e-01 2.210422268915578137e+00 5.640833738291330945e+00 5.640833738291330945e+00 5.640833738291330945e+00 5.640833738291330945e+00
-1.052395335043354763e+01 -1.016092938298856296e+01 -9.886449601749109917e+00 -9.523342473052194279e+00 -9.059057614320115803e+00 -8.425388228833405435e+00 -7.341531990758490167e+00 -5.943389113743692498e+00 -3.250393603109233087e+00 -3.154606607637095550e+00 -2.874196170587843380e+00 5.373573372022671935e-01 9.815215768682690189e-01 2.360137114134838843e+00 5.570661921984763509e+00 5.570661921984763509e+00 5.570661921984763509e+00 5.570661921984763509e+00
-1.049330825747381724e+01 -1.021917438556160107e+01 -9.884027767420871413e+00 -9.548534096118924452e+00 -9.133920878676381250e+00 -8.466055380764009541e+00 -7.456772076316178222e+00 -6.085011923010474000e+00 -3.829809540105595378e+00 -3.667730168920517286e+00 -3.203860830655507197e+00 1.042513702238149209e-01 1.024753928662211599e+00 2.321490718391191699e+00 5.438271241443841220e+00 5.438271241443841220e+00 5.438271241443841220e+00 5.438271241443841220e+00
-1.058293445186499504e+01 -1.024912304064870128e+01 -9.951651067293838082e+00 -9.599794797313757400e+00 -9.218786321583914756e+00 -8.515957772448947694e+00 -7.554270120441691994e+00 -6.042117844160760143e+00 -3.981039761263061028e+00 -3.924711610579004084e+00 -3.351190197162368101e+00 -2.275059094165285678e-01 8.468554350061127112e-01 2.417162507942320460e+00 5.368099425137252467e+00 5.368099425137252467e+00 5.368099425137252467e+00 5.368099425137252467e+00
-1.063131256526159163e+01 -1.029831836896033082e+01 -9.960113995168942580e+00 -9.632843992324616522e+00 -9.292227504858548315e+00 -8.691438201012255504e+00 -7.629212127532315257e+00 -6.054011353619081603e+00 -4.715628002014397246e+00 -3.788434507510042071e+00 -3.111566689733306745e+00 -5.162072815397980019e-01 9.206718098880681822e-01 2.536971056087267584e+00 4.801220424153570754e+00 4.801220424153570754e+00 4.801220424153570754e+00 4.801220424153570754e+00
