-1.042014253794541823e+01 -1.020012370045876793e+01 -9.967128529970509021e+00 -9.732189233195736477e+00 -9.398488316252981534e+00 -8.975512928337833429e+00 -8.297715027828667544e+00 -7.311400038077955799e+00 -4.870866473960264287e+00 -3.092567222559148732e+00 -1.935292637726518938e+00 -1.678328938411371540e+00 5.080119019391462487e-01 1.821881997350919713e+00 4.207801384085925633e+00 4.207801384085925633e+00 4.207801384085925633e+00 4.207801384085925633e+00
-1.041477103597982712e+01 -1.020428522645225122e+01 -1.005351467636130991e+01 -9.939428055498726877e+00 -9.425256718547515788e+00 -8.987361313368776194e+00 -8.284559868438091002e+00 -7.015953697022149882e+00 -4.850098013714440270e+00 -2.068209978770956248e+00 -2.181680425460468253e+00 -3.316160832667014446e-01 5.274284624348059003e-01 2.071948880342814547e+00 4.257251270980221491e+00 4.257251270980221491e+00 4.257251270980221491e+00 4.257251270980221491e+00
-1.037659073209415439e+01 -1.014498593202176124e+01 -9.722838416326990085e+00 -9.692234019635284525e+00 -9.552663070609035856e+00 -9.072093644618318464e+00 -8.207526366698079556e+00 -6.939320652598384598e+00 -4.334391343101373195e+00 -2.087763275289274301e+00 -3.032921194902431949e+00 -3.385332188984923052e-01 -1.931999759649783988e-01 2.165216068917780401e+00 4.477153120927328089e+00 4.477153120927328089e+00 4.477153120927328089e+00 4.477153120927328089e+00
-1.034584300141893820e+01 -1.020974905716057179e+01 -9.958127458137676413e+00 -9.349563796634136281e+00 -9.229201068962687771e+00 -9.095163271736321775e+00 -8.296863322294258936e+00 -6.739850580448417894e+00 -3.127390673201505766e+00 -2.889982307504316950e+00 -1.220783896145988923e+00 1.429274192619792716e-01 3.458036779052132137e-01 2.320465104178532023e+00 4.488171949444658360e+00 4.488171949444658360e+00 4.488171949444658360e+00 4.488171949444658360e+00
-1.073623961590406140e+01 -1.025502548476845632e+01 -9.952084418838365920e+00 -9.606540984384785986e+00 -9.102719726226137453e+00 -8.711276635106083077e+00 -8.183763943811040775e+00 -6.247770113045897133e+00 -2.514855444186672617e+00 -2.857989793040026871e+00 -6.056363423860652295e-01 -5.098639994196738079e-02 1.482032945663439349e+00 2.358734751797514129e+00 4.071010055555633222e+00 4.071010055555633222e+00 4.071010055555633222e+00 4.071010055555633222e+00
-1.050492822105508850e+01 -9.887858595915533400e+00 -1.010217868803359842e+01 -9.782528544552258509e+00 -9.299346201469381512e+00 -8.706599801912147996e+00 -7.888700455918932875e+00 -5.097181589561003534e+00 -2.752764019005363494e+00 -2.572569222078294082e+00 6.356844352178955826e-02 1.178421003176401971e+00 1.169429570740423641e+00 2.139992866486599254e+00 4.392102442690223540e+00 4.392102442690223540e+00 4.392102442690223540e+00 4.392102442690223540e+00
-1.043227607585674832e+01 -1.025709361438732614e+01 -9.935025239206931147e+00 -9.665246428124998346e+00 -9.306692611011477823e+00 -8.693666578783407317e+00 -7.720559385044241552e+00 -3.584817647263428331e+00 -3.229647593242091830e+00 -9.720138318462030469e-01 -3.393267739540046790e-01 1.341794713319522048e+00 1.585215087716183913e+00 3.345908314415307672e+00 4.201724230193440768e+00 4.201724230193440768e+00 4.201724230193440768e+00 4.201724230193440768e+00
-1.058831188785469912e+01 -1.016164810062650226e+01 -9.904679931815529415e+00 -9.718393313396271438e+00 -9.189005422384189714e+00 -8.245681241037789988e+00 -5.906349180744602911e+00 -2.248409665077628183e+00 -2.667790272426911358e+00 9.847721384653358029e-03 1.519669317869097647e+00 2.103277607593249776e+00 1.804978247642004874e+00 4.370781314248008087e+00 4.869504805934053770e+00 4.869504805934053770e+00 4.869504805934053770e+00 4.869504805934053770e+00
-1.050860603926225245e+01 -1.030982468458342893e+01 -9.762624154941196508e+00 -9.071604808938424469e+00 -8.192601992359531238e+00 -7.095363194711936217e+00 -3.782431222491680067e+00 -3.301079064905045435e+00 -7.106549206740173652e-01 1.329181044048622917e+00 2.121093073471322032e+00 2.774288756000746314e+00 3.425691996762059155e+00 4.823614375562463863e+00 5.045270597481488650e+00 5.045270597481488650e+00 5.045270597481488650e+00 5.045270597481488650e+00
-1.025555662575723126e+01 -1.002048297837996849e+01 -9.617895521504033596e+00 -8.484687758607595498e+00 -7.405428007154348791e+00 -5.082731981333621363e+00 -2.298139305720391601e+00 -2.758727441895956201e+00 3.854849690707525256e-01 2.113494606847225121e+00 3.051339373465338234e+00 3.495633459346685790e+00 4.978597400130773565e+00 4.948795432999993693e+00 5.031138811434006541e+00 5.031138811434006541e+00 5.031138811434006541e+00 5.031138811434006541e+00
-1.023744944879605967e+01 -9.445829056054261486e+00 -8.723616514208400119e+00 -8.504367859764611737e+00 -6.833078054008097979e+00 -3.250388567960538655e+00 -3.485396973133717768e+00 -9.012828856625616503e-01 2.015886691268186759e+00 3.022756689997496249e+00 3.046599037457457193e+00 4.598910886098382278e+00 2.781019650321363557e+00 2.247650090251425592e+00 4.626910114154004106e+00 4.626910114154004106e+00 4.626910114154004106e+00 4.626910114154004106e+00
-9.699166937629712493e+00 -9.013448671962507319e+00 -8.135528087249785045e+00 -7.472854780642631312e+00 -4.633483597684307398e+00 -2.071085139982018486e+00 -2.416798664316179401e+00 4.956086145306020097e-01 2.984971578433940564e+00 3.246695698211137682e+00 4.516696629431153909e+00 3.837113346962629290e+00 1.472294352694442532e+00 2.422959139291835040e+00 4.699942688083852183e+00 4.699942688083852183e+00 4.699942688083852183e+00 4.699942688083852183e+00
-9.586493841823784834e+00 -8.621637825629154150e+00 -7.521720058684960186e+00 -6.000186764043799137e+00 -3.102346560971787959e+00 -3.280445588227072662e+00 -1.348125885965058279e-01 3.161746166330861030e+00 3.409677746471831306e+00 4.188223814483730933e+00 4.862259136437351970e+00 1.365923244210361376e-01 6.263402766990892045e-01 2.310266555401467414e+00 4.514776770132103323e+00 4.514776770132103323e+00 4.514776770132103323e+00 4.514776770132103323e+00
-1.009786570352419588e+01 -8.000250450774693434e+00 -6.444351919619924374e+00 -4.174704512167354054e+00 -2.367486287997387251e+00 -2.068559660898416475e+00 1.478222341938384865e+00 3.069339726513022892e+00 3.355336575063815552e+00 5.108588162061082905e+00 3.386767034724397440e+00 -1.903519966481689973e+00 4.447468173505626510e-01 2.545611362105791642e+00 4.338211911840857304e+00 4.338211911840857304e+00 4.338211911840857304e+00 4.338211911840857304e+00
-9.463122171111946201e+00 -7.480607422642569837e+00 -5.189074936076687905e+00 -2.666962990899100383e+00 -2.585175635034792307e+00 -5.429848633302976069e-01 3.117746082791461149e+00 3.214058830340134509e+00 3.622193727716193301e+00 5.654196037634791949e+00 4.585237093037541456e+00 -9.578989022404947873e-01 7.664285619422613882e-01 2.627857002473324322e+00 4.309786748484278007e+00 4.309786748484278007e+00 4.309786748484278007e+00 4.309786748484278007e+00
-9.175214721028897458e+00 -6.873572821146209932e+00 -4.285299720004065449e+00 -2.107893805484490013e+00 -1.434247033534969074e+00 1.115698251528692175e+00 3.087141673024279331e+00 3.117906043883813094e+00 4.253413547925957161e+00 6.460339597441087101e+00 6.177102547913868591e+00 2.099544368083591461e+00 8.286227966316216387e-01 2.788329483502640649e+00 4.926877543809124127e+00 4.926877543809124127e+00 4.926877543809124127e+00 4.926877543809124127e+00
-8.851857855295692801e+00 -5.905667431010704682e+00 -3.545945229428936418e+00 -2.429718757492624448e+00 -1.446053309363362516e+00 2.932901200839587386e+00 3.303649401312397593e+00 3.412532555239054410e+00 4.280761107601111171e+00 5.047186011126703953e+00 4.617375348142465086e+00 4.773174459282838455e+00 3.961334448151586862e+00 3.276762921820447261e+00 4.794833669460001779e+00 4.794833669460001779e+00 4.794833669460001779e+00 4.794833669460001779e+00
-7.781218871476909271e+00 -5.721232538343389074e+00 -3.125676559673221888e+00 -1.530244331961228443e+00 -1.130543786133827666e+00 2.668610644812576815e+00 3.495840275438712119e+00 3.837883651630654480e+00 4.064774251574275965e+00 3.245215164077271730e+00 3.233542142364152827e+00 3.093942881708715564e+00 3.935598996628149493e+00 5.169939344838085482e+00 4.470408642644391861e+00 4.470408642644391861e+00 4.470408642644391861e+00 4.470408642644391861e+00
-7.523669507205750229e+00 -5.799400366163126819e+00 -2.963415630111474464e+00 -1.215446028260181555e+00 4.922694599099253221e-01 3.106569518376906203e+00 3.181820371831263650e+00 3.900298670990006045e+00 3.786749728283136829e+00 1.794562601581138006e+00 1.311333629496515218e+00 1.416503226194273157e+00 2.792527223398153069e+00 4.460221959274685233e+00 4.335106314987132947e+00 4.335106314987132947e+00 4.335106314987132947e+00 4.335106314987132947e+00
-8.252326647276575500e+00 -5.865006791659087781e+00 -2.463142740674221898e+00 -7.121081353584781670e-01 1.730530561009247403e+00 3.095580462230997920e+00 3.154250186528573696e+00 4.071081772247725716e+00 3.095281582067015425e+00 1.492018553795380065e+00 -8.591548741844496906e-01 8.622015295782490263e-01 1.937841962610811430e+00 3.685845079431679938e+00 4.384062676974576078e+00 4.384062676974576078e+00 4.384062676974576078e+00 4.384062676974576078e+00
-8.114807761958473975e+00 -5.960085089442904938e+00 -3.629782331737968715e+00 -1.419664858932647933e+00 1.278485881908489219e+00 3.088180785330654210e+00 3.192300292080866519e+00 4.078112844652592273e+00 2.972343334824761207e+00 1.364227374923681957e+00 -7.274949305143645351e-01 4.011423410074218404e-02 1.295927355668081038e+00 3.294426256885584436e+00 4.935631459924036513e+00 4.935631459924036513e+00 4.935631459924036513e+00 4.935631459924036513e+00
-8.077996159985604052e+00 -6.449461460949309277e+00 -3.326852195792380229e+00 -2.915327028994490366e+00 1.981603717068548820e-02 3.199342444877760538e+00 3.249108657700379155e+00 4.196583373954222651e+00 2.729666804352149256e+00 1.116290436147075127e+00 -2.792381991458678936e+00 -1.634860143818072764e+00 1.209606647645127264e+00 3.162568854961470333e+00 4.750465541972282324e+00 4.750465541972282324e+00 4.750465541972282324e+00 4.750465541972282324e+00
-8.077154182028827734e+00 -6.803765678225705216e+00 -3.976915303694303017e+00 -1.899996878390544319e+00 -1.572231885107731597e-01 3.156659497400775116e+00 3.273681817313268461e+00 4.034057062332821353e+00 2.327589139383490213e+00 2.701061583608281857e-01 -2.772706797899617381e+00 -1.637822185325958912e+00 1.209307556270931450e+00 3.431512043052576288e+00 4.463173488865470162e+00 4.463173488865470162e+00 4.463173488865470162e+00 4.463173488865470162e+00
-8.020810359683508750e+00 -7.089273480627508839e+00 -4.606830463171753820e+00 -2.649410819365978220e+00 -2.719260514202186396e-01 2.330883427945654951e+00 3.197993356632274686e+00 3.768032020782545288e+00 2.093223293485190872e+00 -3.883573020793342767e+00 -3.001797653049814052e+00 -1.319423619546544746e+00 1.287743455610580234e+00 3.700279363203542893e+00 4.329208035384384701e+00 4.329208035384384701e+00 4.329208035384384701e+00 4.329208035384384701e+00
-7.860492181138216239e+00 -7.274833823255002940e+00 -5.357573540337722484e+00 -3.276328755670496307e+00 -6.279785966912193595e-01 -2.955241757209138287e-01 3.198375473753124254e+00 3.069657153999493460e+00 2.045222228166426515e+00 -4.227001769550621901e+00 -2.850464705625479489e+00 -7.699705645909329377e-01 1.485905868738493840e+00 3.735752707678496876e+00 4.210232663884924342e+00 4.210232663884924342e+00 4.210232663884924342e+00 4.210232663884924342e+00
-8.419747997914571513e+00 -7.706171126958457407e+00 -6.397257475903644242e+00 -4.008992221367126518e+00 -2.102056267433527470e+00 -5.443410167304043590e-01 2.049441742927432530e-01 2.762545290017428101e+00 1.352264929922643022e+00 -3.742372368729958598e+00 -1.309957961060126852e+00 1.108536480280337244e+00 1.882519643696825673e+00 4.122485420610802365e+00 4.811054121246145954e+00 4.811054121246145954e+00 4.811054121246145954e+00 4.811054121246145954e+00
-8.830938484963049007e+00 -7.923213677367527907e+00 -6.838333164430848043e+00 -5.230727906766378332e+00 -3.359790269435205978e+00 -2.191477914347930156e+00 -9.910136112982207424e-01 5.367601275707641895e-01 1.936128858096608951e+00 -1.068679319544522777e+00 -4.016621262552397820e-01 -4.157987848393850383e-01 2.132258415498438975e+00 4.357310474541005618e+00 4.706097414484574415e+00 4.706097414484574415e+00 4.706097414484574415e+00 4.706097414484574415e+00
-9.179758037246564584e+00 -8.402407729765634770e+00 -7.663888544560765403e+00 -6.124501495470634715e+00 -4.452967019533755177e+00 -3.045249133268312480e+00 -1.554660788545230155e+00 -1.901162319197837736e+00 1.719623439191640735e+00 1.456094759177895215e+00 -4.504208844068192108e-01 -1.078563317018111159e-02 1.797488523437761110e+00 4.409558984607348187e+00 4.563267916127024648e+00 4.563267916127024648e+00 4.563267916127024648e+00 4.563267916127024648e+00
-9.303418229057454525e+00 -8.436870085769879068e+00 -7.895588850702474737e+00 -7.321157756187739452e+00 -6.066434428594429384e+00 -4.390295551846969957e+00 -2.445211974049070314e+00 -2.505947402235155330e+00 -7.100655269658705526e-01 1.171421243340273977e+00 -8.562083264399413668e-03 -1.546204051168511839e-01 1.494357723680781902e+00 4.072898814250047295e+00 4.323309755781638231e+00 4.323309755781638231e+00 4.323309755781638231e+00 4.323309755781638231e+00
-1.018296228218503074e+01 -9.003664454883070434e+00 -8.695584763549302210e+00 -8.254366395483895502e+00 -7.466744338395809422e+00 -6.648681775860312726e+00 -4.153101042088611194e+00 -3.044764719868413572e+00 -2.239707627691462477e+00 -6.483140630137478322e-01 1.128633465012712334e+00 1.650591072759340361e-01 -2.563574306903489974e-01 4.030173160015761091e+00 4.857090123019136563e+00 4.857090123019136563e+00 4.857090123019136563e+00 4.857090123019136563e+00
-1.040333323028311163e+01 -9.907396422180180906e+00 -9.509009616044108881e+00 -9.033285191900263911e+00 -8.641001995409766323e+00 -7.443066873153751928e+00 -5.767397818199127002e+00 -2.964933433142516339e+00 -2.842337111061087995e+00 -2.862150397252271272e+00 -1.343190399766571175e-01 1.135438055723434481e+00 -5.818563381483424779e-01 4.359005560241154598e+00 4.986154313812464878e+00 4.986154313812464878e+00 4.986154313812464878e+00 4.986154313812464878e+00
-1.046409461058515333e+01 -1.007452448852309601e+01 -9.653989784157310794e+00 -9.306098866428554217e+00 -8.888749401064261590e+00 -7.831198246179305933e+00 -6.378815231742224867e+00 -4.810405209280071759e+00 -3.657474997870407307e+00 -3.028466586718904896e+00 -1.887010517170053081e+00 3.439032790258776950e-01 -6.491469112259645735e-01 3.867233159385699004e+00 4.691335090005355646e+00 4.691335090005355646e+00 4.691335090005355646e+00 4.691335090005355646e+00
-1.050685740738469676e+01 -1.018131265310818634e+01 -9.854288739994132129e+00 -9.413165779586504911e+00 -9.091678455265126857e+00 -8.171473862354762474e+00 -6.693958833800042640e+00 -5.536198419640952828e+00 -3.860247081140079750e+00 -3.103968724685012504e+00 -2.843010133869465772e+00 -3.312383252373551357e-01 5.764036193278093689e-02 3.072162620660044752e+00 4.557369636524276402e+00 4.557369636524276402e+00 4.557369636524276402e+00 4.557369636524276402e+00
-1.048705745607919582e+01 -1.026040891824120749e+01 -9.847167142569867693e+00 -9.479501816567690753e+00 -9.131333246437437268e+00 -8.328799702563463470e+00 -6.996300442859013202e+00 -5.742325507290541253e+00 -4.689239728105686567e+00 -2.439196149038142636e+00 -2.632420872965371750e+00 -5.006025575858150667e-01 3.673419761294498542e-01 2.652023536037034113e+00 4.423404183043210480e+00 4.423404183043210480e+00 4.423404183043210480e+00 4.423404183043210480e+00
-1.049738664836204549e+01 -1.021217108506450799e+01 -9.984458887846905384e+00 -9.507760784961879708e+00 -9.177468679533856033e+00 -8.578869113608844188e+00 -7.252406722197099143e+00 -5.811454943676386264e+00 -5.433355366120860452e+00 -3.308817200329675856e+00 -1.632048738322176451e+00 -1.678850806218984637e+00 2.595904174273393483e-01 2.466911752353183829e+00 4.183446022697817845e+00 4.183446022697817845e+00 4.183446022697817845e+00 4.183446022697817845e+00
-1.059596748839037161e+01 -1.024146926454363182e+01 -9.912789991166960135e+00 -9.561842894670061099e+00 -9.238595663185108720e+00 -8.641234289226737530e+00 -7.355273056550731603e+00 -5.921116071625515787e+00 -5.673337256788101968e+00 -4.081507829303426149e+00 -1.854608471835434536e+00 -1.998294403004450270e+00 -1.521371230135308561e-02 2.066766187508438435e+00 4.941786186324757857e+00 4.941786186324757857e+00 4.941786186324757857e+00 4.941786186324757857e+00
-1.060938750220434912e+01 -1.024653472891831996e+01 -9.977114536709317250e+00 -9.682910292824203680e+00 -9.242507313032852778e+00 -8.782966463120557066e+00 -7.520707437225395253e+00 -5.787398537386664543e+00 -5.363762801320376639e+00 -4.085909638819720691e+00 -2.588479838022061497e+00 -1.665555345537670373e+00 -2.055497285751861636e-01 2.241527627580410797e+00 4.791429517266938554e+00 4.791429517266938554e+00 4.791429517266938554e+00 4.791429517266938554e+00
-1.067693451858660403e+01 -1.031892405898716447e+01 -9.986361418638207255e+00 -9.653876731055227367e+00 -9.303938107514838407e+00 -8.790880926162060405e+00 -7.521723024761168830e+00 -5.973104341822367047e+00 -5.328101928107980001e+00 -4.043782476500557443e+00 -5.076065160729215542e+00 -2.299263167049678813e+00 -8.722163682187342171e-02 2.141790438026435428e+00 4.551471356921525491e+00 4.551471356921525491e+00 4.551471356921525491e+00 4.551471356921525491e+00
-1.070358029045475412e+01 -1.034006787617968115e+01 -9.989396407373524411e+00 -9.685413027455181734e+00 -9.394490175564692791e+00 -8.833095727043605905e+00 -7.651632363381104973e+00 -5.992058315454857009e+00 -5.298817422635357488e+00 -3.554006424600460790e+00 -3.840199624819641055e+00 -2.819174851942667814e+00 -1.010686462625048909e+00 2.324923556376435663e+00 4.417505903440473780e+00 4.417505903440473780e+00 4.417505903440473780e+00 4.417505903440473780e+00
-1.069005426608049447e+01 -1.036622265187830116e+01 -1.000226232695187889e+01 -9.744223761090680114e+00 -9.461524012512747106e+00 -8.998203320352242685e+00 -7.740881486130566813e+00 -5.767593240740925609e+00 -5.384891170854022135e+00 -3.780347935015113237e+00 -3.942840781545264406e+00 -1.670765239568603011e+00 -6.541631976315531727e-01 2.316240349860729353e+00 4.470797996565969434e+00 4.470797996565969434e+00 4.470797996565969434e+00 4.470797996565969434e+00
