-1.056478100525787056e+01 -1.023004089916270409e+01 -9.971126897239265929e+00 -9.611901687947741024e+00 -9.300733457361769041e+00 -8.941105539716469153e+00 -8.223277340080725750e+00 -6.572809610401203706e+00 -3.936956270965040972e+00 -3.854622482291656382e+00 -2.491912969278942125e+00 -3.104402796382582097e-01 1.464884289890473035e+00 2.095522625119519144e+00 5.472390898214920085e+00 5.472390898214920085e+00 5.472390898214920085e+00 5.472390898214920085e+00
-1.043344206528810680e+01 -1.012262947779042754e+01 -9.994562663143407022e+00 -9.760383919532443997e+00 -9.389018305313300061e+00 -8.843334850769398514e+00 -7.968073857700765927e+00 -6.012971932753514714e+00 -4.093965364637194959e+00 -4.238497442348214683e+00 -1.772471891552915402e+00 1.219368173831637536e-01 1.763864563532875573e+00 2.065285411126144499e+00 5.324846038625855371e+00 5.324846038625855371e+00 5.324846038625855371e+00 5.324846038625855371e+00
-1.035709092485218186e+01 -9.901560002884352230e+00 -9.918207924485457738e+00 -9.882263242516925672e+00 -9.501415397438712773e+00 -8.923023676995128994e+00 -7.930900686233751884e+00 -5.739630308311769014e+00 -2.867964191412507802e+00 -3.714842703172586802e+00 -9.640785717718031167e-01 2.212859138522592917e-01 2.157632321100814821e+00 2.099034442232416975e+00 5.696981054220050744e+00 5.696981054220050744e+00 5.696981054220050744e+00 5.696981054220050744e+00
-1.041905370273622644e+01 -1.016626657357308439e+01 -9.700562073332033464e+00 -9.410399704317496727e+00 -9.375801268566586799e+00 -9.034993838971907110e+00 -7.813386530521150064e+00 -4.699527316544378941e+00 -2.782029676857702860e+00 -2.508601067149113018e+00 -6.380456246054108105e-01 5.636897703343753951e-01 2.181134603700459085e+00 2.113759764550826592e+00 4.986396031962591735e+00 4.986396031962591735e+00 4.986396031962591735e+00 4.986396031962591735e+00
-1.052220530359126727e+01 -1.020893681806732722e+01 -9.961983377248561311e+00 -9.479044339442779687e+00 -8.924360062417202144e+00 -8.587601013269507533e+00 -7.168468482625474536e+00 -4.058785205496000970e+00 -3.482513714067433597e+00 -3.491845316941542876e+00 -6.486618529959334856e-01 1.211886664594417073e+00 1.677520080644048672e+00 2.332027607560975824e+00 4.979850812061318521e+00 4.979850812061318521e+00 4.979850812061318521e+00 4.979850812061318521e+00
-1.026423322322151677e+01 -1.016226562180450443e+01 -1.015930503125060724e+01 -9.782070509365407673e+00 -9.219605806352401345e+00 -8.277955242388085111e+00 -6.719385054665622192e+00 -4.829827711440493943e+00 -3.983220610245227888e+00 -2.280618296037749904e+00 -1.670355735381005013e-01 1.357190866668435136e+00 1.605271593201890390e+00 2.130331780053788648e+00 4.612020379722066465e+00 4.612020379722066465e+00 4.612020379722066465e+00 4.612020379722066465e+00
-1.048708282818772553e+01 -1.020245502166702423e+01 -1.002916003425051272e+01 -9.704192480463341042e+00 -9.205957296734007755e+00 -8.266060696749404357e+00 -5.280889025512781387e+00 -5.049117865433522923e+00 -3.585973095255309051e+00 -1.425894219047072919e+00 8.364374478238079114e-01 1.894589907841003784e+00 1.741438846866494528e+00 3.011650241384177473e+00 4.444493500363680738e+00 4.444493500363680738e+00 4.444493500363680738e+00 4.444493500363680738e+00
-1.037556002078236261e+01 -1.020542537048056531e+01 -1.007868170796054486e+01 -9.637175352878628587e+00 -9.104682348814449711e+00 -7.961698322660641480e+00 -4.031508786255621146e+00 -4.614390706525393959e+00 -3.071463950014509336e+00 -8.129075832376633226e-01 1.193383237821243892e+00 1.956522381386785803e+00 1.905655516769310553e+00 4.279683557926568405e+00 5.364255846030625108e+00 5.364255846030625108e+00 5.364255846030625108e+00 5.364255846030625108e+00
-1.042849163773569643e+01 -1.000232031302910940e+01 -9.617024901315517127e+00 -9.511261631475386835e+00 -8.425939125738459268e+00 -6.872487729101592002e+00 -3.659714951709372777e+00 -4.801190681059864573e+00 -2.191021248779300823e+00 -4.430163862483085802e-01 1.965988102421192707e+00 2.605239448265912916e+00 3.232339963304577957e+00 4.676283384488395534e+00 5.591840035853961055e+00 5.591840035853961055e+00 5.591840035853961055e+00 5.591840035853961055e+00
-1.060211334150562301e+01 -1.011974434349971474e+01 -9.232159267662602531e+00 -8.440782992262191087e+00 -7.537532902781909350e+00 -5.539128407114207953e+00 -2.562168900882841882e+00 -4.009354474871162921e+00 -8.623758154735390313e-01 6.716073259111298155e-01 2.712200885856939969e+00 3.353290210812865713e+00 4.874698288979972816e+00 4.936394721008112718e+00 5.581821405314673967e+00 5.581821405314673967e+00 5.581821405314673967e+00 5.581821405314673967e+00
-1.028036195579793954e+01 -9.698382428049452386e+00 -8.967768199582371480e+00 -8.481055789625875363e+00 -6.770195283765275462e+00 -4.248090900592040420e+00 -3.734589619656687454e+00 -2.269697989840496088e+00 -6.965067421858017749e-02 2.089761943355527674e+00 2.816509986159244416e+00 4.527514118902849383e+00 3.054981653136649822e+00 2.211496727978338406e+00 5.612636833910713108e+00 5.612636833910713108e+00 5.612636833910713108e+00 5.612636833910713108e+00
-9.928550191383385126e+00 -9.175639841924974505e+00 -8.512132171665921732e+00 -7.828039314931411141e+00 -5.873374741886228101e+00 -3.044719947957097439e+00 -3.668892797808785744e+00 -2.363489609240579270e+00 5.146736280788798412e-01 3.143341721163855240e+00 4.369200978779538502e+00 3.704319750156039426e+00 2.037142657999366335e+00 2.487416342213428777e+00 5.693961667945486305e+00 5.693961667945486305e+00 5.693961667945486305e+00 5.693961667945486305e+00
-9.550067301020186861e+00 -8.806004978201448452e+00 -7.922559821255854118e+00 -6.711578455618479211e+00 -4.975291537489850313e+00 -2.348867478130038933e+00 -4.046792478743463484e+00 -6.027705142702202146e-01 1.673458124513441447e+00 3.884013625921864943e+00 4.516610894768419371e+00 2.054290125765998454e+00 8.671576649329910680e-01 2.369722115817165964e+00 5.564716972930280114e+00 5.564716972930280114e+00 5.564716972930280114e+00 5.564716972930280114e+00
-9.904372604026294269e+00 -8.156929253736686647e+00 -7.208141785212013986e+00 -5.752001802857045654e+00 -3.673960274663649717e+00 -2.030442344278859501e+00 -2.944376747242787751e+00 2.174872874389602306e-01 3.222838619517514491e+00 4.840504076568212355e+00 3.236706155420415065e+00 -1.938032969224820157e+00 4.185453290165840334e-01 2.445241238964854347e+00 5.573613276684069362e+00 5.573613276684069362e+00 5.573613276684069362e+00 5.573613276684069362e+00
-9.723924208527897406e+00 -7.746715836980847314e+00 -6.305647082026338168e+00 -4.825628549923808741e+00 -2.729581248274311811e+00 -2.076484290799211152e+00 -2.082862270983268704e+00 1.248561548458760218e+00 3.346299325512727574e+00 5.437597410956315436e+00 4.328330093143557988e+00 -1.017903108615673791e+00 9.893899597955706504e-01 2.442789032918687209e+00 5.507829249378291436e+00 5.507829249378291436e+00 5.507829249378291436e+00 5.507829249378291436e+00
-9.015886487202692479e+00 -7.279829043887053430e+00 -5.685214773616753092e+00 -3.825432781448916408e+00 -3.300533291949210302e+00 -2.280306943115695262e+00 -1.346480851437753534e+00 2.686222371425876165e+00 3.961146093892885300e+00 5.981484327866924744e+00 5.838837655495472845e+00 1.943519272174814017e+00 7.361451952752467998e-01 2.632906938531461627e+00 5.482592556951759732e+00 5.482592556951759732e+00 5.482592556951759732e+00 5.482592556951759732e+00
-8.880629297779149667e+00 -6.836132849308062198e+00 -5.110324801830743446e+00 -3.047193247966815122e+00 -3.336956430387359340e+00 -2.760242156530965385e+00 -4.778071356861179897e-01 3.303322326814021270e+00 4.122856816830374527e+00 5.006372733948490250e+00 4.510206654796133918e+00 4.549735707389088724e+00 3.542966206926221773e+00 3.117608686589646627e+00 5.476354582482135136e+00 5.476354582482135136e+00 5.476354582482135136e+00 5.476354582482135136e+00
-8.262454426726977275e+00 -6.591246340986201879e+00 -4.930206771921899822e+00 -2.963654524285426639e+00 -2.500932327972937408e+00 -3.105314793165235621e+00 1.065270389514360316e-01 3.802643578708021721e+00 3.882870069596778162e+00 3.172570409473733921e+00 3.200610030178694387e+00 3.114551548819137761e+00 3.882859366275112745e+00 5.047709485333875534e+00 5.549373845381692760e+00 5.549373845381692760e+00 5.549373845381692760e+00 5.549373845381692760e+00
-7.737629600597077939e+00 -6.584859504913257666e+00 -4.751593054956813944e+00 -2.916428685229494278e+00 -1.690720817139838683e+00 -2.158724688859863239e+00 1.022315874420011150e+00 3.727107998175757331e+00 3.665717712226181479e+00 1.788782127671881161e+00 1.634025734693528520e+00 1.678667546462706994e+00 2.719518989072943427e+00 4.255986473630487765e+00 5.442909930916730588e+00 5.442909930916730588e+00 5.442909930916730588e+00 5.442909930916730588e+00
-7.821328416623789970e+00 -6.389502255162780031e+00 -4.830361667165796291e+00 -2.784623640957019308e+00 -1.209354930332334987e+00 -5.234189265676261194e-01 2.541144281840383989e+00 3.890119610268791384e+00 3.012831123002523981e+00 1.589464256543675624e+00 1.174141245071639084e+00 1.212814417251858679e+00 1.934771862483085858e+00 3.606039867462609294e+00 5.465127720060258376e+00 5.465127720060258376e+00 5.465127720060258376e+00 5.465127720060258376e+00
-8.334058190274031830e+00 -6.478456865307308021e+00 -4.656151824247547921e+00 -2.589724158799591613e+00 -1.394319114344979793e+00 -4.016682015347314838e-01 3.187704087508130613e+00 3.936616751139604631e+00 2.913465077451713015e+00 1.501119730860826618e+00 9.036582726077980743e-01 6.794815449571649513e-01 1.281490143391743608e+00 3.226186211029074435e+00 5.435482791472194819e+00 5.435482791472194819e+00 5.435482791472194819e+00 5.435482791472194819e+00
-8.179029896981965919e+00 -6.933865440961569426e+00 -4.757786080712550714e+00 -2.580577572844952261e+00 -1.914186762414287868e+00 -1.303488179233893041e+00 1.607455085588838095e+00 3.957212765500050189e+00 2.676570562315203183e+00 1.353874893500451648e+00 -1.819292174869233225e+00 -1.569119963010012775e+00 1.185797202410282969e+00 3.070874371128922142e+00 5.410246099045663115e+00 5.410246099045663115e+00 5.410246099045663115e+00 5.410246099045663115e+00
-8.237315577942908362e+00 -6.995856932956465712e+00 -5.236493287996774271e+00 -2.967640754734759412e+00 -2.257130569591162761e+00 -1.541166708219444681e+00 1.854547327785006916e-01 3.809147266510406915e+00 2.267902931103269015e+00 1.101703187758840796e+00 -2.361307681233401734e+00 -1.469727535510750638e+00 1.156740729966769576e+00 3.397880013348112627e+00 5.396095256104184834e+00 5.396095256104184834e+00 5.396095256104184834e+00 5.396095256104184834e+00
-8.172154506954990794e+00 -7.372728068409783120e+00 -5.510439320104344674e+00 -3.735871164388629762e+00 -2.088903297827128469e+00 -1.454597197150854893e+00 -1.232867471161982476e+00 3.500988675204331102e+00 2.106525698304310801e+00 6.473129072240055848e-01 -2.472419663431496772e+00 -1.043800297374384733e+00 1.200117867227391555e+00 3.645222656761175628e+00 5.393256538230319919e+00 5.393256538230319919e+00 5.393256538230319919e+00 5.393256538230319919e+00
-8.192740542224996148e+00 -7.294744269631998179e+00 -6.038584809336239090e+00 -4.640752437830996335e+00 -2.938748448037012739e+00 -1.418982275659259829e+00 -1.725018230597398450e+00 1.435890326734148514e+00 2.447212183545145692e+00 -3.289130709971200606e+00 -2.218231014686636637e+00 -5.160286643646618820e-01 1.456726042297058044e+00 3.723623455285150818e+00 5.449673432788804561e+00 5.449673432788804561e+00 5.449673432788804561e+00 5.449673432788804561e+00
-8.323093097252613148e+00 -7.759545976581012638e+00 -6.388513450382960812e+00 -5.176573924651981073e+00 -3.937867299963356604e+00 -1.975151063640603333e+00 -2.241737560153137743e+00 2.571671313386608149e-01 2.258184056267134032e+00 -2.846108371869001896e+00 2.398673957343969154e-01 1.027318462787713216e+00 1.807748660435029020e+00 4.194651477633886572e+00 5.421120201401499195e+00 5.421120201401499195e+00 5.421120201401499195e+00 5.421120201401499195e+00
-8.755318787348850051e+00 -7.867623092770951843e+00 -6.827704617684362987e+00 -5.783013778425524443e+00 -4.651754599167534643e+00 -3.017527290985739352e+00 -2.620314011936705878e+00 -1.900770731768468558e+00 1.407306983450050897e+00 1.092994400223038731e+00 2.378124445523003283e-01 8.948300768289827456e-01 2.136314253772906291e+00 4.777339478937220996e+00 5.363136333566093761e+00 5.363136333566093761e+00 5.363136333566093761e+00 5.363136333566093761e+00
-9.113397901636426823e+00 -8.202155600862305107e+00 -7.302030229553613694e+00 -6.376632851973443650e+00 -5.389704605068382115e+00 -4.257162636627364272e+00 -2.109533181183934403e+00 -2.597273998433167641e+00 3.306699315481964052e-01 1.577410659541882865e+00 1.016803340728066551e+00 4.576960195277594567e-01 1.733603120854526392e+00 4.907009588210952344e+00 5.337899641139561169e+00 5.337899641139561169e+00 5.337899641139561169e+00 5.337899641139561169e+00
-9.414255681549995813e+00 -8.524767245652213887e+00 -7.842831502553028855e+00 -7.185765229147028421e+00 -6.378867037793321870e+00 -5.179602141851781028e+00 -2.648596402140736217e+00 -2.945877554257987363e+00 -1.409334997523817190e+00 1.412881149755066845e+00 1.310690449884796216e+00 8.871795051442235014e-01 9.921844859670022609e-01 4.064861877818572111e+00 5.301895547867710334e+00 5.301895547867710334e+00 5.301895547867710334e+00 5.301895547867710334e+00
-9.795843193205776345e+00 -8.947231897179246829e+00 -8.434902011734521921e+00 -7.959051005068189966e+00 -7.303133573487294861e+00 -6.376521672002557040e+00 -4.031237435167874139e+00 -2.186268986549696702e+00 -2.307226600523157423e+00 7.147724448045210677e-01 1.336391397478935872e+00 1.144037366043434423e+00 7.979736018907890305e-02 3.905404486976990164e+00 5.252553000992584487e+00 5.252553000992584487e+00 5.252553000992584487e+00 5.252553000992584487e+00
-1.020043029655141709e+01 -9.757159074742016713e+00 -9.245454637565957867e+00 -8.701880175844394216e+00 -8.121034556364442381e+00 -7.106235490979478264e+00 -5.050443948001322347e+00 -2.183810227639479962e+00 -3.149447413571785592e+00 3.533225936154874569e-01 1.243990608213181748e+00 1.212189882508966754e+00 5.614761792453714095e-01 4.474825895624259253e+00 5.372980750448117959e+00 5.372980750448117959e+00 5.372980750448117959e+00 5.372980750448117959e+00
-1.037522201311541892e+01 -9.971984450457100024e+00 -9.484947238979419382e+00 -9.058313693769651564e+00 -8.473534408407834562e+00 -7.490422124488056888e+00 -6.133286449681614627e+00 -2.825733677264531618e+00 -3.248352779456508355e+00 -1.388206821191181550e+00 1.226161325882594078e+00 1.231522883195498519e+00 8.645378578113490642e-01 2.926570694639007542e+00 5.316026568086526183e+00 5.316026568086526183e+00 5.316026568086526183e+00 5.316026568086526183e+00
-1.044825217238160420e+01 -1.010050439404528078e+01 -9.686733947406578338e+00 -9.261277064975743656e+00 -8.698747821809778458e+00 -7.835719730797162441e+00 -6.576183294810243218e+00 -3.786324646150181827e+00 -3.016433135590644632e+00 -2.817753380312514100e+00 8.852356268071119860e-01 1.245705068883357303e+00 9.250032363280764613e-01 2.258103234024769534e+00 5.290789875659995367e+00 5.290789875659995367e+00 5.290789875659995367e+00 5.290789875659995367e+00
-1.045506738602833785e+01 -1.014058265440441531e+01 -9.760608151634293961e+00 -9.371007747089340256e+00 -8.794743477325306813e+00 -7.978481681946321125e+00 -6.831802998601336441e+00 -4.990045256865460743e+00 -2.819483072383547562e+00 -3.442493610142269400e+00 4.219732393507914514e-01 1.149398030003097038e+00 9.390740913330295481e-01 2.363346856455761369e+00 5.265553183233460111e+00 5.265553183233460111e+00 5.265553183233460111e+00 5.265553183233460111e+00
-1.047079906478885292e+01 -1.016993754095678426e+01 -9.865208461188688105e+00 -9.449761962166801865e+00 -8.933768449907610432e+00 -8.227092023305493385e+00 -7.087947732477532625e+00 -5.317638715145772466e+00 -2.555735843843821797e+00 -3.556006187015350761e+00 9.912358383908609349e-03 1.042944388816753110e+00 8.076367416179666137e-01 2.707231158969114038e+00 5.205443235513018685e+00 5.205443235513018685e+00 5.205443235513018685e+00 5.205443235513018685e+00
-1.051112065919537386e+01 -1.016946056362652229e+01 -9.856486658274171475e+00 -9.491248149674310852e+00 -9.039794324520361357e+00 -8.280561519950669691e+00 -7.184723437740337282e+00 -5.806936997014648938e+00 -3.373100964515979516e+00 -3.632461463207348640e+00 -1.571825850875383734e+00 1.005608500399937766e+00 9.809771760343337643e-01 2.209869575868156133e+00 5.289800455975268711e+00 5.289800455975268711e+00 5.289800455975268711e+00 5.289800455975268711e+00
-1.049135686945887258e+01 -1.017954728252095009e+01 -9.874710672926511279e+00 -9.533208189341140226e+00 -9.085997995312133924e+00 -8.464755524122340447e+00 -7.354337546479692733e+00 -5.942526844163792177e+00 -3.315478139725598794e+00 -3.066031787359527527e+00 -2.768171300969552107e+00 7.314411136677557712e-01 9.515621722235987345e-01 2.402035198117515868e+00 5.279684203452278624e+00 5.279684203452278624e+00 5.279684203452278624e+00 5.279684203452278624e+00
-1.053217942346894631e+01 -1.022968733910122374e+01 -9.896687362985550962e+00 -9.563433008896108589e+00 -9.159792523453392121e+00 -8.471760480722505093e+00 -7.446305136170339622e+00 -6.053076925183215273e+00 -3.898474549675332135e+00 -3.329875371975739462e+00 -3.556580845636784005e+00 3.019166666942170174e-01 8.039541278072177555e-01 2.389116279819358368e+00 5.243680110180433118e+00 5.243680110180433118e+00 5.243680110180433118e+00 5.243680110180433118e+00
-1.055602880888064021e+01 -1.026465878774555662e+01 -9.970339376800595232e+00 -9.596530697315973413e+00 -9.244040073623150278e+00 -8.542833869416384118e+00 -7.543011916333393074e+00 -6.020490421923436308e+00 -4.545057345672978144e+00 -3.269271281166135967e+00 -3.624990166445360096e+00 5.389309260730559825e-02 6.440979750182330710e-01 2.443715263083291234e+00 5.218443417753898750e+00 5.218443417753898750e+00 5.218443417753898750e+00 5.218443417753898750e+00
-1.059229543444991783e+01 -1.029033691480886681e+01 -9.988074686912396416e+00 -9.639108551085687537e+00 -9.323700936314793353e+00 -8.726813622739321374e+00 -7.584625100700657541e+00 -6.039977450848602381e+00 -5.057547548784214086e+00 -3.216380571706256575e+00 -4.161591010791793721e+00 -2.609886897914817649e-01 3.991646895928803729e-01 2.576701774502875963e+00 5.093853521584754240e+00 5.093853521584754240e+00 5.093853521584754240e+00 5.093853521584754240e+00
