-1.049028790160091518e+01 -1.040514226087551641e+01 -9.978479144758763297e+00 -9.631581429228500468e+00 -9.333186682775606258e+00 -8.958566650253498409e+00 -8.371269416047589118e+00 -7.055837368674161780e+00 -3.502779398629733087e+00 -3.630492389162538913e+00 -2.015598515251974199e+00 -1.820857707593677155e-01 4.147877814046831979e-01 2.072922575666529710e+00 5.190494766239545754e+00 5.190494766239545754e+00 5.190494766239545754e+00 5.190494766239545754e+00
-1.045489658628383012e+01 -1.024433802381090430e+01 -1.004205197271433292e+01 -9.785027086525932560e+00 -9.419285001378179700e+00 -8.898215248479543149e+00 -8.140241776739420843e+00 -6.712432722491154635e+00 -3.065945798343521211e+00 -4.145571510884628275e+00 -1.815250397166723317e+00 1.571940147886609906e-01 1.054910177950565853e+00 1.983063015248753391e+00 5.126254276306045021e+00 5.126254276306045021e+00 5.126254276306045021e+00 5.126254276306045021e+00
-1.028176615575700659e+01 -9.941268695504675179e+00 -9.852583520658646066e+00 -9.880354382061877772e+00 -9.624464197528279641e+00 -9.040166576611019522e+00 -8.108065584934688985e+00 -6.447857205402106828e+00 -2.898017485414321470e+00 -4.142434240134063472e+00 -7.700349052052318788e-01 7.523946139573828296e-03 1.904702425026175927e+00 2.023258422000097312e+00 5.319120785502709836e+00 5.319120785502709836e+00 5.319120785502709836e+00 5.319120785502709836e+00
-1.043767722645491958e+01 -1.028384388773311642e+01 -9.724049633689244132e+00 -9.379799202491785337e+00 -9.267990013449360021e+00 -9.268327468395282764e+00 -8.114984643969805234e+00 -5.870548212680899880e+00 -2.367027034037561428e+00 -3.831499120565243999e+00 -6.978156706716229785e-01 5.632570786448989342e-01 1.435011624727560609e+00 2.123173469336073982e+00 4.850050907507134745e+00 4.850050907507134745e+00 4.850050907507134745e+00 4.850050907507134745e+00
-1.055146693286983073e+01 -1.025969667845571820e+01 -9.969323762762424934e+00 -9.572835192180654929e+00 -9.051284803414297642e+00 -8.641575871665271080e+00 -8.004879864827435298e+00 -5.012793958835583652e+00 -2.269039760592477251e+00 -3.006923814041359666e+00 -2.660002510735289816e-01 7.707991622265043530e-01 1.499943756159710873e+00 2.292956326277278301e+00 4.801645379551414905e+00 4.801645379551414905e+00 4.801645379551414905e+00 4.801645379551414905e+00
-1.032550408733919234e+01 -1.014112877083341147e+01 -1.013726013000069770e+01 -9.843583077956488125e+00 -9.312532276361629613e+00 -8.501392396026979270e+00 -7.790762861735840872e+00 -3.771431685497720565e+00 -4.306322602065087324e+00 -1.329949408345415973e+00 2.473220009341315917e-01 1.068618462808490044e+00 1.649248623800239510e+00 2.120800729129663331e+00 4.462792058137091011e+00 4.462792058137091011e+00 4.462792058137091011e+00 4.462792058137091011e+00
-1.055798405899727754e+01 -1.023546073404901513e+01 -1.004357895506216991e+01 -9.835234262628121726e+00 -9.283638886999277418e+00 -8.473287040105883960e+00 -6.733326734428507265e+00 -2.660252384365419331e+00 -4.208530030698810265e+00 -5.454622860723471467e-01 9.275569067548425917e-01 1.886387656320175576e+00 1.710634635409207460e+00 3.073788184525231504e+00 4.408025351327227170e+00 4.408025351327227170e+00 4.408025351327227170e+00 4.408025351327227170e+00
-1.040224189237678409e+01 -1.019152135794921854e+01 -1.012307293572366618e+01 -9.730312324864886619e+00 -9.202202367106050218e+00 -8.266679304378094173e+00 -4.964628941966857667e+00 -3.364932922771781687e+00 -3.222740463241021480e+00 -1.417551934253408474e-01 1.320632124805111385e+00 2.019540556406923315e+00 1.870987012657357562e+00 4.283832324907271172e+00 5.229599083343895671e+00 5.229599083343895671e+00 5.229599083343895671e+00 5.229599083343895671e+00
-1.034980859709447998e+01 -1.011926453923785374e+01 -9.475439397645605055e+00 -9.204895068828152560e+00 -8.414902394921513817e+00 -7.014407839798534106e+00 -3.406736665709368506e+00 -4.324416587650162569e+00 -2.375761223799079058e+00 4.946740752802168406e-01 2.057840538797027996e+00 2.712773207270649856e+00 3.250528405857589842e+00 4.748986780618519532e+00 5.271063968825992596e+00 5.271063968825992596e+00 5.271063968825992596e+00 5.271063968825992596e+00
-1.055419338906404647e+01 -1.017026125406967019e+01 -9.356502751280215691e+00 -8.454227793985534589e+00 -7.514043505821314639e+00 -5.498476608642082653e+00 -2.712980648355243218e+00 -4.265999080025308032e+00 -2.761506872159613102e-01 1.665041403831026834e+00 2.833184994094234632e+00 3.392376969693248867e+00 4.931140937216076381e+00 4.978096306370555446e+00 5.434651010299511142e+00 5.434651010299511142e+00 5.434651010299511142e+00 5.434651010299511142e+00
-1.020133763344422206e+01 -9.585926816040736043e+00 -9.056695060162088140e+00 -8.445799753880402605e+00 -6.915834274247284696e+00 -3.924539154953364584e+00 -3.773679318898922830e+00 -2.922888887701581950e+00 3.806624156557586458e-01 2.776321743603988423e+00 2.954483355121088728e+00 4.574783759321009668e+00 3.010770225586564486e+00 2.324860828133755497e+00 5.760177425123973904e+00 5.760177425123973904e+00 5.760177425123973904e+00 5.760177425123973904e+00
-9.885770561211366214e+00 -9.104108658509355578e+00 -8.348832306476413834e+00 -8.067214047929814669e+00 -5.521843490985937741e+00 -2.676438555518747542e+00 -3.393681293049334080e+00 -9.247880609852154876e-01 1.561147644443226845e+00 3.214461205798912147e+00 4.359814614685351586e+00 3.734178332862325256e+00 2.092883794373658013e+00 2.415048443405159340e+00 5.288048106314520602e+00 5.288048106314520602e+00 5.288048106314520602e+00 5.288048106314520602e+00
-9.478214795972947471e+00 -8.670132866348568612e+00 -7.948198902042452829e+00 -6.465850198277115268e+00 -4.106637874491017470e+00 -3.412452261695867683e+00 -3.147211453504582757e+00 2.097420315491096698e-01 3.347322129266840918e+00 3.987246697641920079e+00 4.678548472295839034e+00 2.235211678389428691e+00 4.743285419369187572e-01 2.350869162102313670e+00 5.053331957343550229e+00 5.053331957343550229e+00 5.053331957343550229e+00 5.053331957343550229e+00
-1.005069862378868351e+01 -8.051886514737576661e+00 -6.894895172529531102e+00 -5.361669904081363569e+00 -2.821438241770201749e+00 -2.510339692681689883e+00 -2.375846378796248271e+00 8.427422481277861976e-01 3.269082846802667142e+00 4.946559449125028429e+00 3.293202589532908675e+00 -2.003110389891832543e+00 3.670386551267892927e-01 2.533646406466713685e+00 5.163773668794960692e+00 5.163773668794960692e+00 5.163773668794960692e+00 5.163773668794960692e+00
-9.529284039955900454e+00 -7.714143246419161493e+00 -5.990970689752275646e+00 -4.598823512246539735e+00 -2.185524956556505138e+00 -3.043148092051469966e+00 -4.905583434402174259e-01 2.674880954709876413e+00 3.475014708106267669e+00 5.497365710150803331e+00 4.366621011031371680e+00 -8.381331527395868841e-01 9.632142560263217135e-01 2.502728995934686118e+00 5.255923871495660649e+00 5.255923871495660649e+00 5.255923871495660649e+00 5.255923871495660649e+00
-9.107423352838969421e+00 -7.063045098910335717e+00 -5.250630501393820815e+00 -3.796495186528052290e+00 -1.804275254120325522e+00 -2.411046481676393682e+00 5.407466854399382017e-01 2.945006830875169790e+00 4.072977751114869704e+00 6.134739058148507951e+00 5.909364296560816854e+00 2.045712742263332995e+00 6.711138025126230922e-01 2.755273969891970154e+00 5.339219498909098860e+00 5.339219498909098860e+00 5.339219498909098860e+00 5.339219498909098860e+00
-8.835690304785558169e+00 -6.568289952042246860e+00 -4.751083346638255378e+00 -3.236612132236478701e+00 -2.169428570601306561e+00 -1.441201246129319991e+00 2.301651503735294035e+00 3.281281443932553721e+00 4.173721882725242693e+00 5.058472612702876958e+00 4.514248022668536642e+00 4.620714264137953720e+00 3.547519406096430572e+00 3.211055785180308764e+00 5.664745913733555405e+00 5.664745913733555405e+00 5.664745913733555405e+00 5.664745913733555405e+00
-8.138932511501604239e+00 -6.378208048280757936e+00 -4.313544627138302445e+00 -2.321905339185865280e+00 -2.741362780091636253e+00 -4.312692627261481837e-01 3.512968226496037794e+00 3.842323027882724062e+00 3.955237289187690131e+00 3.240091382306311107e+00 3.207793226416129961e+00 3.121162268632736048e+00 3.893917535833653076e+00 5.111358500420497109e+00 5.279022124448768949e+00 5.279022124448768949e+00 5.279022124448768949e+00 5.279022124448768949e+00
-7.609300121101804315e+00 -6.244331736214674855e+00 -4.235492062664274471e+00 -1.865908064263942290e+00 -2.734909514525457830e+00 5.305875882266219978e-01 2.968279671092345140e+00 3.740223059185868060e+00 3.716904864969626576e+00 1.830137599085914779e+00 1.544586580993455582e+00 1.574920962454376294e+00 2.765389433925323992e+00 4.280147415291534863e+00 5.056483368763938557e+00 5.056483368763938557e+00 5.056483368763938557e+00 5.056483368763938557e+00
-8.016851599608507684e+00 -6.191337288078843315e+00 -3.790856995509748195e+00 -1.706820668393629337e+00 -2.113498036012789072e+00 7.654921407599009076e-01 3.161078585822442832e+00 3.946045120575194964e+00 3.010331275246981075e+00 1.523746829948594339e+00 8.814027271812622244e-01 1.007563858689519920e+00 1.928642616161299728e+00 3.572746081267290208e+00 5.352391732086713816e+00 5.352391732086713816e+00 5.352391732086713816e+00 5.352391732086713816e+00
-8.229752054091022728e+00 -6.411083943734285029e+00 -4.038449603810839506e+00 -2.848436601046500094e+00 -2.036012488697290568e+00 3.057054379211426864e-01 3.085907651767098248e+00 4.007758862444633863e+00 2.954154398057859510e+00 1.386500358299678215e+00 5.605070861941113813e-01 3.520198587451828232e-01 1.217989446660537656e+00 3.214322354751561583e+00 5.298845486761111445e+00 5.298845486761111445e+00 5.298845486761111445e+00 5.298845486761111445e+00
-8.204253282445431950e+00 -6.700140261518743756e+00 -3.995202560285247451e+00 -2.630637247714897153e+00 -2.007306353187506609e+00 1.485830877892937996e-01 3.281101509254311210e+00 4.003865022086204206e+00 2.724784445164339708e+00 1.105434022722920240e+00 -2.462830692211797956e+00 -1.660810615164464821e+00 1.140395359402543107e+00 3.077693767954578608e+00 5.257768917680533782e+00 5.257768917680533782e+00 5.257768917680533782e+00 5.257768917680533782e+00
-8.209528797641546305e+00 -6.971100912421134055e+00 -4.836078854413309536e+00 -2.323017572501237638e+00 -1.986045884921278093e+00 -2.738650174600269493e-01 3.401808800425972557e+00 3.913578794235722302e+00 2.256300641093751835e+00 7.713013825322622141e-01 -2.515667301885954554e+00 -1.565384566643837738e+00 1.139284233509126665e+00 3.380762741217016032e+00 5.450124906808795799e+00 5.450124906808795799e+00 5.450124906808795799e+00 5.450124906808795799e+00
-8.182914256966057565e+00 -7.304304861713889707e+00 -5.273519749887110919e+00 -2.934778437374029103e+00 -2.141889696828297662e+00 -6.598690844510014530e-01 2.205129051923766959e+00 3.622168498808248316e+00 1.978479022765361028e+00 -1.382490619436740786e+00 -2.628190668971130961e+00 -1.357041353766852643e+00 1.179917889125980057e+00 3.653684149608449339e+00 4.949193068732901324e+00 4.949193068732901324e+00 4.949193068732901324e+00 4.949193068732901324e+00
-8.073434620300233178e+00 -7.199915807226147990e+00 -5.687076061849772657e+00 -4.246299873141268222e+00 -2.005459979494266687e+00 -1.763983877320709048e+00 6.787921890602681696e-01 2.757245462336197050e+00 2.284803409493258997e+00 -3.710914712580375863e+00 -2.320459675427856361e+00 -5.048126441122431363e-01 1.457926040216336094e+00 3.688357957858110936e+00 5.447855923093388952e+00 5.447855923093388952e+00 5.447855923093388952e+00 5.447855923093388952e+00
-8.367997622300350713e+00 -7.872437068113116609e+00 -6.617887002513779926e+00 -4.908220365736536195e+00 -3.142775921094697722e+00 -2.101825049521978350e+00 -1.334788142954271839e+00 1.324948019129983612e+00 2.114641743448796518e+00 -3.161200115969756474e+00 -1.733345535418119310e-01 1.024220789312324076e+00 1.851707640191358806e+00 4.236184229802271162e+00 5.432504563240789786e+00 5.432504563240789786e+00 5.432504563240789786e+00 5.432504563240789786e+00
-8.773773290870664709e+00 -7.885850520881772852e+00 -7.012414811537562187e+00 -5.640653555915040585e+00 -4.114801226963074932e+00 -2.253829901318557205e+00 -2.567337601820170789e+00 1.853159321406947224e-01 1.450789435278839079e+00 -1.172657754272388719e-01 1.153369485176116149e-01 7.679819649507686474e-01 2.189713832362409907e+00 4.684624501762914228e+00 5.341767102026560465e+00 5.341767102026560465e+00 5.341767102026560465e+00 5.341767102026560465e+00
-9.114604308103098518e+00 -8.211274669825744610e+00 -7.392979859590964153e+00 -6.589726040989638989e+00 -5.146730552150968308e+00 -3.652937047988978669e+00 -2.465252626624848453e+00 -2.079339879646378009e+00 5.934680438048097750e-01 1.192624723367904149e+00 7.196557596128276835e-01 -3.262800611753390312e-01 1.752930305983983583e+00 4.809429752347047504e+00 5.300690532945987243e+00 5.300690532945987243e+00 5.300690532945987243e+00 5.300690532945987243e+00
-9.425287413493649069e+00 -8.519832601930001914e+00 -8.007655105312379007e+00 -7.281256110340323495e+00 -6.314412848550446711e+00 -5.040304550165863873e+00 -2.488693880960093807e+00 -2.656211770427635788e+00 -2.499627215780997891e-01 9.339363978227531726e-01 9.339667236411028917e-01 6.619493822778257375e-01 1.039069778345551143e+00 4.045724315921153114e+00 5.081024211918629518e+00 5.081024211918629518e+00 5.081024211918629518e+00 5.081024211918629518e+00
-9.913548361010477095e+00 -8.988755230169887867e+00 -8.530029315347658070e+00 -8.054645189398554450e+00 -7.351177201590369137e+00 -6.405456721070605042e+00 -4.072273698826366584e+00 -2.660513792472356087e+00 -2.082726432587936216e+00 6.510969322957227412e-01 8.062158697346888392e-01 9.604238416933608136e-01 2.064962732252821342e-01 3.926509401007914235e+00 5.513181610479477079e+00 5.513181610479477079e+00 5.513181610479477079e+00 5.513181610479477079e+00
-1.028978082693712537e+01 -9.846299812811288632e+00 -9.334143161735568128e+00 -8.840596401681633409e+00 -8.250373835425705238e+00 -7.172905213578272487e+00 -5.373690027408525971e+00 -2.863031204677899844e+00 -2.740655200040805095e+00 1.488871871783551404e-01 8.566423829043433580e-01 9.461764104784008422e-01 1.767325040392365432e-01 4.380801234365311103e+00 5.516502747586808475e+00 5.516502747586808475e+00 5.516502747586808475e+00 5.516502747586808475e+00
-1.038716260193464791e+01 -1.002728704281101457e+01 -9.560562064480357947e+00 -9.151802008986010151e+00 -8.552371689736165905e+00 -7.610513362101786861e+00 -6.348442951055709216e+00 -3.546269914709549553e+00 -2.772800704252264659e+00 -1.420814990282370793e+00 7.057313358430655770e-01 9.090948906188933698e-01 8.002368834922753971e-01 2.838986764649178873e+00 5.425765286372584484e+00 5.425765286372584484e+00 5.425765286372584484e+00 5.425765286372584484e+00
-1.049731177405550930e+01 -1.011420714293875278e+01 -9.744433690695061046e+00 -9.282111883201491054e+00 -8.814435068107988158e+00 -7.889378664991427037e+00 -6.656874851139335192e+00 -4.958372521215784978e+00 -2.247381016816250909e+00 -2.865687453846419430e+00 5.082110593286024436e-01 7.955324516872921414e-01 5.741474811039587456e-01 2.760380847691108919e+00 5.384688717292000604e+00 5.384688717292000604e+00 5.384688717292000604e+00 5.384688717292000604e+00
-1.047719582407363959e+01 -1.016325215934856629e+01 -9.801818386050483056e+00 -9.424626703989922305e+00 -8.891425178137357221e+00 -8.078458920108245067e+00 -6.940580258583324280e+00 -5.571788481078502997e+00 -3.065273764192108619e+00 -3.234536969264195427e+00 -2.385067926821519413e-01 6.660788238574844033e-01 8.103131614756511336e-01 2.669975220361829660e+00 5.032131524189065175e+00 5.032131524189065175e+00 5.032131524189065175e+00 5.032131524189065175e+00
-1.049678477620748218e+01 -1.019075525731219756e+01 -9.868676510290521620e+00 -9.493213883651893781e+00 -9.001123792505865140e+00 -8.307329113972748758e+00 -7.121437992075829726e+00 -5.740879587387338390e+00 -4.256951666681827007e+00 -3.294770268171217431e+00 -1.409751708095905887e+00 4.439921006060125186e-01 2.010679637940701037e-01 2.789772105492747123e+00 5.136127699963448201e+00 5.136127699963448201e+00 5.136127699963448201e+00 5.136127699963448201e+00
-1.053307896903083929e+01 -1.023846550966603530e+01 -9.871624840187667616e+00 -9.505598009523129832e+00 -9.089610434856673749e+00 -8.375591866446185918e+00 -7.227069090873104784e+00 -5.900305992185351123e+00 -4.693791981804537272e+00 -2.891290219143235696e+00 -2.549240745704732802e+00 1.608943268182086994e-01 5.234874997756548964e-01 2.471534047299069670e+00 5.600500931932833382e+00 5.600500931932833382e+00 5.600500931932833382e+00 5.600500931932833382e+00
-1.055101327036424763e+01 -1.021362916267303156e+01 -9.939577077650898929e+00 -9.573697246684300666e+00 -9.147889251059645233e+00 -8.549799467934178665e+00 -7.340831912693364103e+00 -5.907269886657600111e+00 -4.813047838358046171e+00 -2.834480265774467878e+00 -2.853863826514015045e+00 9.650607030131580499e-02 1.072718111394965340e-01 2.537258491274775984e+00 5.559424362852253054e+00 5.559424362852253054e+00 5.559424362852253054e+00 5.559424362852253054e+00
-1.054979389070896545e+01 -1.027957652739159933e+01 -9.927226578156991721e+00 -9.614926043488997820e+00 -9.224173223018169665e+00 -8.589802298481506782e+00 -7.387808431861628833e+00 -5.977874415350468595e+00 -5.057002372239615795e+00 -2.478913957493926290e+00 -3.064854249482178883e+00 -1.378721267072514356e-01 -3.769563915584631109e-02 2.505361708847084756e+00 5.468686901638032616e+00 5.468686901638032616e+00 5.468686901638032616e+00 5.468686901638032616e+00
-1.062185189101859351e+01 -1.031462999872899999e+01 -9.983479877773143940e+00 -9.639933152147467155e+00 -9.296183734356105788e+00 -8.650674138850380501e+00 -7.533613420806772432e+00 -5.948250039581261639e+00 -5.237241799165410328e+00 -3.490494742512566084e+00 -2.891232622917148110e+00 -4.789682432958354275e-01 -1.662641148212239128e-01 2.487384879651464598e+00 5.094768288512698362e+00 5.094768288512698362e+00 5.094768288512698362e+00 5.094768288512698362e+00
-1.063912965250940701e+01 -1.035314170378369170e+01 -1.000163472326759972e+01 -9.653890054360459771e+00 -9.371984953070237268e+00 -8.823584561422205041e+00 -7.569570250142910517e+00 -5.813243096454677961e+00 -5.401390497694082526e+00 -3.862288206860496231e+00 -2.407892655162690687e+00 -1.100157027446518221e+00 -4.328471541586577098e-01 2.318120633369744610e+00 5.023254850709033548e+00 5.023254850709033548e+00 5.023254850709033548e+00 5.023254850709033548e+00
