-1.050544166361325438e+01 -1.029010537397675762e+01 -9.979357447856724406e+00 -9.620649375038247797e+00 -9.337519507830133847e+00 -9.020732404362563628e+00 -8.358844873207123882e+00 -7.035388783702057225e+00 -3.471338285559058434e+00 -3.926167059438002482e+00 -2.308917634744656056e+00 -6.956044278254670532e-01 1.692512942648410013e+00 2.069880799295351625e+00 5.438406143172812790e+00 5.438406143172812790e+00 5.438406143172812790e+00 5.438406143172812790e+00
-1.044041470290100015e+01 -1.020074113105458480e+01 -1.001201128053729228e+01 -9.780420520413516172e+00 -9.410358484289755410e+00 -8.896569952911999479e+00 -8.121105132179522457e+00 -6.576207142015933371e+00 -3.217500850754186459e+00 -4.533116248158280293e+00 -1.999179558304358340e+00 -7.555982902142337476e-01 1.412262646583166692e+00 1.918960009286321267e+00 5.717903080851590047e+00 5.717903080851590047e+00 5.717903080851590047e+00 5.717903080851590047e+00
-1.021094676297015980e+01 -9.964804820727778178e+00 -9.856715414608585135e+00 -9.841763456567967694e+00 -9.554794514848483189e+00 -9.004667316226726115e+00 -8.100059205966577025e+00 -6.332249327456556998e+00 -2.593320422543350379e+00 -4.487047888917898852e+00 -6.193211758629773023e-01 -4.481273579385298134e-01 1.877834002868320695e+00 2.025239600397127582e+00 5.500898948256610410e+00 5.500898948256610410e+00 5.500898948256610410e+00 5.500898948256610410e+00
-1.042741499806102290e+01 -1.023061539479176574e+01 -9.723097072265050045e+00 -9.366536128003913220e+00 -9.308046088012249086e+00 -9.113615473049351934e+00 -8.113624337011749788e+00 -5.781869085941602648e+00 -2.677424750926245434e+00 -4.130748261443480729e+00 -6.524450938052786531e-02 -2.175470317829982791e-01 1.520374948536328041e+00 2.151744537801075552e+00 5.084625184445767054e+00 5.084625184445767054e+00 5.084625184445767054e+00 5.084625184445767054e+00
-1.051856331563163138e+01 -1.021303280154801563e+01 -9.928219811423458552e+00 -9.552731748462637285e+00 -8.974762894730096363e+00 -8.668819818994148108e+00 -7.916935168439977133e+00 -4.349966443577693909e+00 -3.182833524832252792e+00 -3.167742426685675738e+00 -9.926688742849755498e-02 1.432194777115020301e+00 1.483794823653765249e+00 2.329523406175815659e+00 4.895541507164177908e+00 4.895541507164177908e+00 4.895541507164177908e+00 4.895541507164177908e+00
-1.031813122729406729e+01 -1.018661419400718060e+01 -1.014348762988348440e+01 -9.846907744474250990e+00 -9.277556089905182546e+00 -8.463650646238864539e+00 -7.633185919640371964e+00 -3.140892567768467813e+00 -4.198620550778352722e+00 -1.545803344265314960e+00 -2.000853469503510035e-02 1.472437238175152041e+00 1.616669105199084910e+00 2.122706965450797956e+00 4.549875367530848536e+00 4.549875367530848536e+00 4.549875367530848536e+00 4.549875367530848536e+00
-1.054298137191263329e+01 -1.023311003365343197e+01 -1.005679666775460035e+01 -9.742416428132187889e+00 -9.258589133298738005e+00 -8.450443408379904042e+00 -6.609265691751095240e+00 -2.943911876548126472e+00 -4.224775871936602201e+00 -6.818604534636915071e-01 6.261301526595748346e-01 1.846444453445289735e+00 1.659049204603851191e+00 3.020710388744590080e+00 4.398591307272269546e+00 4.398591307272269546e+00 4.398591307272269546e+00 4.398591307272269546e+00
-1.041185952817816585e+01 -1.015092973960722667e+01 -1.008968413136798858e+01 -9.670292210196848259e+00 -9.202343354993539393e+00 -8.208751810899412860e+00 -4.817458122049602665e+00 -3.657649636624260125e+00 -3.439129396807990346e+00 -9.302553450436995552e-02 1.538883115154256132e+00 1.972896396494979943e+00 1.881902508048211686e+00 4.285867719729273162e+00 5.574505993514907942e+00 5.574505993514907942e+00 5.574505993514907942e+00 5.574505993514907942e+00
-1.042194824493630101e+01 -9.992275397673516579e+00 -9.546480775922338680e+00 -9.263412198710076595e+00 -8.460315750485307262e+00 -7.055468915549184317e+00 -3.651356862897656264e+00 -4.642022761018946397e+00 -2.500891350445499928e+00 2.149467054131315724e-01 2.153126565399631431e+00 2.680420880963907404e+00 3.243898134236115727e+00 4.740934757371503494e+00 5.431355119501010797e+00 5.431355119501010797e+00 5.431355119501010797e+00 5.431355119501010797e+00
-1.055454835721821638e+01 -1.012961258571705159e+01 -9.315127692204848486e+00 -8.447937536159844996e+00 -7.454840574721069757e+00 -5.749534831098097598e+00 -2.375460768011532053e+00 -4.401898051603660988e+00 -4.647018569823809786e-01 1.332867508824435276e+00 2.782709557306207948e+00 3.388598391840118129e+00 4.899469147974971683e+00 4.952806906432456024e+00 5.738507988704346197e+00 5.738507988704346197e+00 5.738507988704346197e+00 5.738507988704346197e+00
-1.016645689867499236e+01 -9.664071050920600925e+00 -9.064510986213628385e+00 -8.381757592632565590e+00 -6.871489246890607916e+00 -4.076034923513287112e+00 -3.423114392173324916e+00 -2.575315798753023522e+00 2.995810487294399693e-01 2.628793379446658918e+00 2.912341324684439403e+00 4.521030661841590970e+00 3.041327503287765133e+00 2.259006878350569014e+00 5.584311153127426763e+00 5.584311153127426763e+00 5.584311153127426763e+00 5.584311153127426763e+00
-9.883624294647159303e+00 -9.133677996961804268e+00 -8.380592936888232813e+00 -8.001577082519212070e+00 -5.615360165916870372e+00 -2.809375148690883783e+00 -3.514306426174939268e+00 -1.381092067170287985e+00 1.160958262548066555e+00 3.225513707856076717e+00 4.333141281440523684e+00 3.752492200456366778e+00 2.070326029731884621e+00 2.480050877993285496e+00 5.509177607995376036e+00 5.509177607995376036e+00 5.509177607995376036e+00 5.509177607995376036e+00
-9.537638964234792738e+00 -8.717799821244248903e+00 -7.894725698033275840e+00 -6.579527229157795531e+00 -4.741404275232826038e+00 -2.681145974957827693e+00 -3.722843104128334080e+00 -1.594777024920792929e-01 2.723617450461926381e+00 3.964842535899175680e+00 4.598691380884657676e+00 2.038050183361645118e+00 4.731166672909420390e-01 2.360511039243944786e+00 5.897517637627732512e+00 5.897517637627732512e+00 5.897517637627732512e+00 5.897517637627732512e+00
-1.000957759949052672e+01 -8.112307509196686084e+00 -6.974292297145195718e+00 -5.395747004687176940e+00 -3.220942290838634925e+00 -2.105439781868611249e+00 -2.883783228395768283e+00 5.942190124791161265e-01 3.312859702763524261e+00 4.908351565240860026e+00 3.311800657687034910e+00 -1.946144471370153450e+00 3.597492906637674848e-01 2.503165366695317751e+00 5.681134330559428847e+00 5.681134330559428847e+00 5.681134330559428847e+00 5.681134330559428847e+00
-9.577190277199029822e+00 -7.680486762805072587e+00 -6.094557128687085878e+00 -4.828648853495289828e+00 -2.322652896326594885e+00 -3.056307224186330274e+00 -7.935842530823038476e-01 2.210303062583982125e+00 3.443527664376910824e+00 5.393215239059289345e+00 4.332615015095381494e+00 -9.771925265294689744e-01 9.700564916299969642e-01 2.568868613706252191e+00 5.773181003914798382e+00 5.773181003914798382e+00 5.773181003914798382e+00 5.773181003914798382e+00
-9.080759403811397235e+00 -7.082285174100322322e+00 -5.426244343439995177e+00 -4.009894733120135335e+00 -2.038695908481142016e+00 -2.624754694175782888e+00 3.513389408646643286e-01 2.945425576653716959e+00 3.969858172202754609e+00 6.078393050446029733e+00 5.873513734249406149e+00 1.875802958707091239e+00 6.565462708017986149e-01 2.674417532445267920e+00 5.676723995739735962e+00 5.676723995739735962e+00 5.676723995739735962e+00 5.676723995739735962e+00
-8.777046555885426926e+00 -6.609281070938018310e+00 -4.761267111977931066e+00 -3.377032117707584824e+00 -2.506168861218366573e+00 -2.392666146039032604e+00 1.350686905301573759e+00 3.373924652995852647e+00 4.195514755630320280e+00 5.039154449089382481e+00 4.535711913620975366e+00 4.595331057186087698e+00 3.515553094070444917e+00 3.230742233591075596e+00 5.573870691138974820e+00 5.573870691138974820e+00 5.573870691138974820e+00 5.573870691138974820e+00
-8.182382479181956825e+00 -6.408584815748810115e+00 -4.553968221324415921e+00 -2.488620258932879192e+00 -2.448922486677337584e+00 -1.886899054026767164e+00 2.596352429242104520e+00 3.827361586288557049e+00 3.950581586385560673e+00 3.217153015107915515e+00 3.297410078713818748e+00 3.141651624722478608e+00 3.878943776714613101e+00 5.109920484103670724e+00 5.761487174480383722e+00 5.761487174480383722e+00 5.761487174480383722e+00 5.761487174480383722e+00
-7.662512353611097282e+00 -6.285427075895322346e+00 -4.246054706364352782e+00 -2.275184891865424941e+00 -2.167599712378235566e+00 -9.806875554457016309e-01 2.696150560909220228e+00 3.765001625379864159e+00 3.707158214977147814e+00 1.763646186597423116e+00 1.551312235196787181e+00 1.598768248053068497e+00 2.775858079795222366e+00 4.284466004331851430e+00 5.782576160041839941e+00 5.782576160041839941e+00 5.782576160041839941e+00 5.782576160041839941e+00
-7.844330151258040118e+00 -6.121217141420709495e+00 -4.122715785305667957e+00 -1.817535329180226533e+00 -2.498627070251653315e+00 -3.304511748198656756e-02 3.238127028556244014e+00 3.955925599246669755e+00 3.052953987228480770e+00 1.590631702207403464e+00 1.085067321045488864e+00 1.105813966977679419e+00 1.973635588226188675e+00 3.607870016058741136e+00 5.639773191135220465e+00 5.639773191135220465e+00 5.639773191135220465e+00 5.639773191135220465e+00
-8.211622688153809690e+00 -6.469844726840865867e+00 -4.192583899981714879e+00 -2.584637762258198634e+00 -1.906241175703825119e+00 -9.638785523305732905e-01 3.366248554293695960e+00 4.008787048536582631e+00 2.973190006427198107e+00 1.497232215293509805e+00 7.895207399256896075e-01 5.326713403767192601e-01 1.251844926621836107e+00 3.252020626303974815e+00 5.671544869035669123e+00 5.671544869035669123e+00 5.671544869035669123e+00 5.671544869035669123e+00
-8.189505198545690590e+00 -6.734392881909609940e+00 -4.222172788254692222e+00 -2.198188593946397429e+00 -2.144520146703302821e+00 -5.183460121390903730e-01 2.964837593983018493e+00 4.007088814848844827e+00 2.748301019050781058e+00 1.264033308798106825e+00 -2.228059817924497921e+00 -1.576116414871810312e+00 1.160956532506097094e+00 3.081373570171967557e+00 5.618491665883491137e+00 5.618491665883491137e+00 5.618491665883491137e+00 5.618491665883491137e+00
-8.200705790447914367e+00 -6.971671219661239149e+00 -4.818028929864951238e+00 -2.459665931423308916e+00 -1.821814729068416128e+00 -1.927044890005662925e+00 2.183555791305971105e+00 3.864807622407256726e+00 2.313861838626794842e+00 9.283013913229180014e-01 -2.447534628178005711e+00 -1.553433917992437019e+00 1.164157558226520450e+00 3.402946293695082502e+00 5.467579592800722921e+00 5.467579592800722921e+00 5.467579592800722921e+00 5.467579592800722921e+00
-8.144934657024652580e+00 -7.245500438157572276e+00 -5.265678205874557705e+00 -3.377575210246765103e+00 -1.790137069226920064e+00 -1.925333312482804260e+00 7.837348314341454625e-01 3.607842569382675002e+00 2.162323604219319684e+00 5.451110312136202285e-02 -2.614473204225559844e+00 -1.152963585969185578e+00 1.243177660174184629e+00 3.658150213838398557e+00 5.884154845932964228e+00 5.884154845932964228e+00 5.884154845932964228e+00 5.884154845932964228e+00
-8.066381536831640275e+00 -7.171863551902364797e+00 -5.792999986809684643e+00 -4.230947984543458773e+00 -2.320277948649160926e+00 -1.666736814137163458e+00 -1.302370360866176968e+00 2.520067974781257991e+00 2.533623157128758852e+00 -3.621763832985604115e+00 -2.236378481629019976e+00 -6.838951650702996821e-01 1.468350874295829112e+00 3.721343009585258876e+00 5.788830583578359779e+00 5.788830583578359779e+00 5.788830583578359779e+00 5.788830583578359779e+00
-8.305325504383265667e+00 -7.816380300688187788e+00 -6.474219262152039356e+00 -4.934623974146187919e+00 -3.578456098669467345e+00 -1.640255601060406576e+00 -2.167512556756054476e+00 1.318823633517678173e+00 2.209622401640912948e+00 -3.021372037394585597e+00 2.412517981528921607e-01 1.038585701923068649e+00 1.838500112682371013e+00 4.209115756915354112e+00 5.826544561940661282e+00 5.826544561940661282e+00 5.826544561940661282e+00 5.826544561940661282e+00
-8.758174567929543741e+00 -7.829927231783066155e+00 -6.934420562643099473e+00 -5.691347325651086919e+00 -4.402038755676312753e+00 -2.415929418424250574e+00 -2.293835619773659129e+00 -8.703403815827743806e-01 1.708063352257606970e+00 7.938257263470172020e-02 2.843522300827362459e-01 7.936744292032376080e-01 2.150518824325774681e+00 4.788911671718727447e+00 5.587042340957143693e+00 5.587042340957143693e+00 5.587042340957143693e+00 5.587042340957143693e+00
-9.118403512282313272e+00 -8.192456549374249164e+00 -7.369806923063483950e+00 -6.371435745570582121e+00 -5.293058665196722856e+00 -3.962620340976036992e+00 -1.957711825679969042e+00 -2.530278294805995642e+00 9.779742119514193144e-01 1.368477231348699918e+00 8.603858376338395786e-01 -4.385606427425069453e-01 1.756167998029149135e+00 4.958801349398039626e+00 5.484534325751081241e+00 5.484534325751081241e+00 5.484534325751081241e+00 5.484534325751081241e+00
-9.426694433384337657e+00 -8.504493210749812349e+00 -7.917473425303247048e+00 -7.204431134535434822e+00 -6.306289116531471173e+00 -5.082340085967636867e+00 -2.637155260403742041e+00 -2.306608865996208735e+00 6.440478307617422682e-02 1.548573549214844691e+00 9.529626718928612128e-01 7.866850362701268695e-01 9.260650090481117314e-01 4.078785239651792516e+00 5.835944023738056430e+00 5.835944023738056430e+00 5.835944023738056430e+00 5.835944023738056430e+00
-9.836872311968630100e+00 -9.002534861170961022e+00 -8.467476497779621525e+00 -8.059274345978389320e+00 -7.316749872101522278e+00 -6.384492274426147418e+00 -4.061734394646329349e+00 -2.080013392491297797e+00 -2.248713554166264394e+00 9.458036023491082078e-01 1.128403226321889052e+00 9.637121982726304381e-01 4.811034275448874409e-01 3.964116451088512072e+00 5.865939432317128777e+00 5.865939432317128777e+00 5.865939432317128777e+00 5.865939432317128777e+00
-1.023370230720012408e+01 -9.802383751914076626e+00 -9.282841129772611666e+00 -8.748562222357321616e+00 -8.192377685466237125e+00 -7.139225950480413196e+00 -5.033674650975261677e+00 -2.727465305376327365e+00 -2.733715280344731102e+00 4.200803886122855269e-01 1.208146437894907610e+00 9.903947596443640755e-01 5.039117393771270770e-01 4.468185253379795441e+00 5.983341635485608379e+00 5.983341635485608379e+00 5.983341635485608379e+00 5.983341635485608379e+00
-1.039781726263980133e+01 -1.001042499330903901e+01 -9.546005166794786945e+00 -9.110018297083513517e+00 -8.493614856662551560e+00 -7.549624047060445875e+00 -6.243343822656953535e+00 -3.042487002984039623e+00 -2.652177047514285846e+00 -1.479621641602780979e+00 9.221773906863369730e-01 1.041735755085544390e+00 8.254096250514686428e-01 3.073624913670176539e+00 5.704658666143839874e+00 5.704658666143839874e+00 5.704658666143839874e+00 5.704658666143839874e+00
-1.046916154564865309e+01 -1.012049450338131606e+01 -9.716530805115223046e+00 -9.276340122760688089e+00 -8.731920474567061774e+00 -7.848701565305857386e+00 -6.631788387191788203e+00 -4.616403927361500514e+00 -3.004512709170403806e+00 -2.645765375102147043e+00 6.288404244462025838e-01 1.074185197561858374e+00 7.463513604662291856e-01 2.639372116508156285e+00 5.502539812878620040e+00 5.502539812878620040e+00 5.502539812878620040e+00 5.502539812878620040e+00
-1.045294777490219751e+01 -1.014481150753878858e+01 -9.775347744414444762e+00 -9.397785575647812806e+00 -8.816716237542351564e+00 -8.013044834574099440e+00 -6.861732307568051858e+00 -5.482842334253514416e+00 -2.739123976387352499e+00 -2.703327815043016891e+00 2.698650659319437595e-01 1.103389297355145127e+00 7.150917959508009680e-01 2.589013124573768199e+00 5.409892712016202587e+00 5.409892712016202587e+00 5.409892712016202587e+00 5.409892712016202587e+00
-1.045676288942923193e+01 -1.016077360763343762e+01 -9.843957988862303665e+00 -9.457789973540608131e+00 -8.964648344305153671e+00 -8.220103179600254606e+00 -7.066389920166709082e+00 -5.644954454883194472e+00 -3.677510381296735353e+00 -2.278133291463414700e+00 -9.694875749215752236e-01 7.448116164817959461e-01 1.809055477526131661e-01 2.800008473159373956e+00 5.367908178205354375e+00 5.367908178205354375e+00 5.367908178205354375e+00 5.367908178205354375e+00
-1.051489680506441893e+01 -1.016098501340733407e+01 -9.836855629596552575e+00 -9.487328750961461665e+00 -9.042869705183461448e+00 -8.312813890284514784e+00 -7.234057625387215751e+00 -5.857041255052115147e+00 -3.896823637307378796e+00 -2.736883135275757439e+00 -2.803665443575798832e+00 2.851272509313114156e-01 7.232858370239767520e-01 2.367553918804476076e+00 6.094871251095115738e+00 6.094871251095115738e+00 6.094871251095115738e+00 6.094871251095115738e+00
-1.050741200863809333e+01 -1.018267829230846466e+01 -9.899650638805869818e+00 -9.548481668604880568e+00 -9.064426662688905623e+00 -8.501404979998087086e+00 -7.360080125725833256e+00 -5.884258817536977659e+00 -4.488436023313514767e+00 -3.627166612212128438e+00 -2.768133702761630399e+00 2.022548962943990225e-01 1.073656756086009828e-01 2.452394043760925513e+00 6.127590240071747907e+00 6.127590240071747907e+00 6.127590240071747907e+00 6.127590240071747907e+00
-1.050998559363312523e+01 -1.022733975401963136e+01 -9.881889264701676723e+00 -9.565697782102867919e+00 -9.180424663738090629e+00 -8.502509891832350064e+00 -7.396460774201891297e+00 -5.950907529510917726e+00 -5.069025995983075461e+00 -2.959338573158262431e+00 -2.849926083831879620e+00 9.230486213293020992e-02 2.092089531241353995e-01 2.489024871226954261e+00 5.715151571348902948e+00 5.715151571348902948e+00 5.715151571348902948e+00 5.715151571348902948e+00
-1.056333546611312180e+01 -1.028028450444946174e+01 -9.938666981354430163e+00 -9.595874367779188674e+00 -9.237254509519052803e+00 -8.572442180761106201e+00 -7.497311208579272801e+00 -5.889341062480785816e+00 -5.182478215016633527e+00 -3.145558450488302960e+00 -3.005229522495169725e+00 -1.647497977168274064e-01 3.521888668377176623e-01 2.393511161262112275e+00 5.509601518086832073e+00 5.509601518086832073e+00 5.509601518086832073e+00 5.509601518086832073e+00
-1.059551807884013996e+01 -1.030010562157893261e+01 -9.990955912438272080e+00 -9.652216963078776857e+00 -9.326349696701289105e+00 -8.756517649808163384e+00 -7.530401291533651786e+00 -5.811658092119740715e+00 -5.354967379759599133e+00 -3.580045265331477822e+00 -2.405668339143136158e+00 -6.256374711958940793e-01 3.608518031483883837e-01 2.526322030264781304e+00 5.808670046273892495e+00 5.808670046273892495e+00 5.808670046273892495e+00 5.808670046273892495e+00
