-1.045229962778058308e+01 -1.035176731037575770e+01 -9.956130096105656690e+00 -9.653973510266842695e+00 -9.344965203700443368e+00 -8.988482682890039044e+00 -8.416147198296277665e+00 -7.209482096845530208e+00 -4.831417826329611920e+00 -2.164008272149855028e+00 -2.235668492012195419e+00 -8.795160632545387935e-01 6.700798471062193729e-01 1.985473758303847092e+00 5.008652636162754135e+00 5.008652636162754135e+00 5.008652636162754135e+00 5.008652636162754135e+00
-1.036921300794891820e+01 -1.011844719359539901e+01 -9.988298064088690253e+00 -9.830353114878059628e+00 -9.515711738103560080e+00 -8.942524094724676686e+00 -8.178183034002969976e+00 -6.927956042396726133e+00 -4.289138062006935037e+00 -2.897786269452272467e+00 -2.000638194370608858e+00 -3.356776620387045273e-01 9.538720675714045250e-01 2.131289281924320989e+00 5.227229476053630641e+00 5.227229476053630641e+00 5.227229476053630641e+00 5.227229476053630641e+00
-1.035417758914597997e+01 -1.003425795127039777e+01 -9.803922637957477093e+00 -9.815133268372118636e+00 -9.701128341148526957e+00 -9.150006370552787871e+00 -8.147228928325208841e+00 -6.840520845967767549e+00 -3.127934116799661712e+00 -3.071279705249337244e+00 -9.273329676322018544e-01 -1.226010087459115522e-01 7.147622465201550757e-01 1.991760574210755141e+00 5.183256555152999212e+00 5.183256555152999212e+00 5.183256555152999212e+00 5.183256555152999212e+00
-1.040228588782652963e+01 -1.033174352154705566e+01 -9.886526441669051479e+00 -9.294466137463977873e+00 -9.240781818142997039e+00 -9.225729175170247487e+00 -8.223284751139724236e+00 -6.518019329819437324e+00 -2.709437276663807737e+00 -2.931110971557091549e+00 -6.320828460870582255e-01 -1.098245914586889194e-01 6.138735339871218555e-01 2.245442173275444819e+00 4.677628484561255462e+00 4.677628484561255462e+00 4.677628484561255462e+00 4.677628484561255462e+00
-1.056105151714734802e+01 -1.033375542630749599e+01 -9.924405455419115896e+00 -9.651059149154550099e+00 -9.066808406853217761e+00 -8.659199509565663533e+00 -8.260849728231324463e+00 -5.439801806643498772e+00 -3.120354623882958478e+00 -3.161479699092160978e+00 -2.281198071083404000e-01 3.923561103699600983e-01 1.997468217226592513e+00 2.347253733574639956e+00 4.656158233165545113e+00 4.656158233165545113e+00 4.656158233165545113e+00 4.656158233165545113e+00
-1.040572756830097134e+01 -9.979671494612038174e+00 -1.015310104965946358e+01 -9.885836444674135137e+00 -9.346958652041816862e+00 -8.643596243310522453e+00 -7.677593959351034059e+00 -3.757167709753674867e+00 -3.795361588124691377e+00 -1.784628103160680768e+00 -2.932346140549431102e-01 2.918741278156120056e-01 1.290665350953839496e+00 2.144823883411656418e+00 4.385325347898052506e+00 4.385325347898052506e+00 4.385325347898052506e+00 4.385325347898052506e+00
-1.048112078692465232e+01 -1.028958932402914606e+01 -9.965680672737111223e+00 -9.844653276044583734e+00 -9.339667523434984631e+00 -8.576105285269054690e+00 -7.388503435149430310e+00 -2.649426383841448462e+00 -3.757930885693224532e+00 -6.349071956103732317e-01 2.821008816611726422e-01 1.836925634517798223e+00 1.582964227559142234e+00 3.339744457043797077e+00 5.772895683217035945e+00 5.772895683217035945e+00 5.772895683217035945e+00 5.772895683217035945e+00
-1.044149376841130028e+01 -1.007922241922714690e+01 -9.994962724495305650e+00 -9.776869718095822392e+00 -9.221541464927510034e+00 -8.269236290483560126e+00 -4.852974517829985679e+00 -3.380083796334709678e+00 -2.923241414169229113e+00 1.239593309996490506e-01 1.433821291897264816e+00 1.983207030497494694e+00 1.866288977975907537e+00 4.323926535492852885e+00 5.368392287072415670e+00 5.368392287072415670e+00 5.368392287072415670e+00 5.368392287072415670e+00
-1.041851443374284614e+01 -1.016503284744747226e+01 -9.529593937851139174e+00 -9.075008828180839870e+00 -8.263819445532423202e+00 -6.947250462306209684e+00 -3.401877411138506613e+00 -4.051713233276714732e+00 -1.102380324524009358e+00 9.980889970086077589e-01 2.050359243382791963e+00 2.728281859464521286e+00 3.411523354474929270e+00 4.754936750779309662e+00 5.370342601892569512e+00 5.370342601892569512e+00 5.370342601892569512e+00 5.370342601892569512e+00
-1.043789556546819597e+01 -1.004503866378914267e+01 -9.513378115219051523e+00 -8.425142442513356755e+00 -7.395479604517916528e+00 -5.350551273223511650e+00 -2.423084335120830435e+00 -3.527082569399516476e+00 8.109248659788002855e-02 2.136643724916527987e+00 2.988093794380482393e+00 3.472415704185841889e+00 4.878655719798745238e+00 4.991384601010701694e+00 5.690443123768669231e+00 5.690443123768669231e+00 5.690443123768669231e+00 5.690443123768669231e+00
-1.022371209863544195e+01 -9.497689804466521224e+00 -8.887862406665393067e+00 -8.353881759000444163e+00 -6.849593679604946139e+00 -3.555545977029672677e+00 -4.079349767006918981e+00 -1.261916113659933059e+00 1.065791354160476212e+00 3.115718120422891868e+00 3.047322185028666475e+00 4.579967945308250243e+00 2.895869611006094857e+00 2.227486340335890436e+00 5.425061820125706369e+00 5.425061820125706369e+00 5.425061820125706369e+00 5.425061820125706369e+00
-9.881413035137526890e+00 -9.034676335179748108e+00 -8.186862718812443873e+00 -7.617764838921737613e+00 -5.222836825451394382e+00 -2.351433331202936738e+00 -3.304767707299002044e+00 1.876075474963680989e-01 2.988717877191719552e+00 3.114671095466861939e+00 4.452332239416700865e+00 3.753155261278965149e+00 2.051022809418645565e+00 2.490530479607492520e+00 6.044602280959033180e+00 6.044602280959033180e+00 6.044602280959033180e+00 6.044602280959033180e+00
-9.494697629954208296e+00 -8.573774433093547032e+00 -7.753297285978873354e+00 -6.175651300400279986e+00 -3.825922315464038270e+00 -3.533294685378561617e+00 -2.084856136148655281e+00 1.760762282893820529e+00 3.188252736641292273e+00 4.031231805423161063e+00 4.698067730539682074e+00 1.650134958508860272e+00 4.848002789092863973e-01 2.313611164625346106e+00 5.915610439367506856e+00 5.915610439367506856e+00 5.915610439367506856e+00 5.915610439367506856e+00
-1.006329381305365800e+01 -7.832046044365449156e+00 -6.638185972890146225e+00 -4.974473130985884950e+00 -2.316299014733315342e+00 -3.129911962974951223e+00 1.836963918300873327e-02 2.986155168619688105e+00 3.276052776443513004e+00 5.085415353877754896e+00 3.360378198262141236e+00 -2.050060754888802350e+00 3.633150802088289666e-01 2.562222566697798687e+00 5.809606267022910053e+00 5.809606267022910053e+00 5.809606267022910053e+00 5.809606267022910053e+00
-9.425761344047279167e+00 -7.578044306888168435e+00 -5.688286287225292170e+00 -4.061286462840041800e+00 -2.667936080661111209e+00 -2.163367628027439871e+00 1.233722660958923578e+00 3.074433261307406351e+00 3.565544380908225897e+00 5.555377427456106965e+00 4.423497633298421938e+00 -9.277940079185096334e-01 1.002268519069894781e+00 2.591034999807653616e+00 5.627008827164218907e+00 5.627008827164218907e+00 5.627008827164218907e+00 5.627008827164218907e+00
-9.130449991567779477e+00 -6.909994067862327505e+00 -4.859592197864800234e+00 -2.752242075838532642e+00 -2.934576320213553746e+00 -4.490779895849376646e-01 3.000377249388221479e+00 3.011967926059394784e+00 4.093336921644431747e+00 6.333643074320802313e+00 6.075857831634179362e+00 1.837608832077407106e+00 6.493701173786970982e-01 2.689733240739464293e+00 5.511053300103157859e+00 5.511053300103157859e+00 5.511053300103157859e+00 5.511053300103157859e+00
-8.656792642343269506e+00 -6.471141777773280701e+00 -4.217964599164802486e+00 -1.823792870032419966e+00 -2.664390175135208150e+00 5.905725994428138170e-01 3.172111048236869735e+00 3.250072641609537794e+00 4.200359851081475249e+00 5.095186153713769706e+00 4.596173705999209602e+00 4.753881798429752337e+00 3.760780488936471766e+00 3.331572731321299496e+00 5.935254246059683325e+00 5.935254246059683325e+00 5.935254246059683325e+00 5.935254246059683325e+00
-7.837931751458947716e+00 -5.967175242896161969e+00 -3.858783281530340226e+00 -1.618254797040092674e+00 -1.659751018824414004e+00 2.198701559958356810e+00 3.515055213897122499e+00 3.862552792309255967e+00 4.110277363601312572e+00 3.192277350554874271e+00 3.269198432840751511e+00 3.169944907453560390e+00 4.037561735071174773e+00 5.100763720023445913e+00 5.881373825126033239e+00 5.881373825126033239e+00 5.881373825126033239e+00 5.881373825126033239e+00
-7.507827810843937577e+00 -6.061884439171484118e+00 -3.086911753752226595e+00 -1.586891080598729742e+00 -1.269210500595401525e+00 3.058546687138703923e+00 3.146318239216019830e+00 3.858819677031887441e+00 3.779804221823294341e+00 1.800121931737385994e+00 1.478377831789787988e+00 1.507638902759233401e+00 2.894173073888230530e+00 4.336761634561769441e+00 5.705642629760165008e+00 5.705642629760165008e+00 5.705642629760165008e+00 5.705642629760165008e+00
-8.237332945341794499e+00 -6.073653569856036327e+00 -3.146073329637458116e+00 -2.725942667874875713e+00 -1.070630292670000649e+00 3.055930326708740541e+00 3.068501440241611977e+00 4.048530533861763203e+00 3.092089296017679789e+00 1.559672010426021105e+00 -4.231073696784308225e-01 8.500362259329899972e-01 2.010175872609716308e+00 3.660400866413615173e+00 5.591292105018922598e+00 5.591292105018922598e+00 5.591292105018922598e+00 5.591292105018922598e+00
-8.185824192715973169e+00 -6.112365214987375062e+00 -3.097857715919247745e+00 -1.614322851695114469e+00 -4.150356356587820983e-01 3.131203266320195855e+00 3.125146582210448720e+00 4.087511571040810310e+00 2.982120669351978837e+00 1.415915311675026045e+00 -2.629289329687948401e-02 2.235061353592442956e-01 1.266350337720152597e+00 3.359115330705683800e+00 5.403985680274694836e+00 5.403985680274694836e+00 5.403985680274694836e+00 5.403985680274694836e+00
-8.272053733863891978e+00 -6.389756510174726678e+00 -3.376921389737570944e+00 -1.544689510944536215e+00 -6.200382765089237358e-01 3.280577047572917682e+00 3.230490871937712338e+00 4.152443014147981337e+00 2.783619638335408819e+00 1.196664814737354421e+00 -2.570584545791653408e+00 -1.630299633871155507e+00 1.199860173990788592e+00 3.211649944375256638e+00 5.288030153213633788e+00 5.288030153213633788e+00 5.288030153213633788e+00 5.288030153213633788e+00
-8.011111208819452045e+00 -7.110986429908356499e+00 -4.585669984621953965e+00 -1.726003842506655728e+00 -1.946270758496064790e+00 2.919397757615869615e+00 3.174689701368406336e+00 3.980537404779470823e+00 2.373367528662013282e+00 2.779408397781684692e-01 -2.752812016222959013e+00 -1.600153735996096671e+00 1.200990457963272418e+00 3.418004925776446434e+00 5.707683164842022983e+00 5.707683164842022983e+00 5.707683164842022983e+00 5.707683164842022983e+00
-8.046078032848344108e+00 -7.126175143480855567e+00 -5.156019836848645177e+00 -2.920963082539414390e+00 -1.835926585445778692e+00 2.970356025603428929e-01 3.171088915382940243e+00 3.799445122896865978e+00 2.109877567551212252e+00 -3.026840312234055919e+00 -2.767673829614611503e+00 -1.270586640979356696e+00 1.269343436754733379e+00 3.717163141870026166e+00 5.600173820057007035e+00 5.600173820057007035e+00 5.600173820057007035e+00 5.600173820057007035e+00
-7.933032181694638751e+00 -7.094894185526523067e+00 -5.320082223223191242e+00 -3.622879336383481697e+00 -1.507977990726810491e+00 -6.040690183098028632e-01 2.969611831696737703e+00 3.017688901721365724e+00 2.017407636049460162e+00 -3.933895684068622778e+00 -2.430955149126512005e+00 -7.573316566504797454e-01 1.522763686730957966e+00 3.722767081960178803e+00 5.484224485190459575e+00 5.484224485190459575e+00 5.484224485190459575e+00 5.484224485190459575e+00
-8.404924348365149456e+00 -7.586459734475225147e+00 -6.263386074136940707e+00 -4.392269719293453001e+00 -2.939264584122950108e+00 -2.243098267348923702e+00 4.911076834419369486e-01 2.750033378675299733e+00 1.376486926341246475e+00 -3.451294759654540467e+00 -3.880440626396011172e-01 1.057856141092393454e+00 1.867418230486182606e+00 4.155176204124359174e+00 5.368268958129401192e+00 5.368268958129401192e+00 5.368268958129401192e+00 5.368268958129401192e+00
-8.844169429818547812e+00 -7.966393686537369234e+00 -6.825953932273475466e+00 -5.422792222618102898e+00 -3.435978964781827294e+00 -2.411614465890333570e+00 -1.480732603000567860e+00 1.223369022952442320e+00 1.809070868224722961e+00 -4.476812553050448229e-01 1.769757208958289141e-01 3.222122817968445796e-01 2.166582820711898005e+00 4.556729228738571891e+00 5.180962533385172542e+00 5.180962533385172542e+00 5.180962533385172542e+00 5.180962533385172542e+00
-9.139179326581194474e+00 -8.329594367295220181e+00 -7.463851993432590426e+00 -6.346982812564658794e+00 -4.897701617327396839e+00 -3.175496617809869804e+00 -2.533590636768849880e+00 -1.556331980602028431e-02 9.176113741596033657e-01 1.281139223611661215e+00 1.440353814882812909e-02 3.896736609121886907e-01 1.817794835501806539e+00 4.685924792342516909e+00 5.603719527579284154e+00 5.603719527579284154e+00 5.603719527579284154e+00 5.603719527579284154e+00
-9.381336178172436036e+00 -8.501285846570159066e+00 -7.996640199280141026e+00 -7.308253050384704963e+00 -6.189632174265185860e+00 -4.775014886840505568e+00 -2.261421396108284299e+00 -2.214422329194099870e+00 3.635442618668343062e-01 6.558967542768529002e-01 -7.495650257511057291e-01 1.058178108513862029e-02 1.260049852823717620e+00 4.092959118642736094e+00 5.561725965657817738e+00 5.561725965657817738e+00 5.561725965657817738e+00 5.561725965657817738e+00
-1.008511306459036305e+01 -9.092436220462992935e+00 -8.665718007683693713e+00 -8.249337588755103923e+00 -7.435102669891891836e+00 -6.513496532172414533e+00 -4.402180095803764459e+00 -2.355797213440040672e+00 -1.871491236270897307e+00 4.863351524489147870e-01 2.866146820251635474e-01 7.222525989287703618e-01 -1.371124598084382251e-01 3.988351730336261447e+00 5.377156865361993887e+00 5.377156865361993887e+00 5.377156865361993887e+00 5.377156865361993887e+00
-1.032659825094919093e+01 -9.921302341964718607e+00 -9.409319998747195157e+00 -9.032015399845215953e+00 -8.423769717109825805e+00 -7.376421500853961533e+00 -5.623050460394256156e+00 -3.450798404872862157e+00 -2.383868053484936578e+00 -5.713969016443427584e-01 3.317569456350156765e-01 1.273764452887205412e+00 5.447796547343508600e-01 4.403866670802724315e+00 5.261201338300928398e+00 5.261201338300928398e+00 5.261201338300928398e+00 5.261201338300928398e+00
-1.049349570586777602e+01 -1.012057709505770653e+01 -9.639996795881961233e+00 -9.246678228153049517e+00 -8.744594656136779776e+00 -7.753271297150450714e+00 -6.359566859344305101e+00 -4.716724430370291543e+00 -2.201115459797845286e+00 -2.194761692275905673e+00 2.428363780583885911e-01 7.447000945279707018e-01 7.198404702608499628e-01 3.901055614138218886e+00 5.086694852202549910e+00 5.086694852202549910e+00 5.086694852202549910e+00 5.086694852202549910e+00
-1.054403298510965570e+01 -1.020861251949268222e+01 -9.779267029070732420e+00 -9.357296748618468385e+00 -8.907681757483901563e+00 -8.025860193816539478e+00 -6.705787410179185670e+00 -5.383204126375197518e+00 -3.434312384188377809e+00 -2.205670141205474444e+00 -1.364473296241503819e+00 -1.366100181850090911e-01 7.202035160865991603e-01 3.051863003217964554e+00 5.176328249192613917e+00 5.176328249192613917e+00 5.176328249192613917e+00 5.176328249192613917e+00
-1.050184836437480307e+01 -1.026139926584819406e+01 -9.737222504511695576e+00 -9.520131306320028131e+00 -8.989938075353489211e+00 -8.153875103685905401e+00 -6.826889580111243916e+00 -5.691534954471826779e+00 -4.125174077841696985e+00 -2.964705920754729718e+00 -2.888668497045875139e+00 1.033669211864077231e-01 6.187850630742806057e-01 2.661649782962276500e+00 5.457383377028550697e+00 5.457383377028550697e+00 5.457383377028550697e+00 5.457383377028550697e+00
-1.046741288180139584e+01 -1.023162545625163489e+01 -9.915021978175889927e+00 -9.600846419007462273e+00 -9.112076296831777000e+00 -8.416812323292742093e+00 -7.029268574476736475e+00 -5.790442003311537356e+00 -4.908831401164659880e+00 -3.395354345554750353e+00 -2.780188602239261453e+00 -5.964756928102425970e-01 5.235647311245641422e-01 2.687664406603652800e+00 5.341440143216687808e+00 5.341440143216687808e+00 5.341440143216687808e+00 5.341440143216687808e+00
-1.059132946157252064e+01 -1.023858555903012402e+01 -9.967905581248068358e+00 -9.617732920868718338e+00 -9.219374500328859412e+00 -8.544295730162883018e+00 -7.182808012998767033e+00 -5.748067705226633350e+00 -5.268378975357860483e+00 -3.669084386954993615e+00 -2.455846845352203101e+00 -9.345003304971555291e-01 -7.709010817029444962e-02 2.259710321390253629e+00 5.285238644749221670e+00 5.285238644749221670e+00 5.285238644749221670e+00 5.285238644749221670e+00
-1.052738980250406087e+01 -1.025712598819509758e+01 -9.964023485634074362e+00 -9.664899384342728439e+00 -9.252743276346199863e+00 -8.661799080514798632e+00 -7.350407161265276379e+00 -5.755958238077485412e+00 -5.054730562591288390e+00 -3.104071756351137079e+00 -3.123465407169716102e+00 -1.134780936921012895e+00 -5.838948813905353585e-02 2.364057032822462823e+00 5.219689758471739438e+00 5.219689758471739438e+00 5.219689758471739438e+00 5.219689758471739438e+00
-1.054298928988557194e+01 -1.031446419467657094e+01 -1.002665250873449843e+01 -9.669940658812981482e+00 -9.362150954611111686e+00 -8.720227830130248492e+00 -7.445860609416724785e+00 -5.834352454008851829e+00 -5.111924682399509479e+00 -3.731922298555106376e+00 -2.626624652929098858e+00 -1.724948384356538744e+00 -7.416610036506549042e-02 2.272093140669472433e+00 4.905442729548642689e+00 4.905442729548642689e+00 4.905442729548642689e+00 4.905442729548642689e+00
-1.066519978704789828e+01 -1.029977458070908192e+01 -1.000987009566388686e+01 -9.685097221425833069e+00 -9.309732826074002432e+00 -8.766242003883967016e+00 -7.570072057052963821e+00 -5.881698387902088321e+00 -5.135231455009654944e+00 -3.873204511946362505e+00 -3.957896178111843355e+00 -2.402393058296174999e+00 -8.640217375910222986e-01 2.160605068223213632e+00 5.330275124548798260e+00 5.330275124548798260e+00 5.330275124548798260e+00 5.330275124548798260e+00
-1.068539203353641476e+01 -1.035524878035965024e+01 -1.001338082327202450e+01 -9.715513906909556852e+00 -9.378763401062464311e+00 -8.947301687344074494e+00 -7.610935104572456034e+00 -5.807100886981517718e+00 -5.285554815866344569e+00 -3.647254783186254734e+00 -3.915738916705181705e+00 -1.713125233470058628e+00 -6.818517045097252094e-01 2.207563350477939501e+00 5.302735270083623220e+00 5.302735270083623220e+00 5.302735270083623220e+00 5.302735270083623220e+00
