-1.049308001215892538e+01 -1.030903211728171343e+01 -9.947211974555173697e+00 -9.617402490958209427e+00 -9.324427561363542338e+00 -8.945111310978923314e+00 -8.365559169228649949e+00 -7.070607545783010650e+00 -3.576147100360011599e+00 -3.658455846116242860e+00 -2.047833587048680570e+00 -4.938325816459261941e-01 1.021548446211506311e+00 2.059200295610885689e+00 5.304931148291485599e+00 5.304931148291485599e+00 5.304931148291485599e+00 5.304931148291485599e+00
-1.043962520944796246e+01 -1.024202667405990752e+01 -1.000551787661498437e+01 -9.760767854025118595e+00 -9.404469669671190246e+00 -8.881814014501470567e+00 -8.106902265894738946e+00 -6.667175703593498426e+00 -3.364818428935262951e+00 -4.259853446277777955e+00 -1.725597980586529134e+00 -3.330726798247281017e-01 1.084430536582984050e+00 1.934804968338216469e+00 5.168710321548115161e+00 5.168710321548115161e+00 5.168710321548115161e+00 5.168710321548115161e+00
-1.019803840412883389e+01 -9.898028227823978398e+00 -9.873189903114065302e+00 -9.829524107524783005e+00 -9.583469386551975333e+00 -9.020048260801377893e+00 -8.088310582015726169e+00 -6.392687190225712968e+00 -2.991418152379882400e+00 -4.325107792756353042e+00 -6.896668550662596875e-01 -3.082754887867122373e-01 1.713914459321892458e+00 2.004292605238589875e+00 5.043995909131091082e+00 5.043995909131091082e+00 5.043995909131091082e+00 5.043995909131091082e+00
-1.043897839562981034e+01 -1.022620481273376924e+01 -9.712132711866232171e+00 -9.356053463840162010e+00 -9.291095813751599763e+00 -9.163888890176064450e+00 -8.094276779530957810e+00 -5.840356966208947398e+00 -2.326758629930028022e+00 -3.870932911478318417e+00 -2.147672104089249356e-01 1.711774270422559141e-01 1.490605782775510368e+00 2.132255686242439552e+00 4.929132436546968421e+00 4.929132436546968421e+00 4.929132436546968421e+00 4.929132436546968421e+00
-1.052330851324793137e+01 -1.022625945213763643e+01 -9.958630444683674199e+00 -9.543991696426200377e+00 -8.976797981298368256e+00 -8.611021341953833286e+00 -7.938724294064916975e+00 -4.836452791752945402e+00 -2.558091986122342121e+00 -3.046274639541905138e+00 -7.237911854634550279e-02 1.189635261287709245e+00 1.482070157034046876e+00 2.319372791989525506e+00 4.813061667877734706e+00 4.813061667877734706e+00 4.813061667877734706e+00 4.813061667877734706e+00
-1.031238737092779800e+01 -1.016755072813581151e+01 -1.015385071116921978e+01 -9.833634710272338708e+00 -9.283270219118174182e+00 -8.455726968010214506e+00 -7.730709332013607771e+00 -3.513964442649132103e+00 -4.068036730428509884e+00 -1.445110417405140790e+00 1.732414238884595337e-01 1.308686960753973505e+00 1.622938771601950325e+00 2.099571847283074000e+00 4.476148154688383229e+00 4.476148154688383229e+00 4.476148154688383229e+00 4.476148154688383229e+00
-1.052674939969051060e+01 -1.024131915109810009e+01 -1.006934455178671506e+01 -9.777633854097533828e+00 -9.267544477319319185e+00 -8.451170237561207443e+00 -6.694495801263177448e+00 -2.763152452290372540e+00 -4.156299562301744466e+00 -4.912210609956618179e-01 8.877410447830915707e-01 1.862530610484909310e+00 1.685019941857504033e+00 3.089190234784941147e+00 4.390664168039153381e+00 4.390664168039153381e+00 4.390664168039153381e+00 4.390664168039153381e+00
-1.035269985955346073e+01 -1.014020769414498702e+01 -1.008870880961545602e+01 -9.683883890712545295e+00 -9.164828905763222622e+00 -8.228280000770139324e+00 -4.969685127158381732e+00 -3.438048559939057114e+00 -3.272573277345531828e+00 -1.661220740724866918e-01 1.670273659588192405e+00 1.991009884190560353e+00 1.859849348045631512e+00 4.274601130802666127e+00 5.174036837426754687e+00 5.174036837426754687e+00 5.174036837426754687e+00 5.174036837426754687e+00
-1.034946313275044005e+01 -1.002520604911697788e+01 -9.520181825557241240e+00 -9.252735324417933782e+00 -8.407139203334452304e+00 -7.025135845182731487e+00 -3.615424797474026342e+00 -4.349689271288507797e+00 -2.364538770158064906e+00 2.592944381066560333e-01 2.046002530369488426e+00 2.696965515188538109e+00 3.254834082675555074e+00 4.712088975152013859e+00 4.975705291415989606e+00 4.975705291415989606e+00 4.975705291415989606e+00 4.975705291415989606e+00
-1.054786586163793416e+01 -1.012312318614636553e+01 -9.326921070497341759e+00 -8.430165494509703095e+00 -7.450421518270457177e+00 -5.640036611072323680e+00 -2.365196588345178874e+00 -4.196716416214596457e+00 -4.654471360562185689e-01 1.808871273546648784e+00 2.768656739608517547e+00 3.383271322653901070e+00 4.890321068566867879e+00 4.979241510340818522e+00 5.304468464093682556e+00 5.304468464093682556e+00 5.304468464093682556e+00 5.304468464093682556e+00
-1.020458903425613784e+01 -9.596027587957436822e+00 -9.028667171217609422e+00 -8.378785380037969688e+00 -6.819356832700719018e+00 -4.103987800855389168e+00 -3.632850662625909610e+00 -2.752310307448897042e+00 2.390859093099778621e-01 2.738824154737638850e+00 2.971611202218011005e+00 4.560428585099724152e+00 3.055287355786063586e+00 2.320872424636707176e+00 5.416643984943943835e+00 5.416643984943943835e+00 5.416643984943943835e+00 5.416643984943943835e+00
-9.900884301618345873e+00 -9.099907462775853162e+00 -8.348868381116421489e+00 -8.043012378144030805e+00 -5.530524470169526197e+00 -2.829647450794637198e+00 -3.360494156625194684e+00 -1.332442349507044321e+00 1.401253578469749961e+00 3.181048889042113359e+00 4.339415216351799387e+00 3.740202840048344690e+00 2.085011557925978476e+00 2.436760211525241360e+00 5.291012629350933416e+00 5.291012629350933416e+00 5.291012629350933416e+00 5.291012629350933416e+00
-9.500766271155157483e+00 -8.675396438215923212e+00 -7.890934694659501147e+00 -6.528700733985600024e+00 -4.469873081059647646e+00 -3.215642798458755891e+00 -3.285043974551957291e+00 1.355482257934827739e-01 3.270453751596248182e+00 3.990049148042031923e+00 4.631613752325959510e+00 2.176832769035949688e+00 4.757300752143655553e-01 2.382353282473890665e+00 5.205259998892048934e+00 5.205259998892048934e+00 5.205259998892048934e+00 5.205259998892048934e+00
-1.001171079890512061e+01 -8.060615726438609130e+00 -6.921714376712325034e+00 -5.348121480855514420e+00 -3.118881736885115163e+00 -2.420454554065664787e+00 -2.793904483815565332e+00 4.892837721190708145e-01 3.258953858927869263e+00 4.948558544447729801e+00 3.340805997147766604e+00 -1.992354730631588300e+00 3.567936221460056290e-01 2.522435774746371706e+00 4.928451875017017869e+00 4.928451875017017869e+00 4.928451875017017869e+00 4.928451875017017869e+00
-9.538549306430091690e+00 -7.644823543022462253e+00 -6.041711298692032273e+00 -4.788525604245482015e+00 -2.311610202559878147e+00 -3.160968579183433214e+00 -8.095502860369123699e-01 2.581773420379452233e+00 3.453087367044245681e+00 5.428838505601623510e+00 4.376857607943736461e+00 -9.694993757148988589e-01 9.779842769176493311e-01 2.470590062226731387e+00 5.309881218262672675e+00 5.309881218262672675e+00 5.309881218262672675e+00 5.309881218262672675e+00
-9.060835334321261314e+00 -7.057380562411696978e+00 -5.358550216060496751e+00 -3.988501008976068185e+00 -1.824772797742434616e+00 -2.500398454357437128e+00 5.434054712238062246e-01 2.938610512781185236e+00 4.017135249315748169e+00 6.126019245977627037e+00 5.913889218192086794e+00 1.963443769839595454e+00 6.612588227931412987e-01 2.711533001668025022e+00 5.265577008829030348e+00 5.265577008829030348e+00 5.265577008829030348e+00 5.265577008829030348e+00
-8.796475086016787515e+00 -6.550436937480605515e+00 -4.776524965242582077e+00 -3.290564276414105205e+00 -2.162914028478454043e+00 -2.039330122190181172e+00 2.060917827512326106e+00 3.313817427613330757e+00 4.187192701459823141e+00 5.115356768278724431e+00 4.545458747897680674e+00 4.618963114543902293e+00 3.496148660528838548e+00 3.184226256318060777e+00 5.289383440709684692e+00 5.289383440709684692e+00 5.289383440709684692e+00 5.289383440709684692e+00
-8.104934637950549359e+00 -6.386723575271225251e+00 -4.482070275131246007e+00 -2.491279608521994149e+00 -2.546813896236213459e+00 -1.318004825493849674e+00 3.422877973814670849e+00 3.860580476861400712e+00 3.980420177881624610e+00 3.241952731918699371e+00 3.226182513352526371e+00 3.151896587542044603e+00 3.876591935888495044e+00 5.094384578042258305e+00 5.158151689747500157e+00 5.158151689747500157e+00 5.158151689747500157e+00 5.158151689747500157e+00
-7.593028702169697830e+00 -6.246553573492266587e+00 -4.235530464133654860e+00 -2.118198340078838449e+00 -2.652206990807335352e+00 -8.581410041433429337e-02 2.858603972285032491e+00 3.775874422416558573e+00 3.732015960250889997e+00 1.802659803904181235e+00 1.554802719769627029e+00 1.589027019984037059e+00 2.738114103574681657e+00 4.286010953024729453e+00 4.881198458618027480e+00 4.881198458618027480e+00 4.881198458618027480e+00 4.881198458618027480e+00
-7.881674806486039131e+00 -6.113470027901168002e+00 -3.991216562002463775e+00 -1.740005106211766961e+00 -2.383536667763949346e+00 3.810133964595300848e-01 3.108435926200640242e+00 3.979875007001913101e+00 3.050558195607484535e+00 1.566677904186438486e+00 9.830727805093908422e-01 1.069506071274479497e+00 1.967485818574461476e+00 3.582682266434001672e+00 5.023237391518455830e+00 5.023237391518455830e+00 5.023237391518455830e+00 5.023237391518455830e+00
-8.225752404205536550e+00 -6.414709536949647628e+00 -4.136943502017759400e+00 -2.663146944746989764e+00 -1.843228829709831373e+00 -5.189475868796989966e-01 3.088546925112236607e+00 4.019802742363758341e+00 2.973522904539059653e+00 1.442012157743361334e+00 7.229804763402329915e-01 4.228658816709652823e-01 1.244336453203080950e+00 3.257326081000035956e+00 5.356049922069855640e+00 5.356049922069855640e+00 5.356049922069855640e+00 5.356049922069855640e+00
-8.148126454871453817e+00 -6.756347497180597017e+00 -4.144662220456583057e+00 -2.314138889017525180e+00 -1.966452427398299951e+00 -8.342849825897098448e-01 3.221195560457625451e+00 4.047195246273989078e+00 2.721055964130721705e+00 1.178678652033870566e+00 -1.947013660190115569e+00 -1.608541625063404590e+00 1.152737897500718089e+00 3.094101523981699575e+00 5.236728406137183711e+00 5.236728406137183711e+00 5.236728406137183711e+00 5.236728406137183711e+00
-8.194655602770705372e+00 -6.950853798279833740e+00 -4.829962867213380306e+00 -2.400062811942094143e+00 -1.769935163242214227e+00 -1.446671396140495336e+00 3.337960363017332455e+00 3.877696496134543036e+00 2.296602986618303532e+00 9.078139353764994590e-01 -2.443567278346619354e+00 -1.579758068541753602e+00 1.157110394951256671e+00 3.413118283806027442e+00 5.118124781100000575e+00 5.118124781100000575e+00 5.118124781100000575e+00 5.118124781100000575e+00
-8.165002356240433912e+00 -7.277932351121284782e+00 -5.365902778397261486e+00 -3.338306935473663195e+00 -1.892714742493792457e+00 -1.606668025032917724e+00 1.599035345476864212e+00 3.634930933182745960e+00 2.089650578700821715e+00 -5.646135344446864268e-01 -2.580273253449368198e+00 -1.244728894557313170e+00 1.198404023150974052e+00 3.666683018036462904e+00 4.911353351505947984e+00 4.911353351505947984e+00 4.911353351505947984e+00 4.911353351505947984e+00
-8.066154095323614825e+00 -7.173594311209191332e+00 -5.741189097442841671e+00 -4.233956750821969983e+00 -2.018734374814703081e+00 -1.752797022743965538e+00 -3.920809777031681875e-01 2.718173865158765246e+00 2.296202544517035093e+00 -3.674640287465893884e+00 -2.294469993017719034e+00 -4.825163779095542060e-01 1.469211683403798485e+00 3.721054517187164734e+00 5.035407616461975877e+00 5.035407616461975877e+00 5.035407616461975877e+00 5.035407616461975877e+00
-8.312158020895331845e+00 -7.838267654401894546e+00 -6.487891981152828613e+00 -4.944468166633692263e+00 -3.471981807533400577e+00 -1.913273632811288039e+00 -1.907672520089337187e+00 1.604714085964640269e+00 2.111591014544162981e+00 -3.055941817364875135e+00 3.013640358432606581e-02 1.042425657887034340e+00 1.861406634797609261e+00 4.190095198990495540e+00 5.468885323941272247e+00 5.468885323941272247e+00 5.468885323941272247e+00 5.468885323941272247e+00
-8.761499762110052103e+00 -7.846961821306100759e+00 -6.932856388235389744e+00 -5.667126092116317793e+00 -4.286958141127090727e+00 -2.346487611382518601e+00 -2.292335343111105761e+00 -3.433507347092738526e-01 1.545142165302257897e+00 -8.507053335586212128e-02 9.255819056642337894e-02 7.743161010968625524e-01 2.169655864941871570e+00 4.724556537689616142e+00 5.388244692352460063e+00 5.388244692352460063e+00 5.388244692352460063e+00 5.388244692352460063e+00
-9.098456609515602977e+00 -8.204488289267390044e+00 -7.430574008631914751e+00 -6.401929446554786907e+00 -5.240817556455402482e+00 -3.886326585471664430e+00 -2.029593845905401039e+00 -2.213806261021121990e+00 1.008454643767545900e+00 1.216652099728952496e+00 7.803557473163686975e-01 -3.358126228632598020e-01 1.724045943294857164e+00 4.819683385665257447e+00 5.268923176419777477e+00 5.268923176419777477e+00 5.268923176419777477e+00 5.268923176419777477e+00
-9.388828136763789800e+00 -8.500770980043999003e+00 -7.964628853419625898e+00 -7.211961180346926348e+00 -6.301830766272995987e+00 -5.068905077648478752e+00 -2.593012912828285277e+00 -2.470093560556157808e+00 -3.347990789066348366e-02 1.270376182811579158e+00 9.358585649462578537e-01 6.259002583636553707e-01 9.728236361376589869e-01 4.066874016390199742e+00 5.092848650623338358e+00 5.092848650623338358e+00 5.092848650623338358e+00 5.092848650623338358e+00
-9.875319795622502284e+00 -8.972291002099755275e+00 -8.502865809876860581e+00 -7.992687317742745989e+00 -7.316669942696391260e+00 -6.362575156578849089e+00 -4.043282943856715050e+00 -2.273627845989675045e+00 -2.179034261174639830e+00 9.361256658675779496e-01 9.107230956585672388e-01 9.393698916545853983e-01 3.931995391152014463e-01 3.919733605336950699e+00 5.025089858735251269e+00 5.025089858735251269e+00 5.025089858735251269e+00 5.025089858735251269e+00
-1.022071440103982454e+01 -9.772713674016717533e+00 -9.292504641511092345e+00 -8.764608810143371898e+00 -8.201863924158619312e+00 -7.148840792303493785e+00 -5.103803447954474493e+00 -3.303089787489474016e+00 -2.642308469645071156e+00 3.606625431817961358e-01 1.035154246145207235e+00 9.595957292789123461e-01 1.405401791183696347e-01 4.416662183870582403e+00 5.490967637368401100e+00 5.490967637368401100e+00 5.490967637368401100e+00 5.490967637368401100e+00
-1.036346356821681880e+01 -1.001714771529105619e+01 -9.526964047121801116e+00 -9.116648572846532517e+00 -8.519097095829788913e+00 -7.559554015803382043e+00 -6.292901473851850724e+00 -3.176957252511571461e+00 -2.739005996422198663e+00 -1.532132390451616644e+00 8.850776313014139252e-01 9.183264693183554872e-01 8.179400470230970832e-01 2.951255063964211445e+00 5.539760978567742633e+00 5.539760978567742633e+00 5.539760978567742633e+00 5.539760978567742633e+00
-1.046690212757962790e+01 -1.010036350651720660e+01 -9.731114172915773963e+00 -9.260905081044201737e+00 -8.753535192782148755e+00 -7.842758426416363449e+00 -6.644982471052678363e+00 -4.938321722101999711e+00 -2.363076775310245736e+00 -2.648370382999072348e+00 8.102109151003334953e-01 8.484992348970215037e-01 6.559899222713294620e-01 2.767264879941496947e+00 5.420439462635053829e+00 5.420439462635053829e+00 5.420439462635053829e+00 5.420439462635053829e+00
-1.044589634810420797e+01 -1.014485035283870573e+01 -9.772158824582625414e+00 -9.392787037567496000e+00 -8.834422064064956004e+00 -8.026610017116869500e+00 -6.890062291457406118e+00 -5.536388880265716850e+00 -3.241743809699659806e+00 -2.900965785020425791e+00 5.102099935321068036e-02 9.336381434807021762e-01 7.612393707996309988e-01 2.625959672628658481e+00 5.301117946702389006e+00 5.301117946702389006e+00 5.301117946702389006e+00 5.301117946702389006e+00
-1.046563175169857729e+01 -1.015116349062149581e+01 -9.850986617163766113e+00 -9.456017455520411730e+00 -8.966115803729802991e+00 -8.256014779791737368e+00 -7.076497683776784342e+00 -5.687983276135218702e+00 -4.088024504794042002e+00 -2.507841593753914466e+00 -1.364820114453258348e+00 6.786277186495507374e-01 1.855897983795761208e-01 2.787826578909801789e+00 4.884655382036170224e+00 4.884655382036170224e+00 4.884655382036170224e+00 4.884655382036170224e+00
-1.053497673559614256e+01 -1.020082420139422297e+01 -9.848074758225990877e+00 -9.485115464726135315e+00 -9.060113281386396267e+00 -8.328416158514039935e+00 -7.222055563030284731e+00 -5.885649538260945057e+00 -4.346359205067676257e+00 -3.105960879362862137e+00 -2.655146507628006081e+00 2.885923926645999060e-01 6.007011553613528232e-01 2.360987002939634927e+00 5.513049950795511300e+00 5.513049950795511300e+00 5.513049950795511300e+00 5.513049950795511300e+00
-1.051910375016703014e+01 -1.019240468723083914e+01 -9.928293696972225746e+00 -9.560375947331920088e+00 -9.114707906684007099e+00 -8.522624736316940286e+00 -7.341804352865083594e+00 -5.879754152478146700e+00 -4.696591766535299861e+00 -3.453775088051993514e+00 -2.756398704777639264e+00 3.915702323144872876e-01 1.634052972485784683e-01 2.523653080498612145e+00 5.815377328175319604e+00 5.815377328175319604e+00 5.815377328175319604e+00 5.815377328175319604e+00
-1.051427699948900063e+01 -1.024537639539406086e+01 -9.907754585435867511e+00 -9.592648262923134439e+00 -9.194821091581554029e+00 -8.544652115766547595e+00 -7.383701259041032472e+00 -5.957716536750401914e+00 -5.078314018074737923e+00 -2.539888600594105483e+00 -3.051924287720295670e+00 -2.643415792099947925e-01 6.148988128085655092e-01 2.489651168627413647e+00 5.571955748850356827e+00 5.571955748850356827e+00 5.571955748850356827e+00 5.571955748850356827e+00
-1.059728854590967906e+01 -1.029221281642222863e+01 -9.967686796658089321e+00 -9.601839236904382346e+00 -9.263912915869198628e+00 -8.618675654717899093e+00 -7.505882482167599790e+00 -5.927943866362416436e+00 -5.241312931546986853e+00 -3.416531780584444178e+00 -2.768845795225276074e+00 -5.260377703778627012e-01 2.643207455383800308e-01 2.457467992732223383e+00 5.452634232917665358e+00 5.452634232917665358e+00 5.452634232917665358e+00 5.452634232917665358e+00
-1.064056837103464659e+01 -1.033127474161201675e+01 -9.988910736046424432e+00 -9.624240906413199070e+00 -9.349947373337444745e+00 -8.788028945293559602e+00 -7.514485100512441562e+00 -5.810986686873052420e+00 -5.400615254978619717e+00 -3.951936875614026512e+00 -1.933763512835525722e+00 -8.203770163037579222e-01 -1.636768377650970052e-01 2.317034648109477679e+00 4.755940488751013717e+00 4.755940488751013717e+00 4.755940488751013717e+00 4.755940488751013717e+00
