-1.040954151165239061e+01 -1.034826251983047207e+01 -9.963461580047669131e+00 -9.659001909414637765e+00 -9.348691518979396875e+00 -8.988695162700308217e+00 -8.392031788706383111e+00 -7.203233522936180577e+00 -4.853600742815249447e+00 -2.171777108802592338e+00 -2.310399933511399606e+00 -7.246078400552756760e-01 9.363342434698411765e-01 1.948107672729361806e+00 5.042337719925429340e+00 5.042337719925429340e+00 5.042337719925429340e+00 5.042337719925429340e+00
-1.033054310346525462e+01 -1.010843975728317190e+01 -9.990195426992674044e+00 -9.821725547574203574e+00 -9.509199674595622653e+00 -8.943620199573397045e+00 -8.185915667674919405e+00 -6.912099536703225411e+00 -4.295705085204263973e+00 -2.805681014784060068e+00 -1.990069429932139311e+00 -3.585381150140594664e-01 9.811764582471668161e-01 2.108721689777527608e+00 5.204486957089201837e+00 5.204486957089201837e+00 5.204486957089201837e+00 5.204486957089201837e+00
-1.035062162691516896e+01 -1.002633433087861725e+01 -9.809148315133306539e+00 -9.800760907827687163e+00 -9.679071897850505479e+00 -9.118905415383526503e+00 -8.140993656209683849e+00 -6.835393305852242030e+00 -3.218845116762656833e+00 -3.113295784068176086e+00 -9.021012373172871968e-01 -1.853118261480331819e-01 7.686248075751531683e-01 2.002904339610287021e+00 5.228774104138938839e+00 5.228774104138938839e+00 5.228774104138938839e+00 5.228774104138938839e+00
-1.037063940925410677e+01 -1.032673040176690904e+01 -9.874492804188767181e+00 -9.298294593911368366e+00 -9.238531495797076332e+00 -9.182852143222518748e+00 -8.234697487953342332e+00 -6.511692385186524490e+00 -2.680759344917121645e+00 -2.978921172545830665e+00 -5.047160492710449642e-01 -6.224781911459256745e-02 6.148313592300383990e-01 2.231840911538168992e+00 4.715728687213996295e+00 4.715728687213996295e+00 4.715728687213996295e+00 4.715728687213996295e+00
-1.054720541409172263e+01 -1.031849876640089647e+01 -9.932830979274937633e+00 -9.630818896091694725e+00 -9.073407696952582313e+00 -8.658800268267748734e+00 -8.244089691973163880e+00 -5.420275632965951829e+00 -3.052238699864068483e+00 -3.169573151459902149e+00 -1.697073913890512764e-01 3.727290658287054637e-01 1.970988137333696377e+00 2.350988389213695129e+00 4.654264198761612903e+00 4.654264198761612903e+00 4.654264198761612903e+00 4.654264198761612903e+00
-1.039535231504128099e+01 -1.000992521176090477e+01 -1.016015480889982570e+01 -9.875560445222751227e+00 -9.341232461107862761e+00 -8.633369058370712779e+00 -7.667972859041900513e+00 -3.790688390116953244e+00 -3.806083274763356172e+00 -1.813080933910596881e+00 -9.833650874185469182e-02 3.004874003413516848e-01 1.314040444744206226e+00 2.145260071096148025e+00 4.404745744803337359e+00 4.404745744803337359e+00 4.404745744803337359e+00 4.404745744803337359e+00
-1.046967978772841157e+01 -1.029097946380666961e+01 -9.953061074147056431e+00 -9.818227578800968303e+00 -9.346626393977508940e+00 -8.560365477203410123e+00 -7.375192284248507590e+00 -2.680853952390592099e+00 -3.752985883586414939e+00 -5.755098637093596370e-01 3.367211181139105891e-01 1.778975520817185352e+00 1.587163574001873911e+00 3.340742162781745961e+00 5.426514339958370847e+00 5.426514339958370847e+00 5.426514339958370847e+00 5.426514339958370847e+00
-1.045033302314695511e+01 -1.008941530284197441e+01 -1.000464033177465240e+01 -9.769897926487153939e+00 -9.194856420249035267e+00 -8.258031360607176907e+00 -4.839075388698441671e+00 -3.271437001787353527e+00 -2.955728612359928231e+00 1.898223817553642001e-01 1.444921965911200257e+00 1.998287706831276545e+00 1.850184913077690618e+00 4.327444307375204247e+00 5.359163842265150635e+00 5.359163842265150635e+00 5.359163842265150635e+00 5.359163842265150635e+00
-1.042684766099364069e+01 -1.016493640954916522e+01 -9.536696740741975375e+00 -9.074538540124470032e+00 -8.253535267533303355e+00 -6.950086120597250172e+00 -3.465810151264214323e+00 -4.076846370651701079e+00 -1.154810439751137618e+00 1.097307181227097361e+00 2.049546569992754197e+00 2.716819512119466928e+00 3.382374810861534353e+00 4.752971217093852729e+00 5.350589246724628545e+00 5.350589246724628545e+00 5.350589246724628545e+00 5.350589246724628545e+00
-1.044503295289954714e+01 -1.005350375104250915e+01 -9.507183206533966313e+00 -8.431057156620983761e+00 -7.403550590067018433e+00 -5.365675061645466926e+00 -2.384088486030635501e+00 -3.548595467648369972e+00 1.264083786984681046e-01 2.122801603510438451e+00 3.017418657156659023e+00 3.477587367051732326e+00 4.892502733440542428e+00 4.989572635500654663e+00 5.562071222414439298e+00 5.562071222414439298e+00 5.562071222414439298e+00 5.562071222414439298e+00
-1.021933180824919418e+01 -9.490313192183744917e+00 -8.898200095218250283e+00 -8.347168057219329640e+00 -6.861460436718783029e+00 -3.655311668008976334e+00 -4.057139318985671039e+00 -1.294840929753114711e+00 1.083042147538334721e+00 3.106342174283019286e+00 3.079044203659715873e+00 4.605080318003842876e+00 2.860733083832200041e+00 2.233907315559658269e+00 5.479662385210995801e+00 5.479662385210995801e+00 5.479662385210995801e+00 5.479662385210995801e+00
-9.876801869048639659e+00 -9.026507343102418091e+00 -8.195991609246561893e+00 -7.641192135737914448e+00 -5.221462485497889716e+00 -2.339631980454191407e+00 -3.315463288334685732e+00 2.501259500166735372e-01 2.975334875090190234e+00 3.108604590482015873e+00 4.452485195539722440e+00 3.754051904365519832e+00 2.058193435249639158e+00 2.485073318709612789e+00 5.904640561054121051e+00 5.904640561054121051e+00 5.904640561054121051e+00 5.904640561054121051e+00
-9.484456559801834885e+00 -8.568109576063051236e+00 -7.774182895670708859e+00 -6.182432594025460304e+00 -3.888587567566587744e+00 -3.484065733803753506e+00 -2.196906838736790046e+00 1.785496137606950473e+00 3.202085043800859676e+00 4.070340530391915124e+00 4.724887092746373085e+00 1.805296077770858876e+00 5.043925020664955516e-01 2.325449207333202928e+00 5.749589181694476636e+00 5.749589181694476636e+00 5.749589181694476636e+00 5.749589181694476636e+00
-1.007065787121518241e+01 -7.821076740951134809e+00 -6.647290163820637865e+00 -4.986651025215174116e+00 -2.408678527874500208e+00 -3.131992951896338084e+00 5.742058706867938719e-03 2.977408729206859395e+00 3.293559124202555921e+00 5.075925937828714929e+00 3.333060068713067370e+00 -1.988637934489747572e+00 3.812266421402007999e-01 2.565810787068977028e+00 5.710499613225000104e+00 5.710499613225000104e+00 5.710499613225000104e+00 5.710499613225000104e+00
-9.413239457808659338e+00 -7.569128301279441473e+00 -5.681784519515765908e+00 -4.106936549223226152e+00 -2.428142357416820829e+00 -2.281846159474981039e+00 1.097814171749797563e+00 3.078705096596598523e+00 3.567300385859421219e+00 5.565911612188839008e+00 4.425406015273395610e+00 -9.280864929660916918e-01 9.884256573559122572e-01 2.575221977910560511e+00 5.516542423418220764e+00 5.516542423418220764e+00 5.516542423418220764e+00 5.516542423418220764e+00
-9.095375391703420576e+00 -6.890912127246228813e+00 -4.874617577712193395e+00 -2.865535118441759455e+00 -2.650993768950546503e+00 -7.407178278269616056e-01 3.001328194161587692e+00 3.010827157397515830e+00 4.132648082035349724e+00 6.303145469566135972e+00 6.049702336128137681e+00 1.866349589970711431e+00 6.577436093645037118e-01 2.684959060840570899e+00 5.417726960973023864e+00 5.417726960973023864e+00 5.417726960973023864e+00 5.417726960973023864e+00
-8.666104436451078641e+00 -6.472389531104492555e+00 -4.218213897638546150e+00 -1.926457243977841127e+00 -2.657485150426692311e+00 3.582080170778342287e-01 3.176963534464573247e+00 3.273225066432733144e+00 4.220091990754056610e+00 5.083414692019293746e+00 4.589473104349960586e+00 4.728660239998957238e+00 3.684125599662840589e+00 3.313968663205987486e+00 5.792883256347641563e+00 5.792883256347641563e+00 5.792883256347641563e+00 5.792883256347641563e+00
-7.826002832812805288e+00 -5.971362909244700035e+00 -3.887832590933494981e+00 -1.645057614719102279e+00 -1.761372811262745142e+00 2.172057694218558765e+00 3.536174712487897054e+00 3.862855816530306186e+00 4.106364824411574688e+00 3.213022735661664075e+00 3.276094175167432176e+00 3.166736921481578371e+00 4.017659238094114293e+00 5.101799225276145044e+00 5.766770873858678037e+00 5.766770873858678037e+00 5.766770873858678037e+00 5.766770873858678037e+00
-7.509322664213791576e+00 -6.066330660084737758e+00 -3.172113274972260477e+00 -1.602265508223891910e+00 -1.030809867217898912e+00 3.043584015987047309e+00 3.156575638554666163e+00 3.869820123592226935e+00 3.805189715140949502e+00 1.783980657763286626e+00 1.477858864085293655e+00 1.520918113155847351e+00 2.871884095088687694e+00 4.329467490082571146e+00 5.647682403184790090e+00 5.647682403184790090e+00 5.647682403184790090e+00 5.647682403184790090e+00
-8.231523625663335508e+00 -6.050426874408480593e+00 -3.196633326587042134e+00 -2.451310974504795404e+00 -1.293337484822694172e+00 3.071493530947096318e+00 3.080924519836916176e+00 4.063860525409239699e+00 3.095457427416175911e+00 1.560527694511368857e+00 -2.020623691399239530e-01 8.657188453554867102e-01 2.014207716375167045e+00 3.650574656562374010e+00 5.523598490473816902e+00 5.523598490473816902e+00 5.523598490473816902e+00 5.523598490473816902e+00
-8.186173952925575037e+00 -6.104830780496247833e+00 -3.158100656288176378e+00 -1.570530416842889743e+00 -7.158670115011349644e-01 3.134693442852966250e+00 3.130908589761372429e+00 4.069211128992290760e+00 2.992382306019926386e+00 1.395804901065399450e+00 -2.562254268408480085e-02 2.457040918427290110e-01 1.272934237659017143e+00 3.355110736759889356e+00 5.356706402252327415e+00 5.356706402252327415e+00 5.356706402252327415e+00 5.356706402252327415e+00
-8.220082988013318825e+00 -6.404126884318404045e+00 -3.427261242815832887e+00 -1.510847831073889758e+00 -6.322430104686678209e-01 3.245244536922242240e+00 3.237840954115802639e+00 4.143898052287800837e+00 2.786498979666972353e+00 1.176840108425927678e+00 -2.578926404721483046e+00 -1.659929701450924444e+00 1.199767155089376036e+00 3.210650258981125216e+00 5.257890939807133179e+00 5.257890939807133179e+00 5.257890939807133179e+00 5.257890939807133179e+00
-8.021326464399392009e+00 -7.101563412552334142e+00 -4.487054466623797033e+00 -2.039732496764134151e+00 -1.936500039086114233e+00 2.915251793306115058e+00 3.213582589715096471e+00 3.988774895286702815e+00 2.355638824273400100e+00 3.310650375917688626e-01 -2.735945456792294284e+00 -1.583031970023090595e+00 1.196610379591225737e+00 3.438132344379083882e+00 5.675432484902803054e+00 5.675432484902803054e+00 5.675432484902803054e+00 5.675432484902803054e+00
-8.044179517288236880e+00 -7.127603947824143305e+00 -5.117555997467244211e+00 -2.974022553211821851e+00 -1.783867108394298295e+00 2.645625150573285844e-01 3.161309685648252099e+00 3.801377461657602819e+00 2.116731133306654744e+00 -2.940222012378081118e+00 -2.773575332575599184e+00 -1.298856250447320004e+00 1.270086553957574971e+00 3.750536052066858694e+00 5.584865193144580964e+00 5.584865193144580964e+00 5.584865193144580964e+00 5.584865193144580964e+00
-7.907772908087038033e+00 -7.094364853445426000e+00 -5.309072666141792851e+00 -3.591148946249714591e+00 -1.494257177459903829e+00 -9.628617817988008865e-01 3.006703591860849567e+00 3.034445785332880341e+00 2.022260569475555325e+00 -3.919006871736300468e+00 -2.398097073406054047e+00 -6.540791513257051548e-01 1.527974929575271146e+00 3.741090165878429907e+00 5.461605975136819779e+00 5.461605975136819779e+00 5.461605975136819779e+00 5.461605975136819779e+00
-8.402770463949122970e+00 -7.604888009960239614e+00 -6.244584537477663844e+00 -4.460258345993592499e+00 -2.951974986638222109e+00 -2.261524352585267739e+00 4.172155469229001934e-01 2.765519166744530466e+00 1.365838689350139523e+00 -3.437258639397864801e+00 -2.751462859761288904e-01 1.046034348423081184e+00 1.875141766313982217e+00 4.138421408238132315e+00 5.362534101743658965e+00 5.362534101743658965e+00 5.362534101743658965e+00 5.362534101743658965e+00
-8.822649448783375092e+00 -7.941879243046487957e+00 -6.821871148367733895e+00 -5.429958567510403178e+00 -3.518769153174379660e+00 -2.297354479602021105e+00 -1.685818659662364549e+00 1.356171103655086974e+00 1.811733233758295203e+00 -3.995623779582910817e-01 2.290517262265020504e-01 3.309678484932097597e-01 2.174863819495686634e+00 4.581383044661162529e+00 5.196870381086439394e+00 5.196870381086439394e+00 5.196870381086439394e+00 5.196870381086439394e+00
-9.141612306061464466e+00 -8.315092662883209584e+00 -7.474491066010306106e+00 -6.344786221738036858e+00 -4.907656009730552604e+00 -3.264368347713614948e+00 -2.517917745823773146e+00 -2.419458678836172993e-01 1.096409703705802929e+00 1.269319914024749529e+00 4.643577792632815754e-02 3.718556655583586945e-01 1.819089165499135685e+00 4.715534916291333367e+00 5.512061715938546769e+00 5.512061715938546769e+00 5.512061715938546769e+00 5.512061715938546769e+00
-9.386812180079752821e+00 -8.542015431648847468e+00 -7.994300995827163803e+00 -7.308193399029972781e+00 -6.206782244197392551e+00 -4.770619299163536553e+00 -2.355822633470078475e+00 -2.228798058235056612e+00 4.050515615954017878e-01 7.233877503206688209e-01 -5.122523086232824152e-01 4.862510043043497682e-02 1.255689273264897876e+00 4.096241206547101221e+00 5.525814995327692714e+00 5.525814995327692714e+00 5.525814995327692714e+00 5.525814995327692714e+00
-1.008962679661942907e+01 -9.085327440178561531e+00 -8.643069986338906219e+00 -8.218063779921356726e+00 -7.435033196190609317e+00 -6.506962613104058768e+00 -4.416802696643171267e+00 -2.412436245336240681e+00 -1.947957968348462465e+00 8.215289151527889189e-01 3.713167168755132086e-01 7.290160267602086019e-01 -4.092527340766535099e-02 3.999432708515817669e+00 5.400329005468153198e+00 5.400329005468153198e+00 5.400329005468153198e+00 5.400329005468153198e+00
-1.032260481722846990e+01 -9.920478786711424135e+00 -9.399904321038833999e+00 -9.016146054090647510e+00 -8.405674639217947330e+00 -7.357119889501083421e+00 -5.618292901007712281e+00 -3.504124976623512744e+00 -2.366024162325983227e+00 -5.431478578447253014e-01 5.518760541609951664e-01 1.260849262232654144e+00 5.032456054082762309e-01 4.437385693857677893e+00 5.301513543022955410e+00 5.301513543022955410e+00 5.301513543022955410e+00 5.301513543022955410e+00
-1.047863635183522923e+01 -1.010853542686718498e+01 -9.629311319560391880e+00 -9.233704551032456465e+00 -8.724410306940965754e+00 -7.745697270429259262e+00 -6.368011317332829435e+00 -4.723049934989379750e+00 -2.339186159299024848e+00 -2.170205487409673673e+00 4.176731885274419520e-01 5.517226954194229815e-01 7.257831321581464934e-01 3.946948087087654322e+00 5.145810453983092003e+00 5.145810453983092003e+00 5.145810453983092003e+00 5.145810453983092003e+00
-1.050481877174683554e+01 -1.019651788115555746e+01 -9.775911325778887218e+00 -9.358531661713163530e+00 -8.904626529327979156e+00 -8.031980555010457934e+00 -6.692837761425606047e+00 -5.374887466127140634e+00 -3.488549459378596396e+00 -2.118560894988740451e+00 -1.363177807705363342e+00 6.048342489218476448e-02 7.058060181014533807e-01 3.041481276040202353e+00 5.206979784726421201e+00 5.206979784726421201e+00 5.206979784726421201e+00 5.206979784726421201e+00
-1.050501471343231152e+01 -1.024317050951419361e+01 -9.721696291898945574e+00 -9.507207852038364493e+00 -8.983480069251649880e+00 -8.160325307219295610e+00 -6.825165546499566638e+00 -5.678909460860699809e+00 -4.147314060652234957e+00 -2.990146528433538009e+00 -2.944346514074283938e+00 2.172140537435791330e-01 5.568371803677427678e-01 2.643389631723130684e+00 5.406485735332696052e+00 5.406485735332696052e+00 5.406485735332696052e+00 5.406485735332696052e+00
-1.046345882273182681e+01 -1.022602840952717784e+01 -9.922661861061893518e+00 -9.591373852884199636e+00 -9.108376431736072476e+00 -8.416727366733681492e+00 -7.030486241516289425e+00 -5.781036637764445985e+00 -4.918677430669442074e+00 -3.357710178918549726e+00 -2.773167519169076556e+00 -5.577682741892715512e-01 4.213419887904990557e-01 2.685036444633960961e+00 5.262387593464175062e+00 5.262387593464175062e+00 5.262387593464175062e+00 5.262387593464175062e+00
-1.057665778493663566e+01 -1.023257363333551595e+01 -9.953965974591447718e+00 -9.605871155317457166e+00 -9.210617856226278377e+00 -8.539855250661231523e+00 -7.190039102649100400e+00 -5.754518126505104192e+00 -5.271923155827663798e+00 -3.660661160240204826e+00 -2.376751765623622781e+00 -8.514502239468961786e-01 -1.386314991556475418e-02 2.271408047530768304e+00 5.342515963473877250e+00 5.342515963473877250e+00 5.342515963473877250e+00 5.342515963473877250e+00
-1.053257978367833303e+01 -1.025810567634402837e+01 -9.956685565772355417e+00 -9.662124876615155955e+00 -9.241807511248362417e+00 -8.666595270969580156e+00 -7.352719522773629279e+00 -5.756476856143475374e+00 -5.057018234690117353e+00 -3.158876951343676964e+00 -3.135703094823069303e+00 -1.315906887439490358e+00 5.331663229992031350e-02 2.371314540527104775e+00 5.282925843727998227e+00 5.282925843727998227e+00 5.282925843727998227e+00 5.282925843727998227e+00
-1.054579170515865272e+01 -1.030802181898280701e+01 -1.000550707724674737e+01 -9.668355075065665716e+00 -9.349820159779977047e+00 -8.722373011324712877e+00 -7.441945282710551446e+00 -5.830135948195247053e+00 -5.113620605779379602e+00 -3.741528256815602305e+00 -2.659946949546827977e+00 -1.837079441406719749e+00 9.530684947942483221e-02 2.276819669728110007e+00 5.018479728053563349e+00 5.018479728053563349e+00 5.018479728053563349e+00 5.018479728053563349e+00
-1.065060289204681254e+01 -1.030059965677057932e+01 -1.000627923469636649e+01 -9.681056807303257017e+00 -9.311853850024411017e+00 -8.769881078024269527e+00 -7.566720504994715490e+00 -5.869998026312790884e+00 -5.142206762020171240e+00 -3.853533991051212748e+00 -3.950456307074112772e+00 -2.281208654066247288e+00 -6.621837785017162803e-01 2.169297444431236066e+00 5.286131398791361846e+00 5.286131398791361846e+00 5.286131398791361846e+00 5.286131398791361846e+00
-1.068184919510968101e+01 -1.035485367322683992e+01 -1.001846405122141803e+01 -9.717690465158749902e+00 -9.378397214828311235e+00 -8.948581442472189451e+00 -7.604124569741166795e+00 -5.820532164401843289e+00 -5.293258934913701808e+00 -3.676847705509015629e+00 -3.946737355552212723e+00 -1.768644010960471302e+00 -7.605758458596053595e-01 2.203228911136012158e+00 5.385746319221615508e+00 5.385746319221615508e+00 5.385746319221615508e+00 5.385746319221615508e+00
