-1.049313522990563996e+01 -1.030911683234420551e+01 -9.947308241656454442e+00 -9.617432606367801284e+00 -9.324359961117153262e+00 -8.944781999472008138e+00 -8.365253547459168715e+00 -7.070357812277765497e+00 -3.575158833121302226e+00 -3.657693074944326828e+00 -2.051609476828374135e+00 -4.952914904815982622e-01 1.013944796730152920e+00 2.059552333878962305e+00 5.303976313748220761e+00 5.303976313748220761e+00 5.303976313748220761e+00 5.303976313748220761e+00
-1.043957833500978793e+01 -1.024191978000180114e+01 -1.000556100471663612e+01 -9.760896456293288281e+00 -9.404588158882425830e+00 -8.881748225237998895e+00 -8.107169707634989564e+00 -6.667742042163597560e+00 -3.364217891990588960e+00 -4.259404748729497925e+00 -1.727180332940412510e+00 -3.260291983987350095e-01 1.082939946599958736e+00 1.935274601041875098e+00 5.167495771739253563e+00 5.167495771739253563e+00 5.167495771739253563e+00 5.167495771739253563e+00
-1.019910883446390848e+01 -9.897843101657436193e+00 -9.872800512694023922e+00 -9.829861657938479880e+00 -9.583771125046013140e+00 -9.019902948381016472e+00 -8.088214782960623239e+00 -6.393136312014371825e+00 -2.990439202364822968e+00 -4.323262098884400828e+00 -6.889964583499610384e-01 -3.021139539851740441e-01 1.715361053303246397e+00 2.004273105140347955e+00 5.048167143046141447e+00 5.048167143046141447e+00 5.048167143046141447e+00 5.048167143046141447e+00
-1.043894506187493576e+01 -1.022630262479263763e+01 -9.712335160545562118e+00 -9.356176099864978113e+00 -9.290665283001857233e+00 -9.165179117165969558e+00 -8.094401891436579177e+00 -5.840667394649848632e+00 -2.326860333698336447e+00 -3.870659794096273920e+00 -2.150527909207629873e-01 1.773386644980248228e-01 1.490146602982686641e+00 2.132198997642396954e+00 4.928419250531455020e+00 4.928419250531455020e+00 4.928419250531455020e+00 4.928419250531455020e+00
-1.052363711479425845e+01 -1.022623809229300207e+01 -9.958974398748882351e+00 -9.544154447512397610e+00 -8.977190120104880933e+00 -8.611232385902177100e+00 -7.939197742829882998e+00 -4.837027564526058754e+00 -2.556792586071279683e+00 -3.045825221424087736e+00 -7.426793993100451463e-02 1.184045696112502322e+00 1.482214995386737399e+00 2.319039219548279185e+00 4.813345348519753486e+00 4.813345348519753486e+00 4.813345348519753486e+00 4.813345348519753486e+00
-1.031260253360580847e+01 -1.016686763795686410e+01 -1.015372156365362954e+01 -9.833605748703831750e+00 -9.283168399291387374e+00 -8.455869456138579210e+00 -7.730411592462145265e+00 -3.516151423684363841e+00 -4.069518325840938644e+00 -1.443992034741066188e+00 1.731878805422432666e-01 1.305144147805425980e+00 1.623215372018792291e+00 2.099646387419370264e+00 4.475779259586552428e+00 4.475779259586552428e+00 4.475779259586552428e+00 4.475779259586552428e+00
-1.052703978075790303e+01 -1.024158706480817571e+01 -1.006911407516822266e+01 -9.777856953402494611e+00 -9.267673760480784395e+00 -8.451465831119994832e+00 -6.694537804787237256e+00 -2.761880473013127890e+00 -4.156571912561791926e+00 -4.883619967149582242e-01 8.886781825642529054e-01 1.862577786335081420e+00 1.685271293681157356e+00 3.088787044356900324e+00 4.391052905415010699e+00 4.391052905415010699e+00 4.391052905415010699e+00 4.391052905415010699e+00
-1.035299547176871471e+01 -1.014028449762776773e+01 -1.008891248438873589e+01 -9.683948848235139906e+00 -9.164931936385052325e+00 -8.228452795068433190e+00 -4.969607941628858327e+00 -3.437162449611064652e+00 -3.272214693329051904e+00 -1.651246764465088834e-01 1.666174185036377375e+00 1.991338645304141952e+00 1.859898944735741466e+00 4.274805945154986020e+00 5.175629631990437574e+00 5.175629631990437574e+00 5.175629631990437574e+00 5.175629631990437574e+00
-1.034953188052411477e+01 -1.002595333362283903e+01 -9.519731853610302608e+00 -9.252022854322394352e+00 -8.407237889876800097e+00 -7.024828189622030372e+00 -3.615139631437280343e+00 -4.349590136694762244e+00 -2.365827557887063559e+00 2.593269426791048327e-01 2.046294774151096618e+00 2.697107281462331585e+00 3.254802863833774929e+00 4.712418050399326930e+00 4.979575523965686479e+00 4.979575523965686479e+00 4.979575523965686479e+00 4.979575523965686479e+00
-1.054762152079741000e+01 -1.012341119060805106e+01 -9.327002877283996796e+00 -8.430271096317138557e+00 -7.451081955730698425e+00 -5.638548495956055007e+00 -2.364495855462126706e+00 -4.197759259229658646e+00 -4.638250937661708706e-01 1.808664471650648142e+00 2.769300140774337393e+00 3.383465096352495927e+00 4.890994364662006433e+00 4.979604053816599318e+00 5.306163231560795168e+00 5.306163231560795168e+00 5.306163231560795168e+00 5.306163231560795168e+00
-1.020429928541156883e+01 -9.595793871123927232e+00 -9.028934645301161410e+00 -8.378925749808610490e+00 -6.819964510827221993e+00 -4.102348341435838819e+00 -3.634088012905545284e+00 -2.752810614912265308e+00 2.389514215850080947e-01 2.739160921967060514e+00 2.971757982094192396e+00 4.560859708786853872e+00 3.055166859120714840e+00 2.321406256649599875e+00 5.420645056334797651e+00 5.420645056334797651e+00 5.420645056334797651e+00 5.420645056334797651e+00
-9.900946702033817104e+00 -9.099809772449013678e+00 -8.348781001251612821e+00 -8.043192457811592533e+00 -5.530504671249683923e+00 -2.831919549075220033e+00 -3.360600300716149569e+00 -1.332167540879926726e+00 1.402516534881586230e+00 3.181235020042867845e+00 4.339604501017545246e+00 3.740444932689896085e+00 2.085382548821577586e+00 2.435959402247193317e+00 5.292480994096074198e+00 5.292480994096074198e+00 5.292480994096074198e+00 5.292480994096074198e+00
-9.500421504143094609e+00 -8.675073464909962340e+00 -7.891140387352323593e+00 -6.528274251160070207e+00 -4.466738128584983869e+00 -3.216672429036190550e+00 -3.283295692893710260e+00 1.401624812101503192e-01 3.271003189614323237e+00 3.990271013276044609e+00 4.631776853689056672e+00 2.177876938904653059e+00 4.755583650471165713e-01 2.382131290478917585e+00 5.205344897402294002e+00 5.205344897402294002e+00 5.205344897402294002e+00 5.205344897402294002e+00
-1.001190183241225817e+01 -8.060383214223392656e+00 -6.921389492544019362e+00 -5.348323641247009874e+00 -3.116869202188682131e+00 -2.422619463024036968e+00 -2.793222539966868645e+00 4.938988002687409451e-01 3.259457174580067118e+00 4.949262114612061225e+00 3.341104495707297062e+00 -1.992671310055530220e+00 3.564918087449758799e-01 2.522723129848331247e+00 4.931538062505854469e+00 4.931538062505854469e+00 4.931538062505854469e+00 4.931538062505854469e+00
-9.538094422469448830e+00 -7.645311949665638096e+00 -6.041393148345825637e+00 -4.787587787535224848e+00 -2.310977953178823263e+00 -3.160771060295343382e+00 -8.098912601282833856e-01 2.582647427396626227e+00 3.453467032117989000e+00 5.429176257364858316e+00 4.377042204003268822e+00 -9.701099147826666158e-01 9.776634070880760863e-01 2.470529006937343564e+00 5.308741041635156144e+00 5.308741041635156144e+00 5.308741041635156144e+00 5.308741041635156144e+00
-9.061143605714530480e+00 -7.057212669279653738e+00 -5.357960915461456253e+00 -3.987435550227810488e+00 -1.825118080663724829e+00 -2.499791254422826015e+00 5.444990523679889005e-01 2.938707050341164528e+00 4.017424208124630525e+00 6.126474704202545141e+00 5.914383744485652628e+00 1.964646647864204621e+00 6.609259049335129976e-01 2.712441587624194739e+00 5.266219050974408233e+00 5.266219050974408233e+00 5.266219050974408233e+00 5.266219050974408233e+00
-8.796709160108257208e+00 -6.550417632198511697e+00 -4.776537302120429374e+00 -3.290435786774018823e+00 -2.159617954207511126e+00 -2.036343874727378545e+00 2.062959985589395639e+00 3.313642355394793348e+00 4.187323519211383349e+00 5.115225172055970049e+00 4.545270886165550195e+00 4.619232044798168957e+00 3.497328564108173943e+00 3.184665456793549509e+00 5.293450382841707658e+00 5.293450382841707658e+00 5.293450382841707658e+00 5.293450382841707658e+00
-8.105197338841369614e+00 -6.386855542933062679e+00 -4.481232625272209447e+00 -2.491385968957991359e+00 -2.548177518130038344e+00 -1.311660429468797684e+00 3.423673148045728531e+00 3.860613466201989752e+00 3.980374117500424358e+00 3.242359885215945425e+00 3.226822903224812578e+00 3.152024203201113650e+00 3.876684979230276440e+00 5.094820537335843724e+00 5.160172292997611265e+00 5.160172292997611265e+00 5.160172292997611265e+00 5.160172292997611265e+00
-7.592950365283058112e+00 -6.246462180644483553e+00 -4.235505083287268491e+00 -2.116532011515706913e+00 -2.654044707019491689e+00 -7.547795911982690953e-02 2.859891326858688743e+00 3.775815112391908812e+00 3.732285610134838727e+00 1.803445091688141932e+00 1.554988560576065604e+00 1.589087455237656155e+00 2.738438414824866385e+00 4.286252363072796001e+00 4.883500601046006473e+00 4.883500601046006473e+00 4.883500601046006473e+00 4.883500601046006473e+00
-7.883286357151418677e+00 -6.114150725305129264e+00 -3.989508931022394123e+00 -1.740784649765788394e+00 -2.380461697779015395e+00 3.878509759503369070e-01 3.108851707015673149e+00 3.979585531721729907e+00 3.050107078582410480e+00 1.566266236833696812e+00 9.821479832744830496e-01 1.068953346194577492e+00 1.967078791290932216e+00 3.582411996660256559e+00 5.026892589637118824e+00 5.026892589637118824e+00 5.026892589637118824e+00 5.026892589637118824e+00
-8.225317091278647297e+00 -6.414536608321045108e+00 -4.135349578473438648e+00 -2.664562932077958468e+00 -1.846278445103058719e+00 -5.098842528644219607e-01 3.088363535675514804e+00 4.019409247213105552e+00 2.973209664343628766e+00 1.441567754872185692e+00 7.213896270152644341e-01 4.213124307449012673e-01 1.243937729737414344e+00 3.256964296066306996e+00 5.354949531770888171e+00 5.354949531770888171e+00 5.354949531770888171e+00 5.354949531770888171e+00
-8.148673151392591407e+00 -6.756466162205516213e+00 -4.143153297522701450e+00 -2.316796579589722960e+00 -1.963559716764942564e+00 -8.260750488695375315e-01 3.221797162030373585e+00 4.046896160515172092e+00 2.720901821829309952e+00 1.177983296122726342e+00 -1.953453659219580807e+00 -1.609070187053400769e+00 1.152425857365270589e+00 3.093895566569666578e+00 5.236497059613909322e+00 5.236497059613909322e+00 5.236497059613909322e+00 5.236497059613909322e+00
-8.194777788461495405e+00 -6.951232356392640810e+00 -4.831368106462782031e+00 -2.399695645194949822e+00 -1.771479836500633676e+00 -1.440771797160748990e+00 3.338493194450766310e+00 3.878281180981986154e+00 2.296055017916489582e+00 9.073848035877629670e-01 -2.444223084615679387e+00 -1.579567394250156465e+00 1.156971631713389126e+00 3.412775351215069808e+00 5.121846729974164347e+00 5.121846729974164347e+00 5.121846729974164347e+00 5.121846729974164347e+00
-8.165233405679524381e+00 -7.278420775536257992e+00 -5.366987778810068832e+00 -3.336488512232214099e+00 -1.895517290087487039e+00 -1.602751548448432928e+00 1.606933534024792110e+00 3.635122328452939033e+00 2.088418928026651855e+00 -5.759680154551622966e-01 -2.580733626440921746e+00 -1.246070700452015956e+00 1.198178397738093981e+00 3.665824266619167826e+00 4.911891596856778008e+00 4.911891596856778008e+00 4.911891596856778008e+00 4.911891596856778008e+00
-8.066250761048717521e+00 -7.173853158031983313e+00 -5.740426480414578592e+00 -4.235628707701687645e+00 -2.015917101919474597e+00 -1.754378150574914308e+00 -3.782051807604636107e-01 2.718695177007015573e+00 2.295853704275972795e+00 -3.674956520399820015e+00 -2.294782862507635190e+00 -4.826370708571107726e-01 1.469233852839749277e+00 3.720833695744119929e+00 5.040387824246870707e+00 5.040387824246870707e+00 5.040387824246870707e+00 5.040387824246870707e+00
-8.312802516324358848e+00 -7.838884405873023375e+00 -6.489234273742349401e+00 -4.945150871596100117e+00 -3.469270538910147472e+00 -1.916503278978648472e+00 -1.906115282119026588e+00 1.602732573602340338e+00 2.111228072667082678e+00 -3.056991584843000709e+00 2.831995484089895598e-02 1.042554782874648645e+00 1.861501722949277182e+00 4.190225768583592192e+00 5.468388388097356057e+00 5.468388388097356057e+00 5.468388388097356057e+00 5.468388388097356057e+00
-8.761664690965034197e+00 -7.847611961391510960e+00 -6.933092456879695220e+00 -5.666744110522917488e+00 -4.285993630888238926e+00 -2.344571484516398741e+00 -2.296688077821904983e+00 -3.385009352587987075e-01 1.544375134005550265e+00 -8.642717199395029415e-02 9.138505412828229479e-02 7.741699148367050531e-01 2.169720219717312659e+00 4.723870143720739101e+00 5.387360973616527104e+00 5.387360973616527104e+00 5.387360973616527104e+00 5.387360973616527104e+00
-9.098611307705887441e+00 -8.204978346691531144e+00 -7.430508936766216266e+00 -6.403725110681278032e+00 -5.239766062736414654e+00 -3.884711287424717163e+00 -2.034148755014260068e+00 -2.211330376898307915e+00 1.008164010105288000e+00 1.216491356767576359e+00 7.808774473928883353e-01 -3.348197955670504378e-01 1.724695510272808541e+00 4.818596205330109683e+00 5.268908501459540261e+00 5.268908501459540261e+00 5.268908501459540261e+00 5.268908501459540261e+00
-9.389213837554622799e+00 -8.500983126757583719e+00 -7.965330664555777318e+00 -7.212671798410697832e+00 -6.301958656575784801e+00 -5.069276204492801696e+00 -2.589382576568757699e+00 -2.469159657718844159e+00 -3.510763848001191567e-02 1.266087497491881209e+00 9.354347021403204288e-01 6.241764150021850144e-01 9.737064942909442467e-01 4.066663351735541276e+00 5.095761004975550179e+00 5.095761004975550179e+00 5.095761004975550179e+00 5.095761004975550179e+00
-9.875994297818969869e+00 -8.972237143686896843e+00 -8.503336926898089843e+00 -7.993298273970675716e+00 -7.316977248581988391e+00 -6.362884950564930975e+00 -4.043176636022403514e+00 -2.280594229986143695e+00 -2.178544610842915397e+00 9.361239332029909210e-01 9.087452209328674702e-01 9.394138081238068150e-01 3.909190892377981674e-01 3.920180899351306092e+00 5.030993505067261395e+00 5.030993505067261395e+00 5.030993505067261395e+00 5.030993505067261395e+00
-1.022138693856306801e+01 -9.773254047955152402e+00 -9.292753280643200497e+00 -8.765367001983117135e+00 -8.202134941343306451e+00 -7.148977869759009174e+00 -5.106781305210125410e+00 -3.300856662691224575e+00 -2.642682898085966237e+00 3.618074737618548475e-01 1.032795501218803480e+00 9.594219432593453778e-01 1.396511638491442497e-01 4.416468488375134172e+00 5.491456734030663256e+00 5.491456734030663256e+00 5.491456734030663256e+00 5.491456734030663256e+00
-1.036360542472275981e+01 -1.001719941790021373e+01 -9.527154681465113129e+00 -9.116990187997418005e+00 -8.519415696000999461e+00 -7.559945313071363415e+00 -6.293866573777913587e+00 -3.180862859322172831e+00 -2.739474553829931658e+00 -1.534234102243381193e+00 8.837732844571546398e-01 9.182631196273304264e-01 8.177497030485845197e-01 2.946465961159469238e+00 5.538224887619151104e+00 5.538224887619151104e+00 5.538224887619151104e+00 5.538224887619151104e+00
-1.046683642984984175e+01 -1.010024483670305173e+01 -9.731288055119904357e+00 -9.260975853337084729e+00 -8.754037557241741041e+00 -7.842948991033459549e+00 -6.645029768218043031e+00 -4.938892523640438625e+00 -2.360239699753204246e+00 -2.651932588228568033e+00 8.105000250114569038e-01 8.475003177669173660e-01 6.547188170736515378e-01 2.767413274218877284e+00 5.419772415462157156e+00 5.419772415462157156e+00 5.419772415462157156e+00 5.419772415462157156e+00
-1.044615804425502681e+01 -1.014471245818955580e+01 -9.772521293182723667e+00 -9.393043965899394721e+00 -8.834631154400774733e+00 -8.027059653007759366e+00 -6.890712858731063761e+00 -5.536994922051454715e+00 -3.241655559075073079e+00 -2.905049814231136285e+00 4.829215182374627102e-02 9.306674277020554609e-01 7.617208373648287623e-01 2.626586779337649169e+00 5.301319943305188076e+00 5.301319943305188076e+00 5.301319943305188076e+00 5.301319943305188076e+00
-1.046595912807835660e+01 -1.015151283437671736e+01 -9.851043613485678918e+00 -9.456155999714557225e+00 -8.966333091668063915e+00 -8.256602864312000634e+00 -7.076919455845031237e+00 -5.688963616143375646e+00 -4.090196895631525997e+00 -2.518011776515427069e+00 -1.367263919140073281e+00 6.777444784531120314e-01 1.833610299745437600e-01 2.787454019332431088e+00 4.889158954076515684e+00 4.889158954076515684e+00 4.889158954076515684e+00 4.889158954076515684e+00
-1.053490939796553327e+01 -1.020127579364827497e+01 -9.848125979261986629e+00 -9.485280749699748881e+00 -9.060211056659181139e+00 -8.328789310968943482e+00 -7.221899758743282050e+00 -5.886394359802984866e+00 -4.350093441710551900e+00 -3.104380339085826002e+00 -2.654083173186143618e+00 2.890205828812857369e-01 5.998022273912351210e-01 2.362173774562045470e+00 5.514525079963951804e+00 5.514525079963951804e+00 5.514525079963951804e+00 5.514525079963951804e+00
-1.051949288075342537e+01 -1.019251683773454786e+01 -9.928389645830801413e+00 -9.560365628446485076e+00 -9.115054180610052015e+00 -8.522865729474066399e+00 -7.341776776516962144e+00 -5.880265768070947807e+00 -4.697648672678020887e+00 -3.450989664061407503e+00 -2.757969920880750436e+00 3.928207312384118799e-01 1.634739036732104633e-01 2.524170844140243730e+00 5.812384173356006656e+00 5.812384173356006656e+00 5.812384173356006656e+00 5.812384173356006656e+00
-1.051447563037821098e+01 -1.024583330630327183e+01 -9.907820995816031484e+00 -9.593018523620125748e+00 -9.195067063529624107e+00 -8.545321987047964640e+00 -7.383443798743805964e+00 -5.958451720228808313e+00 -5.077919469425863142e+00 -2.537578058286035443e+00 -3.052265553277095034e+00 -2.621031498503926804e-01 6.075196152365319735e-01 2.489868847664877372e+00 5.570636329464800696e+00 5.570636329464800696e+00 5.570636329464800696e+00 5.570636329464800696e+00
-1.059765641738537312e+01 -1.029251441982283133e+01 -9.968019875908733951e+00 -9.602299946568944478e+00 -9.264230554648783311e+00 -8.619116000565350433e+00 -7.506096864526496049e+00 -5.928824063907175201e+00 -5.241672629096022717e+00 -3.417679870010512211e+00 -2.769554005350064241e+00 -5.269985741989320349e-01 2.569724644516808709e-01 2.458253170888363925e+00 5.452183857307804971e+00 5.452183857307804971e+00 5.452183857307804971e+00 5.452183857307804971e+00
-1.064070901478192077e+01 -1.033151627754825164e+01 -9.988976337181217247e+00 -9.624377232116120950e+00 -9.350257827154953461e+00 -8.788224212036375604e+00 -7.515143075274856699e+00 -5.811070615421996877e+00 -5.400898736756423624e+00 -3.951628383067649963e+00 -1.935941182899523660e+00 -8.230258781850015026e-01 -1.689931701392705099e-01 2.316996196290891596e+00 4.758895637342552831e+00 4.758895637342552831e+00 4.758895637342552831e+00 4.758895637342552831e+00
