-1.048760503439519454e+01 -1.043867388099689464e+01 -9.987352420709669332e+00 -9.636006362070677511e+00 -9.338474010604386422e+00 -8.973368255873820587e+00 -8.382464803525596864e+00 -7.057696907351215465e+00 -3.504543927427628436e+00 -3.642603188772899792e+00 -1.891649628604784805e+00 -2.196054242012521196e-02 4.125106479872179266e-01 2.067639296995632314e+00 5.175868096314284017e+00 5.175868096314284017e+00 5.175868096314284017e+00 5.175868096314284017e+00
-1.046201200782823193e+01 -1.024837151643900413e+01 -1.005447458874014899e+01 -9.790314456519219277e+00 -9.421330507885448569e+00 -8.906314718151660870e+00 -8.144821131751260879e+00 -6.712626324438579317e+00 -2.971659468857600572e+00 -4.116008449979988271e+00 -1.801992864900500368e+00 1.323808880236362340e-01 1.087998771710533275e+00 1.987246913994312525e+00 5.146314297427785789e+00 5.146314297427785789e+00 5.146314297427785789e+00 5.146314297427785789e+00
-1.028145256394099682e+01 -9.962968233568799903e+00 -9.856391818431582408e+00 -9.889415804007470001e+00 -9.630898248758516189e+00 -9.052015825492832235e+00 -8.118311758036730552e+00 -6.455240728104246983e+00 -2.891993629498363916e+00 -4.128610338857257922e+00 -8.200334267276915279e-01 -5.658673425863825629e-02 1.933392565467670687e+00 2.030948293696074547e+00 5.298719809408693138e+00 5.298719809408693138e+00 5.298719809408693138e+00 5.298719809408693138e+00
-1.043817680050249308e+01 -1.030256085861393878e+01 -9.722520937247713491e+00 -9.385070762250993681e+00 -9.272079811797151905e+00 -9.269268960651576350e+00 -8.119043652930333366e+00 -5.872673487546180127e+00 -2.379114711441751240e+00 -3.824802551415904972e+00 -8.704985206069328907e-01 5.277602883687348978e-01 1.427767016821978707e+00 2.121447037772458799e+00 4.841523469826801040e+00 4.841523469826801040e+00 4.841523469826801040e+00 4.841523469826801040e+00
-1.055229151941810706e+01 -1.027286842372220654e+01 -9.963144117860117888e+00 -9.578830002159993029e+00 -9.067600249564806703e+00 -8.646781643337419609e+00 -8.015662284201292564e+00 -5.061894253088090601e+00 -2.199139902531494606e+00 -3.005481266218996694e+00 -2.826518422506992811e-01 7.793264933940586836e-01 1.502355519633375547e+00 2.292932235207108427e+00 4.788960232409248619e+00 4.788960232409248619e+00 4.788960232409248619e+00 4.788960232409248619e+00
-1.032404866165746604e+01 -1.015145708339631980e+01 -1.013486465721190477e+01 -9.848171702305069886e+00 -9.326521960196474836e+00 -8.514295720730387984e+00 -7.822103469593765013e+00 -3.803192588397204865e+00 -4.351787539835600960e+00 -1.319896116371230610e+00 2.766884389579160053e-01 1.083548609679650498e+00 1.650920531025649174e+00 2.126553308284363730e+00 4.468712039322113583e+00 4.468712039322113583e+00 4.468712039322113583e+00 4.468712039322113583e+00
-1.056109451711581038e+01 -1.022532688399466849e+01 -1.004074472611331004e+01 -9.850225098917661626e+00 -9.285844276970818711e+00 -8.472823881881058838e+00 -6.746643979965225135e+00 -2.659347244981929759e+00 -4.220048079893811810e+00 -6.505025247919484777e-01 9.147251482273446310e-01 1.893936463947058835e+00 1.712793847715360585e+00 3.079956932108553147e+00 4.403019450300466708e+00 4.403019450300466708e+00 4.403019450300466708e+00 4.403019450300466708e+00
-1.041206264280859806e+01 -1.020848867869847609e+01 -1.012992561785584655e+01 -9.745798621065153711e+00 -9.213165132937882973e+00 -8.275960012144128797e+00 -4.965019493832165232e+00 -3.363765577300844356e+00 -3.214676209440058496e+00 -1.621655178522533880e-01 1.310963482858970242e+00 2.020500010498202492e+00 1.873694334942236139e+00 4.281226397509014348e+00 5.203248386613731569e+00 5.203248386613731569e+00 5.203248386613731569e+00 5.203248386613731569e+00
-1.034790149342843257e+01 -1.013239816954703976e+01 -9.471991406106770484e+00 -9.208061899562320463e+00 -8.414890002949620751e+00 -7.019499133765229715e+00 -3.336926660136218636e+00 -4.317876193625513004e+00 -2.341789307442879053e+00 5.819784912615073580e-01 2.053622069927208749e+00 2.714501265940304275e+00 3.249838635238580409e+00 4.753074603466789227e+00 5.267167833569970981e+00 5.267167833569970981e+00 5.267167833569970981e+00 5.267167833569970981e+00
-1.056380480924938325e+01 -1.017940589736345203e+01 -9.365172355519099767e+00 -8.460122702743728240e+00 -7.518336291393229232e+00 -5.489477018050203938e+00 -2.864158882519431959e+00 -4.261085854633099856e+00 -2.532175217435286840e-01 1.617231708856691430e+00 2.838322329988967496e+00 3.390051041512131214e+00 4.926501991141030601e+00 4.966926504411688370e+00 5.433261978913471069e+00 5.433261978913471069e+00 5.433261978913471069e+00 5.433261978913471069e+00
-1.020870216766009442e+01 -9.589062887764638887e+00 -9.059281598791059764e+00 -8.466771689616084728e+00 -6.934010850329594078e+00 -3.905814898044305483e+00 -3.789833562967092284e+00 -2.972034246694059689e+00 4.377378043876558045e-01 2.780406610257257327e+00 2.943712058627872885e+00 4.567394910422771126e+00 2.997646015472692049e+00 2.310541706063195200e+00 5.770470725237449194e+00 5.770470725237449194e+00 5.770470725237449194e+00 5.770470725237449194e+00
-9.878254296250400301e+00 -9.108578182842027360e+00 -8.351407406981401493e+00 -8.070954813947956552e+00 -5.519174666792412864e+00 -2.551674308228015331e+00 -3.402981950513838338e+00 -7.800589083678846070e-01 1.583692835482634731e+00 3.221476693685356274e+00 4.361856830837695931e+00 3.724747148161620558e+00 2.084845277759410642e+00 2.430630505222303395e+00 5.243436104601064685e+00 5.243436104601064685e+00 5.243436104601064685e+00 5.243436104601064685e+00
-9.479971715511943842e+00 -8.677727111087417455e+00 -7.963579333786173109e+00 -6.454915801092734995e+00 -4.063297639089696212e+00 -3.455753004553288044e+00 -3.147317102237391584e+00 1.008673919886939885e-01 3.359870669607849081e+00 3.979623021184241161e+00 4.691317114402790978e+00 2.226170237036644295e+00 4.788898806626269433e-01 2.345639129814037993e+00 4.993843823396844073e+00 4.993843823396844073e+00 4.993843823396844073e+00 4.993843823396844073e+00
-1.005965969047111841e+01 -8.055501234725465309e+00 -6.894462664447031486e+00 -5.360761561193012170e+00 -2.769518271483932370e+00 -2.479911191770929779e+00 -2.239277175931647879e+00 8.385689676970775608e-01 3.257970491059352547e+00 4.924966522260712409e+00 3.266508291851250689e+00 -1.997765096680142793e+00 3.798217645000898646e-01 2.529337498466297518e+00 5.160591037104868661e+00 5.160591037104868661e+00 5.160591037104868661e+00 5.160591037104868661e+00
-9.539285502362172764e+00 -7.725669088388827710e+00 -5.981368165406236059e+00 -4.555468047788291841e+00 -2.156973377219000287e+00 -3.004816906436639457e+00 -3.608350075095924092e-01 2.683903822199995126e+00 3.471989883194887216e+00 5.513057515870894321e+00 4.357313628925580495e+00 -7.707835992412219728e-01 9.671812668931826229e-01 2.516589859023286024e+00 5.269467599048200057e+00 5.269467599048200057e+00 5.269467599048200057e+00 5.269467599048200057e+00
-9.115761319757488934e+00 -7.070143134134086793e+00 -5.227618638640397997e+00 -3.756057218527199204e+00 -1.786359668718813687e+00 -2.395527789983857403e+00 5.073522993745742671e-01 2.944545524946018844e+00 4.085358284576396493e+00 6.124516037799409673e+00 5.893017109502221018e+00 2.040928345443187908e+00 6.846721114989149370e-01 2.744759974024433724e+00 5.347814934132339104e+00 5.347814934132339104e+00 5.347814934132339104e+00 5.347814934132339104e+00
-8.843461566864071699e+00 -6.575556751484867846e+00 -4.741177259655440679e+00 -3.220186583757428167e+00 -2.269517724174061168e+00 -1.305370498692026926e+00 2.331427699285735233e+00 3.274266964526441726e+00 4.164794849809785759e+00 5.041039592461020291e+00 4.508109404521982277e+00 4.613403886453083302e+00 3.531828792146477713e+00 3.208105544417305666e+00 5.685023680456308348e+00 5.685023680456308348e+00 5.685023680456308348e+00 5.685023680456308348e+00
-8.143899200192679544e+00 -6.371105183677412853e+00 -4.275162886214902258e+00 -2.255239060268405371e+00 -2.773921312932850824e+00 -2.866961589304277136e-01 3.523195034656478430e+00 3.834499175300769114e+00 3.947158244720520681e+00 3.227331459770745870e+00 3.181925693848494774e+00 3.105856285141838313e+00 3.897658226812806603e+00 5.104808427239863278e+00 5.264488166177193840e+00 5.264488166177193840e+00 5.264488166177193840e+00 5.264488166177193840e+00
-7.617722633468028803e+00 -6.246206060351162215e+00 -4.236229569687447238e+00 -1.820664194516135481e+00 -2.711480618134614051e+00 4.555300356171992915e-01 2.971270178900532244e+00 3.728610857454602190e+00 3.703249826427168045e+00 1.817177621679229915e+00 1.535249995061651163e+00 1.567840796492284916e+00 2.766009962020083535e+00 4.270796815967629279e+00 5.054014240639781441e+00 5.054014240639781441e+00 5.054014240639781441e+00 5.054014240639781441e+00
-8.019800708567576208e+00 -6.200371850053107536e+00 -3.766310725859558950e+00 -1.671282526423945036e+00 -2.103329534909783138e+00 7.071083774573878600e-01 3.168502076535260503e+00 3.941934618340607432e+00 3.008610521979618202e+00 1.519843322434379695e+00 8.706735752673574469e-01 1.000710009462254746e+00 1.926134598530924169e+00 3.577026753876975107e+00 5.367539365534430118e+00 5.367539365534430118e+00 5.367539365534430118e+00 5.367539365534430118e+00
-8.244148068257199924e+00 -6.414847356900839515e+00 -4.048734376983767369e+00 -2.875971597478869768e+00 -2.017961504793227334e+00 3.464490520188778788e-01 3.090350836325545636e+00 4.014899701313041191e+00 2.956170948917053565e+00 1.378848868566872943e+00 5.467084761415095251e-01 3.714735838326613804e-01 1.219921501877452297e+00 3.208913836070109049e+00 5.309992886127271383e+00 5.309992886127271383e+00 5.309992886127271383e+00 5.309992886127271383e+00
-8.209104958346978620e+00 -6.675547096782313616e+00 -3.983857029637243752e+00 -2.670590049025044266e+00 -2.108323127871672753e+00 2.739393277213161282e-01 3.285743793460405904e+00 3.996476603620735979e+00 2.730749091231258419e+00 1.098567205598957708e+00 -2.465477107972026793e+00 -1.664752837498718385e+00 1.145011096628354430e+00 3.077642347775881859e+00 5.272512750261275194e+00 5.272512750261275194e+00 5.272512750261275194e+00 5.272512750261275194e+00
-8.211486494628438493e+00 -6.967478796132218655e+00 -4.796742136849764471e+00 -2.305002922595066117e+00 -2.021326460270249203e+00 -8.838245229836172445e-03 3.409966833238744499e+00 3.909713367418149232e+00 2.257420834313289326e+00 7.328222044569894233e-01 -2.523276549992305995e+00 -1.565643229320685670e+00 1.136710283890155937e+00 3.378788790753252336e+00 5.464362218552505368e+00 5.464362218552505368e+00 5.464362218552505368e+00 5.464362218552505368e+00
-8.182786380105131485e+00 -7.299724979892527443e+00 -5.206732976966414128e+00 -2.837326039114592025e+00 -2.152304832240535148e+00 -4.208451005481436691e-01 2.198430356108989514e+00 3.611712501038343959e+00 1.973277340511852440e+00 -1.352818026373415083e+00 -2.632521149917014913e+00 -1.359407526339854178e+00 1.179669741723179843e+00 3.674250084685318107e+00 4.947437444174674681e+00 4.947437444174674681e+00 4.947437444174674681e+00 4.947437444174674681e+00
-8.073301095060328336e+00 -7.202118031107277218e+00 -5.689376202964668394e+00 -4.201396821449357333e+00 -2.083943790770245386e+00 -1.721338035795131338e+00 6.692991421689337139e-01 2.756453447773310028e+00 2.290863126000800332e+00 -3.715149221330744211e+00 -2.320937047692902766e+00 -5.095982153668894288e-01 1.453037154480991688e+00 3.682638583359928663e+00 5.454985382452652409e+00 5.454985382452652409e+00 5.454985382452652409e+00 5.454985382452652409e+00
-8.369844295742293383e+00 -7.866979335922647643e+00 -6.626869717559583428e+00 -4.874402305888771991e+00 -3.099645046644067037e+00 -2.076853563080433673e+00 -1.166089676399073571e+00 1.278738047800120459e+00 2.126537919896533069e+00 -3.169572616407120513e+00 -1.958238684400854523e-01 1.013568635838730803e+00 1.845253530720850854e+00 4.249599492161182823e+00 5.433583502354142780e+00 5.433583502354142780e+00 5.433583502354142780e+00 5.433583502354142780e+00
-8.773489846827040139e+00 -7.881173383192341397e+00 -7.035255686688352661e+00 -5.642042559544050206e+00 -4.078815999977534190e+00 -2.275848518453376546e+00 -2.541513683028642223e+00 2.398906234891079459e-01 1.438130463685028726e+00 -8.914857155064255523e-02 1.586331497292369219e-01 7.699374318531498895e-01 2.195329059922667803e+00 4.689984409618373817e+00 5.350518173206345374e+00 5.350518173206345374e+00 5.350518173206345374e+00 5.350518173206345374e+00
-9.116076761186244326e+00 -8.199301611344921525e+00 -7.380809807721943727e+00 -6.606953214155408816e+00 -5.142598426961834335e+00 -3.613269176073789168e+00 -2.493685487044694504e+00 -2.102263053769215517e+00 4.464580910631752442e-01 1.188376467463273745e+00 6.814378994571035353e-01 -3.521178591925697154e-01 1.744518520270594175e+00 4.837792357281462508e+00 5.313038037340351849e+00 5.313038037340351849e+00 5.313038037340351849e+00 5.313038037340351849e+00
-9.427533256338891832e+00 -8.520695863747299370e+00 -8.002998794863684040e+00 -7.286189648948626640e+00 -6.315342379184395227e+00 -5.018584719596828059e+00 -2.557122955698026612e+00 -2.753672970684860832e+00 -2.829222580014413291e-01 9.348237810479942400e-01 9.458142187775646637e-01 7.265366633291989729e-01 1.037757408882430177e+00 4.044034118639533659e+00 4.990311549720058082e+00 4.990311549720058082e+00 4.990311549720058082e+00 4.990311549720058082e+00
-9.907901945460604765e+00 -8.996524871177182803e+00 -8.526258788145257839e+00 -8.059779813017062366e+00 -7.355013486814788948e+00 -6.412359660917334558e+00 -4.086294601531466064e+00 -2.599216896507964059e+00 -2.061116887945261489e+00 5.442624873946650954e-01 8.256201987620913618e-01 9.670180475572150991e-01 2.040408761346351185e-01 3.915799239209257543e+00 5.521320494797757661e+00 5.521320494797757661e+00 5.521320494797757661e+00 5.521320494797757661e+00
-1.029575681252253005e+01 -9.857886036933170004e+00 -9.342391672531018543e+00 -8.846630315256035715e+00 -8.260536168054496642e+00 -7.177868451936662453e+00 -5.386678473505152276e+00 -2.764165558271698853e+00 -2.766442781377702609e+00 3.555286024282640345e-02 8.595782526337403251e-01 9.462925767578785896e-01 2.166417032353639693e-01 4.373091607353483568e+00 5.511588925299203190e+00 5.511588925299203190e+00 5.511588925299203190e+00 5.511588925299203190e+00
-1.039184724059030174e+01 -1.002955760083471759e+01 -9.567513778569171734e+00 -9.154864198693298150e+00 -8.555411132378917927e+00 -7.618030935399753290e+00 -6.340679919697523204e+00 -3.569058561269734753e+00 -2.771592706484443447e+00 -1.316807753387882141e+00 6.771177503073673165e-01 9.075097832032112954e-01 7.992371374131492789e-01 2.938763322996522653e+00 5.428523596151411112e+00 5.428523596151411112e+00 5.428523596151411112e+00 5.428523596151411112e+00
-1.051066168672889489e+01 -1.012291409984115376e+01 -9.744277249564866850e+00 -9.287967804833790808e+00 -8.822389974239785104e+00 -7.901215777675606233e+00 -6.659933315147886113e+00 -4.948981575307190184e+00 -2.288043470758364784e+00 -2.841651025490370852e+00 3.863962322971738472e-01 8.052628279629787666e-01 5.811130571474034667e-01 2.753403155129821922e+00 5.391043460285411371e+00 5.391043460285411371e+00 5.391043460285411371e+00 5.391043460285411371e+00
-1.048118037909416600e+01 -1.017423796577085326e+01 -9.802202589323051996e+00 -9.428955077065820589e+00 -8.906607044715917354e+00 -8.084581795462405296e+00 -6.940251440773430147e+00 -5.567109343480812100e+00 -3.001711921880163558e+00 -3.238636797988317717e+00 -2.662376066350299331e-01 6.537515339411859028e-01 8.144523859851762193e-01 2.667903014507931658e+00 4.925277466388660486e+00 4.925277466388660486e+00 4.925277466388660486e+00 4.925277466388660486e+00
-1.049876863514732683e+01 -1.019525286107279527e+01 -9.873621704176340330e+00 -9.503058172449653895e+00 -9.007814633125931891e+00 -8.309149985377828784e+00 -7.125795610166155036e+00 -5.731673131365207396e+00 -4.255942273829260714e+00 -3.288576856767900125e+00 -1.354203341865000798e+00 3.821697346591823585e-01 2.728995398235884995e-01 2.801538755440960315e+00 5.097011497490961496e+00 5.097011497490961496e+00 5.097011497490961496e+00 5.097011497490961496e+00
-1.053436218387563272e+01 -1.023920257974168280e+01 -9.878938697731896923e+00 -9.508382396478697984e+00 -9.097775274951768409e+00 -8.382228115444197769e+00 -7.233564865816597411e+00 -5.883736824224091500e+00 -4.713452512535647898e+00 -2.857612227268057747e+00 -2.541027367823684990e+00 1.003224169564942425e-01 5.211631200457544910e-01 2.477831079619954302e+00 5.589594348244271593e+00 5.589594348244271593e+00 5.589594348244271593e+00 5.589594348244271593e+00
-1.055145134681631802e+01 -1.021826588229149735e+01 -9.940965860470111437e+00 -9.578998430922432306e+00 -9.150073890141360522e+00 -8.552850570010782860e+00 -7.341284196942091000e+00 -5.902431675038155134e+00 -4.825408020813490850e+00 -2.684762893141514173e+00 -2.843865970110483143e+00 -5.118902107488837450e-02 8.418928851886765818e-02 2.527021772432499702e+00 5.552114212378272740e+00 5.552114212378272740e+00 5.552114212378272740e+00 5.552114212378272740e+00
-1.055722828482361209e+01 -1.027886559120525689e+01 -9.932561167915043399e+00 -9.612311238052829054e+00 -9.227893353345326233e+00 -8.586888680287632525e+00 -7.396975882974689220e+00 -5.963653809277684736e+00 -5.060699008774347973e+00 -2.524498282207933819e+00 -3.059592993022704377e+00 -1.567595517969352092e-01 -6.380983057101115297e-02 2.504804419944591132e+00 5.469048883230481550e+00 5.469048883230481550e+00 5.469048883230481550e+00 5.469048883230481550e+00
-1.062016495296699148e+01 -1.031410144135120532e+01 -9.979534810390900290e+00 -9.640569846550992139e+00 -9.298875242443511269e+00 -8.649628324669295765e+00 -7.537661445414168604e+00 -5.929789002274866938e+00 -5.225059084632106554e+00 -3.484218703988352317e+00 -2.916146958354743912e+00 -4.328533574408962581e-01 -1.100406102626136223e-01 2.475342809370519870e+00 4.973910936802947269e+00 4.973910936802947269e+00 4.973910936802947269e+00 4.973910936802947269e+00
-1.063442356204942918e+01 -1.035418631248707477e+01 -1.000446278485727802e+01 -9.660969835891624058e+00 -9.371051851126368959e+00 -8.831133140214504351e+00 -7.570734678917749427e+00 -5.811602866785282373e+00 -5.393283066044937790e+00 -3.837809047764332959e+00 -2.521177607889439454e+00 -1.126601998393211623e+00 -3.762896762213532309e-01 2.319667012967951081e+00 5.035951459418939180e+00 5.035951459418939180e+00 5.035951459418939180e+00 5.035951459418939180e+00
