-1.035757392129815635e+01 -1.040260261889128834e+01 -1.001287276559943429e+01 -9.639688171233611769e+00 -9.311891648771752017e+00 -9.005150364061810464e+00 -8.277815823589440569e+00 -7.312596792096146103e+00 -4.601254654584709947e+00 -3.778149905804388808e+00 -3.167143631374803814e+00 -2.606506417689923083e+00 -8.083436354735403784e-01 1.874819863981626478e+00 5.448019173966424766e+00 5.448019173966424766e+00 5.448019173966424766e+00 5.448019173966424766e+00
-1.037395505462215795e+01 -1.029889122853041350e+01 -1.018316230606287753e+01 -1.003420648222322953e+01 -9.581257598443986723e+00 -8.937298487787979084e+00 -8.252789943341012346e+00 -7.017307104326344636e+00 -4.723436292555157401e+00 -2.223739694483301665e+00 -2.066357467504353007e+00 -1.283448522539450298e+00 -8.113895310855478993e-01 2.127770436172672142e+00 5.551154743339524522e+00 5.551154743339524522e+00 5.551154743339524522e+00 5.551154743339524522e+00
-1.031212119417585527e+01 -1.010849050350467948e+01 -9.773825799249012292e+00 -9.695931034097448276e+00 -9.741181678239422936e+00 -9.218088143893918840e+00 -8.156507786172710439e+00 -6.964995835681676795e+00 -4.711090904482380992e+00 -2.006079282114064277e+00 -3.056359439047186211e+00 -4.392196971710276010e-01 -1.241726291736643673e-01 2.157820216309175088e+00 5.776864466161427458e+00 5.776864466161427458e+00 5.776864466161427458e+00 5.776864466161427458e+00
-1.036912534242780026e+01 -1.020702398291280133e+01 -9.944983010681914593e+00 -9.284157277874726333e+00 -9.197060054765316295e+00 -9.218593021688644029e+00 -8.324458419104225015e+00 -6.796822873205605298e+00 -3.710125317931493250e+00 -1.790935381634516155e+00 -2.303871661824443251e+00 4.048268439671779545e-02 7.249013076415302681e-01 2.317840135400793145e+00 5.801800875776176980e+00 5.801800875776176980e+00 5.801800875776176980e+00 5.801800875776176980e+00
-1.056704413913267437e+01 -1.031276245339577358e+01 -9.986047204509240771e+00 -9.632663288967906468e+00 -9.092948432107846202e+00 -8.708821100621207734e+00 -8.291102989252149058e+00 -6.457164809363271196e+00 -2.743078813157609375e+00 -2.758423483719622205e+00 -6.010555627705200799e-01 3.929610486527153612e-01 1.214690550236607436e+00 2.427608240043837462e+00 5.681357526371318301e+00 5.681357526371318301e+00 5.681357526371318301e+00 5.681357526371318301e+00
-1.048221324595191462e+01 -9.947678379604541377e+00 -1.026712216505749353e+01 -1.001310143226134031e+01 -9.450455649796751345e+00 -8.716947555947802684e+00 -7.848645077984687468e+00 -5.527242750178237962e+00 -2.668755297735843524e+00 -2.821170934253079743e+00 -2.266085173032100775e-01 9.532044137925794747e-01 1.111302585875432403e+00 2.165009182369381335e+00 5.938483009704593307e+00 5.938483009704593307e+00 5.938483009704593307e+00 5.938483009704593307e+00
-1.036179597781300288e+01 -1.047416668582673616e+01 -1.002076647844040203e+01 -9.726365603713173158e+00 -9.434368822443994773e+00 -8.716783831690444018e+00 -7.701149063097449066e+00 -3.621786725678441066e+00 -2.639967864417950061e+00 -1.616858989744615949e+00 -2.710286287678290718e-01 1.378882764942444217e+00 1.531686069307936604e+00 3.323203723205939930e+00 5.983435971455204339e+00 5.983435971455204339e+00 5.983435971455204339e+00 5.983435971455204339e+00
-1.065546113135065909e+01 -1.015931681089454841e+01 -9.999418200647642863e+00 -9.992330536822530362e+00 -9.321819663974858727e+00 -8.346160099486768402e+00 -6.139279308178306138e+00 -2.767853154721210629e+00 -2.757398085421255196e+00 -1.437834202527109029e-01 9.716158743941198939e-01 2.107795976817958827e+00 1.798495089669595703e+00 4.323245803824367961e+00 6.048548029733279208e+00 6.048548029733279208e+00 6.048548029733279208e+00 6.048548029733279208e+00
-1.061148772682330588e+01 -1.028825310800428383e+01 -9.684693489740483940e+00 -9.123308778982076817e+00 -8.169966656261431481e+00 -7.073946805540129112e+00 -3.397556864950911582e+00 -3.039524944012850671e+00 -7.390744874823880206e-01 7.034273615935879853e-01 2.167593639844479725e+00 2.767112196234939869e+00 3.391890477711479779e+00 4.767485186270481456e+00 6.351303551003541159e+00 6.351303551003541159e+00 6.351303551003541159e+00 6.351303551003541159e+00
-1.010857497064993282e+01 -9.918210079574015126e+00 -9.585477432007502685e+00 -8.527863765414748443e+00 -7.380690714264138919e+00 -4.930445537106564302e+00 -2.982317738202437951e+00 -2.066438739761772059e+00 1.087755911992440705e-01 2.120585391728646574e+00 3.066125518221797019e+00 3.456468530028253383e+00 4.931676971174473678e+00 4.948241461420444409e+00 6.301142673871446220e+00 6.301142673871446220e+00 6.301142673871446220e+00 6.301142673871446220e+00
-1.012351321412533878e+01 -9.514162646796666678e+00 -8.690890846415245008e+00 -8.602507058814556018e+00 -6.745263241950730126e+00 -2.850436913519762250e+00 -2.902381111943632241e+00 2.472643080555728123e-01 2.121245684250923969e+00 3.079984474414374951e+00 3.065160063191737727e+00 4.604007978064632134e+00 2.764937535658517742e+00 2.327169237510433142e+00 6.691991787596192509e+00 6.691991787596192509e+00 6.691991787596192509e+00 6.691991787596192509e+00
-9.792620718126466173e+00 -9.008634850761657376e+00 -8.079844565690393665e+00 -7.423407522433885575e+00 -4.387289451906694282e+00 -2.725821013312144991e+00 -1.547222952188164191e+00 9.700417870141226917e-01 2.983008103470737193e+00 3.183601501444842441e+00 4.495170960409449634e+00 3.737349922668501634e+00 6.175255743225325222e-01 2.512342607820226448e+00 6.571314899649899566e+00 6.571314899649899566e+00 6.571314899649899566e+00 6.571314899649899566e+00
-9.601774261660878551e+00 -8.466647927968457665e+00 -7.437373756417169801e+00 -5.787407634216352292e+00 -2.487603116838098760e+00 -3.294950982832546948e+00 2.652802740407781412e-01 3.077843692622142413e+00 3.274112339037411612e+00 4.104345590623616147e+00 4.748576738856515433e+00 -1.540858645963497087e-01 5.249238545879407747e-01 2.460030539136964123e+00 6.729664219366870093e+00 6.729664219366870093e+00 6.729664219366870093e+00 6.729664219366870093e+00
-1.009794853999986586e+01 -7.923274654396402994e+00 -6.301341710165246468e+00 -3.468321396792662714e+00 -2.689545674540432696e+00 -1.004048265885538527e+00 1.583719512805914720e+00 3.143804552214725767e+00 3.316650134320473953e+00 5.022075533852992990e+00 3.312974763824248825e+00 -1.892188051040083696e+00 4.090321704732402530e-01 2.601716053647185944e+00 6.904148936160522609e+00 6.904148936160522609e+00 6.904148936160522609e+00 6.904148936160522609e+00
-9.399157092436187355e+00 -7.361639763281409010e+00 -4.888884095700278820e+00 -2.519541519459412626e+00 -2.183158925090979086e+00 3.971709995582238806e-01 3.158089730838403497e+00 3.234645460258763539e+00 3.590321754005865174e+00 5.624110069149427460e+00 4.469409502000451617e+00 -8.645005281901015914e-01 9.882623597082356159e-01 2.699531984447040678e+00 6.786133299763366544e+00 6.786133299763366544e+00 6.786133299763366544e+00 6.786133299763366544e+00
-9.135992550526932376e+00 -6.924321246938574426e+00 -3.653897234111724401e+00 -2.341265003458375293e+00 -6.269850503690225230e-01 2.200984214556861218e+00 3.044443916650776849e+00 3.090833276884289660e+00 4.191005854031669919e+00 6.290449437091448992e+00 6.012222094811555451e+00 1.945608234695981542e+00 7.674767814740490746e-01 2.760434726214272327e+00 7.033006761906182902e+00 7.033006761906182902e+00 7.033006761906182902e+00 7.033006761906182902e+00
-8.718626343085773556e+00 -5.833541734995206340e+00 -2.758034374685069068e+00 -2.198822836816449300e+00 -8.013390784762117192e-02 3.067712370641658914e+00 3.272287967078178372e+00 3.294613284467096115e+00 4.217473033668388105e+00 5.033195237640399000e+00 4.559562141895165510e+00 4.711947007528518583e+00 4.212763304060239022e+00 3.303706019193572541e+00 6.573266050481413103e+00 6.573266050481413103e+00 6.573266050481413103e+00 6.573266050481413103e+00
-7.704446890920232605e+00 -5.489604669235710332e+00 -2.556224213328209593e+00 -2.150568323412939353e+00 4.486091184695858991e-01 2.677654590789430245e+00 3.532886123544922707e+00 3.847212797177927968e+00 4.084456206420845170e+00 3.227357894349031753e+00 3.252589147730667207e+00 3.137800384790037533e+00 3.971570165158015087e+00 5.150813105362923139e+00 7.007706948781388334e+00 7.007706948781388334e+00 7.007706948781388334e+00 7.007706948781388334e+00
-7.514817567451466118e+00 -5.611234437746290382e+00 -2.198128612427060702e+00 -1.686211465383698149e+00 9.938101971499668785e-01 3.172033108686505010e+00 3.187385051571808514e+00 3.906293548103280777e+00 3.854050300631978399e+00 1.760214065571741093e+00 1.286479114667080204e+00 1.412950658386660674e+00 2.743591064608648988e+00 4.350043908713925767e+00 6.866308634731974614e+00 6.866308634731974614e+00 6.866308634731974614e+00 6.866308634731974614e+00
-8.247681167610483755e+00 -5.726091202945941205e+00 -2.228952657863354059e+00 -1.350642810372024272e+00 1.565343679962639456e+00 3.127518240651918635e+00 3.189509875504784819e+00 4.104072175743127104e+00 3.152980454402274368e+00 1.522126089019445017e+00 -9.544212145848104401e-01 7.976108874074464561e-01 1.928528852116950354e+00 3.605565010825804162e+00 6.661187883623925998e+00 6.661187883623925998e+00 6.661187883623925998e+00 6.661187883623925998e+00
-8.075982019684646573e+00 -6.414044607799672448e+00 -3.092437470971066027e+00 -1.915705916512006279e+00 1.524148790888407268e+00 3.176913750718263874e+00 3.210755398571554675e+00 4.101900415286096724e+00 3.089982670006073739e+00 1.435660566951818318e+00 -9.121454318472160816e-01 4.275774308830991577e-02 1.235033397986061043e+00 3.319880239413939282e+00 7.217189621738324234e+00 7.217189621738324234e+00 7.217189621738324234e+00 7.217189621738324234e+00
-8.077132875993385142e+00 -6.655253657146390722e+00 -3.016755891076845941e+00 -2.052883682887312045e+00 7.665771537525337687e-01 3.241653560786109889e+00 3.273956322017357756e+00 4.182272508318622073e+00 2.731818189468466329e+00 1.133287918712094999e+00 -2.851650832135733893e+00 -1.742175438893043271e+00 1.201026239557217767e+00 3.162708208622847295e+00 7.091714442785624684e+00 7.091714442785624684e+00 7.091714442785624684e+00 7.091714442785624684e+00
-8.057877463322093092e+00 -6.723288654292717048e+00 -3.580960560273109827e+00 -2.182783209809342040e+00 6.570485301576047821e-01 3.252678219153016137e+00 3.285380600300391585e+00 4.066426787982131863e+00 2.381662306013782260e+00 -1.300253278159699377e+00 -2.746596734341115731e+00 -1.675996751566815046e+00 1.206952134738760618e+00 3.446275544741847607e+00 7.165660289236010172e+00 7.165660289236010172e+00 7.165660289236010172e+00 7.165660289236010172e+00
-8.109939366419913753e+00 -7.153663590598394961e+00 -4.364252431092342732e+00 -1.425070934392620448e+00 -9.112366189842613373e-02 2.487606075015598162e+00 3.202233904177014256e+00 3.789735121663402317e+00 2.109623392437969258e+00 -4.035408259815234544e+00 -2.774313148535307416e+00 -1.386714769071288433e+00 1.269449185698067861e+00 3.672404842883011611e+00 7.159172234096462972e+00 7.159172234096462972e+00 7.159172234096462972e+00 7.159172234096462972e+00
-7.910691721504524487e+00 -7.191289684366061863e+00 -4.968974419582949942e+00 -2.165398525598672741e+00 -1.204153242759780307e+00 6.732922512323951114e-01 3.243389678659194697e+00 3.080687753207711932e+00 1.949459527257937586e+00 -4.413020593659565449e+00 -2.792045717284057815e+00 -6.209002080124159662e-01 1.536172991898541396e+00 3.670842764197979502e+00 7.303997568884057046e+00 7.303997568884057046e+00 7.303997568884057046e+00 7.303997568884057046e+00
-8.384160282415063392e+00 -7.584667943479597163e+00 -6.124435192894509328e+00 -3.221530734871029811e+00 -1.246843202990128407e+00 -1.455524063119417955e+00 1.441425125623185366e+00 2.790191117696997125e+00 1.246774745240407434e+00 -4.109574317951750544e+00 -2.110601058425989773e+00 1.133471495556881870e+00 1.872270188990675877e+00 4.077429907394368946e+00 7.599325863268887815e+00 7.599325863268887815e+00 7.599325863268887815e+00 7.599325863268887815e+00
-8.898572555838146769e+00 -7.838456181188709238e+00 -6.834783809653671938e+00 -4.900082006915167376e+00 -2.111860440516007742e+00 -2.422532915097008299e+00 -3.950800059270136999e-01 1.576171307207469230e+00 2.000250570961565888e+00 -1.568165922554131342e+00 -1.482836387952875201e+00 5.468710042266480276e-01 2.128807785824521126e+00 4.295729350074530828e+00 7.184619534635765525e+00 7.184619534635765525e+00 7.184619534635765525e+00 7.184619534635765525e+00
-9.141030637796129454e+00 -8.442677535851917270e+00 -7.532670577821434676e+00 -5.914012233280754316e+00 -3.797609470307939272e+00 -2.470934210025852451e+00 -2.052257812765256872e+00 1.172339570346128401e-01 1.206809492052173027e+00 1.451036673962684098e+00 -1.569226066436106182e+00 -5.055217119215436039e-01 1.789038184992066682e+00 4.348821772461106683e+00 7.926953493334286449e+00 7.926953493334286449e+00 7.926953493334286449e+00 7.926953493334286449e+00
-9.370052014921983030e+00 -8.548408841943325953e+00 -8.095425940521179697e+00 -7.384643338738151819e+00 -5.967136413640805159e+00 -3.776857199275434951e+00 -2.857981187198674444e+00 -2.211061025536196212e+00 7.328432951244001625e-02 9.134261683395843434e-01 -1.429549585666650913e+00 -2.170382222629402280e-02 1.542191849391833625e+00 4.062009007234738789e+00 7.581815170861188058e+00 7.581815170861188058e+00 7.581815170861188058e+00 7.581815170861188058e+00
-1.018107270627724859e+01 -9.062510408550926044e+00 -8.717043932966035413e+00 -8.322750878323329715e+00 -7.441619855988011345e+00 -6.703303512652119878e+00 -3.829910076583612710e+00 -2.667391585733386528e+00 -2.572248079307417168e+00 -1.516458373749626776e-01 2.734245096796263930e-01 8.374123872710770300e-02 9.625751595394377302e-01 4.024548788098040397e+00 7.417238066409352015e+00 7.417238066409352015e+00 7.417238066409352015e+00 7.417238066409352015e+00
-1.042661886880796906e+01 -1.001401698571200782e+01 -9.546756789581776204e+00 -9.157194249460355095e+00 -8.793133454868506504e+00 -7.485825498779195009e+00 -5.797560288909892279e+00 -3.542245481100116500e+00 -2.735906621479594847e+00 -3.148733831033228459e+00 -1.600004382186535068e-01 1.703046337850884218e-01 -7.462878271146003439e-02 4.278217641943212080e+00 7.607045636935058752e+00 7.607045636935058752e+00 7.607045636935058752e+00 7.607045636935058752e+00
-1.058427488854227505e+01 -1.020679345513236314e+01 -9.753419817956164195e+00 -9.458418793864716179e+00 -9.091514931641862418e+00 -7.955499435347830328e+00 -6.248633238162273784e+00 -5.573757976358725941e+00 -2.808582766305595335e+00 -3.230491492052462554e+00 -2.335394751896735954e+00 -1.553081684596972767e-01 -8.249124081849567025e-01 4.078013649340078040e+00 7.789827456621650548e+00 7.789827456621650548e+00 7.789827456621650548e+00 7.789827456621650548e+00
-1.049994010684801538e+01 -1.035395195126431211e+01 -9.953876295434280763e+00 -9.599211220807521983e+00 -9.233783617288562340e+00 -8.260326538560621046e+00 -6.623775388492175509e+00 -5.675309170820420412e+00 -4.474221777410710921e+00 -2.971498897303598952e+00 -2.873791054491194430e+00 -3.976750475493656678e-01 -5.169156684918335687e-01 3.088431777216580798e+00 7.447735020228962277e+00 7.447735020228962277e+00 7.447735020228962277e+00 7.447735020228962277e+00
-1.052084126372751882e+01 -1.025034984685787798e+01 -1.003978130365991461e+01 -9.693431922187038197e+00 -9.257239327193911294e+00 -8.429738676097301209e+00 -6.877453006196659224e+00 -5.803960959077235415e+00 -5.255497458451293014e+00 -2.488632885478117451e+00 -2.622296129660468988e+00 -8.712688755742261648e-01 -5.091433681359975871e-01 2.719733142101047108e+00 7.863118735466945175e+00 7.863118735466945175e+00 7.863118735466945175e+00 7.863118735466945175e+00
-1.052285619277869344e+01 -1.029725533607837029e+01 -1.004143682770447299e+01 -9.746163131415938707e+00 -9.340086041996691790e+00 -8.631923314308229678e+00 -7.180212223458880771e+00 -5.840028410125091440e+00 -5.630320640795014597e+00 -2.990347017570635479e+00 -1.513291154128210803e+00 -2.560045589648215714e+00 -4.551629161847917104e-01 2.482438308154229389e+00 8.263831719126759623e+00 8.263831719126759623e+00 8.263831719126759623e+00 8.263831719126759623e+00
-1.058437984980997726e+01 -1.028186784652288388e+01 -9.970483711950397065e+00 -9.657669802864042197e+00 -9.340609279232618078e+00 -8.720183855635479375e+00 -7.355570710294605519e+00 -5.892996463624093906e+00 -5.824851145835523880e+00 -3.796214728471718924e+00 -2.389538449034253720e+00 -3.092261956497420972e+00 -1.127020579202002715e+00 2.098234149777700619e+00 7.585735254587973486e+00 7.585735254587973486e+00 7.585735254587973486e+00 7.585735254587973486e+00
-1.060404204596842348e+01 -1.028770981253879668e+01 -1.006853388617758860e+01 -9.740629695972103264e+00 -9.345223285909167288e+00 -8.842183537984688257e+00 -7.529174450480828895e+00 -5.711771073574189117e+00 -5.461967904809601038e+00 -3.677298859921341645e+00 -3.658781397802997937e+00 -2.353786376190850849e+00 -5.872759277704279191e-01 2.416615858059721678e+00 8.049496508146443574e+00 8.049496508146443574e+00 8.049496508146443574e+00 8.049496508146443574e+00
-1.064208770877575638e+01 -1.039804458099599138e+01 -1.001934107403893037e+01 -9.717396452525131068e+00 -9.413448272691631757e+00 -8.859823013900047783e+00 -7.538944752217110690e+00 -5.917604920375155508e+00 -5.397837874119246315e+00 -3.247546376350807673e+00 -4.625748738674628768e+00 -2.361555742021571369e+00 -3.894554790171230185e-01 2.251466726757488601e+00 7.931765601305089675e+00 7.931765601305089675e+00 7.931765601305089675e+00 7.931765601305089675e+00
-1.066292139694568419e+01 -1.034412871242941101e+01 -1.002960341314265591e+01 -9.739419014091472704e+00 -9.445184490795197618e+00 -8.855511199276479672e+00 -7.657348246868805219e+00 -5.961820022538400821e+00 -5.413426054104595764e+00 -4.066008693659782125e+00 -3.471400034922120348e+00 -2.307247789884258715e+00 -3.080466223434645268e-01 2.366311482714801073e+00 8.374778894612873614e+00 8.374778894612873614e+00 8.374778894612873614e+00 8.374778894612873614e+00
-1.071436094044942067e+01 -1.036735905587745776e+01 -1.003463942407052123e+01 -9.765479979958064050e+00 -9.535200865231555412e+00 -9.040964997336368825e+00 -7.681089889979948460e+00 -5.695210139620272116e+00 -5.513062426015848061e+00 -4.214119268850549105e+00 -4.194217335361281052e+00 -2.032239206665451547e+00 -3.870114334223499486e-01 2.320914689184450097e+00 7.602872766137424243e+00 7.602872766137424243e+00 7.602872766137424243e+00 7.602872766137424243e+00
