-1.051757023790395174e+01 -1.028995469770551630e+01 -9.994307176939955184e+00 -9.627325165586164246e+00 -9.341923785043107387e+00 -9.025013380311499134e+00 -8.343393549035257095e+00 -6.988122082552809644e+00 -3.480782532686509612e+00 -4.043887948025145285e+00 -2.344081018137224248e+00 -6.931958828221931324e-01 1.694347457091193165e+00 2.078943339596183826e+00 5.507406294006609748e+00 5.507406294006609748e+00 5.507406294006609748e+00 5.507406294006609748e+00
-1.044799641838925197e+01 -1.019161670976603595e+01 -1.001673084996255980e+01 -9.798146921647392205e+00 -9.417621843211344768e+00 -8.893878701537818898e+00 -8.115333735019721217e+00 -6.496460502207670018e+00 -3.381784120391940096e+00 -4.571460078742761723e+00 -2.031819577600263216e+00 -5.808445406451856474e-01 1.563549494925381422e+00 1.935212709093993011e+00 5.846984867013283349e+00 5.846984867013283349e+00 5.846984867013283349e+00 5.846984867013283349e+00
-1.023200935216708629e+01 -9.997712028875158197e+00 -9.855770315297082362e+00 -9.876394928370569204e+00 -9.561168690367884082e+00 -8.999281102748190264e+00 -8.089900381912114469e+00 -6.266539229747734474e+00 -2.506166291138860913e+00 -4.448157911234972062e+00 -6.573865434145356179e-01 -2.689694468982131159e-01 2.008929835450585788e+00 2.046634342204278312e+00 5.705130728267620910e+00 5.705130728267620910e+00 5.705130728267620910e+00 5.705130728267620910e+00
-1.042487218723751496e+01 -1.022706065775374640e+01 -9.720057989969134837e+00 -9.376997766105137799e+00 -9.316937808962231671e+00 -9.095317792855045269e+00 -8.072012483369604752e+00 -5.627691600222531676e+00 -2.758344392184288729e+00 -4.066658353698922923e+00 -1.140665281273818554e-01 -1.221729145809208050e-01 1.656661209162074488e+00 2.160354619329025283e+00 5.116378573794179374e+00 5.116378573794179374e+00 5.116378573794179374e+00 5.116378573794179374e+00
-1.053283866872909869e+01 -1.022711852955990608e+01 -9.923969800112786288e+00 -9.551866481746627002e+00 -8.977617228498269597e+00 -8.677311984601157491e+00 -7.824898423814382831e+00 -4.218777888692220479e+00 -3.251115118496005429e+00 -3.158712195015032531e+00 -2.094890874360271216e-01 1.359513947542136947e+00 1.528734170126438752e+00 2.326884576213533951e+00 4.942540352889722932e+00 4.942540352889722932e+00 4.942540352889722932e+00 4.942540352889722932e+00
-1.032855540892585822e+01 -1.017765915785337150e+01 -1.013388585294019251e+01 -9.842005265283736648e+00 -9.270577976460270264e+00 -8.441443032581702255e+00 -7.472865333751938621e+00 -3.387549945168199184e+00 -4.276232115436137349e+00 -1.623103016159886058e+00 -4.621925418717526962e-02 1.448950439219367503e+00 1.619666610684961094e+00 2.138638170069371292e+00 4.578385949068583649e+00 4.578385949068583649e+00 4.578385949068583649e+00 4.578385949068583649e+00
-1.054542709270892153e+01 -1.023664835543642049e+01 -1.005473525757446396e+01 -9.736947150323043587e+00 -9.257178057662130755e+00 -8.428453307236187797e+00 -6.323648725485223387e+00 -3.372822764281258934e+00 -4.118973120353636830e+00 -8.500630281178322978e-01 5.861112505843366627e-01 1.853768473762866131e+00 1.672263434097401191e+00 2.995446285662972663e+00 4.419078781993258431e+00 4.419078781993258431e+00 4.419078781993258431e+00 4.419078781993258431e+00
-1.043996021868258062e+01 -1.016300242864621595e+01 -1.009168191995014396e+01 -9.660754792919771461e+00 -9.202847101279147068e+00 -8.185299880601711209e+00 -4.584037207870436781e+00 -3.882374297299833188e+00 -3.417301467097315193e+00 -9.780587380582170254e-02 1.348039916090286505e+00 1.973602553763865508e+00 1.892893851430749397e+00 4.292269394132699034e+00 5.672855642718849900e+00 5.672855642718849900e+00 5.672855642718849900e+00 5.672855642718849900e+00
-1.045101972636073384e+01 -9.980546040834409993e+00 -9.559360381319384814e+00 -9.298268615857859132e+00 -8.481190453364432003e+00 -7.023874216813168481e+00 -3.607910801394705214e+00 -4.698767588192997557e+00 -2.562790212955104341e+00 6.616749489158804676e-02 2.188986782929949193e+00 2.668806958255276029e+00 3.237528027159851440e+00 4.745678747190850366e+00 5.643168840382991824e+00 5.643168840382991824e+00 5.643168840382991824e+00 5.643168840382991824e+00
-1.055636640330340903e+01 -1.014759841633272508e+01 -9.319091218350340711e+00 -8.453395451924341941e+00 -7.478989664225637490e+00 -5.717258813119327598e+00 -2.340149535009461434e+00 -4.516991113501682698e+00 -7.269699108273675048e-01 1.108818682709092673e+00 2.792672509589069207e+00 3.390234233808921971e+00 4.917769888343353379e+00 4.952305123036019552e+00 5.905332430192517634e+00 5.905332430192517634e+00 5.905332430192517634e+00 5.905332430192517634e+00
-1.015921911097795771e+01 -9.709262518438944056e+00 -9.064384702506419700e+00 -8.400966637908375390e+00 -6.885429921098667805e+00 -4.018758443640305877e+00 -3.399645791651863203e+00 -2.452466284089730664e+00 2.983000395229152280e-01 2.534598740823110319e+00 2.888667653771845423e+00 4.518714799598640752e+00 3.035936887589402389e+00 2.247823479943379610e+00 5.724905914425898246e+00 5.724905914425898246e+00 5.724905914425898246e+00 5.724905914425898246e+00
-9.886783860324147355e+00 -9.150595591640287907e+00 -8.408298175058433799e+00 -7.972306437195067375e+00 -5.689395255496067172e+00 -2.897318006696413928e+00 -3.543156096807024813e+00 -1.373340000729101007e+00 1.035887465289548892e+00 3.240259380127263000e+00 4.349210744350629376e+00 3.757380021404561621e+00 2.068119849125296117e+00 2.460627237802627931e+00 5.620450337303819488e+00 5.620450337303819488e+00 5.620450337303819488e+00 5.620450337303819488e+00
-9.541595152228698140e+00 -8.737319948777901857e+00 -7.919613088530200073e+00 -6.596418274023417183e+00 -4.785050912739187368e+00 -2.635714925968154265e+00 -3.890606191444985651e+00 -2.663445947436758332e-01 2.376740983217787040e+00 3.950518926926280372e+00 4.580483139105332668e+00 2.019226730367837952e+00 4.718775698646404670e-01 2.348389190508934465e+00 6.036046881937624065e+00 6.036046881937624065e+00 6.036046881937624065e+00 6.036046881937624065e+00
-1.000124233192979872e+01 -8.146760602801563778e+00 -7.015438505499745681e+00 -5.465008660750841685e+00 -3.309782253044904810e+00 -1.982713762421705939e+00 -2.851192094458766757e+00 5.305241142980453573e-01 3.325879395754492318e+00 4.899954493844737691e+00 3.302864390679538520e+00 -1.942965414550695158e+00 3.569866776605562508e-01 2.496756005960220737e+00 5.914537869943883308e+00 5.914537869943883308e+00 5.914537869943883308e+00 5.914537869943883308e+00
-9.604134306932960996e+00 -7.709992471688599025e+00 -6.126375821761105733e+00 -4.802261842616668552e+00 -2.343659159743494591e+00 -2.892075651541599957e+00 -8.386447714487779148e-01 1.954849984295003118e+00 3.432216955765245103e+00 5.419283335568722215e+00 4.317514311938063898e+00 -9.887413023844997539e-01 9.667304499696358633e-01 2.599771149372962942e+00 5.915758317705259728e+00 5.915758317705259728e+00 5.915758317705259728e+00 5.915758317705259728e+00
-9.086020453589204848e+00 -7.118481926724531839e+00 -5.458731424136011867e+00 -3.940560883048455310e+00 -2.257728835380627963e+00 -2.662748376730587285e+00 2.006864745089158575e-01 2.926377571201365324e+00 3.959060909360587743e+00 6.062859171355002630e+00 5.865436289621491994e+00 1.867219780350610314e+00 6.530876477697376004e-01 2.657717155364175632e+00 5.840149726975502276e+00 5.840149726975502276e+00 5.840149726975502276e+00 5.840149726975502276e+00
-8.810350248463874934e+00 -6.655578135389265348e+00 -4.804852477289668577e+00 -3.274770844114533119e+00 -2.673462332074255432e+00 -2.545350765101073609e+00 9.864413446886463044e-01 3.382522093109550987e+00 4.191239558838518953e+00 5.017202422892538038e+00 4.527027082192116580e+00 4.593767247370404760e+00 3.576502437806958312e+00 3.263955867314977777e+00 5.759154626974593683e+00 5.759154626974593683e+00 5.759154626974593683e+00 5.759154626974593683e+00
-8.230316553709556615e+00 -6.450265100581398237e+00 -4.609446804553462229e+00 -2.471313721405856256e+00 -2.398345917031852181e+00 -2.105986082937300718e+00 1.958158309984231682e+00 3.820571526561214792e+00 3.935596180627592311e+00 3.224358089503234659e+00 3.328944334195456989e+00 3.140804821991551421e+00 3.881612615900427166e+00 5.117634893602708956e+00 5.954944647521439371e+00 5.954944647521439371e+00 5.954944647521439371e+00 5.954944647521439371e+00
-7.688397563682490166e+00 -6.335162784440588446e+00 -4.315248815366960145e+00 -2.311568243722577964e+00 -1.938327628190596119e+00 -1.197866477755770820e+00 2.409424340758258509e+00 3.756162670963961059e+00 3.702701727494209116e+00 1.770893539582201859e+00 1.569573269503536928e+00 1.617008934678466403e+00 2.796806351153653836e+00 4.282248234315098934e+00 6.086688330666033764e+00 6.086688330666033764e+00 6.086688330666033764e+00 6.086688330666033764e+00
-7.869045598128222352e+00 -6.173180663785471367e+00 -4.237731778841314245e+00 -1.987309855577417572e+00 -2.245482035767860651e+00 4.593494639319713191e-02 3.195696159229795885e+00 3.937239692811719483e+00 3.040857207656451511e+00 1.592262792407300509e+00 1.111584510551354654e+00 1.124000942863648600e+00 1.960778279863010454e+00 3.614421525691220882e+00 5.950742910188368207e+00 5.950742910188368207e+00 5.950742910188368207e+00 5.950742910188368207e+00
-8.216329177223606450e+00 -6.491127267773564746e+00 -4.240697144204224500e+00 -2.549600559643478537e+00 -1.867123388910562065e+00 -7.424208639004704624e-01 3.416651464505517488e+00 3.988571113029791615e+00 2.960513224727491011e+00 1.508609667139570343e+00 7.902822044033301907e-01 5.619766215843028379e-01 1.255993342906687626e+00 3.241213420829195613e+00 5.793357172509399966e+00 5.793357172509399966e+00 5.793357172509399966e+00 5.793357172509399966e+00
-8.229354562639608517e+00 -6.766942201540444124e+00 -4.302103813328213455e+00 -2.209211884026758277e+00 -2.055141771486394653e+00 -5.284004550276674150e-01 2.657709850602514301e+00 3.980894049854564187e+00 2.746583199248294971e+00 1.297343808435155177e+00 -2.212253609254466902e+00 -1.567348761399251611e+00 1.165491503284946884e+00 3.066286238989659019e+00 5.777211308378974230e+00 5.777211308378974230e+00 5.777211308378974230e+00 5.777211308378974230e+00
-8.214898566111049405e+00 -6.972927120652474109e+00 -4.908165961793980792e+00 -2.524526311329161388e+00 -1.881993260084579678e+00 -1.891802319052932280e+00 1.496788099579655862e+00 3.864831533982175937e+00 2.311876348728348241e+00 9.699755186949453600e-01 -2.443242851841929131e+00 -1.533008564165736054e+00 1.165543186849165025e+00 3.392601815083577943e+00 5.684646087511989521e+00 5.684646087511989521e+00 5.684646087511989521e+00 5.684646087511989521e+00
-8.149292798086964495e+00 -7.278861865420296340e+00 -5.286756237216506449e+00 -3.387815727484623451e+00 -1.763673993404312856e+00 -1.927841528591118569e+00 4.174297875851550321e-01 3.587905413413735367e+00 2.167741904325923397e+00 1.007128582274818274e-01 -2.612334187143934283e+00 -1.154441138832955405e+00 1.244646457060869071e+00 3.659582317970673238e+00 6.135926587173451630e+00 6.135926587173451630e+00 6.135926587173451630e+00 6.135926587173451630e+00
-8.079594353691621933e+00 -7.196327409858256807e+00 -5.845556222019867576e+00 -4.303973326110900999e+00 -2.372371044642589855e+00 -1.787003213859422068e+00 -1.370587233662804660e+00 2.287069468423053475e+00 2.598767805037998091e+00 -3.599670752296638909e+00 -2.219541180139697367e+00 -6.991970721203870642e-01 1.473445403029385758e+00 3.719343839224609205e+00 6.144349035687904248e+00 6.144349035687904248e+00 6.144349035687904248e+00 6.144349035687904248e+00
-8.322737602785178268e+00 -7.817578502110508865e+00 -6.481123831746503861e+00 -4.964984223984349576e+00 -3.577158154746333363e+00 -1.724290072716143651e+00 -2.203119237911260520e+00 1.051750837535070815e+00 2.246683483848618046e+00 -3.013568242734725899e+00 2.959979970823876094e-01 1.025010622880837552e+00 1.839476750656168669e+00 4.210893790772399115e+00 5.959394169588823509e+00 5.959394169588823509e+00 5.959394169588823509e+00 5.959394169588823509e+00
-8.756378280345803233e+00 -7.847230484654957650e+00 -6.913634281283240313e+00 -5.704738545264674165e+00 -4.441486098305024832e+00 -2.378723978255950389e+00 -2.492801664544988416e+00 -1.048771372445562733e+00 1.665362301069351458e+00 2.175593418696034897e-01 3.377405002981113125e-01 8.189297316817603090e-01 2.143943778910321285e+00 4.794752941009550185e+00 5.696972830880825178e+00 5.696972830880825178e+00 5.696972830880825178e+00 5.696972830880825178e+00
-9.136793349622841731e+00 -8.194939443937128587e+00 -7.340279603417114274e+00 -6.394720021633942153e+00 -5.299062671857689644e+00 -3.968027522249256922e+00 -2.135632112588490283e+00 -2.601126701367387106e+00 8.325898281689352309e-01 1.451527346338118196e+00 9.210117243007868160e-01 -2.775486753128368345e-01 1.771854502083958449e+00 4.970403942663038421e+00 5.626145223341232793e+00 5.626145223341232793e+00 5.626145223341232793e+00 5.626145223341232793e+00
-9.448368603096080065e+00 -8.513058796335471357e+00 -7.910762418001304752e+00 -7.216329661544478746e+00 -6.316002635525640230e+00 -5.101875287108330603e+00 -2.536091118471557770e+00 -2.381295262233788179e+00 -1.405189435791820984e-01 1.517945950881250949e+00 1.017985824544752171e+00 8.211593142736411943e-01 9.437634834005443896e-01 4.078156503682239808e+00 6.093011627702728639e+00 6.093011627702728639e+00 6.093011627702728639e+00 6.093011627702728639e+00
-9.837171191148209815e+00 -9.007487899329422731e+00 -8.458918960772857432e+00 -8.071464594383838786e+00 -7.331851740477936197e+00 -6.393776009808307847e+00 -4.002323660784974813e+00 -2.307021605168956935e+00 -2.240174158303146257e+00 9.080840034518051773e-01 1.195091520316684086e+00 1.003448763356136642e+00 4.339781487511193414e-01 3.989336464565520934e+00 6.255641578688935667e+00 6.255641578688935667e+00 6.255641578688935667e+00 6.255641578688935667e+00
-1.025249721759103316e+01 -9.815825580517421045e+00 -9.284437094008142211e+00 -8.759675306544959739e+00 -8.190344539329437623e+00 -7.138255890999465336e+00 -5.052326590714466548e+00 -2.463735588686335465e+00 -2.793735859707239477e+00 4.427957811433423929e-01 1.218078932505142875e+00 1.038201891146568023e+00 6.211708075885401525e-01 4.459488237679247291e+00 6.152805696493282461e+00 6.152805696493282461e+00 6.152805696493282461e+00 6.152805696493282461e+00
-1.041364761474422096e+01 -1.000768759439507427e+01 -9.553501863242388481e+00 -9.107143818315911687e+00 -8.490105261171581930e+00 -7.551762664423652183e+00 -6.241746921678007709e+00 -2.974992464905848344e+00 -2.715567655445522366e+00 -1.401552249584691712e+00 9.241813044088975637e-01 1.117991435356101348e+00 8.230562990320074990e-01 3.037244135871041806e+00 5.781554909605224779e+00 5.781554909605224779e+00 5.781554909605224779e+00 5.781554909605224779e+00
-1.047060454064213708e+01 -1.012296665833485676e+01 -9.709569196760833520e+00 -9.276545874307105422e+00 -8.730087894123560233e+00 -7.845171236799984626e+00 -6.625190399306657874e+00 -4.379470321107223896e+00 -3.187697713665004873e+00 -2.707260312511992062e+00 6.063278920392048965e-01 1.164404808535259184e+00 7.725055336308637166e-01 2.545061706592079531e+00 5.600588489252254831e+00 5.600588489252254831e+00 5.600588489252254831e+00 5.600588489252254831e+00
-1.046608933770953520e+01 -1.014171820443768901e+01 -9.781188755929013823e+00 -9.401090150655498690e+00 -8.817167964795174839e+00 -8.019744961632884639e+00 -6.869864788867103833e+00 -5.443636779365620626e+00 -2.600173506056309147e+00 -2.779570949531623647e+00 2.730282470900635139e-01 1.118819509669208401e+00 7.210179355555690339e-01 2.572280987297279609e+00 5.540664006515386930e+00 5.540664006515386930e+00 5.540664006515386930e+00 5.540664006515386930e+00
-1.046459513711948830e+01 -1.017392197236618756e+01 -9.862189031161884500e+00 -9.469036627709030540e+00 -8.966936242277656177e+00 -8.227496674865294679e+00 -7.086846340295427815e+00 -5.638841699795198004e+00 -3.386077034550953879e+00 -2.561659430082645184e+00 -6.992620344178139824e-01 7.722833648457468891e-01 1.684179374938387930e-01 2.790273503641802044e+00 5.727447542051987917e+00 5.727447542051987917e+00 5.727447542051987917e+00 5.727447542051987917e+00
-1.051294893509597017e+01 -1.016101283389794219e+01 -9.840598580424686048e+00 -9.498426699196567569e+00 -9.041103858333498167e+00 -8.311067632513266190e+00 -7.239257198936523530e+00 -5.870898636601342702e+00 -3.648316922323293632e+00 -2.754096929538373040e+00 -2.485409854918875894e+00 3.389968887403694842e-01 8.075014006964833513e-01 2.376383963811227407e+00 6.296165399989460454e+00 6.296165399989460454e+00 6.296165399989460454e+00 6.296165399989460454e+00
-1.051327071497749266e+01 -1.018602565372650659e+01 -9.895658246261874069e+00 -9.555259962837016730e+00 -9.051991826951491404e+00 -8.496255243104869237e+00 -7.372024478273536907e+00 -5.912571030457798749e+00 -4.332315096442973967e+00 -3.465133375575306651e+00 -2.712839743490524924e+00 2.037873137024983627e-01 2.618618739990416500e-01 2.441220897904728293e+00 6.161456955893751086e+00 6.161456955893751086e+00 6.161456955893751086e+00 6.161456955893751086e+00
-1.052262324056232146e+01 -1.023545694701040176e+01 -9.882543161645708452e+00 -9.571551391551238908e+00 -9.185309367567651151e+00 -8.503325273036889342e+00 -7.411091029069334368e+00 -5.986657987778364998e+00 -5.009921250667502157e+00 -2.919589401477780122e+00 -2.979116470489137747e+00 2.483201240793552478e-01 5.402373752238884275e-02 2.483261448039763231e+00 5.790206169005655212e+00 5.790206169005655212e+00 5.790206169005655212e+00 5.790206169005655212e+00
-1.056867666641310421e+01 -1.028320883715188749e+01 -9.946392621352075025e+00 -9.609557794816227627e+00 -9.236271806721829236e+00 -8.563031735596954519e+00 -7.515087085318732818e+00 -5.920355383392536197e+00 -5.146435647919197720e+00 -2.976338589815768820e+00 -3.294180619319771797e+00 -1.149271598643497594e-02 2.889158230484242251e-01 2.417358931789876486e+00 5.605445901501696859e+00 5.605445901501696859e+00 5.605445901501696859e+00 5.605445901501696859e+00
-1.059382958027021360e+01 -1.030497363963067414e+01 -1.000662014525639520e+01 -9.672818848133033498e+00 -9.322193014397239352e+00 -8.753831380449989652e+00 -7.549132965469899759e+00 -5.845072980702639143e+00 -5.319474371288245074e+00 -3.370200968014041454e+00 -3.005692119047422395e+00 -5.180308719608474055e-01 4.208415156729277684e-01 2.605220114456723302e+00 6.231337283093438373e+00 6.231337283093438373e+00 6.231337283093438373e+00 6.231337283093438373e+00
