-1.049721864188236253e+01 -1.031851890889529066e+01 -9.955556515218921376e+00 -9.620150352719544884e+00 -9.319527752551255873e+00 -8.920329169067668929e+00 -8.342347998396073550e+00 -7.051033560425108426e+00 -3.498221032568503031e+00 -3.599206156835772497e+00 -2.335799805757214465e+00 -5.957426106357442963e-01 4.206703760664684544e-01 2.086571045566347316e+00 5.228280330213141092e+00 5.228280330213141092e+00 5.228280330213141092e+00 5.228280330213141092e+00
-1.043651508062746558e+01 -1.023391816785497888e+01 -1.000996021464764141e+01 -9.771368047376606469e+00 -9.414000776234399126e+00 -8.877291618493240222e+00 -8.128411776292166380e+00 -6.711932584126972579e+00 -3.309518816182150491e+00 -4.221942751554947471e+00 -1.849499022187799158e+00 2.212945922649749153e-01 9.694313107373169203e-01 1.972254610156059407e+00 5.074432555074882778e+00 5.074432555074882778e+00 5.074432555074882778e+00 5.074432555074882778e+00
-1.028257626794836632e+01 -9.885211555505682313e+00 -9.842745418078557407e+00 -9.856945708702429698e+00 -9.607842898516830488e+00 -9.009556016999667349e+00 -8.081596304421086785e+00 -6.428783105088243133e+00 -2.913579113197212855e+00 -4.178145985099146031e+00 -6.408720579388776928e-01 1.731432038349550451e-01 1.830586228885647593e+00 2.003392920118822307e+00 5.371823307078922305e+00 5.371823307078922305e+00 5.371823307078922305e+00 5.371823307078922305e+00
-1.043638666016534700e+01 -1.023549171295766058e+01 -9.727998766163198141e+00 -9.366181006447163782e+00 -9.257424701050901206e+00 -9.265895280066526851e+00 -8.104498870821776890e+00 -5.865057919278924281e+00 -2.335800534076736934e+00 -3.848798590867704039e+00 -2.517183083387392606e-01 6.549571201916558616e-01 1.453726861816980520e+00 2.127633417542080796e+00 4.872080121514663631e+00 4.872080121514663631e+00 4.872080121514663631e+00 4.872080121514663631e+00
-1.054933675095345080e+01 -1.022566966985061931e+01 -9.985287845426713105e+00 -9.557348599734035943e+00 -9.009136567525484196e+00 -8.628127628178889452e+00 -7.977025281444971583e+00 -4.885951532016609811e+00 -2.449614393916681454e+00 -3.010650395915797972e+00 -2.229836405325056337e-01 7.487702233769891746e-01 1.493713367186076946e+00 2.293018561541883660e+00 4.834415343002009813e+00 4.834415343002009813e+00 4.834415343002009813e+00 4.834415343002009813e+00
-1.032926393701698409e+01 -1.011444729671256049e+01 -1.014344843470507485e+01 -9.831729131722646287e+00 -9.276392259788284633e+00 -8.468058807209841277e+00 -7.709799624769535953e+00 -3.689382686340719086e+00 -4.188871512824595023e+00 -1.355920412612061643e+00 1.714587027060217317e-01 1.030048916724658481e+00 1.644929530134598306e+00 2.105939899646688485e+00 4.447498773409117589e+00 4.447498773409117589e+00 4.447498773409117589e+00 4.447498773409117589e+00
-1.054994870885773395e+01 -1.026163984668941076e+01 -1.005090071318005762e+01 -9.796507935546811652e+00 -9.277941629572794113e+00 -8.474483532186683377e+00 -6.698923850125318324e+00 -2.662590661106099432e+00 -4.178775070278389236e+00 -2.741083360467102548e-01 9.607056162842121383e-01 1.866886569950726882e+00 1.705056670284978093e+00 3.057852253268317000e+00 4.420957262313025993e+00 4.420957262313025993e+00 4.420957262313025993e+00 4.420957262313025993e+00
-1.037687162042793076e+01 -1.014768911268030394e+01 -1.010537017354886480e+01 -9.690306059680866113e+00 -9.173881888707152044e+00 -8.242704142649170507e+00 -4.963620016314812311e+00 -3.367948565238369607e+00 -3.243573118893509744e+00 -8.902852198915015003e-02 1.345609449832642968e+00 2.017061966671118256e+00 1.863993096754754220e+00 4.290564304019434338e+00 5.297671716563489674e+00 5.297671716563489674e+00 5.297671716563489674e+00 5.297671716563489674e+00
-1.035473528156510170e+01 -1.008533599427245520e+01 -9.484346709120929475e+00 -9.196714089431555550e+00 -8.414934407515572090e+00 -7.001255330384569930e+00 -3.587079180106672371e+00 -4.341312605547174464e+00 -2.463522007719262330e+00 2.691376673285497123e-01 2.068738250044062088e+00 2.708309055707375457e+00 3.252310313290030397e+00 4.738426571593824299e+00 5.281128984904050583e+00 5.281128984904050583e+00 5.281128984904050583e+00 5.281128984904050583e+00
-1.052936388691859015e+01 -1.014663759222739614e+01 -9.334106273663097753e+00 -8.438999279693538469e+00 -7.502953809760537496e+00 -5.521725551004433186e+00 -2.322436876764422120e+00 -4.278691578955180930e+00 -3.353946980197456962e-01 1.788549782514726294e+00 2.819913543032841918e+00 3.398385617494470434e+00 4.943124881243277535e+00 5.006951628097628060e+00 5.438239341380116443e+00 5.438239341380116443e+00 5.438239341380116443e+00 5.438239341380116443e+00
-1.018231258671988826e+01 -9.577825297420655914e+00 -9.050013168703911148e+00 -8.391622253229890305e+00 -6.868878119367982649e+00 -3.972910151968434445e+00 -3.731947521722818184e+00 -2.795930043637679940e+00 2.332176614316908980e-01 2.765769171416376349e+00 2.982309204395230839e+00 4.593871618974793236e+00 3.044674435047402206e+00 2.361851893482702636e+00 5.733586399830828739e+00 5.733586399830828739e+00 5.733586399830828739e+00 5.733586399830828739e+00
-9.905187579027193934e+00 -9.092562387316620587e+00 -8.342179963505193641e+00 -8.057550402382947397e+00 -5.528737953485875600e+00 -2.998746194353138161e+00 -3.369654594599365005e+00 -1.298671705246653874e+00 1.502905900924756288e+00 3.196337862092266224e+00 4.354538889625128029e+00 3.758542226672480169e+00 2.113649962293796758e+00 2.374794783710870938e+00 5.403295777407615574e+00 5.403295777407615574e+00 5.403295777407615574e+00 5.403295777407615574e+00
-9.473676087163875437e+00 -8.650514400773211321e+00 -7.908466120037842551e+00 -6.494097391003433195e+00 -4.218600149277762945e+00 -3.300592009314199604e+00 -3.146938527611494951e+00 4.910015170801835249e-01 3.314905066719235460e+00 4.006941195157591729e+00 4.645562813519549472e+00 2.258568735217455714e+00 4.625450835621725543e-01 2.364380078847025946e+00 5.207009636705874911e+00 5.207009636705874911e+00 5.207009636705874911e+00 5.207009636705874911e+00
-1.002754920152573348e+01 -8.042548488102200466e+00 -6.896012485075987186e+00 -5.364016456542939792e+00 -2.955564831676397386e+00 -2.588946653367820261e+00 -2.728650152863132838e+00 8.535232225737833245e-01 3.297789765806229845e+00 5.002341176857845184e+00 3.362162858543857435e+00 -2.016919064022030916e+00 3.340156225790961719e-01 2.544777752134454119e+00 5.171995467327699991e+00 5.171995467327699991e+00 5.171995467327699991e+00 5.171995467327699991e+00
-9.503446928739704092e+00 -7.684368154664189987e+00 -6.015777210979545764e+00 -4.710825128763677760e+00 -2.259283203178393151e+00 -3.142170321556447821e+00 -8.256769612609986542e-01 2.651571880360402478e+00 3.482828839127335208e+00 5.456828545373902273e+00 4.390665081471333941e+00 -1.012119499277029266e+00 9.529661446202645214e-01 2.466921766289135398e+00 5.220935908651600954e+00 5.220935908651600954e+00 5.220935908651600954e+00 5.220935908651600954e+00
-9.085883604966126015e+00 -7.044708507915647289e+00 -5.310077813506829614e+00 -3.900959937196923466e+00 -1.850557183074231560e+00 -2.451136435215444997e+00 6.270155161087950235e-01 2.946198537858811140e+00 4.040994706339258613e+00 6.161148527383675244e+00 5.951594529795523059e+00 2.058072434048707322e+00 6.360881709647028259e-01 2.782435125883106153e+00 5.317014624582395932e+00 5.317014624582395932e+00 5.317014624582395932e+00 5.317014624582395932e+00
-8.815614544416062515e+00 -6.549517386815474573e+00 -4.776674071343863126e+00 -3.279044799140693467e+00 -1.910864923871691934e+00 -1.792097343675660204e+00 2.224729665229988385e+00 3.299402182398343264e+00 4.196783384423507179e+00 5.103507914994340311e+00 4.530106119547133936e+00 4.639599406490535927e+00 3.588053492133809641e+00 3.218677240484733471e+00 5.612361683033110893e+00 5.612361683033110893e+00 5.612361683033110893e+00 5.612361683033110893e+00
-8.126101899049658073e+00 -6.396557115172730512e+00 -4.412697457857085226e+00 -2.494126559722635417e+00 -2.657253236918499795e+00 -8.047497808650928564e-01 3.486548972081565001e+00 3.862534647052773273e+00 3.976108154061211764e+00 3.273054515523188268e+00 3.274617685549186863e+00 3.160702725984220418e+00 3.884254084137507057e+00 5.128279522803799395e+00 5.316568183317007090e+00 5.316568183317007090e+00 5.316568183317007090e+00 5.316568183317007090e+00
-7.587541964155725793e+00 -6.239489732195415250e+00 -4.233586836187742897e+00 -1.982788061112443323e+00 -2.795434163535137628e+00 7.244862658009638690e-01 2.960554192587862676e+00 3.770221246991638520e+00 3.752180381204311299e+00 1.863617540719850085e+00 1.568706094650617056e+00 1.593211391189779391e+00 2.763786403013862358e+00 4.304303130211624584e+00 5.062861949751343182e+00 5.062861949751343182e+00 5.062861949751343182e+00 5.062861949751343182e+00
-8.009233068130910738e+00 -6.167998002978660743e+00 -3.854268192106071744e+00 -1.798627535148648038e+00 -2.139766663862220142e+00 9.163168626247267801e-01 3.141901234814329591e+00 3.956663918014545978e+00 3.014776554521001906e+00 1.533830891026982002e+00 9.091197029588495848e-01 1.025269635859955120e+00 1.935121661706436402e+00 3.561687677025603627e+00 5.313260345680112628e+00 5.313260345680112628e+00 5.313260345680112628e+00 5.313260345680112628e+00
-8.192562350828403339e+00 -6.401361793054017646e+00 -4.011880606447443043e+00 -2.777304526929545325e+00 -2.082644197116119145e+00 2.004511015019934950e-01 3.074429424991109716e+00 3.989311695367913746e+00 2.948944975004941238e+00 1.406266706776091668e+00 5.961534954966661859e-01 3.017644022691965966e-01 1.212998304016841056e+00 3.228294361345313668e+00 5.270048038398528867e+00 5.270048038398528867e+00 5.270048038398528867e+00 5.270048038398528867e+00
-8.191719786366432388e+00 -6.763672603754522505e+00 -4.024511847792589414e+00 -2.527425844330350557e+00 -1.746346351920077034e+00 -1.752538653684304892e-01 3.269108941721899697e+00 4.022951769788663867e+00 2.709375776158133409e+00 1.123173300293156984e+00 -2.455994118164539497e+00 -1.650626540800975706e+00 1.128471371569197190e+00 3.077826603416212059e+00 5.219680683513617581e+00 5.219680683513617581e+00 5.219680683513617581e+00 5.219680683513617581e+00
-8.204471413758746223e+00 -6.980458046167497876e+00 -4.937698708119135027e+00 -2.369555418092179622e+00 -1.894904398603102891e+00 -9.585175123880198544e-01 3.380733882326312223e+00 3.923564480181119141e+00 2.253406808609946133e+00 8.707059258933836920e-01 -2.496010077611212630e+00 -1.564716354728647785e+00 1.145933603358134434e+00 3.385862113248405247e+00 5.413345184804213339e+00 5.413345184804213339e+00 5.413345184804213339e+00 5.413345184804213339e+00
-8.183244605523452009e+00 -7.316136223085742962e+00 -5.446052246598910962e+00 -3.186530466210907075e+00 -2.114983930346685082e+00 -1.277347709533384057e+00 2.222434016111942245e+00 3.649179826380501535e+00 1.991916701920258381e+00 -1.459144818183665260e+00 -2.617003593194263011e+00 -1.350928741286598678e+00 1.180558936583214535e+00 3.600555483993206796e+00 4.953728432174987262e+00 4.953728432174987262e+00 4.953728432174987262e+00 4.953728432174987262e+00
-8.073779560503320241e+00 -7.194226728866564891e+00 -5.681134030636292742e+00 -4.362299423345371352e+00 -1.802710133697988493e+00 -1.874152301261785336e+00 7.033158935295490410e-01 2.759291499956987526e+00 2.269149141848777251e+00 -3.699975564975257480e+00 -2.319226463743154110e+00 -4.924499183710738248e-01 1.470555661699309846e+00 3.703133008645080881e+00 5.429438153081959761e+00 5.429438153081959761e+00 5.429438153081959761e+00 5.429438153081959761e+00
-8.363227049241997335e+00 -7.886536209605161218e+00 -6.594681655312119695e+00 -4.995583687009926166e+00 -3.254197346758826104e+00 -2.166334722829302617e+00 -1.770592514888533753e+00 1.444323778398796554e+00 2.083909954292143318e+00 -3.139571156506565597e+00 -1.152371567212720493e-01 1.051738852452440032e+00 1.868380756323504199e+00 4.201528135375082407e+00 5.429717303864627809e+00 5.429717303864627809e+00 5.429717303864627809e+00 5.429717303864627809e+00
-8.774505521316696033e+00 -7.897933126579471441e+00 -6.953409217398021092e+00 -5.637065296540097137e+00 -4.207763063342388143e+00 -2.196948473720274464e+00 -2.634049392031618364e+00 4.433131282396061967e-02 1.483491778562849639e+00 -1.899018854417793833e-01 3.488428720912896235e-03 7.629303421196168555e-01 2.175207827831743490e+00 4.670778073136309771e+00 5.319160168145449674e+00 5.319160168145449674e+00 5.319160168145449674e+00 5.319160168145449674e+00
-9.110800470971637921e+00 -8.242205070901205133e+00 -7.424419160252599958e+00 -6.545222510311401898e+00 -5.157405208889566772e+00 -3.755412383769884510e+00 -2.391801070540247487e+00 -2.020121679829047778e+00 9.732437550540324889e-01 1.203599384454866028e+00 8.183852316817817885e-01 -2.595324162974931292e-01 1.774660752410239350e+00 4.736159689599809042e+00 5.268792813260548158e+00 5.268792813260548158e+00 5.268792813260548158e+00 5.268792813260548158e+00
-9.419485652810102749e+00 -8.517602508901985559e+00 -8.019683907304839821e+00 -7.268511135602205187e+00 -6.312011561079413191e+00 -5.096414112469205726e+00 -2.311918771220434987e+00 -2.404437003096471681e+00 -1.648172524844675468e-01 9.316439911575472577e-01 9.033606945385763698e-01 4.950989062284449904e-01 1.042460066125280305e+00 4.050090658898670704e+00 5.315365255931606470e+00 5.315365255931606470e+00 5.315365255931606470e+00 5.315365255931606470e+00
-9.928134934514318388e+00 -8.968683657567710910e+00 -8.539769843953861184e+00 -8.041380745050739520e+00 -7.341266798093950996e+00 -6.387624126466555197e+00 -4.036053033504860110e+00 -2.818864107047036605e+00 -2.138551089581513853e+00 9.270859149567884927e-01 7.560880197472319431e-01 9.433888098784040110e-01 2.128393823761202119e-01 3.954177318987778023e+00 5.492156159323920761e+00 5.492156159323920761e+00 5.492156159323920761e+00 5.492156159323920761e+00
-1.027434286417482845e+01 -9.816368733829758497e+00 -9.312834508847316783e+00 -8.825008791614429526e+00 -8.224121142801330109e+00 -7.160083514485765299e+00 -5.340136541658908165e+00 -3.118434124560584664e+00 -2.674037281587152037e+00 4.416675317618043994e-01 8.490580527700680724e-01 9.458763142564168280e-01 7.363373944924075931e-02 4.400717770812533125e+00 5.529196788496455461e+00 5.529196788496455461e+00 5.529196788496455461e+00 5.529196788496455461e+00
-1.037506061874087671e+01 -1.002142143458311274e+01 -9.542603469750922329e+00 -9.143891352242185633e+00 -8.544519796242392218e+00 -7.591092964415374844e+00 -6.368497448731019972e+00 -3.487399244429070677e+00 -2.775921365152468567e+00 -1.689500352259800220e+00 7.796497651436196108e-01 9.131897514427388396e-01 8.028195608633511560e-01 2.581230655585209366e+00 5.418639652777279103e+00 5.418639652777279103e+00 5.418639652777279103e+00 5.418639652777279103e+00
-1.046282449964926364e+01 -1.009171417094088596e+01 -9.744837830281396052e+00 -9.266984085651381875e+00 -8.793884893934180269e+00 -7.858799457223964779e+00 -6.648973819117242279e+00 -4.982632464812986939e+00 -2.142336344132456549e+00 -2.927781560432878294e+00 8.228993624931264517e-01 7.703956463084349338e-01 5.561530763250599474e-01 2.778406553474432439e+00 5.368272297892358047e+00 5.368272297892358047e+00 5.368272297892358047e+00 5.368272297892358047e+00
-1.046690239027061153e+01 -1.013487215942432940e+01 -9.800825860929680999e+00 -9.413445073543847741e+00 -8.852205356142739845e+00 -8.062641492109994701e+00 -6.941429704592218641e+00 -5.583876253205868778e+00 -3.229475190164633691e+00 -3.223945745060212698e+00 -1.668688566372171778e-01 6.979243228079223815e-01 7.996201648260444772e-01 2.675328418817732867e+00 5.308171173506774032e+00 5.308171173506774032e+00 5.308171173506774032e+00 5.308171173506774032e+00
-1.049165980727955194e+01 -1.017913644759731717e+01 -9.855901426085486250e+00 -9.467782804257677043e+00 -8.983839120904024256e+00 -8.302625196176295574e+00 -7.110180812009157414e+00 -5.764662932111175309e+00 -4.259559264884290819e+00 -3.310769914296454175e+00 -1.553251654192411291e+00 6.036998793019904275e-01 1.550305905114756494e-02 2.759374926459862820e+00 5.237177889684040188e+00 5.237177889684040188e+00 5.237177889684040188e+00 5.237177889684040188e+00
-1.052976399734845891e+01 -1.023656141197061586e+01 -9.852730708198407683e+00 -9.498405009887910921e+00 -9.068517931277682464e+00 -8.358448223201321525e+00 -7.210288338935747277e+00 -5.943109676085271964e+00 -4.643002277415832602e+00 -2.978291698154112321e+00 -2.570458638564105502e+00 3.173717606276377778e-01 5.294921474112306292e-01 2.455266713803450518e+00 5.628676273128284890e+00 5.628676273128284890e+00 5.628676273128284890e+00 5.628676273128284890e+00
-1.054988157286306816e+01 -1.020165097032532842e+01 -9.935989388701269576e+00 -9.560002520735793041e+00 -9.142245600098540592e+00 -8.541917454236289231e+00 -7.339663511717488653e+00 -5.919768600007832227e+00 -4.781117367014813269e+00 -3.221250145076265170e+00 -2.879691622223138125e+00 4.780517230231766113e-01 1.669016612427878243e-01 2.563703348283988159e+00 5.578308918243367387e+00 5.578308918243367387e+00 5.578308918243367387e+00 5.578308918243367387e+00
-1.053058837257946223e+01 -1.028141311253964751e+01 -9.913445554615361033e+00 -9.621680957532433354e+00 -9.214562886339681569e+00 -8.597329145482348167e+00 -7.364125849819552982e+00 -6.014610981038495119e+00 -5.047452727858225074e+00 -2.361154451982740543e+00 -3.078445828669154505e+00 -8.907961189223503884e-02 2.976602199999617282e-02 2.506801371845192250e+00 5.467751782524207016e+00 5.467751782524207016e+00 5.467751782524207016e+00 5.467751782524207016e+00
-1.062620981431856571e+01 -1.031599543862163237e+01 -9.993671301843937371e+00 -9.638288358271690726e+00 -9.289230671796977035e+00 -8.653375825484845407e+00 -7.523156023904332912e+00 -5.995941052622780987e+00 -5.268713811709779371e+00 -3.506707842033450984e+00 -2.826870589703358583e+00 -5.980983650877615965e-01 -3.115081682643004446e-01 2.518493561210572107e+00 5.406983113762889204e+00 5.406983113762889204e+00 5.406983113762889204e+00 5.406983113762889204e+00
-1.065128705286434574e+01 -1.035044313129995430e+01 -9.994328897494268560e+00 -9.635600618738283885e+00 -9.374395466425230694e+00 -8.804084066208762493e+00 -7.566562142474576369e+00 -5.817480356433950561e+00 -5.422334696121040132e+00 -3.925526034525584684e+00 -2.115239860618588708e+00 -1.031840852500893524e+00 -5.789539721633609748e-01 2.314125819407710782e+00 4.990455278208441925e+00 4.990455278208441925e+00 4.990455278208441925e+00 4.990455278208441925e+00
