-1.049042956031654761e+01 -1.030496579428214332e+01 -9.942591153693701500e+00 -9.615956951297759403e+00 -9.327672373190186050e+00 -8.960918263310841070e+00 -8.380229014163786516e+00 -7.082594754034750473e+00 -3.623583927818036177e+00 -3.695068862368191986e+00 -1.866590877623384603e+00 -4.238049575336700903e-01 1.386523621316468002e+00 2.042302458743218363e+00 5.350763206368188918e+00 5.350763206368188918e+00 5.350763206368188918e+00 5.350763206368188918e+00
-1.044187518248038771e+01 -1.024715758884913797e+01 -1.000344772773568813e+01 -9.754594945152989638e+00 -9.398782187531887544e+00 -8.884971899148096597e+00 -8.094065062362725271e+00 -6.639991452228725777e+00 -3.393644202279639366e+00 -4.281390928595212308e+00 -1.649645067600125969e+00 -6.711597882723970843e-01 1.155978855768198033e+00 1.912262598562592952e+00 5.227008712373458543e+00 5.227008712373458543e+00 5.227008712373458543e+00 5.227008712373458543e+00
-1.014665774804526954e+01 -9.906914283818089473e+00 -9.891880643276040885e+00 -9.813321687667253101e+00 -9.568985938838151739e+00 -9.027023256978711885e+00 -8.092908936660672126e+00 -6.371129344370106473e+00 -3.038407753102721820e+00 -4.413701098610006923e+00 -7.218458974485909563e-01 -6.040291592605462334e-01 1.644477948216901853e+00 2.005228609954194052e+00 4.843776681208660229e+00 4.843776681208660229e+00 4.843776681208660229e+00 4.843776681208660229e+00
-1.044057841586378998e+01 -1.022150983390815604e+01 -9.702415175258375157e+00 -9.350166934649031703e+00 -9.311761289739251879e+00 -9.101957994660660134e+00 -8.088271408061121548e+00 -5.825456401045685517e+00 -2.321876849051227598e+00 -3.884042545816447145e+00 -2.010593458406989831e-01 -1.245619708346537152e-01 1.512646412831043508e+00 2.134976739044500249e+00 4.963365365291642739e+00 4.963365365291642739e+00 4.963365365291642739e+00 4.963365365291642739e+00
-1.050753563902423693e+01 -1.022728472467994720e+01 -9.942120649553610079e+00 -9.536179644288749202e+00 -8.957975318585715385e+00 -8.600891232433404809e+00 -7.915998753346599415e+00 -4.808863698643503604e+00 -2.620463188573326718e+00 -3.067846709197141752e+00 1.828430791728750948e-02 1.457934389697643329e+00 1.475117916104897509e+00 2.335384269169349380e+00 4.799444997060850149e+00 4.799444997060850149e+00 4.799444997060850149e+00 4.799444997060850149e+00
-1.030205956238339660e+01 -1.020033905672527474e+01 -1.016004979191762381e+01 -9.835024865560690444e+00 -9.288157570803923235e+00 -8.448887537848586149e+00 -7.745000830483824927e+00 -3.408989352958014418e+00 -3.996920150631927182e+00 -1.498792785280723905e+00 1.758115045068411875e-01 1.478741982284249135e+00 1.609661951593526430e+00 2.095993920740863103e+00 4.493855119576293689e+00 4.493855119576293689e+00 4.493855119576293689e+00 4.493855119576293689e+00
-1.051281110845566857e+01 -1.022845929301455392e+01 -1.008040742947436108e+01 -9.766925087459469523e+00 -9.261338885568930479e+00 -8.436981746739409260e+00 -6.692479632108292442e+00 -2.824207457598108650e+00 -4.143226749819479693e+00 -6.284561464694350397e-01 8.427584312873473982e-01 1.860266169676660253e+00 1.672955054322134982e+00 3.108543375330906411e+00 4.372004773997976379e+00 4.372004773997976379e+00 4.372004773997976379e+00 4.372004773997976379e+00
-1.033851047322121453e+01 -1.013652112697159424e+01 -1.007893242049805416e+01 -9.680765929628009303e+00 -9.159883435915357808e+00 -8.219985874452047980e+00 -4.973390032575502495e+00 -3.480581855682718828e+00 -3.289785310136585483e+00 -2.139971601194209094e-01 1.867048438075303851e+00 1.975229350738640477e+00 1.857468706920335055e+00 4.264770041891299712e+00 5.097582698369996557e+00 5.097582698369996557e+00 5.097582698369996557e+00 5.097582698369996557e+00
-1.034616323961413720e+01 -9.989336392835632239e+00 -9.541780479010247618e+00 -9.286933889003790910e+00 -8.402402249301777815e+00 -7.039903312096383203e+00 -3.629112767237828940e+00 -4.354447731788322784e+00 -2.302676959166137571e+00 2.577342186291151083e-01 2.031974828852288084e+00 2.690160734046442403e+00 3.256332587080986940e+00 4.696293363280952704e+00 4.789934129030533505e+00 4.789934129030533505e+00 4.789934129030533505e+00 4.789934129030533505e+00
-1.055959422198312225e+01 -1.010929897198542271e+01 -9.322994344737837835e+00 -8.425096607752852407e+00 -7.418720520178859523e+00 -5.711466136653226222e+00 -2.398831766731672754e+00 -4.146659951491598051e+00 -5.433051659785093079e-01 1.818797764554686003e+00 2.737773483649167616e+00 3.373970185121346610e+00 4.858002856000185332e+00 4.961839423503320745e+00 5.223119625672251409e+00 5.223119625672251409e+00 5.223119625672251409e+00 5.223119625672251409e+00
-1.021849697879542163e+01 -9.607245995965804752e+00 -9.015828415207145952e+00 -8.372047631047216498e+00 -6.790188282628574434e+00 -4.182681852993840543e+00 -3.573457849203391490e+00 -2.728295549207230053e+00 2.455413201085267505e-01 2.722659327725406975e+00 2.964565768161309567e+00 4.539734648117493165e+00 3.061071195722775418e+00 2.295248488017846089e+00 5.224592558182973967e+00 5.224592558182973967e+00 5.224592558182973967e+00 5.224592558182973967e+00
-9.897889081675705469e+00 -9.104596598464127055e+00 -8.353062614627296156e+00 -8.034368554101048332e+00 -5.531474818321946429e+00 -2.720586733326650020e+00 -3.355399240259344218e+00 -1.345633163608682459e+00 1.340631670701615041e+00 3.172114601005890933e+00 4.330329552395970616e+00 3.728582393253897287e+00 2.067203994937215850e+00 2.475199056871549619e+00 5.220531121584166989e+00 5.220531121584166989e+00 5.220531121584166989e+00 5.220531121584166989e+00
-9.517315087734113277e+00 -8.690899156902069933e+00 -7.881061445403986454e+00 -6.549171909610998377e+00 -4.620350799843510714e+00 -3.166220530741899797e+00 -3.368961494147823643e+00 -8.593603420655901437e-02 3.244080726728661546e+00 3.979399616809403906e+00 4.623784886897293944e+00 2.126712615338184786e+00 4.839721632423161224e-01 2.393008898232579007e+00 5.201184870400270555e+00 5.201184870400270555e+00 5.201184870400270555e+00 5.201184870400270555e+00
-1.000254119056259583e+01 -8.071776312768978556e+00 -6.937308816790985766e+00 -5.338417782063745065e+00 -3.215483402313891848e+00 -2.316538924063810789e+00 -2.826637788553013397e+00 2.677624209349057094e-01 3.234794707622368648e+00 4.914787176559847204e+00 3.326478066290310842e+00 -1.977158918282373001e+00 3.712806653954341951e-01 2.508642729852326170e+00 4.780314875552800657e+00 4.780314875552800657e+00 4.780314875552800657e+00 4.780314875552800657e+00
-9.560383736541025357e+00 -7.621380024150003152e+00 -6.056982515309946358e+00 -4.833540806337805584e+00 -2.341958172850527209e+00 -3.170449485811736690e+00 -7.931835296511068334e-01 2.539821083555082737e+00 3.434863443504577507e+00 5.412626420966319074e+00 4.367996997086168065e+00 -9.401935004620414205e-01 9.933860287371673037e-01 2.473520716117351803e+00 5.364609696383452864e+00 5.364609696383452864e+00 5.364609696383452864e+00 5.364609696383452864e+00
-9.046038307444305815e+00 -7.065439432749739623e+00 -5.386836644814451347e+00 -4.039643028892467846e+00 -1.808199217520506608e+00 -2.529544051218772349e+00 4.909135763030351152e-01 2.933976709902164082e+00 4.003265226489388873e+00 6.104157251181593580e+00 5.890151956100956099e+00 1.905705624658355912e+00 6.772388800552958665e-01 2.667920875771898181e+00 5.234758985850947788e+00 5.234758985850947788e+00 5.234758985850947788e+00 5.234758985850947788e+00
-8.785239529626267085e+00 -6.551363591021071464e+00 -4.775932795105965134e+00 -3.296731779138251550e+00 -2.321125593483714944e+00 -2.182670000404710819e+00 1.962894239813009589e+00 3.322220894103140143e+00 4.180913449384902947e+00 5.121673386970913455e+00 4.554476111039959640e+00 4.606054462339119304e+00 3.439513288720757789e+00 3.163144633494614055e+00 5.094170218372551240e+00 5.094170218372551240e+00 5.094170218372551240e+00 5.094170218372551240e+00
-8.092324995191143344e+00 -6.380389127503051760e+00 -4.522277468364993780e+00 -2.486174307594137822e+00 -2.481360045332607012e+00 -1.622535834696348989e+00 3.384709610723922513e+00 3.858996988513126336e+00 3.982631076179234064e+00 3.222409373650879427e+00 3.195443799482776015e+00 3.145771035906752999e+00 3.872125855482976498e+00 5.073458531950151063e+00 5.061162733742150088e+00 5.061162733742150088e+00 5.061162733742150088e+00 5.061162733742150088e+00
-7.596788872728374997e+00 -6.250940430185871755e+00 -4.236748744760192587e+00 -2.198182111109164616e+00 -2.563996612623817395e+00 -5.819488825506888841e-01 2.796810952749550161e+00 3.778721303599736903e+00 3.719072765821344717e+00 1.764965990274069085e+00 1.545882361060579857e+00 1.586126127810315367e+00 2.722547163565800066e+00 4.274423270717558232e+00 4.770695622075042941e+00 4.770695622075042941e+00 4.770695622075042941e+00 4.770695622075042941e+00
-7.804320374547843109e+00 -6.080796552511007924e+00 -4.073182849045831944e+00 -1.702587015618741484e+00 -2.531135227040797631e+00 5.280958090080223322e-02 3.088478447079047395e+00 3.993769820450714381e+00 3.072211812811050713e+00 1.586437937118046815e+00 1.027463047784964889e+00 1.096036875109771991e+00 1.987023128183875498e+00 3.595655215573772434e+00 4.847787881822650746e+00 4.847787881822650746e+00 4.847787881822650746e+00 4.847787881822650746e+00
-8.246647424696258000e+00 -6.423010111122512633e+00 -4.213451832145189258e+00 -2.595179552860494177e+00 -1.696847290834918809e+00 -9.539876196129939423e-01 3.097349618074868083e+00 4.038690509595076250e+00 2.988558433919749291e+00 1.463343495559788154e+00 7.993412439387240775e-01 4.974315261220388917e-01 1.263475179555070493e+00 3.274691757819034432e+00 5.408868656420341203e+00 5.408868656420341203e+00 5.408868656420341203e+00 5.408868656420341203e+00
-8.121885021856861897e+00 -6.750651575984467634e+00 -4.217090521282908178e+00 -2.186569741552017998e+00 -2.105302537799456530e+00 -1.228361801157979771e+00 3.192318684965716358e+00 4.061551362697200851e+00 2.728454794598467181e+00 1.212055735768786668e+00 -1.637893706775793712e+00 -1.583170649543576891e+00 1.167715824002189429e+00 3.103987479759277246e+00 5.247833039254323317e+00 5.247833039254323317e+00 5.247833039254323317e+00 5.247833039254323317e+00
-8.188790689612750029e+00 -6.932683008865105911e+00 -4.762511383242109098e+00 -2.417686815805020650e+00 -1.695790846838077792e+00 -1.729852147168319032e+00 3.312384454212523366e+00 3.849631623457252072e+00 2.322905484305383794e+00 9.284122612358469695e-01 -2.412088577431745318e+00 -1.588910434538417515e+00 1.163771030368902393e+00 3.429579048171986777e+00 4.939471235140160843e+00 4.939471235140160843e+00 4.939471235140160843e+00 4.939471235140160843e+00
-8.153911983164123356e+00 -7.254487979202558279e+00 -5.313822758582554151e+00 -3.425591251063214493e+00 -1.758192457996451852e+00 -1.794658901088185710e+00 1.219922295176321336e+00 3.625743960213481110e+00 2.148769811060986523e+00 -1.959844594184730060e-02 -2.558175349854793446e+00 -1.180322211611570138e+00 1.209234042969217882e+00 3.707903086066637766e+00 4.885517574666115692e+00 4.885517574666115692e+00 4.885517574666115692e+00 4.885517574666115692e+00
-8.061514140518735161e+00 -7.161169663715146072e+00 -5.777794714799473930e+00 -4.153702820595501777e+00 -2.153963473785667659e+00 -1.676902886858425479e+00 -1.058119230952988099e+00 2.693150896442737086e+00 2.312946876088003645e+00 -3.659461106637437844e+00 -2.279452257501761281e+00 -4.767231164268408428e-01 1.468147550478153818e+00 3.731653946453333592e+00 4.796357642787012487e+00 4.796357642787012487e+00 4.796357642787012487e+00 4.796357642787012487e+00
-8.281222240302012594e+00 -7.808663583787733842e+00 -6.423461936855831667e+00 -4.911698328438118821e+00 -3.602122701449566033e+00 -1.758250616777985886e+00 -1.982419942664245482e+00 1.699826679355032955e+00 2.129012224644009521e+00 -3.005552978414853804e+00 1.173259432688275594e-01 1.036227658481542413e+00 1.856842403517545925e+00 4.183827858521830478e+00 5.492738244449276941e+00 5.492738244449276941e+00 5.492738244449276941e+00 5.492738244449276941e+00
-8.753583177070895616e+00 -7.815755097206359636e+00 -6.921525093308768639e+00 -5.685461208599541294e+00 -4.333254632591945210e+00 -2.438461700956278122e+00 -2.083404076992741771e+00 -5.761411083320789883e-01 1.581959667544237114e+00 -1.995187872762899800e-02 1.488687395971955985e-01 7.813330415844236265e-01 2.166566835720696638e+00 4.757503448195699036e+00 5.430663191677214563e+00 5.430663191677214563e+00 5.430663191677214563e+00 5.430663191677214563e+00
-9.091031096381968268e+00 -8.180965532908574644e+00 -7.433697458185472229e+00 -6.315737568483211106e+00 -5.291289254966840438e+00 -3.963860891725142110e+00 -1.810958208680170323e+00 -2.332648698916197194e+00 1.022405059555927309e+00 1.224367761874998184e+00 7.553141436434227529e-01 -3.834683330813069002e-01 1.692866728353187522e+00 4.871868041752335010e+00 5.269627574511177137e+00 5.269627574511177137e+00 5.269627574511177137e+00 5.269627574511177137e+00
-9.370314498803763215e+00 -8.490587937791922002e+00 -7.930941918884371944e+00 -7.177851513285911977e+00 -6.295692031739171135e+00 -5.051090989120997854e+00 -2.767269053285608571e+00 -2.514920896747219192e+00 4.465116039806095449e-02 1.476233078157078937e+00 9.562039796312523654e-01 7.086447397142324744e-01 9.304464447799586369e-01 4.076985919813831849e+00 4.953055641717120317e+00 4.953055641717120317e+00 4.953055641717120317e+00 4.953055641717120317e+00
-9.842943690192038630e+00 -8.974876205917064809e+00 -8.480252192857800964e+00 -7.963361418802118230e+00 -7.301919260187718308e+00 -6.347705045246911482e+00 -4.048385719903669688e+00 -1.939241414159156962e+00 -2.202537477097416652e+00 9.362088337677508809e-01 1.005661082492158354e+00 9.372619011319539561e-01 5.026611332305598312e-01 3.898263492647908723e+00 4.741714834798758105e+00 4.741714834798758105e+00 4.741714834798758105e+00 4.741714834798758105e+00
-1.018843259992415007e+01 -9.746775724971929122e+00 -9.280569963169865488e+00 -8.728215601835609405e+00 -8.188855099293618878e+00 -7.142261074438740920e+00 -4.960866299683256209e+00 -3.410279777805447221e+00 -2.624335904482130832e+00 3.057058753389795269e-01 1.148374002612603251e+00 9.679374582181237141e-01 1.832129120411885859e-01 4.425959567652089532e+00 5.467490997579832701e+00 5.467490997579832701e+00 5.467490997579832701e+00 5.467490997579832701e+00
-1.035665445593160250e+01 -1.001466599005151537e+01 -9.517813598642780093e+00 -9.100251045603974021e+00 -8.503804287611636425e+00 -7.540771746940296616e+00 -6.246576677400801358e+00 -2.989488125602721258e+00 -2.716515240851005153e+00 -1.431250224446923625e+00 9.476862798258611775e-01 9.213672544875562975e-01 8.270765577996956885e-01 3.181131998591824939e+00 5.613493344100115578e+00 5.613493344100115578e+00 5.613493344100115578e+00 5.613493344100115578e+00
-1.047005561860938627e+01 -1.010605965759661018e+01 -9.722767827117410278e+00 -9.257508010985777247e+00 -8.729421698721765210e+00 -7.833611324795755060e+00 -6.642712207115148537e+00 -4.910923248256914064e+00 -2.499256402048250170e+00 -2.477384531983288785e+00 7.963336393664124380e-01 8.964472571420203373e-01 7.170029717598701557e-01 2.760141954627242988e+00 5.452457726934078153e+00 5.452457726934078153e+00 5.452457726934078153e+00 5.452457726934078153e+00
-1.043333493286490032e+01 -1.015146929599793602e+01 -9.754760331777964311e+00 -9.380454477636341437e+00 -8.824385727945724511e+00 -8.005027494354170159e+00 -6.858835062321829490e+00 -5.507298874550298429e+00 -3.245979839679830725e+00 -2.704932382906333643e+00 1.820056807675021482e-01 1.076232500855743179e+00 7.381289756701406857e-01 2.595858550597125003e+00 5.291422109768057602e+00 5.291422109768057602e+00 5.291422109768057602e+00 5.291422109768057602e+00
-1.044991768546911537e+01 -1.013439499037090030e+01 -9.848250793711875062e+00 -9.449367334201452806e+00 -8.955685982693317726e+00 -8.227786722819098841e+00 -7.056252624500928050e+00 -5.640926955743642779e+00 -3.983749744594772491e+00 -2.019672821201317525e+00 -1.247517489486132058e+00 7.210232480786086251e-01 2.925706818211286087e-01 2.805709438623598118e+00 4.668483924099617433e+00 4.668483924099617433e+00 4.668483924099617433e+00 4.668483924099617433e+00
-1.053820894186535817e+01 -1.017914777319973929e+01 -9.845616148498152143e+00 -9.477181785992680574e+00 -9.055420068292709956e+00 -8.310504840678628824e+00 -7.229534168806383221e+00 -5.849898104243061780e+00 -4.167115846209610730e+00 -3.181826812660573989e+00 -2.706186560837411381e+00 2.680392622636799116e-01 6.438496979270016407e-01 2.304021965063943966e+00 5.442243750710354711e+00 5.442243750710354711e+00 5.442243750710354711e+00 5.442243750710354711e+00
-1.050042548202017834e+01 -1.018702146305284373e+01 -9.923688151760615028e+00 -9.560871253832763372e+00 -9.098086758233742799e+00 -8.511057064774885106e+00 -7.343128017574950483e+00 -5.855196604023682916e+00 -4.645860271684731480e+00 -3.587475439600135374e+00 -2.680980331828296315e+00 3.315462839661087457e-01 1.601121888662422055e-01 2.498800425700293815e+00 5.959048759502380221e+00 5.959048759502380221e+00 5.959048759502380221e+00 5.959048759502380221e+00
-1.050474271680693050e+01 -1.022344467175186367e+01 -9.904566887187973734e+00 -9.574875749467551600e+00 -9.183014438074192043e+00 -8.512498294258520559e+00 -7.396059353307909312e+00 -5.922427729786862827e+00 -5.097252353220707022e+00 -2.650794631381467426e+00 -3.035543540993926648e+00 -3.717861884708961728e-01 9.691002962661690034e-01 2.479202574829143746e+00 5.635287879357002261e+00 5.635287879357002261e+00 5.635287879357002261e+00 5.635287879357002261e+00
-1.057963071507635000e+01 -1.027773585319333449e+01 -9.951698992627077800e+00 -9.579725173005437355e+00 -9.248666254449151580e+00 -8.597539054040206352e+00 -7.495592128940591792e+00 -5.885694384214023245e+00 -5.224047449193223613e+00 -3.361423488133188808e+00 -2.734851709235432971e+00 -4.799191869665348498e-01 6.170382376999383744e-01 2.419779441237482676e+00 5.474252262190960394e+00 5.474252262190960394e+00 5.474252262190960394e+00 5.474252262190960394e+00
-1.063381747116546450e+01 -1.031968101667268023e+01 -9.985761881576326715e+00 -9.617697272672952380e+00 -9.335045590097077906e+00 -8.778656141638363053e+00 -7.482902311916451055e+00 -5.806958116523675884e+00 -5.387008129644027754e+00 -3.966744517840108841e+00 -1.829235349763626450e+00 -6.932316460040651718e-01 9.150711619523081708e-02 2.318880335401599879e+00 4.614093356357127362e+00 4.614093356357127362e+00 4.614093356357127362e+00 4.614093356357127362e+00
