-1.027311153598495430e+01 -1.028875598804253855e+01 -1.004644271411725143e+01 -9.693280329956381891e+00 -9.401285450627250739e+00 -9.127718248043324323e+00 -8.582600225034219932e+00 -7.516784931831663741e+00 -5.817718220060159595e+00 -4.319408041131000964e+00 -2.968455341526607505e+00 -2.355133068868916713e+00 -2.692031334425771250e-01 2.280532928112510849e+00 5.400627855119120468e+00 5.400627855119120468e+00 5.400627855119120468e+00 5.400627855119120468e+00
-1.026782172866227505e+01 -1.010907837964612810e+01 -9.939587986479434534e+00 -9.787151771962721014e+00 -9.599137387558986489e+00 -9.027225270568152382e+00 -8.418136497015215269e+00 -7.329435419467436041e+00 -5.763664164563276238e+00 -4.293501601557192515e+00 -3.269282971965846052e+00 -2.300304848918199419e+00 5.100143580010437633e-02 2.497459784546142370e+00 5.291442001434038644e+00 5.291442001434038644e+00 5.291442001434038644e+00 5.291442001434038644e+00
-1.045941987246478710e+01 -9.993006551105631630e+00 -9.776293299388107982e+00 -9.562636207427168245e+00 -9.511570423720797862e+00 -9.184482232526185896e+00 -8.188840095595262270e+00 -7.195897550985854707e+00 -5.417267566825151981e+00 -3.736514662235753903e+00 -3.309995003918521306e+00 -2.350181018789883503e+00 3.571257766634840514e-01 2.519279013300127712e+00 5.490528385255812438e+00 5.490528385255812438e+00 5.490528385255812438e+00 5.490528385255812438e+00
-1.022252843466677419e+01 -1.006610514228938236e+01 -1.002268747271574867e+01 -9.439235447250357680e+00 -9.298509580407891661e+00 -9.151215395362655158e+00 -8.327663783886730897e+00 -6.946176878162444446e+00 -5.459709566959462634e+00 -2.964005668888471945e+00 -1.788557805081417040e+00 -1.591162741534923208e+00 6.823320443051975603e-01 2.314445963442564480e+00 5.683501409911445812e+00 5.683501409911445812e+00 5.683501409911445812e+00 5.683501409911445812e+00
-1.053418473114948561e+01 -1.032738730994051402e+01 -1.013185399076029647e+01 -9.628189560506445588e+00 -9.195618883341648342e+00 -8.843628773160189027e+00 -8.347542099117813308e+00 -6.900123454627494546e+00 -5.531952551904371518e+00 -1.859561985758878100e+00 -2.457235787360140922e+00 1.915839057945020463e-01 1.071600012020244908e+00 2.492262288739353515e+00 5.552386555246912714e+00 5.552386555246912714e+00 5.552386555246912714e+00 5.552386555246912714e+00
-1.065311451635344397e+01 -9.971448581952996548e+00 -1.005544382038790374e+01 -9.938861591152873487e+00 -9.531253760799600627e+00 -8.824472403693089717e+00 -8.018371439764290898e+00 -6.421642935091882443e+00 -3.843775343737738215e+00 -2.129325787273276038e+00 -6.900917094947126573e-01 -3.613262765991220316e-01 5.984192096009379735e-01 2.284980570644599140e+00 5.965533554708599695e+00 5.965533554708599695e+00 5.965533554708599695e+00 5.965533554708599695e+00
-1.043190062383639294e+01 -1.033917522935805700e+01 -1.002850653424526683e+01 -9.853136892363302479e+00 -9.500765525477039120e+00 -8.745328545393840969e+00 -7.817494414478168174e+00 -6.317110779251604136e+00 -2.264251952724614547e+00 -1.398544926987537851e+00 6.447729269430457766e-01 1.250374690415726464e+00 1.568565963353952153e+00 3.301819096496247052e+00 5.896060174685071154e+00 5.896060174685071154e+00 5.896060174685071154e+00 5.896060174685071154e+00
-1.042062636728752878e+01 -1.008195134621447409e+01 -9.975155808879501151e+00 -9.907384199854879725e+00 -9.318381689870495421e+00 -8.021812322862228228e+00 -6.670771254838655295e+00 -2.927863872128209977e+00 -2.256157564675080884e+00 3.341755845822289572e-01 1.532024296415724240e+00 2.083375885879192424e+00 1.625903398629288121e+00 4.427758070563034387e+00 6.363671969237643999e+00 6.363671969237643999e+00 6.363671969237643999e+00 6.363671969237643999e+00
-1.049246142770441814e+01 -1.034573789883553196e+01 -9.717484396173176719e+00 -9.267245665376343311e+00 -7.950720216821554054e+00 -7.266591256191504478e+00 -3.975967338328709744e+00 -2.045513882924737903e+00 -2.778197053121277404e-01 1.730991803947375951e+00 2.084420247104332269e+00 2.890810124308174078e+00 3.439392793572994655e+00 4.796449891520842890e+00 6.181821487570631213e+00 6.181821487570631213e+00 6.181821487570631213e+00 6.181821487570631213e+00
-1.022877527857472657e+01 -9.980942248864396404e+00 -9.593256669955566807e+00 -8.492540562091376088e+00 -7.611855348151234324e+00 -4.780031520785250621e+00 -1.780050775284601317e+00 -1.396962971747927051e+00 1.908122258056474951e+00 2.506004373767435567e+00 3.175068322932600218e+00 3.554047536278532871e+00 4.999091651320227925e+00 4.977988765774703062e+00 6.032999153481673815e+00 6.032999153481673815e+00 6.032999153481673815e+00 6.032999153481673815e+00
-1.034492379309388710e+01 -9.395889539370282151e+00 -8.595024217518171028e+00 -8.581329088583141029e+00 -6.899883832591504174e+00 -2.266514608677119735e+00 -4.561274231196494888e-01 9.491472483936033155e-01 2.653414433747187662e+00 3.157064493571275055e+00 3.143323881037274781e+00 4.670486545221455010e+00 2.716530241011196001e+00 2.382490452068864339e+00 6.364739705291448502e+00 6.364739705291448502e+00 6.364739705291448502e+00 6.364739705291448502e+00
-9.459525435277354788e+00 -8.698513528837318987e+00 -8.101930623509762341e+00 -7.647958771968824010e+00 -3.164970070393975821e+00 -2.097281198579284300e+00 2.369553627329168688e-01 2.101889754750759121e+00 3.052811521521055393e+00 3.322527508329817358e+00 4.631353943490639224e+00 3.375324072386362673e+00 6.608327811389962392e-01 2.509787032506276994e+00 6.291617419664433442e+00 6.291617419664433442e+00 6.291617419664433442e+00 6.291617419664433442e+00
-9.707772685400575696e+00 -8.370719514496364866e+00 -7.167274143030936351e+00 -5.324104116318062907e+00 -2.751673894560685341e+00 -3.942926722428129471e-01 2.215945655422536298e+00 3.214971117620557095e+00 3.422618428252203415e+00 4.238342674322140624e+00 4.787762718544296803e+00 -2.652711431098405126e-01 4.532306463009808661e-01 2.483004814861284881e+00 6.329561057915052302e+00 6.329561057915052302e+00 6.329561057915052302e+00 6.329561057915052302e+00
-9.927617239705794461e+00 -7.712731601402321502e+00 -5.756985830017058881e+00 -2.719077771531360099e+00 -2.216545696887771477e+00 3.082948781993635756e-01 2.791697881994336772e+00 3.225011019614580920e+00 3.391285747879678958e+00 5.137557379084380926e+00 2.685513526984864008e+00 -2.058121127124366900e+00 3.136755464306878460e-01 2.748368665652402676e+00 6.233848340846205538e+00 6.233848340846205538e+00 6.233848340846205538e+00 6.233848340846205538e+00
-9.293784181560729607e+00 -7.215561650676967531e+00 -4.103777039351286682e+00 -1.553251944594400191e+00 -8.915476029343917252e-01 2.574299695111247566e+00 3.207900636487029722e+00 3.416445678359134153e+00 3.726387314665787098e+00 5.742635752952682360e+00 4.378401218578145127e+00 -9.759630844088474921e-01 5.314315574397382447e-01 2.783069664039909519e+00 6.189282509701784285e+00 6.189282509701784285e+00 6.189282509701784285e+00 6.189282509701784285e+00
-9.146123627361646413e+00 -6.326238845307584846e+00 -2.994343547251145043e+00 -1.624457950732726363e+00 6.841572128919779505e-01 3.075899457614039711e+00 3.168283162522929075e+00 3.278013707360274864e+00 4.351423815936941608e+00 6.425711228957766252e+00 6.116400074955613775e+00 1.238010787465713136e+00 1.267339263377408098e+00 2.828831754893279093e+00 6.099769739757292975e+00 6.099769739757292975e+00 6.099769739757292975e+00 6.099769739757292975e+00
-8.395199856600155996e+00 -5.162258557881718168e+00 -2.386727233667243819e+00 -1.469439783571043545e+00 1.782598085341194238e+00 3.145856453501724825e+00 3.345405987867627662e+00 3.387356249914977191e+00 4.290194775911757574e+00 4.993065882661062993e+00 4.645960308308344722e+00 4.842081805529149463e+00 3.722478017141773510e+00 3.376938357843473515e+00 6.024091140128204458e+00 6.024091140128204458e+00 6.024091140128204458e+00 6.024091140128204458e+00
-7.435027579598725289e+00 -5.062294200538151046e+00 -1.711738147171750324e+00 -1.180096036166940365e+00 2.315287308350902240e+00 2.786164077898154012e+00 3.605955444961783218e+00 3.988576953035015915e+00 4.247475093378543676e+00 3.245628583167116776e+00 3.282506154611816829e+00 3.252157036341610574e+00 4.082746361369814281e+00 5.234671391115088390e+00 5.985032873882298432e+00 5.985032873882298432e+00 5.985032873882298432e+00 5.985032873882298432e+00
-7.417586391040137173e+00 -5.022858226216766475e+00 -1.491398590205457175e+00 2.911770562734706802e-01 2.612676165124864003e+00 3.217952499639529229e+00 3.279078787334069656e+00 4.129202933720288016e+00 3.847837904010874777e+00 1.664935669214193448e+00 1.194405878960364431e+00 1.463909811969617891e+00 2.820445907219468751e+00 4.416821604261967238e+00 5.907476718313973585e+00 5.907476718313973585e+00 5.907476718313973585e+00 5.907476718313973585e+00
-8.013113777312030450e+00 -4.976977534964427186e+00 -1.288174039574898400e+00 6.192622678937581560e-02 2.662051971406950379e+00 3.180658825498013265e+00 3.212823743263626852e+00 4.153052494984121878e+00 3.071509971350602886e+00 1.457365178259436123e+00 -1.012246070410763643e+00 9.499307385808186677e-01 2.030739976908744637e+00 3.711434149501471769e+00 5.961084230740472556e+00 5.961084230740472556e+00 5.961084230740472556e+00 5.961084230740472556e+00
-7.995630781875730619e+00 -5.287449601560474832e+00 -2.729392261767914274e+00 -9.654133192579723577e-01 2.671444299216429119e+00 3.199298198669340731e+00 3.260487672411723548e+00 4.184348349187031246e+00 2.992280267430794893e+00 1.289659554742002001e+00 -1.170683148385354810e+00 -8.640775017123389357e-03 1.259948966873988940e+00 3.454372246990587314e+00 5.863251373424950508e+00 5.863251373424950508e+00 5.863251373424950508e+00 5.863251373424950508e+00
-7.764651576997243509e+00 -6.043661939952991169e+00 -2.518735033781027699e+00 -4.838213289022103014e-01 2.485954113755200368e+00 3.311511258513148093e+00 3.332230343777132120e+00 4.328724943646198753e+00 2.726490407479973399e+00 6.560320706528333101e-01 -2.830759056232338811e+00 -1.722889680790755884e+00 1.276445456807470791e+00 3.272778780760325912e+00 5.767538656356105520e+00 5.767538656356105520e+00 5.767538656356105520e+00 5.767538656356105520e+00
-7.963981301077799557e+00 -6.179904636479086832e+00 -2.364803957989105587e+00 -1.213253486108701429e+00 2.392843680087784808e+00 3.280441511647016029e+00 3.344632670746520819e+00 4.159100341824456315e+00 2.302752598251445182e+00 -7.601764756163121861e-01 -2.919232026090454735e+00 -1.712274569509630195e+00 1.341137979016711501e+00 3.590850709913213201e+00 5.635443545658564979e+00 5.635443545658564979e+00 5.635443545658564979e+00 5.635443545658564979e+00
-7.867448587722931208e+00 -6.582190928202605207e+00 -2.149300583354265104e+00 -1.634691400818833129e+00 1.927117877936935786e+00 3.193309123402594540e+00 3.294135060947548599e+00 3.861264615313177995e+00 2.078353563421780237e+00 -4.101806994404419093e+00 -3.214092351642171774e+00 -1.215657052638245972e+00 1.355817913577921807e+00 3.757816964903578860e+00 5.541123336719227410e+00 5.541123336719227410e+00 5.541123336719227410e+00 5.541123336719227410e+00
-8.028505099829066793e+00 -7.470743862415019976e+00 -3.303159077856491876e+00 -2.532244654175710874e+00 7.828663124251901140e-01 3.154649468944917157e+00 3.289103464029084378e+00 3.190659499183579495e+00 1.574461606226712052e+00 -4.349331895859902986e+00 -2.751328820149710364e+00 -7.346929341797124868e-01 1.620361740028859021e+00 3.853555542391275957e+00 5.445337365031702959e+00 5.445337365031702959e+00 5.445337365031702959e+00 5.445337365031702959e+00
-8.245519878297175254e+00 -7.746080824210082483e+00 -5.494649130307331042e+00 -1.486938959939720029e+00 -1.033991014497043670e+00 2.625871774048782470e+00 3.089092287151343097e+00 2.890935184985878870e+00 1.181611939767201580e+00 -4.265233587598376452e+00 -2.230970693985197872e+00 1.265835770449034170e+00 2.022861906579440205e+00 4.127926694177355138e+00 5.300314079639437459e+00 5.300314079639437459e+00 5.300314079639437459e+00 5.300314079639437459e+00
-8.770532829324787727e+00 -7.648203393015761797e+00 -6.721205471455227176e+00 -3.184591914379209410e+00 -1.921350736749213972e+00 8.597171767231166495e-01 1.926807917462539432e+00 1.696249316458721346e+00 1.160097359089668378e+00 -1.690115274286925429e+00 -1.723381294122357410e+00 4.729812027595350354e-01 2.305273619495392889e+00 4.354970932605403355e+00 5.590729964088897219e+00 5.590729964088897219e+00 5.590729964088897219e+00 5.590729964088897219e+00
-8.846758176232203397e+00 -8.364035893182563797e+00 -7.362314774149591123e+00 -5.145018246942258955e+00 -2.335874330146393341e+00 -1.627216620460967045e+00 -4.735064256779953490e-02 9.593680921497886871e-01 7.822034497192377200e-01 3.864213767363614549e-01 -2.332056181540672846e+00 -3.766125691661542096e-01 1.900450142300370571e+00 4.462366937127696609e+00 5.503146590252605996e+00 5.503146590252605996e+00 5.503146590252605996e+00 5.503146590252605996e+00
-9.212863382683137203e+00 -8.424198918524950841e+00 -7.998830193628586827e+00 -7.456891681572077601e+00 -5.739799438742060111e+00 -3.040187220195244233e+00 -1.969349909006448129e+00 -2.415049576065015025e+00 1.173548187204453558e-01 6.108929826434883470e-01 -3.248691616869239240e+00 -7.029855042757824357e-01 1.231791197315653896e+00 4.134255966876165367e+00 5.414881827534329339e+00 5.414881827534329339e+00 5.414881827534329339e+00 5.414881827534329339e+00
-1.031447634336136687e+01 -8.890521659072931016e+00 -8.645734697783664657e+00 -8.342119743101893192e+00 -7.622614671586044999e+00 -6.705998622119941466e+00 -5.252028519263979511e+00 -2.951504412169732472e+00 -2.504185002802025828e+00 -2.174202775013190703e+00 -1.369071118225364758e+00 -1.253915791004029723e+00 5.260121659766875402e-01 4.053738302663757231e+00 5.317645432623604229e+00 5.317645432623604229e+00 5.317645432623604229e+00 5.317645432623604229e+00
-1.033882441633043214e+01 -1.004682233838494021e+01 -9.578212742445039396e+00 -9.144708186468225364e+00 -8.869285567065123388e+00 -7.313296584981493709e+00 -5.703296752876553022e+00 -5.703924742763328837e+00 -4.925981186886666308e+00 -3.611585944135140558e+00 -2.272402776075861830e+00 -2.612826837270251890e+00 2.922390539225327433e-01 4.414604264960455993e+00 5.172622147231324519e+00 5.172622147231324519e+00 5.172622147231324519e+00 5.172622147231324519e+00
-1.052925379549967033e+01 -1.014996781599607267e+01 -9.762280785589098286e+00 -9.461400172861686997e+00 -9.140561712179071208e+00 -7.867759077401269785e+00 -6.034757491883833147e+00 -5.864875523902122190e+00 -5.056905837818567839e+00 -4.241229637561438004e+00 -2.763206901677148331e+00 -2.265782385453635861e+00 3.137663999334023290e-01 4.330505332562240461e+00 5.074983098380077884e+00 5.074983098380077884e+00 5.074983098380077884e+00 5.074983098380077884e+00
-1.054511420799292054e+01 -1.038755892558262417e+01 -9.987797049229561352e+00 -9.545223510447391035e+00 -9.296116267572827496e+00 -8.343101126092051345e+00 -6.124206787232346016e+00 -5.893655517262329724e+00 -5.165887889333678373e+00 -4.045072807296524076e+00 -2.826396383761007769e+00 -2.762740858865594173e+00 1.972241493903365839e-01 3.501234712794399684e+00 4.979197126692507247e+00 4.979197126692507247e+00 4.979197126692507247e+00 4.979197126692507247e+00
-1.052936905265454115e+01 -1.048923086044248620e+01 -9.923964741010632196e+00 -9.613209908551503702e+00 -9.301257405470561679e+00 -8.476724890572535642e+00 -6.270735145760470530e+00 -6.104653719894567843e+00 -5.156988335733468709e+00 -3.826235250949239663e+00 -3.522486566865580038e+00 -2.752501389338016136e+00 -6.325568894625667460e-02 3.356461542464187264e+00 4.845292625122914032e+00 4.845292625122914032e+00 4.845292625122914032e+00 4.845292625122914032e+00
-1.057895153214379924e+01 -1.035387597481888555e+01 -9.989111511735160320e+00 -9.682231280773887505e+00 -9.349979753294590523e+00 -8.769615416637270400e+00 -6.786286427297122614e+00 -6.079574315346630620e+00 -5.520772316197806617e+00 -4.191592844611440327e+00 -3.668632132695353487e+00 -2.497169035112068336e+00 7.540741685984529707e-02 3.354844702142227852e+00 5.142569263674438673e+00 5.142569263674438673e+00 5.142569263674438673e+00 5.142569263674438673e+00
-1.063241130397932466e+01 -1.029396357253885519e+01 -9.967249258037952586e+00 -9.680909329516207862e+00 -9.391129368941710354e+00 -8.889783493668883096e+00 -7.110413610538810936e+00 -5.917486498547400053e+00 -5.820388402829824059e+00 -4.815774710519905355e+00 -3.538649860051518381e+00 -2.606180558430673866e+00 -1.853783896205243031e-01 3.095705689171272201e+00 5.044930214823224901e+00 5.044930214823224901e+00 5.044930214823224901e+00 5.044930214823224901e+00
-1.063902110883802621e+01 -1.029805874247489328e+01 -9.998045587390270938e+00 -9.747131272387910883e+00 -9.424642666278352010e+00 -9.008190469254826027e+00 -7.497408859755730681e+00 -5.836912093396393608e+00 -5.636598942387380795e+00 -5.524206419849089222e+00 -2.906127663905043956e+00 -2.939907265484890786e+00 -1.697315982298162190e-02 3.030666542413040343e+00 4.949144243135655152e+00 4.949144243135655152e+00 4.949144243135655152e+00 4.949144243135655152e+00
-1.062748005022700681e+01 -1.039914082943152529e+01 -1.001458021485823480e+01 -9.751941359703469203e+00 -9.420421202222977186e+00 -8.962716803702049262e+00 -7.600197025439181076e+00 -6.114812055966923232e+00 -5.788472637857416281e+00 -5.440766970168549932e+00 -3.322328002665273949e+00 -2.552105239178855900e+00 1.691546456551594468e-01 2.851629117236123001e+00 4.851505194284408518e+00 4.851505194284408518e+00 4.851505194284408518e+00 4.851505194284408518e+00
-1.078340817117765482e+01 -1.038676730055516195e+01 -1.005076712167394781e+01 -9.855649193682404885e+00 -9.464753701401800612e+00 -9.005051544152795628e+00 -7.943006577190962147e+00 -6.083635745554776264e+00 -5.854332986013185192e+00 -5.510849035910919014e+00 -3.582478350864449546e+00 -2.409671249992396458e+00 3.213623089365951202e-01 3.213737488500762129e+00 4.712995669716911529e+00 4.712995669716911529e+00 4.712995669716911529e+00 4.712995669716911529e+00
-1.068064464944347591e+01 -1.039942561400695631e+01 -1.007001366250859498e+01 -9.914836437734287244e+00 -9.489405092128739838e+00 -9.191523234994130931e+00 -8.026791970938843335e+00 -5.783964850883823949e+00 -5.948082641628315237e+00 -5.148734867297198647e+00 -3.428359711940998089e+00 -1.402328939534689844e+00 2.143645632378335941e-01 3.000231491875088974e+00 4.624730906998696156e+00 4.624730906998696156e+00 4.624730906998696156e+00 4.624730906998696156e+00
