-1.041881670555645911e+01 -1.028416915516012509e+01 -9.940031218867309448e+00 -9.623880163391117293e+00 -9.305605882141543717e+00 -8.951521206362734517e+00 -8.328380352858907543e+00 -7.260891229360222354e+00 -4.979744227567714177e+00 -2.356951337414322722e+00 -2.467937628337745437e+00 -3.336622553567526461e-01 7.221286801305217828e-01 1.796061610172412948e+00 5.099253049512393332e+00 5.099253049512393332e+00 5.099253049512393332e+00 5.099253049512393332e+00
-1.033003458232446192e+01 -1.006019603595906275e+01 -9.944033548820465640e+00 -9.785055078122759653e+00 -9.439578268634329916e+00 -8.889848468744499854e+00 -8.151545049500494855e+00 -6.826551619162934514e+00 -4.307428611372416505e+00 -2.387708620502435153e+00 -1.641582753610792755e+00 -2.860114461573682459e-02 1.683053731039607648e+00 1.945506487156639874e+00 5.025488023922750180e+00 5.025488023922750180e+00 5.025488023922750180e+00 5.025488023922750180e+00
-1.027045010070585462e+01 -9.954464697554376684e+00 -9.784128919148807668e+00 -9.762794925835207138e+00 -9.569509386721030353e+00 -9.057419005637139975e+00 -8.109720924745976944e+00 -6.786923636911287971e+00 -3.547499976851753445e+00 -3.246109037295514810e+00 -6.869911295106284621e-01 2.031901542925550752e-01 1.112599090224811071e+00 1.945329762227375525e+00 4.692636126871229330e+00 4.692636126871229330e+00 4.692636126871229330e+00 4.692636126871229330e+00
-1.038663215903900117e+01 -1.026513611822523941e+01 -9.791950546732758554e+00 -9.277074759301420670e+00 -9.170163331992553069e+00 -9.049781792927749535e+00 -8.164550974723887578e+00 -6.432768178377056500e+00 -2.643420061048244563e+00 -3.160073229500942826e+00 -5.763159547827737539e-01 8.175148814395971630e-01 1.025908989509903613e+00 2.170086656080525422e+00 4.864528014705611803e+00 4.864528014705611803e+00 4.864528014705611803e+00 4.864528014705611803e+00
-1.052203574351972648e+01 -1.024640027514641893e+01 -9.862258673792190677e+00 -9.564328723521352771e+00 -8.984673442378854347e+00 -8.641846468875467480e+00 -8.115850536037372720e+00 -5.277913877937904452e+00 -2.578000804665618428e+00 -3.035099986029784702e+00 -3.602556008248553043e-01 3.714709801999484529e-01 1.837060050886155427e+00 2.310357013229056289e+00 4.839734502709293729e+00 4.839734502709293729e+00 4.839734502709293729e+00 4.839734502709293729e+00
-1.036458051269887548e+01 -9.971467464070181919e+00 -1.012328401037856018e+01 -9.846334366397536897e+00 -9.307582758158371661e+00 -8.558931441533591311e+00 -7.596503478564364364e+00 -4.083620673811848789e+00 -3.744706358687231784e+00 -1.461078431571841918e+00 8.385744825510940692e-02 3.080813595110362679e-01 1.428372616375605642e+00 2.141205674846769824e+00 4.451271137147450041e+00 4.451271137147450041e+00 4.451271137147450041e+00 4.451271137147450041e+00
-1.042188423413990250e+01 -1.024146922481060074e+01 -9.890247695925014071e+00 -9.733429733485390756e+00 -9.290266209477803017e+00 -8.518662164426640260e+00 -7.300145995999752557e+00 -2.967456658130928293e+00 -3.673671265591147872e+00 -5.276895851448726305e-01 1.240411562294309711e+00 1.584906822663467496e+00 1.595116716585948780e+00 3.328004942790908416e+00 4.301809650456564604e+00 4.301809650456564604e+00 4.301809650456564604e+00 4.301809650456564604e+00
-1.046481025985386992e+01 -1.005634584433444445e+01 -9.949504511863324296e+00 -9.712108035307377207e+00 -9.166156885400113197e+00 -8.259507747105057973e+00 -4.901214334639862891e+00 -2.445556787323838410e+00 -2.787230848313641207e+00 -1.273199111657652427e-01 1.512735569421613135e+00 1.996177907686840225e+00 1.772146133251756517e+00 4.349566234507183715e+00 5.069373045312150161e+00 5.069373045312150161e+00 5.069373045312150161e+00 5.069373045312150161e+00
-1.043750713036075517e+01 -1.012837971207006760e+01 -9.550488402912591823e+00 -9.045454222916099241e+00 -8.232778469035054059e+00 -6.903992996040757113e+00 -3.813540180344769048e+00 -4.123261807550797187e+00 -9.279163224803441690e-01 1.195172952561573965e+00 2.053544567521019992e+00 2.709411631913716256e+00 3.390781994282510592e+00 4.768105773832043148e+00 5.010894856795664154e+00 5.010894856795664154e+00 5.010894856795664154e+00 5.010894856795664154e+00
-1.041612303757522895e+01 -1.006300903132867930e+01 -9.489255818582648772e+00 -8.426973768933626374e+00 -7.410485628685273163e+00 -5.380815705889424372e+00 -2.493742503089237950e+00 -3.596318204413133213e+00 8.866100174050546567e-03 2.048937073690724198e+00 3.062460344060062845e+00 3.485508195613128635e+00 4.948203097154590502e+00 4.975957628688549406e+00 5.275423529109536602e+00 5.275423529109536602e+00 5.275423529109536602e+00 5.275423529109536602e+00
-1.022415848454980569e+01 -9.447338659283364137e+00 -8.912259429691875567e+00 -8.434440372772597172e+00 -6.850850514964422544e+00 -3.954974104064804319e+00 -3.880680194150622597e+00 -1.519129497468020062e+00 1.355059528226003174e+00 3.076927425458993337e+00 3.031173111107363649e+00 4.576714574724277895e+00 2.796731982614105050e+00 2.223816157067012966e+00 5.327499050421651283e+00 5.327499050421651283e+00 5.327499050421651283e+00 5.327499050421651283e+00
-9.902292294836552600e+00 -8.988767392660690803e+00 -8.205272408220363189e+00 -7.691626762852410870e+00 -5.266636470998879105e+00 -2.646649570564943321e+00 -2.990430877496851991e+00 1.495027996189486445e-02 2.813119652178475150e+00 3.081389232179228443e+00 4.428269539998290760e+00 3.776400955818465910e+00 1.937753828859867244e+00 2.499423749326314503e+00 5.139080049651953530e+00 5.139080049651953530e+00 5.139080049651953530e+00 5.139080049651953530e+00
-9.412322395464334690e+00 -8.516470029830516708e+00 -7.843167055416541800e+00 -6.196931684260921003e+00 -4.114821063309275218e+00 -2.688146309609221074e+00 -2.385400683719352433e+00 1.445489902677105309e+00 3.232245723788947700e+00 4.054427636475486985e+00 4.706627155158898290e+00 1.972310274899426119e+00 5.236364447977234216e-01 2.398265004411199719e+00 5.027883823360441262e+00 5.027883823360441262e+00 5.027883823360441262e+00 5.027883823360441262e+00
-1.000087181965402650e+01 -7.761233776162640652e+00 -6.688583698266705291e+00 -5.018804614893080718e+00 -3.024440706180274496e+00 -3.480538090267263129e+00 -3.611927269192014567e-01 2.962600569889063618e+00 3.276605918603786360e+00 5.008165219775952970e+00 3.300659615834324434e+00 -1.966915973884953761e+00 3.724283546258349009e-01 2.582649568055841893e+00 4.991009587974751582e+00 4.991009587974751582e+00 4.991009587974751582e+00 4.991009587974751582e+00
-9.387570912948699942e+00 -7.556381074290641209e+00 -5.680987110345759206e+00 -4.221994165653820019e+00 -2.062499599283689644e+00 -2.528866909839054600e+00 1.817175234132785422e-01 3.078154431386042944e+00 3.540359755242583617e+00 5.534042189190736316e+00 4.461954751326605795e+00 -8.335129732203276909e-01 9.739162102622038741e-01 2.583027930358203328e+00 5.280665094056670839e+00 5.280665094056670839e+00 5.280665094056670839e+00 5.280665094056670839e+00
-9.011086980461572082e+00 -6.825827669456619340e+00 -4.935872266303760192e+00 -3.220290602644575451e+00 -1.660910799555725958e+00 -1.486298524504200191e+00 2.980919511379962028e+00 2.983129085427204785e+00 4.179653211283899772e+00 6.225320127900466183e+00 6.067766620392308852e+00 1.925802132339842210e+00 5.996341303306216286e-01 2.752016183783815961e+00 5.224067020413862394e+00 5.224067020413862394e+00 5.224067020413862394e+00 5.224067020413862394e+00
-8.585875759778792471e+00 -6.439547706866491694e+00 -4.253201246672297486e+00 -2.368663105425957927e+00 -2.064423903553169737e+00 -1.128103481100603961e-01 3.165390090629506048e+00 3.228052722473439218e+00 4.255883257344025061e+00 5.090532569180400202e+00 4.603243417052870434e+00 4.740992015203221221e+00 4.082430319688524989e+00 3.207405631704794757e+00 5.273487447315725163e+00 5.273487447315725163e+00 5.273487447315725163e+00 5.273487447315725163e+00
-7.832736550978747658e+00 -6.007083612242582582e+00 -3.994206929298685260e+00 -1.700353880492711633e+00 -1.808939222323296958e+00 6.706034665849293086e-01 3.517619482798347352e+00 3.869106561988202131e+00 4.088835906296257150e+00 3.265903762504994035e+00 3.362155209898869845e+00 3.188798256068758441e+00 3.920977249062551628e+00 5.137425842413160915e+00 5.122433824289326587e+00 5.122433824289326587e+00 5.122433824289326587e+00 5.122433824289326587e+00
-7.562193013403116559e+00 -6.006540521239347008e+00 -3.641084431988832470e+00 -1.680505743351077719e+00 -7.872497531922566516e-01 3.005612797864917418e+00 3.120867637330154043e+00 3.885123812189081427e+00 3.795088587623652643e+00 1.743693113864976052e+00 1.492002962693746104e+00 1.531371635365899486e+00 2.800167663718286626e+00 4.267521522561305680e+00 5.029297784568736773e+00 5.029297784568736773e+00 5.029297784568736773e+00 5.029297784568736773e+00
-7.976426271807346424e+00 -6.034268182637260836e+00 -3.363823498789359157e+00 -1.759567073656759018e+00 -1.749644957284123947e+00 2.970705444984874877e+00 3.026730059473429435e+00 4.018924883565999195e+00 3.048118963619569577e+00 1.499384071817078778e+00 6.074494686712359481e-01 9.336950741677794152e-01 1.990222410282049825e+00 3.608755987395599441e+00 5.191173492010956458e+00 5.191173492010956458e+00 5.191173492010956458e+00 5.191173492010956458e+00
-8.146449173650534448e+00 -6.090485925436348147e+00 -3.385109920340836798e+00 -1.417070711691730711e+00 -9.714187525420945324e-01 3.079829414587624381e+00 3.102059433373399955e+00 4.040575430998947226e+00 2.940901694627258145e+00 1.380256474654662835e+00 4.607018892778110275e-01 4.022985373596915659e-01 1.257359076680782728e+00 3.309356465202180075e+00 5.274336069977834995e+00 5.274336069977834995e+00 5.274336069977834995e+00 5.274336069977834995e+00
-8.029082746621465816e+00 -6.230675298447434507e+00 -3.472426252437927907e+00 -1.611286044557600938e+00 -9.718242010761386496e-01 3.142831163882769729e+00 3.198660622538564091e+00 4.128717479728734041e+00 2.761602328380714511e+00 1.136346186727262619e+00 -2.562003150211587865e+00 -1.569892374163373239e+00 1.172401705682869499e+00 3.156045890715051261e+00 5.217737996335022999e+00 5.217737996335022999e+00 5.217737996335022999e+00 5.217737996335022999e+00
-8.068108856406595919e+00 -6.895032700519651669e+00 -4.430273315947974133e+00 -2.929355748568544637e+00 -1.846983659172394487e+00 8.984099692374750701e-01 3.155176465889975468e+00 3.946024853187278136e+00 2.313500861881197856e+00 7.042174731813379829e-01 -2.566759979835081307e+00 -1.569663971980379102e+00 1.207530147057194414e+00 3.458667749162462890e+00 5.180857894771371264e+00 5.180857894771371264e+00 5.180857894771371264e+00 5.180857894771371264e+00
-8.063649884620076591e+00 -7.132547443037246637e+00 -5.052116352348698491e+00 -2.861227707121961394e+00 -1.600772787704456634e+00 -3.808963941154768773e-01 3.158064122724881351e+00 3.763660284318603999e+00 2.037631107496987504e+00 -2.877947897669633548e+00 -2.669230439324823845e+00 -1.315340751675475595e+00 1.262645292194595426e+00 3.664851705995795683e+00 5.105787598926704973e+00 5.105787598926704973e+00 5.105787598926704973e+00 5.105787598926704973e+00
-7.900357168809838626e+00 -7.113977161396796589e+00 -5.340036894883628982e+00 -3.674120142887227658e+00 -2.434101907452332014e+00 -1.084865434557450214e+00 1.264020724631737869e+00 2.983178949423896054e+00 1.926988870858863834e+00 -3.782710355547882486e+00 -2.363241458075540535e+00 -4.724230527631531062e-01 1.516310656461114181e+00 3.746614794953153638e+00 5.190854151864228605e+00 5.190854151864228605e+00 5.190854151864228605e+00 5.190854151864228605e+00
-8.348045862824781338e+00 -7.591022924180050424e+00 -6.174302944796031589e+00 -4.716509624117260380e+00 -3.042460461466351962e+00 -2.327415910157077938e+00 -7.948964287078190694e-01 2.745068547927849600e+00 1.322791442233681725e+00 -3.293296759820381503e+00 -1.692198475703514671e-01 1.029093646274600982e+00 1.875371539565158674e+00 4.190019183358550059e+00 5.379937388368844609e+00 5.379937388368844609e+00 5.379937388368844609e+00 5.379937388368844609e+00
-8.756593852686538781e+00 -7.643881438877562218e+00 -6.689383667343413720e+00 -5.376746027294744934e+00 -3.874224111069362486e+00 -2.198192750288880948e+00 -1.707994725406807079e+00 5.601742650930231493e-01 1.817088532010862512e+00 -4.442321011951306242e-01 3.713012875035074378e-01 3.439857042516140107e-01 2.164697685678762085e+00 4.680804174218769376e+00 5.268007045898990270e+00 5.268007045898990270e+00 5.268007045898990270e+00 5.268007045898990270e+00
-9.036109245788161104e+00 -8.283716476256422823e+00 -7.467417132439999605e+00 -6.161411045901926009e+00 -4.936569942345324868e+00 -3.710163935505807586e+00 -2.196099719908342518e+00 -1.344503978784258758e+00 1.500580146103251744e+00 1.221233849669847826e+00 4.114565770520937082e-01 3.517233733372808757e-01 1.877013565296410835e+00 4.748582491077543821e+00 5.211408972256182714e+00 5.211408972256182714e+00 5.211408972256182714e+00 5.211408972256182714e+00
-9.351634952709366289e+00 -8.475816155923576289e+00 -7.908603179493898239e+00 -7.272109820659141910e+00 -6.223877804356291676e+00 -4.867255782475866432e+00 -2.933077718375245446e+00 -1.814306131254391996e+00 3.254873061082984576e-01 1.070548133763974619e+00 6.379203650909520684e-01 4.365314264252627696e-01 1.248591074962335901e+00 4.103306146374461783e+00 5.146578207138863270e+00 5.146578207138863270e+00 5.146578207138863270e+00 5.146578207138863270e+00
-9.988617314842102246e+00 -9.012327625958537425e+00 -8.573700967432376530e+00 -8.088247163033042142e+00 -7.394733256282950862e+00 -6.502226711821815108e+00 -4.401765287244455038e+00 -2.163585739589536594e+00 -1.655897069207467487e+00 9.152851819986579374e-01 8.506180498220135000e-01 9.610529883883602853e-01 1.236500012629034861e-01 3.961326329819188530e+00 5.202638354869329795e+00 5.202638354869329795e+00 5.202638354869329795e+00 5.202638354869329795e+00
-1.028453045749654748e+01 -9.829797246351493101e+00 -9.324442415898195335e+00 -8.850438720747938248e+00 -8.286693609893426071e+00 -7.255674397973308487e+00 -5.601809723988167455e+00 -3.827231291991720852e+00 -1.453533018211417227e+00 -3.740705819113007147e-01 1.061520557231439454e+00 1.104556774095730942e+00 1.629364792218035984e-01 4.307492815028493460e+00 5.416166934015212320e+00 5.416166934015212320e+00 5.416166934015212320e+00 5.416166934015212320e+00
-1.037825694329338155e+01 -1.001180110970510739e+01 -9.556059252964473671e+00 -9.157827086400507355e+00 -8.621407072321552789e+00 -7.666556304475344419e+00 -6.373002608671297864e+00 -4.759922431311999880e+00 -2.751870960357701179e+00 -1.752374754788299960e+00 1.300248853801455384e+00 6.850004521422867754e-01 8.127755262441225259e-01 3.939148976895954668e+00 5.318276095462961095e+00 5.318276095462961095e+00 5.318276095462961095e+00 5.318276095462961095e+00
-1.034346657320928919e+01 -1.011012260608274360e+01 -9.722420122986676461e+00 -9.312458971819649989e+00 -8.841877567748266387e+00 -7.935732940126525747e+00 -6.645710101875975440e+00 -5.354906033368106222e+00 -3.747230880100118178e+00 -2.006337555029523934e+00 -1.959879758731009058e-01 9.322762520375758033e-01 4.989771669679068378e-01 2.953384171898580490e+00 5.261678021820151763e+00 5.261678021820151763e+00 5.261678021820151763e+00 5.261678021820151763e+00
-1.041188719055126910e+01 -1.011314321724311682e+01 -9.587402724823405720e+00 -9.443202209018211946e+00 -8.957691096706264844e+00 -8.089507851066111144e+00 -6.865085741046041079e+00 -5.614335016145488133e+00 -4.148895394873246545e+00 -2.802582775471291754e+00 -2.907540724908681096e+00 8.020778392455660821e-01 4.655149680734965711e-04 2.583736735727574896e+00 5.205079948177340654e+00 5.205079948177340654e+00 5.205079948177340654e+00 5.205079948177340654e+00
-1.045097101153425534e+01 -1.014771297608183964e+01 -9.864449891763250378e+00 -9.525118661896339489e+00 -9.037009399207065030e+00 -8.310509196665304188e+00 -6.997201687996565056e+00 -5.754418864845163739e+00 -4.786288835333699865e+00 -3.225367406799926506e+00 -2.375145517364019465e+00 1.829517363080954973e-01 -6.261378444751004857e-02 2.786403481595645992e+00 5.203512354953176100e+00 5.203512354953176100e+00 5.203512354953176100e+00 5.203512354953176100e+00
-1.051024535941464677e+01 -1.019425908987565776e+01 -9.875393100697767323e+00 -9.527912723868311673e+00 -9.126299689891908429e+00 -8.429035531927606684e+00 -7.186000028828498642e+00 -5.760500941766967031e+00 -5.192747172074254181e+00 -3.764476978344608149e+00 -1.893037546226362222e+00 -2.181135482559007077e-01 -1.945184527834341592e-01 2.280686264297235422e+00 5.449930191540259372e+00 5.449930191540259372e+00 5.449930191540259372e+00 5.449930191540259372e+00
-1.050154660068891666e+01 -1.022930856194501104e+01 -9.923330556869981223e+00 -9.612512172416995071e+00 -9.166609512357288381e+00 -8.602278283450250029e+00 -7.325734782866665462e+00 -5.797855058062715727e+00 -5.027554062615576136e+00 -3.413715902916134581e+00 -2.933467851757264544e+00 -1.154175760371808579e+00 6.252658331893513610e-01 2.349523783504042118e+00 5.423877413853975149e+00 5.423877413853975149e+00 5.423877413853975149e+00 5.423877413853975149e+00
-1.051997444097693624e+01 -1.027403755876735403e+01 -9.923178044784421559e+00 -9.580560678537771935e+00 -9.254514891492341633e+00 -8.629626923970887376e+00 -7.360992501223426743e+00 -5.853108547599719103e+00 -5.083273397177253905e+00 -3.756450465445994258e+00 -3.070904051605327645e+00 -2.313222122878110021e+00 2.974333590229722990e-01 2.218027283756102808e+00 5.311947071384121699e+00 5.311947071384121699e+00 5.311947071384121699e+00 5.311947071384121699e+00
-1.059417104066041482e+01 -1.023221011957955540e+01 -9.945082150954984712e+00 -9.579262436245310042e+00 -9.287713783989866911e+00 -8.715766329021924719e+00 -7.518155548731991544e+00 -5.867338119398936236e+00 -5.157759612802434113e+00 -3.799082520905954219e+00 -3.857203233542090715e+00 -1.634494506942222980e+00 -3.373200280388533034e-01 2.166445661951489576e+00 5.258210869269221099e+00 5.258210869269221099e+00 5.258210869269221099e+00 5.258210869269221099e+00
-1.060976168885257565e+01 -1.024069572133774209e+01 -9.960159586741594850e+00 -9.630883662395843814e+00 -9.318102488518636761e+00 -8.888348592128805237e+00 -7.590883599791240499e+00 -5.849484566753429426e+00 -5.255171095858536034e+00 -3.852205532191848469e+00 -4.127431744333099672e+00 -2.222747184950398580e+00 -9.044551945843384289e-01 2.101167048278349547e+00 5.083414939605113148e+00 5.083414939605113148e+00 5.083414939605113148e+00 5.083414939605113148e+00
