-1.040109978748208874e+01 -1.029255125525301651e+01 -9.948331520973908937e+00 -9.632969582021893018e+00 -9.300124272163673211e+00 -8.986621235929453277e+00 -8.358409386186197665e+00 -7.251991940912493995e+00 -4.776318569873828856e+00 -2.458419418774456577e+00 -2.298697387000830705e+00 5.237141698881868368e-02 5.572193720992654198e-01 1.832798241266624828e+00 5.276702446892504561e+00 5.276702446892504561e+00 5.276702446892504561e+00 5.276702446892504561e+00
-1.034999854312882483e+01 -1.018606664532972772e+01 -9.956475274380506946e+00 -9.785756972843792312e+00 -9.445200008089139843e+00 -8.888989826995157273e+00 -8.168439687642441882e+00 -6.722248697257106720e+00 -3.505049502943543782e+00 -2.758873339819665205e+00 -1.717261956475972351e+00 -4.578162188755503792e-02 1.364776081041694011e+00 1.953879742082121451e+00 5.312850786539389247e+00 5.312850786539389247e+00 5.312850786539389247e+00 5.312850786539389247e+00
-1.030070778314400570e+01 -9.916369866797936083e+00 -9.827878597927425020e+00 -9.890407789189010757e+00 -9.575487209869040228e+00 -9.037794136390203903e+00 -8.106872917092681874e+00 -6.672568108945194254e+00 -3.116558592544977468e+00 -3.462580855485525078e+00 -6.601453264859610259e-01 1.547212838681701896e-01 1.631160902560031101e+00 1.925201957129433206e+00 4.925355369560554308e+00 4.925355369560554308e+00 4.925355369560554308e+00 4.925355369560554308e+00
-1.044332214837307049e+01 -1.032820399297461655e+01 -9.697411723039373044e+00 -9.317442039391124808e+00 -9.175269665004197606e+00 -9.286449279442667404e+00 -8.157465876149354145e+00 -6.223328606617144487e+00 -3.182229049187543790e+00 -3.342978558688391999e+00 -1.126478669510650871e-01 4.778220486783015808e-01 1.323203014932143873e+00 2.135227587056775178e+00 4.826950108027478592e+00 4.826950108027478592e+00 4.826950108027478592e+00 4.826950108027478592e+00
-1.053015696150447589e+01 -1.031401613690821861e+01 -9.861535529758404195e+00 -9.579151480932829088e+00 -9.006364470581218029e+00 -8.664468677651257167e+00 -8.145852771371698609e+00 -4.934162798876467804e+00 -3.275210897701688051e+00 -3.183363334792046029e+00 1.043974830361778655e-01 6.588052500614770546e-01 1.696884649422808033e+00 2.312225729392621165e+00 4.747711265944379200e+00 4.747711265944379200e+00 4.747711265944379200e+00 4.747711265944379200e+00
-1.040255198096640754e+01 -1.002967729068216762e+01 -1.012235816253624598e+01 -9.818290725728267887e+00 -9.345448617854410500e+00 -8.531259869777043647e+00 -7.494347544995374477e+00 -3.867986480332408661e+00 -3.975562474951992442e+00 -1.780381955585972342e+00 3.999971855615074845e-01 1.024650625260717041e+00 1.729709290933405530e+00 2.137816561160063689e+00 4.458323915027925466e+00 4.458323915027925466e+00 4.458323915027925466e+00 4.458323915027925466e+00
-1.043043747465051219e+01 -1.024249757204364641e+01 -9.937610552895369764e+00 -9.773294215269489271e+00 -9.330515714046313747e+00 -8.516172464633799066e+00 -7.118812251417596215e+00 -2.552891914504766824e+00 -3.758602058993164352e+00 -3.807338431908391385e-01 6.221293845832360780e-01 1.749727360430481715e+00 1.607319484171757518e+00 3.267738886892949335e+00 4.224933859045098217e+00 4.224933859045098217e+00 4.224933859045098217e+00 4.224933859045098217e+00
-1.044976595887519544e+01 -1.008879923970975767e+01 -1.000174109844304482e+01 -9.724381869207075368e+00 -9.189877942964024271e+00 -8.316439739213098647e+00 -4.939002023419527099e+00 -2.773719448531148046e+00 -2.720945305599799635e+00 3.088173698146488566e-01 1.547382556083654936e+00 1.926287794176517298e+00 1.816445768693402130e+00 4.352583892978832303e+00 5.207446630930990139e+00 5.207446630930990139e+00 5.207446630930990139e+00 5.207446630930990139e+00
-1.037504062546916117e+01 -9.950040353829244566e+00 -9.503919492286209803e+00 -9.088210769551336554e+00 -8.346637179518948457e+00 -6.944954482065916146e+00 -3.668574091792397684e+00 -3.985157008109547760e+00 -1.743516499303018996e+00 1.087683304385719252e+00 2.136743498819653198e+00 2.645634313270693649e+00 3.347781594258043114e+00 4.818997212102471117e+00 5.174103962178112859e+00 5.174103962178112859e+00 5.174103962178112859e+00 5.174103962178112859e+00
-1.045467058093723445e+01 -1.007304161007883003e+01 -9.438332856308736751e+00 -8.443186154922157627e+00 -7.439754964076931820e+00 -5.596778841186690556e+00 -2.357335397682310152e+00 -3.754859999920347136e+00 -8.590555981765725380e-02 1.843206027913966816e+00 3.050183201659593557e+00 3.433300457262554062e+00 4.960854838615876616e+00 4.998816906576794672e+00 5.326422783551753248e+00 5.326422783551753248e+00 5.326422783551753248e+00 5.326422783551753248e+00
-1.028760664487776388e+01 -9.554214410474415331e+00 -9.012770155098102975e+00 -8.456799345646093258e+00 -7.004718977028256965e+00 -4.092168928657281768e+00 -3.490984515438948055e+00 -2.280355240516340753e+00 1.084659609544287306e+00 3.067975824436545818e+00 3.061102167039045696e+00 4.603020126533578171e+00 2.969274161441878057e+00 2.227568352475486346e+00 5.641638967539334359e+00 5.641638967539334359e+00 5.641638967539334359e+00 5.641638967539334359e+00
-9.895466503172920980e+00 -9.043611996969570299e+00 -8.296020610468904266e+00 -7.830451988430242594e+00 -5.466680213512390196e+00 -2.386066986943138346e+00 -2.733826369179100269e+00 4.497660134571372648e-02 2.476879402134738228e+00 3.117326354452086612e+00 4.497208562165567969e+00 3.734783567748310329e+00 1.955606597962247672e+00 2.502079611018391603e+00 5.431646894981903451e+00 5.431646894981903451e+00 5.431646894981903451e+00 5.431646894981903451e+00
-9.414678403353022418e+00 -8.607681593172708645e+00 -7.918884713967273115e+00 -6.327365887320166138e+00 -4.376120454391089432e+00 -3.046101244407791953e+00 -2.744126912004330343e+00 9.484958753810805998e-01 3.175763205100004427e+00 4.070370004635114114e+00 4.688820718065811022e+00 2.005544539465164089e+00 5.095089698762368391e-01 2.432243888074674398e+00 5.276378137377371047e+00 5.276378137377371047e+00 5.276378137377371047e+00 5.276378137377371047e+00
-1.004383270255496896e+01 -7.875000127603628997e+00 -6.760010783939861767e+00 -5.287150889281194033e+00 -3.162024327504941112e+00 -1.870622578129796487e+00 -1.849837857243001427e+00 2.317753426534935990e+00 3.314419085707188017e+00 5.008467068871416572e+00 3.263168094755881654e+00 -1.806315878568758748e+00 3.928080280317421402e-01 2.562645221485686076e+00 5.151448589944275014e+00 5.151448589944275014e+00 5.151448589944275014e+00 5.151448589944275014e+00
-9.438167743542738464e+00 -7.618127921340489550e+00 -5.826241718814248571e+00 -4.493718382496883379e+00 -2.063823247715442122e+00 -2.754376823489067316e+00 1.721595440221110607e-01 3.044354290604027291e+00 3.536724868302937974e+00 5.497500759361147793e+00 4.456388667939876314e+00 -9.169389947102561944e-01 9.921169768269960665e-01 2.470986942644498363e+00 5.214683449643896296e+00 5.214683449643896296e+00 5.214683449643896296e+00 5.214683449643896296e+00
-9.035556246065828745e+00 -6.883850527175650491e+00 -5.135619604752468703e+00 -3.680994986699834381e+00 -1.605341137138130758e+00 -1.909604094925969608e+00 2.059730783364654094e+00 2.970261961255753924e+00 4.139231387413372154e+00 6.322090045276960169e+00 6.019007173799117538e+00 1.937429800019611070e+00 8.852966288098180758e-01 2.783015032413391321e+00 5.166805958712378910e+00 5.166805958712378910e+00 5.166805958712378910e+00 5.166805958712378910e+00
-8.675365962502974426e+00 -6.471272184264562632e+00 -4.560070407367462053e+00 -2.609623405821132724e+00 -1.694788832155976976e+00 -1.058278492120646730e+00 3.118317337334821637e+00 3.374410879788789508e+00 4.210690297700951490e+00 5.091970778213218196e+00 4.579494837980574218e+00 4.708623950938108038e+00 3.728804521772324243e+00 3.226487088229941236e+00 5.348244875400511411e+00 5.348244875400511411e+00 5.348244875400511411e+00 5.348244875400511411e+00
-7.948565034433351606e+00 -6.138475152875002117e+00 -4.245051089215065687e+00 -1.772012436976967198e+00 -2.239993354820912330e+00 7.241393384284450230e-01 3.473239351783445006e+00 3.871125415949133952e+00 4.120326437891177918e+00 3.225355635859545433e+00 3.366514124432009147e+00 3.169214675857981334e+00 3.949640016143169508e+00 5.158857806452019190e+00 5.349013391806447970e+00 5.349013391806447970e+00 5.349013391806447970e+00 5.349013391806447970e+00
-7.405509728076034470e+00 -6.022641008546951724e+00 -4.092090454041866110e+00 -1.699004349637756262e+00 -1.764983089123262072e+00 2.029084975103160549e+00 3.123201100951121578e+00 3.822152374465087377e+00 3.776894446150430795e+00 1.779162438431457716e+00 1.528363085966191193e+00 1.566998492894061012e+00 2.819330928027611982e+00 4.291877939427527267e+00 5.128793217710812868e+00 5.128793217710812868e+00 5.128793217710812868e+00 5.128793217710812868e+00
-7.915730113677662771e+00 -6.095886482167253817e+00 -3.773591597156566557e+00 -2.642810228362889369e+00 -1.555485170113537041e+00 2.392592850228612456e+00 3.039778534268624988e+00 4.049004136177011937e+00 3.079895108316441643e+00 1.541596812750930301e+00 7.578381852294180376e-01 1.001692742739226816e+00 1.996754231357211529e+00 3.644480665311705003e+00 5.351252528346984505e+00 5.351252528346984505e+00 5.351252528346984505e+00 5.351252528346984505e+00
-8.195788193079065920e+00 -6.226357109056213091e+00 -3.944549997406686881e+00 -1.560487645767662634e+00 -1.585577547400096154e+00 2.136474456869241756e+00 3.118747416108929027e+00 4.008522958183523777e+00 3.001086450956382379e+00 1.410718837610655418e+00 5.870157278763192821e-01 3.845669201957131467e-01 1.281141548577593881e+00 3.345047637123200523e+00 5.240087920271583322e+00 5.240087920271583322e+00 5.240087920271583322e+00 5.240087920271583322e+00
-8.056751655023317582e+00 -6.253182212890543212e+00 -3.905486073932433744e+00 -1.829709710639538134e+00 -1.338599896707638459e+00 2.281934809851214219e+00 3.174829607019633571e+00 4.070521916436275589e+00 2.796027839690618855e+00 1.192912209281119740e+00 -2.554025139959395396e+00 -1.546122203310570598e+00 1.203693172426728797e+00 3.196786822489291691e+00 5.192210429340067712e+00 5.192210429340067712e+00 5.192210429340067712e+00 5.192210429340067712e+00
-8.074525351166832010e+00 -6.862089475824380003e+00 -4.627417006575417879e+00 -2.739942428082934978e+00 -1.645495269603964195e+00 8.871351837322294376e-01 3.150068867158037023e+00 3.942717304715645632e+00 2.339968873720322140e+00 8.084038345228267142e-01 -2.550873173721712739e+00 -1.533866316285096953e+00 1.236261015362712712e+00 3.510104236639281172e+00 5.401786130078904513e+00 5.401786130078904513e+00 5.401786130078904513e+00 5.401786130078904513e+00
-8.032201298358332409e+00 -7.164115069714043216e+00 -4.951349125664550321e+00 -2.859100712408940037e+00 -1.373961567587060895e+00 -1.064380303807109795e+00 3.172650568066366361e+00 3.726262955120128506e+00 2.053428931025552906e+00 -1.788903644286138350e+00 -2.649067337208641071e+00 -1.187023299475326921e+00 1.244808804383783718e+00 3.748715764045661203e+00 5.266379888630984496e+00 5.266379888630984496e+00 5.266379888630984496e+00 5.266379888630984496e+00
-7.939881486798667787e+00 -7.111811527600207405e+00 -5.558743418819300786e+00 -3.978035956666963191e+00 -2.962848163835566151e+00 -1.663384907407303048e+00 8.407134445915134258e-01 2.969055564853042561e+00 1.917325384417288170e+00 -3.717934318034474828e+00 -2.365448284666864520e+00 -4.849964320794989958e-01 1.456428026795974162e+00 3.732480647028189491e+00 5.441260028453227982e+00 5.441260028453227982e+00 5.441260028453227982e+00 5.441260028453227982e+00
-8.302227823799816164e+00 -7.711762478755716188e+00 -6.447134132066668855e+00 -4.884466277139090096e+00 -3.012733778549923080e+00 -1.992990992857079036e+00 -8.776725758395547139e-01 2.271345068277342616e+00 1.518693209338768613e+00 -3.246382527138515606e+00 -1.459966216857854771e-01 1.014973316284653704e+00 1.843163936923199575e+00 4.126437393136118459e+00 5.366328266887841814e+00 5.366328266887841814e+00 5.366328266887841814e+00 5.366328266887841814e+00
-8.710661746894720281e+00 -7.743949098905603456e+00 -6.795242541154590477e+00 -5.452794278676840634e+00 -4.134727994772385173e+00 -2.574217328538850769e+00 -2.137559604921469347e+00 1.698375997453908937e-01 1.844213356540735482e+00 -3.008792148848262182e-01 4.449213589569416816e-01 3.032605870800449965e-01 2.207082316337364070e+00 4.645035261952868311e+00 5.265492390899269459e+00 5.265492390899269459e+00 5.265492390899269459e+00 5.265492390899269459e+00
-9.069015947001251021e+00 -8.211983443357439683e+00 -7.376687078207465831e+00 -6.295584587990115111e+00 -5.070549121433462147e+00 -3.894327858672169906e+00 -1.771547732440404754e+00 -1.545499865672320006e+00 1.056713103315306768e+00 1.452305418261280234e+00 4.221380747451395354e-01 4.068290997021493105e-01 1.854626875749663562e+00 4.761417320898851280e+00 5.217614899967747633e+00 5.217614899967747633e+00 5.217614899967747633e+00 5.217614899967747633e+00
-9.337192212924882995e+00 -8.495189091787324287e+00 -7.952516264301253024e+00 -7.261271070285113538e+00 -6.213560185006334002e+00 -4.979723317373569991e+00 -2.688115165977312593e+00 -2.151899331201685417e+00 -9.752414578289601843e-02 9.695093020022657049e-01 9.512135672143955389e-01 4.996302537642944852e-01 1.169785470818977657e+00 4.103894466728720047e+00 5.133510589420021475e+00 5.133510589420021475e+00 5.133510589420021475e+00 5.133510589420021475e+00
-9.904281029658859481e+00 -8.953176484533223345e+00 -8.529138537529245667e+00 -8.067843638555466157e+00 -7.333584158662167951e+00 -6.416153779145301606e+00 -4.513834636190646066e+00 -2.265150578995962949e+00 -1.916394008012246131e+00 6.579906310805552216e-01 1.129270028215829891e+00 9.811115659703559810e-01 1.001276482016091179e-01 3.919436286547191450e+00 5.343641222472976793e+00 5.343641222472976793e+00 5.343641222472976793e+00 5.343641222472976793e+00
-1.030055208967996627e+01 -9.806870535041982251e+00 -9.300392683982062536e+00 -8.814424562338087910e+00 -8.259995513664526001e+00 -7.201548839351382014e+00 -5.502728088186000122e+00 -3.117792629424154249e+00 -2.542116491929138800e+00 -2.106832238454918182e-01 9.649134938243157933e-01 1.130553466978958754e+00 3.365985809267745821e-01 4.401690637408522733e+00 5.439610228447037343e+00 5.439610228447037343e+00 5.439610228447037343e+00 5.439610228447037343e+00
-1.035826435631502918e+01 -1.001263375634949959e+01 -9.558667518970622723e+00 -9.139187381572831725e+00 -8.564247087713779294e+00 -7.639438792549277935e+00 -6.331406204299960372e+00 -3.945456767324921898e+00 -2.752421130522292980e+00 -2.213555299403363819e+00 7.175894414954623324e-01 1.015622405418790564e+00 7.793432813021499150e-01 3.795376133734710944e+00 5.338774352458470318e+00 5.338774352458470318e+00 5.338774352458470318e+00 5.338774352458470318e+00
-1.038130929532337632e+01 -1.010004874393615282e+01 -9.715718452947529116e+00 -9.293712737505666510e+00 -8.793354909160536081e+00 -7.886032351907445559e+00 -6.627720359061088473e+00 -5.283537566337875191e+00 -3.153814135944494002e+00 -2.621257210940477922e+00 -2.645654551981128574e-02 1.207291943110203158e+00 5.625515242713279296e-01 2.850287492528615463e+00 5.290896861526956485e+00 5.290896861526956485e+00 5.290896861526956485e+00 5.290896861526956485e+00
-1.042682105392959002e+01 -1.013729619036828566e+01 -9.700956116878987956e+00 -9.421047705872652500e+00 -8.922029260284993768e+00 -8.066310812206783254e+00 -6.856723697805399809e+00 -5.579653551363892738e+00 -3.898271245132286289e+00 -2.325543714113466720e+00 -1.442094301124031697e+00 7.515853449740093062e-01 4.986870628893092516e-01 2.630956255893395213e+00 5.243019370595436435e+00 5.243019370595436435e+00 5.243019370595436435e+00 5.243019370595436435e+00
-1.043961313158541415e+01 -1.013158145995613779e+01 -9.876840287850123801e+00 -9.485844939245767549e+00 -9.037873322720441749e+00 -8.268679567375444961e+00 -7.033705310373394859e+00 -5.721326421858926814e+00 -4.797575443847000187e+00 -2.205914203099171189e+00 -2.168721254207672811e+00 2.230433978381436422e-01 7.024881329904648641e-01 2.760749578405621296e+00 5.211478717717871412e+00 5.211478717717871412e+00 5.211478717717871412e+00 5.211478717717871412e+00
-1.048586278687042217e+01 -1.018920109133109264e+01 -9.824671099210059211e+00 -9.494930453136598558e+00 -9.132347301499535774e+00 -8.401587682392753109e+00 -7.166528314159386959e+00 -5.767663940551518209e+00 -5.077352987673401152e+00 -2.925440926024239552e+00 -2.671866529001722945e+00 4.023178735368511394e-03 5.160130097541596461e-01 2.379037341733489352e+00 5.512892190006238202e+00 5.512892190006238202e+00 5.512892190006238202e+00 5.512892190006238202e+00
-1.050156711528749121e+01 -1.020661746880097809e+01 -9.924499050584820736e+00 -9.572628772755173543e+00 -9.159124257200115693e+00 -8.566731663636222294e+00 -7.327540999343868933e+00 -5.820604777208678193e+00 -4.969152686414405551e+00 -3.340536528537876748e+00 -2.189248828895049126e+00 -4.284614347263364098e-01 3.226626216203470898e-02 2.343813569019105092e+00 5.465014699074723481e+00 5.465014699074723481e+00 5.465014699074723481e+00 5.465014699074723481e+00
-1.052626037911675283e+01 -1.027335801642261792e+01 -9.910872607025641656e+00 -9.594611295095255343e+00 -9.251038057520787561e+00 -8.584112324171870867e+00 -7.375322136468975387e+00 -5.911187023590513512e+00 -5.092882647660220030e+00 -3.038661295701284626e+00 -3.115741298463448050e+00 -1.387033766304493820e+00 3.105872379613676126e-01 2.235065673536762887e+00 5.364178823086151127e+00 5.364178823086151127e+00 5.364178823086151127e+00 5.364178823086151127e+00
-1.058244389402865338e+01 -1.026047636801460428e+01 -9.940993664265894481e+00 -9.639212848862225513e+00 -9.261517841759243197e+00 -8.680846931358111362e+00 -7.599405011840277169e+00 -5.925314597478779532e+00 -5.164373521134521638e+00 -3.644882912029566491e+00 -3.347456471583873050e+00 -1.808233341681854567e+00 -5.795937265754329271e-02 2.279091668896264355e+00 5.317244202801272301e+00 5.317244202801272301e+00 5.317244202801272301e+00 5.317244202801272301e+00
-1.059745938877568605e+01 -1.028094924743030880e+01 -9.985543021371906747e+00 -9.642316938839996965e+00 -9.301003473695780954e+00 -8.866105208669047499e+00 -7.568686686219962212e+00 -5.891350291416145524e+00 -5.199431684846937074e+00 -3.756295485176047499e+00 -3.721322147422921667e+00 -2.166014640392624813e+00 -3.628184401324089370e-01 2.443508664838229816e+00 5.039461035824528423e+00 5.039461035824528423e+00 5.039461035824528423e+00 5.039461035824528423e+00
