-1.026322008931784069e+01 -1.035562833308748765e+01 -1.001890992583460260e+01 -9.687595166978432815e+00 -9.359811927482535765e+00 -8.982333627918482222e+00 -8.305640817565782541e+00 -7.323902105947714070e+00 -4.795407204974409865e+00 -3.153850119157731946e+00 -2.054764794844721632e+00 -2.605725074980151490e+00 -9.909746620081677504e-03 1.876037556900701730e+00 4.789221770554203061e+00 4.789221770554203061e+00 4.789221770554203061e+00 4.789221770554203061e+00
-1.021589407962621365e+01 -1.023083429107946429e+01 -1.012068240777859707e+01 -9.957839168579372569e+00 -9.537582363652072459e+00 -8.951648246601262571e+00 -8.263349084943181211e+00 -7.061193939473664472e+00 -4.764970953822361466e+00 -2.073398636529967476e+00 -1.997419142137950132e+00 -5.559770418216005705e-01 -4.313463979557505823e-01 2.134609071355612286e+00 5.003486046979299218e+00 5.003486046979299218e+00 5.003486046979299218e+00 5.003486046979299218e+00
-1.024328631119283095e+01 -1.012354015387121464e+01 -9.638952160274554259e+00 -9.682092235312964590e+00 -9.730031182501894804e+00 -9.190155641356462013e+00 -8.176026808724763839e+00 -6.978485320181329499e+00 -4.206115055132571889e+00 -2.486670872637514407e+00 -3.045170830231772818e+00 -1.086347552281817508e-01 -2.255184482899421916e-01 2.173374434662591614e+00 4.937167922894898808e+00 4.937167922894898808e+00 4.937167922894898808e+00 4.937167922894898808e+00
-1.020299333992639568e+01 -1.016426736794201524e+01 -9.990199626201235361e+00 -9.294529314597838265e+00 -9.226510896150079688e+00 -9.242770257964789238e+00 -8.305788448568884874e+00 -6.765728429308421887e+00 -3.003235447267505798e+00 -2.637605388128204442e+00 -1.752281657730609510e+00 7.015767160948321868e-02 2.479109490234855107e-01 2.325409836195863278e+00 4.511951085106122861e+00 4.511951085106122861e+00 4.511951085106122861e+00 4.511951085106122861e+00
-1.052909003897081419e+01 -1.032433480374424839e+01 -1.001552487190052609e+01 -9.644934988284795452e+00 -9.112755776059463741e+00 -8.703493890832866953e+00 -8.112031834515217810e+00 -6.339602232063077381e+00 -2.372827731627843217e+00 -2.654664309652193133e+00 -7.076890720627497799e-01 2.048666544861512118e-01 1.446466220602580233e+00 2.407958574566664733e+00 4.517470975517070997e+00 4.517470975517070997e+00 4.517470975517070997e+00 4.517470975517070997e+00
-1.051375984196715407e+01 -9.996121507869874634e+00 -1.025021454489347583e+01 -1.000578958061826995e+01 -9.384790519273522591e+00 -8.685360047081342572e+00 -7.874042687551464859e+00 -5.100309279525665929e+00 -2.996000462064704273e+00 -2.650146856353617686e+00 -3.792948039381390801e-01 1.447537090481956223e+00 1.178282998155888439e+00 2.177489053276953079e+00 4.404932714700856344e+00 4.404932714700856344e+00 4.404932714700856344e+00 4.404932714700856344e+00
-1.041176143789611253e+01 -1.043524868513846471e+01 -9.991643488605646439e+00 -9.652859942982038532e+00 -9.414119012466496628e+00 -8.675645099646159153e+00 -7.653465081081195720e+00 -3.475396171769420839e+00 -3.222276384919972703e+00 -1.120307202347784026e+00 -4.701716240802000790e-01 1.394903670894074299e+00 1.586796066400683713e+00 3.376997295410261835e+00 4.231835083791345653e+00 4.231835083791345653e+00 4.231835083791345653e+00 4.231835083791345653e+00
-1.065622417600900285e+01 -1.016742973163456121e+01 -1.000106676359450297e+01 -9.995386520401485342e+00 -9.322268160218406763e+00 -8.243990505829492221e+00 -6.009364660430751570e+00 -2.527664046841881618e+00 -2.644169534879617700e+00 3.421478438846647929e-02 1.451633111611074334e+00 2.133641791390518350e+00 1.837611646999305126e+00 4.343678944672515918e+00 4.985486768801322910e+00 4.985486768801322910e+00 4.985486768801322910e+00 4.985486768801322910e+00
-1.057596445629440751e+01 -1.030737182113885808e+01 -9.670471061152809966e+00 -9.076041530280367198e+00 -8.204487036971819691e+00 -7.057225803737168235e+00 -3.550840360976422083e+00 -3.364316961179877996e+00 -6.763348222267556720e-01 6.079597709443622655e-01 2.178790971290458955e+00 2.768489276426421508e+00 3.444132289542854775e+00 4.766012244568278433e+00 4.971818124802633854e+00 4.971818124802633854e+00 4.971818124802633854e+00 4.971818124802633854e+00
-1.024175680622999351e+01 -9.977257686572672313e+00 -9.546743773735965277e+00 -8.470623014245354909e+00 -7.399821960990136560e+00 -5.057055564921748569e+00 -2.861188674725075654e+00 -2.545200563771806479e+00 2.596697226143759862e-01 2.118150409251172928e+00 3.058565652788508338e+00 3.463425670577402027e+00 4.939673823617630966e+00 4.935976664873042097e+00 5.378645394113423350e+00 5.378645394113423350e+00 5.378645394113423350e+00 5.378645394113423350e+00
-1.025558275513832740e+01 -9.500331795980857308e+00 -8.784718818236580518e+00 -8.414425997849800609e+00 -6.889381770319644716e+00 -2.921452975748681347e+00 -3.388609899293071326e+00 -2.379742744501638640e-01 2.013886206355293584e+00 3.104191883034856936e+00 3.122198281957606625e+00 4.633983524073021165e+00 2.833354963387879621e+00 2.380280734245943997e+00 5.427754821555671683e+00 5.427754821555671683e+00 5.427754821555671683e+00 5.427754821555671683e+00
-9.882684899432538472e+00 -9.032814419519823446e+00 -8.133168185458769628e+00 -7.511593632728068570e+00 -4.607600220661757007e+00 -2.882366168227112446e+00 -1.971132386038162654e+00 8.512766523928883000e-01 2.960435417126761060e+00 3.195939724671324367e+00 4.494721511737327369e+00 3.726536648641884941e+00 1.024072294016572737e+00 2.516352945800271357e+00 4.953242340054609727e+00 4.953242340054609727e+00 4.953242340054609727e+00 4.953242340054609727e+00
-9.598603428880577937e+00 -8.606670186334515193e+00 -7.528978289929307621e+00 -5.929877234847390710e+00 -2.709194184330425692e+00 -3.466891385744827581e+00 1.820336630925070698e-02 3.059765225521958509e+00 3.306209344277509565e+00 4.113443064477658950e+00 4.752090477089367049e+00 -1.416801735147159569e-01 5.022791689185092112e-01 2.439520061396200479e+00 4.883894123708564905e+00 4.883894123708564905e+00 4.883894123708564905e+00 4.883894123708564905e+00
-1.012120145049621200e+01 -8.003678002773291666e+00 -6.416762848004090358e+00 -3.928033845225068266e+00 -3.076656009655392765e+00 -1.556076545982212567e+00 1.322508395156543948e+00 3.143985439950764516e+00 3.329008306867144107e+00 5.025178698935981458e+00 3.332388024855925224e+00 -1.865919885786582633e+00 4.019158088165540876e-01 2.686613570188802314e+00 4.660430223078164680e+00 4.660430223078164680e+00 4.660430223078164680e+00 4.660430223078164680e+00
-9.469110917078388923e+00 -7.485610351638478654e+00 -5.068025078921595039e+00 -2.305216544494908426e+00 -2.278618097588387403e+00 7.796811825132410334e-02 3.131235613491942349e+00 3.253414481382822743e+00 3.579004513100805696e+00 5.671508156166487069e+00 4.561502012797262751e+00 -7.676632053504119924e-01 9.311255060723024890e-01 2.744763665817187892e+00 4.842984992122236321e+00 4.842984992122236321e+00 4.842984992122236321e+00 4.842984992122236321e+00
-9.238335531395200917e+00 -6.871198167499672493e+00 -4.052055165155438843e+00 -2.673774562541174404e+00 -1.069870106859917680e+00 1.915192404417684013e+00 3.072900314438698821e+00 3.106851321726260995e+00 4.207690861578866404e+00 6.287062310635761264e+00 6.075204326079671091e+00 2.003133463553120386e+00 7.526496616364947156e-01 2.808109654654595833e+00 5.002396571627688360e+00 5.002396571627688360e+00 5.002396571627688360e+00 5.002396571627688360e+00
-8.634469941299061091e+00 -5.998386799033846195e+00 -2.939597679783453543e+00 -2.053890861015950087e+00 -3.861539892661122186e-01 3.006854797473223151e+00 3.221461318432959686e+00 3.342668977623754589e+00 4.214836841477744400e+00 5.022260592969675308e+00 4.554939123279806878e+00 4.807241601164317757e+00 3.659853983490613416e+00 3.324105863798973104e+00 5.228351451373464798e+00 5.228351451373464798e+00 5.228351451373464798e+00 5.228351451373464798e+00
-7.834107042532975740e+00 -5.664562587481773548e+00 -2.707653597626386688e+00 -1.723804641043873209e+00 1.180077894203844235e-01 2.721437315148721670e+00 3.604365727844906608e+00 3.905778011819728945e+00 4.114316504218144210e+00 3.212839209311304067e+00 3.224679883039435868e+00 3.158550727615843101e+00 4.035211024211452724e+00 5.168495924122818330e+00 4.848452168169000487e+00 4.848452168169000487e+00 4.848452168169000487e+00 4.848452168169000487e+00
-7.544381382095561861e+00 -5.831730384360989561e+00 -2.616881530620753793e+00 -1.042664682546166732e+00 8.718220035845247740e-01 3.123792615186128163e+00 3.188616660349266496e+00 3.925770715267315580e+00 3.837117850582476120e+00 1.801247162709703309e+00 1.336264307708689980e+00 1.452290041968407941e+00 2.764684492929403881e+00 4.393957186197248177e+00 4.699970799948674838e+00 4.699970799948674838e+00 4.699970799948674838e+00 4.699970799948674838e+00
-8.196756518561592486e+00 -5.736555439409572799e+00 -2.405363264289759773e+00 -7.527775091692996412e-01 1.573253753495148954e+00 3.103221335408473003e+00 3.148135240122463596e+00 4.037195337871846590e+00 3.154652274505189702e+00 1.562975108421891246e+00 -8.532003994664274504e-01 8.243819268519456678e-01 1.967571798123696203e+00 3.653812345166651987e+00 4.749140043303983205e+00 4.749140043303983205e+00 4.749140043303983205e+00 4.749140043303983205e+00
-8.136373711024692312e+00 -6.073169085602886597e+00 -3.298154586837025892e+00 -1.567687657657793610e+00 8.742808128349230934e-01 3.136780794040220144e+00 3.218088780009737526e+00 4.091347857855150316e+00 3.062077649305377403e+00 1.459176422549003593e+00 -1.026451150787025313e+00 9.140630850336537577e-03 1.289719489700737798e+00 3.349680039848883517e+00 4.768711317224892277e+00 4.768711317224892277e+00 4.768711317224892277e+00 4.768711317224892277e+00
-8.180071097778622402e+00 -6.531078274497058800e+00 -3.763679448112652537e+00 -1.634025865858407478e+00 2.990063078261695484e-01 3.257090368573263284e+00 3.255333038996538253e+00 4.178840095527762699e+00 2.757896018714627751e+00 1.158159171966113288e+00 -2.764562407507470176e+00 -1.807576774335221126e+00 1.239024941474206720e+00 3.219619459953909413e+00 4.755057861456068125e+00 4.755057861456068125e+00 4.755057861456068125e+00 4.755057861456068125e+00
-8.065532977309768370e+00 -6.709750133762102386e+00 -3.610809251272587339e+00 -2.271527583190491750e+00 -2.009845559139198379e-01 3.184180171382859026e+00 3.280838186952741875e+00 4.062740433679204344e+00 2.379386179779822363e+00 -4.202528129578658733e-01 -2.825315146369894670e+00 -1.637842192089284499e+00 1.218309040440134439e+00 3.495414363865338103e+00 4.835138909868254231e+00 4.835138909868254231e+00 4.835138909868254231e+00 4.835138909868254231e+00
-8.126248351887099375e+00 -7.140889885887906630e+00 -4.450771681054726869e+00 -1.790369090554094544e+00 -5.065981866885967966e-01 2.381007197920551377e+00 3.214635286540620029e+00 3.807373343630743534e+00 2.124554502090336250e+00 -4.011221917336991183e+00 -2.970343195938801806e+00 -1.201488411676723267e+00 1.276899808736741360e+00 3.719490180039560556e+00 4.658916922725844678e+00 4.658916922725844678e+00 4.658916922725844678e+00 4.658916922725844678e+00
-7.920561978767830524e+00 -7.241570246835715707e+00 -5.194975507702325856e+00 -2.662936214186943928e+00 -8.544723256636450603e-01 8.549926325483749867e-01 3.228420358569838555e+00 3.066587413433432552e+00 2.155817747131733242e+00 -4.387296090106208801e+00 -2.790211986551826229e+00 -6.288436511136507034e-01 1.564318549578556317e+00 3.732777590996745776e+00 4.712424753689301582e+00 4.712424753689301582e+00 4.712424753689301582e+00 4.712424753689301582e+00
-8.408254425372767571e+00 -7.667693589080977645e+00 -6.386856117209406491e+00 -3.728045202799391333e+00 -1.461622905064226874e+00 -1.506589094463257616e+00 1.511968607742678605e+00 2.809487197716066476e+00 1.408978511487848806e+00 -3.940363111501341109e+00 -2.198014941119861287e+00 1.142119273345304720e+00 1.887674004888669987e+00 4.100739720317173820e+00 4.706889818885711563e+00 4.706889818885711563e+00 4.706889818885711563e+00 4.706889818885711563e+00
-8.919428176875424441e+00 -7.913553540812028331e+00 -6.848551326254836980e+00 -5.181897755470147970e+00 -2.685482223071925745e+00 -1.161895820013031599e+00 -1.767992266018340919e+00 1.510631247582903569e+00 2.045771972486715828e+00 -1.614381323581885352e+00 -8.835650753070715124e-01 3.986262155578813582e-01 2.136920512277514561e+00 4.321360529925147631e+00 4.694437642327539351e+00 4.694437642327539351e+00 4.694437642327539351e+00 4.694437642327539351e+00
-9.212071435698657496e+00 -8.452831949788048860e+00 -7.606165137950579691e+00 -6.073845894300502479e+00 -4.235366432589358077e+00 -2.452570967917250488e+00 -3.198425590823783082e+00 -1.326158608138710449e+00 1.292357046010483401e+00 1.564236331896388998e+00 -9.710059634937217021e-01 -3.348481556584902985e-01 1.795294967626237304e+00 4.497270287964506785e+00 4.655284441999711476e+00 4.655284441999711476e+00 4.655284441999711476e+00 4.655284441999711476e+00
-9.421474406044371364e+00 -8.593157888409331591e+00 -8.110587913037594632e+00 -7.384539757600203203e+00 -6.114137871496486909e+00 -4.230949820446645582e+00 -2.503359193580178665e+00 -2.606894717377910897e+00 2.392849564798357753e-02 1.000904069254668460e+00 -8.629664599510700196e-01 1.897164351197865306e-01 1.589782901108981239e+00 4.092964697606475077e+00 4.646954792954668179e+00 4.646954792954668179e+00 4.646954792954668179e+00 4.646954792954668179e+00
-1.025557176377224877e+01 -9.055943844219079608e+00 -8.748019688104626823e+00 -8.298920850835417085e+00 -7.431825450359377250e+00 -6.706167295033615083e+00 -3.937045123181038164e+00 -2.941740461191712619e+00 -2.262657638022842921e+00 -6.433994583979937287e-01 4.933117067526857080e-01 4.002235968786149733e-02 2.295905878308453496e-01 4.028394031825701660e+00 4.651804534560772808e+00 4.651804534560772808e+00 4.651804534560772808e+00 4.651804534560772808e+00
-1.044593865992923476e+01 -1.001557333314809917e+01 -9.532433795111384001e+00 -9.135413837727321962e+00 -8.724243638273229351e+00 -7.500805307068752370e+00 -5.818436765222232410e+00 -2.886548102091212264e+00 -2.901492734506864402e+00 -3.082509841816483132e+00 -9.202867344372542280e-02 2.569740727225615640e-01 -6.526226458595736357e-01 4.243087006585184007e+00 4.646269599757179236e+00 4.646269599757179236e+00 4.646269599757179236e+00 4.646269599757179236e+00
-1.049348761661824803e+01 -1.015172125766289390e+01 -9.740225307110462083e+00 -9.427295891326721744e+00 -9.020209753469057290e+00 -7.927287865269308398e+00 -6.348936253442607480e+00 -5.370456816868132144e+00 -3.418210015143473335e+00 -3.412195559439948234e+00 -2.659400863098498213e+00 1.905009467662011069e-01 -8.213506417861500264e-01 3.915394485770668620e+00 4.633817423199008800e+00 4.633817423199008800e+00 4.633817423199008800e+00 4.633817423199008800e+00
-1.052515609464084001e+01 -1.027280749399911741e+01 -9.950832464038935399e+00 -9.576662553411750878e+00 -9.219976365551435293e+00 -8.264563906667454773e+00 -6.664771476395753957e+00 -5.690821194407824635e+00 -3.761477152756681264e+00 -3.064668386702831704e+00 -2.630425765586582365e+00 -3.271981342110565072e-02 -3.912793682206857637e-01 3.062940877931101369e+00 4.620163967430186425e+00 4.620163967430186425e+00 4.620163967430186425e+00 4.620163967430186425e+00
-1.048377746602024985e+01 -1.025081723224135288e+01 -9.939293868713340530e+00 -9.653307039244966248e+00 -9.227691577127204781e+00 -8.411839023845869789e+00 -6.939109055441761598e+00 -5.701693798011707059e+00 -4.841724870149521465e+00 -2.254080867585545711e+00 -2.474506898691168022e+00 -5.028134900919389860e-01 -4.796340035244534006e-01 2.700906778340629977e+00 4.543985843094505483e+00 4.543985843094505483e+00 4.543985843094505483e+00 4.543985843094505483e+00
-1.055491701067534827e+01 -1.032221317622881784e+01 -1.001218657161478021e+01 -9.716114079287342165e+00 -9.309332236554732631e+00 -8.625020068972018450e+00 -7.199776874529558057e+00 -5.799706035101699797e+00 -5.521163690709066429e+00 -2.742867641618463193e+00 -2.092390290636794603e+00 -2.210535216844982997e+00 -2.480963840942194687e-01 2.451511505054555951e+00 4.522995812635448587e+00 4.522995812635448587e+00 4.522995812635448587e+00 4.522995812635448587e+00
-1.060307814995555376e+01 -1.028135954521886575e+01 -9.974504949496013850e+00 -9.665516955838619140e+00 -9.347033668689133989e+00 -8.680311507019254691e+00 -7.337099509744216874e+00 -5.914769352008134362e+00 -5.769533319735482557e+00 -3.893948633989140262e+00 -1.636753154981219760e+00 -3.225242310159482706e+00 -4.537502691779793929e-01 2.107797125732413512e+00 4.585649380628648686e+00 4.585649380628648686e+00 4.585649380628648686e+00 4.585649380628648686e+00
-1.060660980398437125e+01 -1.028573831563581464e+01 -1.005653777083624156e+01 -9.730448275521244028e+00 -9.330351018269112728e+00 -8.815633123374746916e+00 -7.558488838472092297e+00 -5.741988873477481548e+00 -5.441781021800437657e+00 -4.037049005268832147e+00 -2.006619803509726463e+00 -1.952608149160623086e+00 -5.746178028862887199e-01 2.266281785348025490e+00 4.571995924859828087e+00 4.571995924859828087e+00 4.571995924859828087e+00 4.571995924859828087e+00
-1.070628374252263271e+01 -1.036999899928768443e+01 -1.002543483370055633e+01 -9.736441886305673421e+00 -9.384987901861501669e+00 -8.783647367869493294e+00 -7.537274624846181048e+00 -5.898697045273562090e+00 -5.329250079703256482e+00 -3.605359328462640178e+00 -5.038088235580560514e+00 -2.400210403226404221e+00 -4.779601123044047162e-01 2.160865253668649011e+00 4.559543748301658539e+00 4.559543748301658539e+00 4.559543748301658539e+00 4.559543748301658539e+00
-1.072631777752493676e+01 -1.028804510102479242e+01 -1.002737636793625775e+01 -9.736790712274070003e+00 -9.408657022576623064e+00 -8.827888332381407466e+00 -7.659791356007202623e+00 -5.924362067337150428e+00 -5.363367034017204382e+00 -3.582406645226371200e+00 -3.919484130067020011e+00 -2.203745864608669169e+00 -4.246015274350185553e-01 2.358601303063713850e+00 4.484147570240965663e+00 4.484147570240965663e+00 4.484147570240965663e+00 4.484147570240965663e+00
-1.071816011429472049e+01 -1.035959385488432716e+01 -1.004371525945937904e+01 -9.743992479813947227e+00 -9.455765523613330004e+00 -8.990947888308365776e+00 -7.677969971043046904e+00 -5.724426104138508720e+00 -5.328576716148278436e+00 -4.108787611452031641e+00 -3.486351599695091785e+00 -1.977662959651054653e+00 -3.690339319804311624e-01 2.373978267036941148e+00 4.370590642071597642e+00 4.370590642071597642e+00 4.370590642071597642e+00 4.370590642071597642e+00
