-1.054185046962913930e+01 -1.030884763398243464e+01 -9.998870508752149888e+00 -9.645591068684291614e+00 -9.345671990137551788e+00 -8.962619350948113350e+00 -8.318143466929276642e+00 -6.878377219305916057e+00 -3.735918889523879294e+00 -4.176657705646080743e+00 -1.827650279299996905e+00 -2.952558102802576023e-01 1.364879153122052102e+00 2.071227893122062458e+00 5.656394916931128947e+00 5.656394916931128947e+00 5.656394916931128947e+00 5.656394916931128947e+00
-1.047894603375116418e+01 -1.022225447327770098e+01 -1.002220710138454685e+01 -9.827778008491966588e+00 -9.427676833370083997e+00 -8.868596622161286191e+00 -8.053658002736128196e+00 -6.278703653973629173e+00 -4.246097726616692825e+00 -4.374819313466360882e+00 -1.657308097243794576e+00 1.130210224956088444e-01 1.795626450818915032e+00 1.981817307278709306e+00 5.670888862365795369e+00 5.670888862365795369e+00 5.670888862365795369e+00 5.670888862365795369e+00
-1.021104404359925333e+01 -1.004372293927599635e+01 -9.904744968526818738e+00 -9.963537406488146786e+00 -9.601230026055922906e+00 -9.011348954800304512e+00 -8.043046424057623156e+00 -6.068538464473571814e+00 -2.800720977658395672e+00 -4.221949892181532604e+00 -9.481486012822728515e-01 1.213564515747885403e-01 2.164508832859650678e+00 2.099624546707772321e+00 5.523678372010866866e+00 5.523678372010866866e+00 5.523678372010866866e+00 5.523678372010866866e+00
-1.043376207204202899e+01 -1.020016446151498712e+01 -9.678064879839352486e+00 -9.392425169048660649e+00 -9.360104175561936302e+00 -8.996546972496616945e+00 -7.879811870967602161e+00 -5.105918557463789753e+00 -2.572882408457843439e+00 -3.490850622044617158e+00 -4.803460086855846356e-01 2.954276547621956239e-01 2.162171290736632834e+00 2.170260015057910774e+00 5.076918878474183217e+00 5.076918878474183217e+00 5.076918878474183217e+00 5.076918878474183217e+00
-1.056763520613696983e+01 -1.029972739024488071e+01 -9.923328423928902353e+00 -9.524126759645257678e+00 -8.960985282054465983e+00 -8.613646562437297760e+00 -7.473279526755310265e+00 -4.350096974933906679e+00 -2.749888133964669024e+00 -2.992729412696164104e+00 -4.408168652375077379e-01 1.183623215585670074e+00 1.683762736268852978e+00 2.328690942926860519e+00 4.983832732111236119e+00 4.983832732111236119e+00 4.983832732111236119e+00 4.983832732111236119e+00
-1.034323500818338637e+01 -1.017040494565266151e+01 -1.012201914053543916e+01 -9.807636108976389266e+00 -9.260072300373753507e+00 -8.336346322715673551e+00 -7.028335613087448586e+00 -4.656327371418599981e+00 -4.274290959882600660e+00 -1.860755523714535675e+00 1.247337601783448102e-01 1.408409276866469328e+00 1.618257925088908200e+00 2.160913069675191256e+00 4.612492431015104977e+00 4.612492431015104977e+00 4.612492431015104977e+00 4.612492431015104977e+00
-1.051001930667595019e+01 -1.024059595650140864e+01 -1.008192740415646682e+01 -9.747613392683339484e+00 -9.254240088477006410e+00 -8.324277365295245090e+00 -5.366289554653209670e+00 -4.830970717885908705e+00 -3.607342174207532448e+00 -1.438934552775486653e+00 7.229581402726722450e-01 1.899678486671759092e+00 1.738136202649660955e+00 3.025633732962972999e+00 4.455164755713675540e+00 4.455164755713675540e+00 4.455164755713675540e+00 4.455164755713675540e+00
-1.044146195836209756e+01 -1.018766413381060154e+01 -1.008218734946469297e+01 -9.638645961858422595e+00 -9.145352388192328874e+00 -8.110871206390294574e+00 -3.923486912756307010e+00 -4.491889017995064570e+00 -3.134489607076177187e+00 -2.926463625895981413e-01 1.127598967469317204e+00 1.975842989256190618e+00 1.900045051944711183e+00 4.285082725903352596e+00 5.369869439293181834e+00 5.369869439293181834e+00 5.369869439293181834e+00 5.369869439293181834e+00
-1.045530990249444159e+01 -9.924326878303158850e+00 -9.606149039968475023e+00 -9.469070585577020083e+00 -8.478932945609205518e+00 -6.887415555287145885e+00 -3.417600127726211134e+00 -4.518109840655768927e+00 -2.508825240353595998e+00 -4.334089211301239142e-01 2.154040772265913617e+00 2.637061380114624320e+00 3.231042234192759377e+00 4.698611092455238669e+00 5.514993821462905288e+00 5.514993821462905288e+00 5.514993821462905288e+00 5.514993821462905288e+00
-1.057278854615367081e+01 -1.018401496943020135e+01 -9.343849225566305705e+00 -8.441366952230501042e+00 -7.512745093157818133e+00 -5.560328324718375903e+00 -2.247487252114656275e+00 -4.586970034934344298e+00 -1.836117921564449640e+00 9.375779686308745031e-01 2.761321759483276850e+00 3.374172670648065697e+00 4.922118099690778514e+00 4.958836472400228956e+00 5.805235286242526271e+00 5.805235286242526271e+00 5.805235286242526271e+00 5.805235286242526271e+00
-1.020665402874408656e+01 -9.803334502946663420e+00 -8.994185334782125452e+00 -8.458138320230125018e+00 -6.819496854338265912e+00 -3.968280095874653579e+00 -3.504321755113580572e+00 -2.196170179822711788e+00 2.208324682011311713e-01 2.306452122507728131e+00 2.869929778125041686e+00 4.530959427621994884e+00 3.044131986010202073e+00 2.249748324647699693e+00 5.714705706087621628e+00 5.714705706087621628e+00 5.714705706087621628e+00 5.714705706087621628e+00
-9.917517940963914924e+00 -9.175210522454920081e+00 -8.475381606293920456e+00 -7.905553332499655639e+00 -5.852157541703770782e+00 -3.080352685424458947e+00 -3.432164458050951605e+00 -1.298638057839589077e+00 7.995134102850052216e-01 3.220251780152444621e+00 4.403536160547867340e+00 3.740249146452077955e+00 2.051491541113521500e+00 2.389921495307758548e+00 5.625597974748435703e+00 5.625597974748435703e+00 5.625597974748435703e+00 5.625597974748435703e+00
-9.532331518236677681e+00 -8.777158856747027116e+00 -7.991936512109082180e+00 -6.622794583659271872e+00 -4.817054355167308621e+00 -3.119546297208306562e+00 -4.053397919731395405e+00 -6.168441259661840981e-01 1.783974040366171687e+00 3.914341891958275976e+00 4.544839161696694774e+00 2.058818912318228112e+00 4.840087892117857504e-01 2.349954232529434250e+00 5.599265145998365334e+00 5.599265145998365334e+00 5.599265145998365334e+00 5.599265145998365334e+00
-9.958234759542753167e+00 -8.222904842790306645e+00 -7.122563057702796741e+00 -5.643868140532486422e+00 -3.657531577998366590e+00 -1.788347719183923656e+00 -2.658059335872046791e+00 -2.068670207520288407e-01 3.262077683002840622e+00 4.869572709346941863e+00 3.286213874331806561e+00 -1.970119607527444971e+00 3.657599486331395977e-01 2.477081680806046293e+00 5.520048003267301162e+00 5.520048003267301162e+00 5.520048003267301162e+00 5.520048003267301162e+00
-9.687109293320009584e+00 -7.734186757104825283e+00 -6.197637278186943099e+00 -4.720315182724450054e+00 -2.455857867701893404e+00 -2.434972759393847497e+00 -1.003329543759110321e+00 1.439390831489281597e+00 3.373747854392151524e+00 5.539962860620914142e+00 4.307402974127196416e+00 -9.745873143582228781e-01 9.897865226600212063e-01 2.585513112777978684e+00 5.902397474510817865e+00 5.902397474510817865e+00 5.902397474510817865e+00 5.902397474510817865e+00
-9.054730273240847893e+00 -7.232950943173827696e+00 -5.532960469962697303e+00 -3.733066215375019148e+00 -2.759082404397203980e+00 -2.681264718121912694e+00 -1.847734028976742160e-01 2.838180705468078990e+00 3.961232523449440102e+00 6.034955419645667618e+00 5.852544973414262941e+00 1.862855540750014471e+00 6.721610384078483547e-01 2.576205360379514087e+00 5.839594980776357858e+00 5.839594980776357858e+00 5.839594980776357858e+00 5.839594980776357858e+00
-8.943910350066257564e+00 -6.749944057120795371e+00 -4.988282794304319978e+00 -2.782533172860438775e+00 -3.083118935877742661e+00 -2.862589505274718782e+00 4.380251614532694737e-01 3.345748982819501283e+00 4.153739486369093292e+00 5.049538630900117120e+00 4.522264424926010662e+00 4.599663275816185504e+00 3.687789411901306824e+00 3.290945890867518209e+00 5.751206568003975228e+00 5.751206568003975228e+00 5.751206568003975228e+00 5.751206568003975228e+00
-8.283631555740431196e+00 -6.566434634273100812e+00 -4.783207042457480185e+00 -2.401891109118474699e+00 -2.238219947254881603e+00 -2.634502615106373291e+00 6.377904372641971520e-01 3.838148953117021644e+00 3.923876786411656603e+00 3.254119830297413252e+00 3.300276361781476542e+00 3.141880283275809482e+00 3.881245700089148709e+00 5.091754990425343408e+00 5.697421848155250323e+00 5.697421848155250323e+00 5.697421848155250323e+00 5.697421848155250323e+00
-7.696157486799834579e+00 -6.475360788079141727e+00 -4.562237969020390693e+00 -2.360650726256893428e+00 -1.602224467202642000e+00 -1.578682881105941460e+00 1.458172661115894275e+00 3.742490284854572469e+00 3.699376510096825221e+00 1.791262807275830760e+00 1.628562909542654147e+00 1.667403823480208658e+00 2.798662878491962935e+00 4.257503833644137536e+00 5.813590815550112367e+00 5.813590815550112367e+00 5.813590815550112367e+00 5.813590815550112367e+00
-7.889149310736061516e+00 -6.305117727337393951e+00 -4.619827273536959211e+00 -2.457704884758514563e+00 -1.374537432370950274e+00 3.848520399048628304e-01 2.826706397429830542e+00 3.922265136822364884e+00 3.026866365976049522e+00 1.597144039741244192e+00 1.142143931803327295e+00 1.184854904103985529e+00 1.935397797896412531e+00 3.625197951957064735e+00 5.990196117558882705e+00 5.990196117558882705e+00 5.990196117558882705e+00 5.990196117558882705e+00
-8.286808566055178460e+00 -6.508579985264193013e+00 -4.467245877822533906e+00 -2.417132547946649002e+00 -1.399682104269282190e+00 2.139727675565833431e-03 3.238758965219740382e+00 3.958106293960638844e+00 2.937498028338954015e+00 1.509659033684423113e+00 8.240714900229950679e-01 6.405741911103763897e-01 1.291882276829620313e+00 3.235760897076824349e+00 5.901851814802315133e+00 5.901851814802315133e+00 5.901851814802315133e+00 5.901851814802315133e+00
-8.280017766448912298e+00 -6.910005864314539004e+00 -4.611433884258403282e+00 -2.205438948543405164e+00 -1.697917481110050364e+00 -1.630320672113247493e+00 1.811470829024163898e+00 3.960666288636683685e+00 2.714605128896104169e+00 1.358579442491540279e+00 -1.272618294659559002e+00 -1.538346836603704304e+00 1.195195892671646831e+00 3.042994436073096054e+00 5.866423582068316378e+00 5.866423582068316378e+00 5.866423582068316378e+00 5.866423582068316378e+00
-8.250433475266495620e+00 -6.919991919905080557e+00 -5.154589108118926788e+00 -2.714189316041625499e+00 -1.917810401596528491e+00 -1.553855550084709103e+00 4.642589664217893208e-01 3.837683199405506063e+00 2.322852492956416715e+00 1.131115587499404551e+00 -2.371320564348616600e+00 -1.507178304070001751e+00 1.171732007965774036e+00 3.394112754564990286e+00 5.733255878977289832e+00 5.733255878977289832e+00 5.733255878977289832e+00 5.733255878977289832e+00
-8.175416372137817689e+00 -7.410936929778494608e+00 -5.419942291433248904e+00 -3.512051636750432415e+00 -1.589851342023770320e+00 -1.800954139535610343e+00 -4.444736393136851094e-01 3.535600233716700735e+00 2.182983503828620719e+00 2.969171062146650497e-01 -2.522022088830405906e+00 -1.182789524017647809e+00 1.206061834849756265e+00 3.742636542628200225e+00 5.704081423736650613e+00 5.704081423736650613e+00 5.704081423736650613e+00 5.704081423736650613e+00
-8.121403621333703526e+00 -7.270554382539491378e+00 -6.030151399476197938e+00 -4.453491013868183579e+00 -2.370466095880905844e+00 -2.234595726638478830e+00 -1.443595203396505600e+00 1.645064679622357584e+00 2.544131876159483330e+00 -3.565069670997137674e+00 -2.212062485466434580e+00 -4.710246000802882360e-01 1.492027612343098442e+00 3.728416702767284097e+00 6.061257952495866519e+00 6.061257952495866519e+00 6.061257952495866519e+00 6.061257952495866519e+00
-8.347890738923256393e+00 -7.804715574818403390e+00 -6.422646913745355235e+00 -5.039889190044226197e+00 -3.634518115933229154e+00 -2.165855411152028065e+00 -2.099797890876833328e+00 5.946937523901996148e-01 2.279052819898492288e+00 -2.951079197326926806e+00 3.512126478805214780e-01 9.694517304233897237e-01 1.867260220892738909e+00 4.181434573796577681e+00 6.005068387802895202e+00 6.005068387802895202e+00 6.005068387802895202e+00 6.005068387802895202e+00
-8.741532842869185416e+00 -7.885538521744678064e+00 -6.815402773988809670e+00 -5.751072634251745974e+00 -4.505631259601410754e+00 -2.291147430848739841e+00 -2.902448603137807837e+00 -1.367490042628876745e+00 1.340643891269283072e+00 6.143301410860603218e-01 3.649456613460562715e-01 8.983098175253078077e-01 2.140598114505196214e+00 4.781100742626328781e+00 5.904366955513495441e+00 5.904366955513495441e+00 5.904366955513495441e+00 5.904366955513495441e+00
-9.166503713307807999e+00 -8.183106505448950685e+00 -7.317921055723141777e+00 -6.385912366186525801e+00 -5.330690937034217924e+00 -4.007735308140012442e+00 -2.551501479831414176e+00 -2.622844398813218625e+00 3.515452261985136939e-01 1.567018367175837312e+00 9.984795841458676824e-01 3.909332790154579906e-01 1.736703244500445331e+00 4.906577877059109305e+00 5.862505576496064741e+00 5.862505576496064741e+00 5.862505576496064741e+00 5.862505576496064741e+00
-9.448062918148460554e+00 -8.523773946550114999e+00 -7.896371451659758733e+00 -7.216683727487351874e+00 -6.336485974294714829e+00 -5.128186711445238188e+00 -2.375455517113485460e+00 -2.957413345845090191e+00 -9.182185895230385864e-01 1.350915796078194564e+00 1.270921715841936583e+00 8.622906087720053625e-01 1.006453971757238719e+00 4.075642337789375347e+00 5.813770485322117487e+00 5.813770485322117487e+00 5.813770485322117487e+00 5.813770485322117487e+00
-9.839218549941296743e+00 -8.988706595539644795e+00 -8.439185030865635539e+00 -7.978884551361989708e+00 -7.364764001312164687e+00 -6.374719555660460557e+00 -3.762386471516253827e+00 -2.888709803207885063e+00 -2.150174309527510985e+00 7.534909701811327576e-01 1.298484770020154944e+00 1.115690354972633358e+00 3.118638018025514658e-01 3.988655143915435630e+00 6.109847201734114108e+00 6.109847201734114108e+00 6.109847201734114108e+00 6.109847201734114108e+00
-1.025348879205125563e+01 -9.784010003931411958e+00 -9.284577064016906078e+00 -8.765113183657589957e+00 -8.174912846064756877e+00 -7.137277701303811561e+00 -4.989698059243359296e+00 -2.436047205570821994e+00 -2.864640283763629558e+00 3.584959389238330796e-01 1.199209585641140441e+00 1.188575719732980929e+00 6.306666507838974978e-01 4.371068773942876184e+00 6.075205879413086762e+00 6.075205879413086762e+00 6.075205879413086762e+00 6.075205879413086762e+00
-1.041498111062335497e+01 -1.000267332145901200e+01 -9.540844690456475874e+00 -9.079214895775859162e+00 -8.487426849149738217e+00 -7.543342829478365985e+00 -6.229601301851179329e+00 -2.606309656442637124e+00 -3.036408594741573097e+00 -1.019361236314149322e+00 9.810089343810588502e-01 1.239505826671285726e+00 8.186074180594764549e-01 3.100874018855423131e+00 5.961700982631915835e+00 5.961700982631915835e+00 5.961700982631915835e+00 5.961700982631915835e+00
-1.047796346900050857e+01 -1.011373580870283106e+01 -9.690111592157808929e+00 -9.250703934822347208e+00 -8.714273762628380382e+00 -7.809137868161829310e+00 -6.614915777573387778e+00 -3.888770544191961331e+00 -3.212593107959945016e+00 -2.667758650269430376e+00 7.485252584216534055e-01 1.269844290171632917e+00 8.442702799304964145e-01 2.355459278415999336e+00 5.906882096224675749e+00 5.906882096224675749e+00 5.906882096224675749e+00 5.906882096224675749e+00
-1.048559006085982759e+01 -1.014076595666088743e+01 -9.770869309331922992e+00 -9.386884940775781061e+00 -8.827089214775512005e+00 -8.028936010340611773e+00 -6.889246342074008211e+00 -5.323517450685091745e+00 -2.775459366492114111e+00 -3.022859381851510374e+00 1.943021513783576015e-01 1.172030422854253073e+00 7.695624567533005944e-01 2.512044184577962636e+00 5.866303437772272034e+00 5.866303437772272034e+00 5.866303437772272034e+00 5.866303437772272034e+00
-1.048098162464922467e+01 -1.018320390326358194e+01 -9.935819389246935529e+00 -9.498135523518845602e+00 -8.960835069116424023e+00 -8.259309142400457660e+00 -7.145020834999797898e+00 -5.599633506501287883e+00 -2.689504138123700816e+00 -3.158663335394426230e+00 -4.053749131381952781e-02 8.523600398866149064e-01 2.992506081360824521e-01 2.765677883004063364e+00 6.066714748876795404e+00 6.066714748876795404e+00 6.066714748876795404e+00 6.066714748876795404e+00
-1.053836660878322640e+01 -1.018107908083527136e+01 -9.866091468518392915e+00 -9.524308760746018621e+00 -9.050627275381296855e+00 -8.297255686723813639e+00 -7.254259685026405613e+00 -5.904888892363946873e+00 -3.046258942631905775e+00 -3.446437072110057898e+00 -1.169885869279899460e+00 5.128644949130468644e-01 1.024193539159800492e+00 2.309308348977044290e+00 6.139454921210539595e+00 6.139454921210539595e+00 6.139454921210539595e+00 6.139454921210539595e+00
-1.052138474457622763e+01 -1.020330595728080780e+01 -9.912611972205924715e+00 -9.597789728829820177e+00 -9.047740634586812547e+00 -8.487540872389160995e+00 -7.393861002112007696e+00 -5.973254596547862505e+00 -3.951239820840805272e+00 -2.833626112244281181e+00 -2.368672167897048375e+00 3.731903677820813670e-01 9.128352638085093229e-01 2.457306121562409462e+00 6.090078149657094819e+00 6.090078149657094819e+00 6.090078149657094819e+00 6.090078149657094819e+00
-1.056064135016587890e+01 -1.025553768202560612e+01 -9.915378972595105367e+00 -9.602030313583055587e+00 -9.204480358874217671e+00 -8.512734307671827594e+00 -7.468229538687254809e+00 -6.073580223360287356e+00 -4.831334052968495385e+00 -2.372582381180527111e+00 -3.714492919595453024e+00 1.720989464202493657e-01 5.956042268000936168e-01 2.445783739399122414e+00 5.976573252875920339e+00 5.976573252875920339e+00 5.976573252875920339e+00 5.976573252875920339e+00
-1.060702484046777272e+01 -1.028736817836091078e+01 -9.989587307228513069e+00 -9.633658169252049319e+00 -9.244756749317728506e+00 -8.557341187953237949e+00 -7.577035152575149368e+00 -6.021995317356807043e+00 -5.064359082898124420e+00 -2.625319432435090139e+00 -3.999029023826297990e+00 1.413697203607110209e-01 4.956541917657577567e-01 2.534209060984879525e+00 5.921308031509740388e+00 5.921308031509740388e+00 5.921308031509740388e+00 5.921308031509740388e+00
-1.063849895775556931e+01 -1.034743419031779332e+01 -1.005751504889407499e+01 -9.701220328022047923e+00 -9.315128377357895673e+00 -8.771987629653944296e+00 -7.546988785497786623e+00 -5.963009508637189704e+00 -5.227222550032553094e+00 -3.117203257939020311e+00 -4.441042094142238383e+00 -1.781691610830810346e-01 3.346251553780709709e-01 2.616910076086499615e+00 6.145003916922571641e+00 6.145003916922571641e+00 6.145003916922571641e+00 6.145003916922571641e+00
