-1.046951166277395551e+01 -1.050365948434960650e+01 -1.000914317412503429e+01 -9.652859627154358080e+00 -9.346328425385426186e+00 -8.994647286400061503e+00 -8.393332444251200286e+00 -7.085415266093122000e+00 -3.512850601425840935e+00 -3.579670296544795516e+00 -1.983338439092176220e+00 2.541626797335800325e-01 3.377217522498329183e-01 2.063005131968801198e+00 5.164072555693094202e+00 5.164072555693094202e+00 5.164072555693094202e+00 5.164072555693094202e+00
-1.047493702892759515e+01 -1.022530545497898302e+01 -1.006094867097755774e+01 -9.804220350043461707e+00 -9.428351171949472587e+00 -8.925499655222552065e+00 -8.156554390748887329e+00 -6.707322477391613802e+00 -2.910293050048436747e+00 -4.013621034635990625e+00 -1.818062053089673391e+00 2.829113302008512409e-02 1.136134636391524566e+00 1.993082124274220268e+00 5.158295892425778462e+00 5.158295892425778462e+00 5.158295892425778462e+00 5.158295892425778462e+00
-1.028839826116738010e+01 -1.000316161897814915e+01 -9.850454597426260506e+00 -9.934272496063858426e+00 -9.654227980561309153e+00 -9.078599584344701157e+00 -8.137274974522870963e+00 -6.493067796988199802e+00 -2.827699508075652179e+00 -4.074867230291084219e+00 -8.609675958811161545e-01 -1.335936235056623678e-01 1.879760140999439111e+00 2.043095019174586469e+00 5.301874562377542510e+00 5.301874562377542510e+00 5.301874562377542510e+00 5.301874562377542510e+00
-1.041983315893784834e+01 -1.033016076622608281e+01 -9.733130983811808079e+00 -9.381588301833883037e+00 -9.281656071853653600e+00 -9.293921977760927433e+00 -8.131386921060713036e+00 -5.916944542194140233e+00 -2.451025266153511240e+00 -3.827349270810134207e+00 -8.735377818157991081e-01 4.685740327276065598e-01 1.402386498654702329e+00 2.096825754805165420e+00 4.840588772932888695e+00 4.840588772932888695e+00 4.840588772932888695e+00 4.840588772932888695e+00
-1.056359850324789562e+01 -1.029496545018667142e+01 -9.947269304546880520e+00 -9.600486138746694209e+00 -9.075306965442992535e+00 -8.652137079238471529e+00 -8.032479064721460560e+00 -5.052808897567183877e+00 -2.407053406521354688e+00 -3.140622383286503005e+00 -1.233897249307892158e-01 7.403146845578918445e-01 1.515222746252385067e+00 2.302508864132823518e+00 4.763098385561454151e+00 4.763098385561454151e+00 4.763098385561454151e+00 4.763098385561454151e+00
-1.034196335647916776e+01 -1.015186429661008205e+01 -1.015359585711153301e+01 -9.862999214976301943e+00 -9.339774318991583613e+00 -8.520170326836787211e+00 -7.781940546362800859e+00 -3.728091318982980074e+00 -4.373961668359309662e+00 -1.525939408318097046e+00 4.528011198362894563e-01 1.119585208999394288e+00 1.657109653497161217e+00 2.128407987315669825e+00 4.473639944065331164e+00 4.473639944065331164e+00 4.473639944065331164e+00 4.473639944065331164e+00
-1.058583279447846692e+01 -1.019442384332905327e+01 -1.003013419711234455e+01 -9.862107594645806330e+00 -9.298817546426029423e+00 -8.493940977771483603e+00 -6.832067123602666214e+00 -2.685899703539052386e+00 -4.243148436061945361e+00 -7.732920609401620071e-01 8.433512846895159232e-01 1.915980113959883990e+00 1.692646316059019052e+00 3.095900500347874118e+00 4.386535436218098383e+00 4.386535436218098383e+00 4.386535436218098383e+00 4.386535436218098383e+00
-1.042126962253626843e+01 -1.023965812919101381e+01 -1.015690471977714537e+01 -9.784217203247647987e+00 -9.237672875071982759e+00 -8.319412893364791728e+00 -4.959919742457659098e+00 -3.321229296825088717e+00 -3.271989142173355347e+00 -4.196254997711149071e-02 1.317873965649618784e+00 2.048987979146216443e+00 1.869534344183146235e+00 4.278866111191131694e+00 5.210587173477999379e+00 5.210587173477999379e+00 5.210587173477999379e+00 5.210587173477999379e+00
-1.035051051711044501e+01 -1.013280642653069386e+01 -9.478804375821475503e+00 -9.225841360861821272e+00 -8.421329448706135423e+00 -7.033981751750439493e+00 -3.297293777110514412e+00 -4.279185119944577842e+00 -2.258417934366297342e+00 7.668675925867574072e-01 2.070517726843546402e+00 2.719174052243282347e+00 3.269787687627475847e+00 4.731380397343994737e+00 5.275782556762693254e+00 5.275782556762693254e+00 5.275782556762693254e+00 5.275782556762693254e+00
-1.056819801287888794e+01 -1.021134548238904038e+01 -9.399847117669644092e+00 -8.471360297113552207e+00 -7.502425047988169560e+00 -5.479710607683377255e+00 -3.008196815748864772e+00 -4.204698855657567513e+00 -1.909745141626420506e-01 1.528694742426413011e+00 2.864563348118796426e+00 3.388002400737756048e+00 4.895881449882741876e+00 4.933343478137214078e+00 5.405904845185434127e+00 5.405904845185434127e+00 5.405904845185434127e+00 5.405904845185434127e+00
-1.020721507720053367e+01 -9.594588109516806185e+00 -9.057599942104589630e+00 -8.489724283738484090e+00 -6.967123977431074699e+00 -3.820896929420874333e+00 -3.735272961001236069e+00 -2.948244956087240354e+00 6.331747420129307802e-01 2.801661937011231007e+00 2.942734194731783770e+00 4.535381442282830022e+00 2.947675693835390742e+00 2.266469186283618598e+00 5.756086532907291442e+00 5.756086532907291442e+00 5.756086532907291442e+00 5.756086532907291442e+00
-9.873936854640213312e+00 -9.110154649929830484e+00 -8.344328494279640296e+00 -8.056415296506379775e+00 -5.516294730196113605e+00 -2.467384214803658882e+00 -3.402101314326654968e+00 -5.168607785230187046e-01 1.696115080883575210e+00 3.227024433216906019e+00 4.370989100910576575e+00 3.715753793296897811e+00 2.042142485587550294e+00 2.434939824331187275e+00 5.217777511120766931e+00 5.217777511120766931e+00 5.217777511120766931e+00 5.217777511120766931e+00
-9.496452331744269060e+00 -8.688114705860629172e+00 -7.969074054623225933e+00 -6.429623666075234389e+00 -4.086287352846991183e+00 -3.426947663369991126e+00 -3.198935454757506847e+00 1.411741900465924848e-01 3.401297359524146025e+00 3.982870537909649844e+00 4.685533112701982361e+00 2.162848285359848077e+00 4.921178847860612215e-01 2.326280788283449308e+00 4.956226244487809574e+00 4.956226244487809574e+00 4.956226244487809574e+00 4.956226244487809574e+00
-1.007140271462017900e+01 -8.051949383113658598e+00 -6.872155176829273238e+00 -5.358363883682738305e+00 -2.723791370695090475e+00 -2.354636005656476794e+00 -2.083803365168783728e+00 1.140374460222068453e+00 3.251966553605732724e+00 4.896788433725937750e+00 3.231934335965129357e+00 -1.975359504404451183e+00 4.021170810095217596e-01 2.511190216128784680e+00 5.184495167863134135e+00 5.184495167863134135e+00 5.184495167863134135e+00 5.184495167863134135e+00
-9.533626832158455855e+00 -7.752774336249741438e+00 -5.942724375812373339e+00 -4.463952251721579501e+00 -2.138096808539289739e+00 -2.912681048055913990e+00 -1.102241497999117137e-01 2.735680698106257580e+00 3.482851075395188456e+00 5.527386427754139575e+00 4.337906567246832878e+00 -7.130304849780074727e-01 9.984839572338481961e-01 2.574906776229400229e+00 5.257545838562359464e+00 5.257545838562359464e+00 5.257545838562359464e+00 5.257545838562359464e+00
-9.095983148479042768e+00 -7.077480405371512795e+00 -5.198364268556667334e+00 -3.666665710853910021e+00 -1.878620030812194086e+00 -2.406444329739515720e+00 7.043096841312974643e-01 2.950860095546863793e+00 4.092859251623725214e+00 6.126433747976646416e+00 5.878982271879453769e+00 2.034179155734038957e+00 6.985118151805390641e-01 2.697430894111684019e+00 5.305194131366446797e+00 5.305194131366446797e+00 5.305194131366446797e+00 5.305194131366446797e+00
-8.846205782409802154e+00 -6.597847574154084072e+00 -4.666122750450648837e+00 -3.034858554548711673e+00 -2.351973450301185764e+00 -1.203946824004228588e+00 2.412576044551274279e+00 3.271181498781780661e+00 4.152725842296804082e+00 5.031359325902753810e+00 4.507151583145795115e+00 4.614410461261779339e+00 3.551438476422679180e+00 3.196419017627606163e+00 5.644810071919643235e+00 5.644810071919643235e+00 5.644810071919643235e+00 5.644810071919643235e+00
-8.109436865341034917e+00 -6.342527205647382260e+00 -4.197303529643430231e+00 -2.166863363400295395e+00 -2.701855913898818518e+00 7.374523139913648218e-02 3.552866678855716387e+00 3.834446568111739229e+00 3.931469289509608167e+00 3.212880840742337263e+00 3.164879739758513999e+00 3.099684319458626991e+00 3.889984919790604678e+00 5.082158498629816279e+00 5.262898209762813195e+00 5.262898209762813195e+00 5.262898209762813195e+00 5.262898209762813195e+00
-7.637365930635928279e+00 -6.228683807965695429e+00 -4.075315075443065815e+00 -1.843564123549934042e+00 -2.567524623102531045e+00 5.378679759776623381e-01 2.993800965257565672e+00 3.728862245736285885e+00 3.696213959501748469e+00 1.800290440112040979e+00 1.508035384814246260e+00 1.544016945213464442e+00 2.762000512608972169e+00 4.246280138534206827e+00 5.129526031822582155e+00 5.129526031822582155e+00 5.129526031822582155e+00 5.129526031822582155e+00
-8.037225069614144957e+00 -6.218531075329626567e+00 -3.671850938648362206e+00 -1.983404015396078801e+00 -1.985381545360572098e+00 8.083008870604662111e-01 3.191755268766574449e+00 3.921741162244120282e+00 3.005928315439610365e+00 1.517394650299817460e+00 8.440358965678255165e-01 9.790624355230150844e-01 1.931997419369258395e+00 3.582984562328922706e+00 5.358393123358547783e+00 5.358393123358547783e+00 5.358393123358547783e+00 5.358393123358547783e+00
-8.274492605883555285e+00 -6.421715571414743806e+00 -4.038387746714580118e+00 -2.883864290567350608e+00 -1.995195147052960305e+00 5.342859873959991956e-01 3.128614084142240070e+00 4.013460617098338012e+00 2.958386036879515846e+00 1.375016694447392496e+00 5.383680188420110202e-01 3.906111633568814523e-01 1.222867211019716072e+00 3.207992797994218215e+00 5.302637872162315524e+00 5.302637872162315524e+00 5.302637872162315524e+00 5.302637872162315524e+00
-8.195602310792036604e+00 -6.621713596699138726e+00 -3.949419763738270639e+00 -2.567421521822076169e+00 -2.206101215822487305e+00 6.207792287030302614e-01 3.311451357120456240e+00 3.994330762378713651e+00 2.744305649414180870e+00 1.096872944626613888e+00 -2.417217817166922966e+00 -1.638313450926321080e+00 1.151520280940818264e+00 3.085960225313139738e+00 5.277084299910427490e+00 5.277084299910427490e+00 5.277084299910427490e+00 5.277084299910427490e+00
-8.197643552395403432e+00 -6.961830537385775841e+00 -4.717070264804065438e+00 -2.290095441853610581e+00 -1.994292812823327710e+00 4.199458306845881284e-01 3.455590351880427402e+00 3.899570822450729501e+00 2.278136908478528788e+00 6.994919645798929331e-01 -2.524668228478622822e+00 -1.556408248822195528e+00 1.128935416500160382e+00 3.382768909185291051e+00 5.499138583978007588e+00 5.499138583978007588e+00 5.499138583978007588e+00 5.499138583978007588e+00
-8.168972445193372067e+00 -7.253107042513842195e+00 -5.130287449111378351e+00 -2.801295512537012922e+00 -2.007953649242292915e+00 -4.082680340938210084e-01 2.179766009399691562e+00 3.618303629699379798e+00 1.997048284476933055e+00 -1.410685563337991333e+00 -2.644311359757655300e+00 -1.337495566237070221e+00 1.185073048471453783e+00 3.689329970998244779e+00 5.043609408063923105e+00 5.043609408063923105e+00 5.043609408063923105e+00 5.043609408063923105e+00
-8.049679658515284331e+00 -7.206305630422329855e+00 -5.705077932806615237e+00 -4.054461774512599703e+00 -2.164034672180958019e+00 -1.918774776859773379e+00 6.138399645040180097e-01 2.793024084314912336e+00 2.324356858452911290e+00 -3.722179627076790176e+00 -2.369364217656111826e+00 -5.547403935823500554e-01 1.442457410032410126e+00 3.669985302226237422e+00 5.433409029237929566e+00 5.433409029237929566e+00 5.433409029237929566e+00 5.433409029237929566e+00
-8.376100547394090157e+00 -7.817490076466582671e+00 -6.626518388046732433e+00 -4.817545912374709971e+00 -3.029699905177313912e+00 -2.196671120740645744e+00 -8.469665222883077105e-01 1.279888141971812443e+00 2.157232879097871869e+00 -3.182396346093745443e+00 -2.944472033989414816e-01 1.006878414937050659e+00 1.853550254224942240e+00 4.260148630872636843e+00 5.407855456986041531e+00 5.407855456986041531e+00 5.407855456986041531e+00 5.407855456986041531e+00
-8.782166069824592469e+00 -7.878751592974326812e+00 -7.066275889480434280e+00 -5.654557870037993261e+00 -4.023031264777033655e+00 -2.400178070888606019e+00 -2.531028791837664826e+00 2.343676577184092280e-01 1.425365845537751586e+00 5.521475641192317291e-02 2.809952373558818328e-01 6.975010820418243718e-01 2.197874703633501348e+00 4.699914335048943848e+00 5.347729905762276914e+00 5.347729905762276914e+00 5.347729905762276914e+00 5.347729905762276914e+00
-9.129884204738713649e+00 -8.195700342259019777e+00 -7.378721501240612213e+00 -6.581795333468209108e+00 -5.119186334089240731e+00 -3.538446175250933301e+00 -2.608652332515029926e+00 -2.139813512902201786e+00 3.055624180882936525e-01 1.259198439715833340e+00 5.719666842383529515e-01 -1.905999162992096096e-01 1.752980774827832988e+00 4.846166545672787151e+00 5.322176333510387991e+00 5.322176333510387991e+00 5.322176333510387991e+00 5.322176333510387991e+00
-9.420176825278787192e+00 -8.528108566574818639e+00 -7.965049060735951869e+00 -7.286297711343102002e+00 -6.313596944279408874e+00 -5.001585097732679230e+00 -2.658161085700147197e+00 -2.848569375329312425e+00 -3.263464016567458326e-01 9.454237549650932326e-01 9.973897378504683608e-01 7.430819007181680425e-01 1.029138186995895543e+00 4.055535753979579106e+00 4.991176932073102535e+00 4.991176932073102535e+00 4.991176932073102535e+00 4.991176932073102535e+00
-9.910805344220642965e+00 -9.013559535013225599e+00 -8.528929076213191962e+00 -8.072606363540714369e+00 -7.363910006173858491e+00 -6.444446071340525606e+00 -4.137969954492225710e+00 -2.528288466754577080e+00 -2.066748511985136982e+00 3.698251398930278988e-01 9.139139481482700944e-01 9.775412778131364888e-01 1.589847620399291173e-01 3.911778331882803439e+00 5.504054635089771885e+00 5.504054635089771885e+00 5.504054635089771885e+00 5.504054635089771885e+00
-1.030523206539854897e+01 -9.872727797157374141e+00 -9.360581022719044242e+00 -8.864702411715370545e+00 -8.268428541483899608e+00 -7.226257013564135079e+00 -5.427973718388080293e+00 -2.604983921286845305e+00 -2.831512210892654036e+00 -2.244024525930623792e-01 8.131114861888073531e-01 9.880965858398946811e-01 2.908843878039767961e-01 4.379734245916005797e+00 5.478501062837882074e+00 5.478501062837882074e+00 5.478501062837882074e+00 5.478501062837882074e+00
-1.040471459898315842e+01 -1.003574860102462729e+01 -9.580552952101420772e+00 -9.161929342578186919e+00 -8.577337822087237384e+00 -7.622878578480483114e+00 -6.340290773102672084e+00 -3.600581041426444528e+00 -2.803643850922074243e+00 -1.558390390792745217e+00 5.330649979796411309e-01 9.433393520526375253e-01 7.817020218905993412e-01 3.122856640284935370e+00 5.418375511614121010e+00 5.418375511614121010e+00 5.418375511614121010e+00 5.418375511614121010e+00
-1.050931176547872425e+01 -1.014596575753532548e+01 -9.746583664765379851e+00 -9.301188485360661673e+00 -8.842555961293975031e+00 -7.918695205383154523e+00 -6.674435406911801039e+00 -4.961564545443094332e+00 -2.384398573035881430e+00 -2.891883831651300252e+00 1.529876277305387000e-01 8.486627213472022202e-01 5.878777365575043046e-01 2.772709566617370669e+00 5.392821939362230310e+00 5.392821939362230310e+00 5.392821939362230310e+00 5.392821939362230310e+00
-1.048163173151732330e+01 -1.017512643366329961e+01 -9.790250525127241588e+00 -9.437791805451629656e+00 -8.927646199121074488e+00 -8.100336374641091908e+00 -6.932825845310818025e+00 -5.571300397888363065e+00 -2.914245100442397263e+00 -3.245777469729870024e+00 -4.454014625840312380e-01 6.353370161192674059e-01 7.462883319927384740e-01 2.674191700927670556e+00 4.918369820725163599e+00 4.918369820725163599e+00 4.918369820725163599e+00 4.918369820725163599e+00
-1.049873640444674905e+01 -1.019127933135209574e+01 -9.877374216950913777e+00 -9.520007890907457693e+00 -9.024602920830592012e+00 -8.300972867245324238e+00 -7.123211760063743014e+00 -5.701479052298406458e+00 -4.244022371143692851e+00 -3.258036903180360433e+00 -1.520175699582249296e+00 3.275945006814566796e-01 4.358029282605810906e-01 2.855029186077518766e+00 5.163183135561584258e+00 5.163183135561584258e+00 5.163183135561584258e+00 5.163183135561584258e+00
-1.053745735873190803e+01 -1.022932343289327761e+01 -9.892486910631316022e+00 -9.515933105783526358e+00 -9.108207102284763934e+00 -8.392506123991729794e+00 -7.235326509992249910e+00 -5.860393139024617781e+00 -4.747243451294911765e+00 -2.820707546890818485e+00 -2.612614702134830935e+00 2.933027622377387678e-02 5.435649823622191734e-01 2.501652083602696752e+00 5.549146668689727946e+00 5.549146668689727946e+00 5.549146668689727946e+00 5.549146668689727946e+00
-1.055982697681664284e+01 -1.022882433880276665e+01 -9.945743266182013542e+00 -9.592744917750003708e+00 -9.155584626401841675e+00 -8.559462959732025311e+00 -7.335406965155929271e+00 -5.883222098046632098e+00 -4.849431285654230095e+00 -2.473481572043052523e+00 -2.910410745796614851e+00 -2.824894744161235427e-01 -7.550392672128987404e-03 2.561561110252118301e+00 5.523593096437842576e+00 5.523593096437842576e+00 5.523593096437842576e+00 5.523593096437842576e+00
-1.056307881718850794e+01 -1.028313783054591113e+01 -9.942819877002929019e+00 -9.615741203129609005e+00 -9.234184981678192017e+00 -8.591314476335156769e+00 -7.401607982643356287e+00 -5.919064401503482564e+00 -5.067555535378616582e+00 -2.625139489814975136e+00 -2.974800570998096916e+00 -2.911707902998578179e-01 -1.655423713976902078e-01 2.526617215052819887e+00 5.463467545214071741e+00 5.463467545214071741e+00 5.463467545214071741e+00 5.463467545214071741e+00
-1.061595908754296680e+01 -1.030339666936264820e+01 -9.960050600334682258e+00 -9.628702259970522093e+00 -9.301094157791714778e+00 -8.647406030731287885e+00 -7.534207704668981265e+00 -5.905096254854769633e+00 -5.210875801279655661e+00 -3.362611173403066367e+00 -3.001561232206163332e+00 -6.262632312829374825e-01 -5.575261951724410497e-02 2.473278217048193728e+00 4.962351267717987291e+00 4.962351267717987291e+00 4.962351267717987291e+00 4.962351267717987291e+00
-1.062236131179436249e+01 -1.033460066084883877e+01 -9.978486494183794520e+00 -9.663394887375744702e+00 -9.355445922552142690e+00 -8.840972989900372170e+00 -7.545097089751297226e+00 -5.782039772729079985e+00 -5.373033005154207231e+00 -3.721999387619881361e+00 -2.906891980544887399e+00 -1.440796849381353884e+00 -3.003231291689420490e-01 2.335773177194684358e+00 5.203043165498764999e+00 5.203043165498764999e+00 5.203043165498764999e+00 5.203043165498764999e+00
