-1.044955944940832815e+01 -1.036840793499461277e+01 -1.004620478278983953e+01 -9.698585050454063605e+00 -9.433278784753182933e+00 -9.021089811639084743e+00 -8.318592111089561314e+00 -7.269153313645492887e+00 -4.808626906454708916e+00 -3.312782760991669129e+00 -1.684725749172820031e+00 -1.373772073974445895e+00 4.909352399682023194e-01 1.840833679383485411e+00 4.917366316162372186e+00 4.917366316162372186e+00 4.917366316162372186e+00 4.917366316162372186e+00
-1.042006000146933431e+01 -1.021483921398604089e+01 -1.004259346764538385e+01 -9.867289519689446564e+00 -9.498873221099621844e+00 -9.007403778544590622e+00 -8.243243322258340555e+00 -6.963813924746839135e+00 -4.621348024866662740e+00 -2.458560123885545678e+00 -2.319221109561316219e+00 -8.648657713611107578e-02 4.999845369707331955e-01 2.055243699492679266e+00 4.858760538060080236e+00 4.858760538060080236e+00 4.858760538060080236e+00 4.858760538060080236e+00
-1.038545690687987033e+01 -1.006092712089161623e+01 -9.735778918646797564e+00 -9.741857018711945315e+00 -9.618685030760889987e+00 -9.087777249683366421e+00 -8.186466938037570529e+00 -6.948310931174205507e+00 -4.277153038677160346e+00 -2.006029118404141443e+00 -2.851091772367934318e+00 1.818667287485979389e-01 -1.443867699064546595e-01 2.076961274999419516e+00 4.998769344976111029e+00 4.998769344976111029e+00 4.998769344976111029e+00 4.998769344976111029e+00
-1.030675613283635528e+01 -1.029440545087845926e+01 -9.944286644920200757e+00 -9.362922305505669840e+00 -9.209470702413941723e+00 -9.059911264326917291e+00 -8.250057133391754505e+00 -6.816515935444442675e+00 -3.413245225247051540e+00 -2.358731034254211600e+00 -1.687633050797040735e+00 -1.572902588210056685e-01 5.688650800894091697e-01 2.283483967598288977e+00 4.730187731753900060e+00 4.730187731753900060e+00 4.730187731753900060e+00 4.730187731753900060e+00
-1.055290880710773926e+01 -1.030765060562985980e+01 -9.923543210806325732e+00 -9.636494192492003563e+00 -9.104525883340226500e+00 -8.671277711052947978e+00 -8.116374155727044126e+00 -6.075072098355667194e+00 -2.888396874554080007e+00 -3.135689484800122440e+00 -5.310377425240480065e-01 7.899242132810042893e-02 1.436800205324832547e+00 2.382567137814027625e+00 4.607837092147110347e+00 4.607837092147110347e+00 4.607837092147110347e+00 4.607837092147110347e+00
-1.045912528751526160e+01 -1.003547827193545317e+01 -1.018155333678139485e+01 -9.968171378045315834e+00 -9.374229830432652122e+00 -8.676983294089385623e+00 -7.870560326976911547e+00 -5.210947108936511363e+00 -2.531584123310606671e+00 -2.568695087589887294e+00 -1.775080987256520137e-01 5.637971325549661072e-01 1.188857100245683807e+00 2.166562961799149534e+00 4.430326284285993843e+00 4.430326284285993843e+00 4.430326284285993843e+00 4.430326284285993843e+00
-1.051063690602245515e+01 -1.033836701303481220e+01 -9.981233217756692255e+00 -9.819944217761499061e+00 -9.364130397748759549e+00 -8.681944779153102587e+00 -7.648563097483381590e+00 -3.644236691198017297e+00 -3.230062443402231587e+00 -1.052943206714686886e+00 2.097215325784890783e-01 1.547494791866325325e+00 1.566857132459749780e+00 3.292754574734892969e+00 4.206050689798907172e+00 4.206050689798907172e+00 4.206050689798907172e+00 4.206050689798907172e+00
-1.054821582555176285e+01 -1.010677491750121604e+01 -1.000216721313350376e+01 -9.813760576186144391e+00 -9.224225275882243835e+00 -8.308062585935306998e+00 -5.780934563237110524e+00 -2.346952118313682778e+00 -2.822212676394907582e+00 2.046460879251014719e-01 1.431787698142765297e+00 2.036943752250323314e+00 1.745913110573424021e+00 4.319070087206807962e+00 4.897572177987697728e+00 4.897572177987697728e+00 4.897572177987697728e+00 4.897572177987697728e+00
-1.045299275674148021e+01 -1.023328339761218153e+01 -9.593502807392914278e+00 -9.037495182190919962e+00 -8.274393918355404054e+00 -7.021161829032363855e+00 -3.965219276486750211e+00 -3.241260610611035986e+00 -1.013575222636171613e+00 9.016213391018839118e-01 2.061269754691440248e+00 2.731466257920323937e+00 3.442087717603920627e+00 4.743094012685935112e+00 4.871931312990222196e+00 4.871931312990222196e+00 4.871931312990222196e+00 4.871931312990222196e+00
-1.023716137350849209e+01 -1.010937008963654726e+01 -9.512391968615187210e+00 -8.582937524931626427e+00 -7.449286838630140295e+00 -5.126096289399478145e+00 -2.375892205186916684e+00 -3.047879204101908712e+00 -1.197722577267758409e-01 2.071710346485121867e+00 3.111572280276384106e+00 3.476182725133936113e+00 4.976537316998645544e+00 4.963686029556963142e+00 5.098219095165369197e+00 5.098219095165369197e+00 5.098219095165369197e+00 5.098219095165369197e+00
-1.017247421872358792e+01 -9.450287397336444073e+00 -8.786168461351284265e+00 -8.543989098676870952e+00 -6.780001481127175822e+00 -3.415287239059453306e+00 -3.455498435965171922e+00 -7.309980964482731824e-01 1.924975065286971931e+00 3.128604553931127796e+00 3.112321951373508533e+00 4.601051764011690359e+00 3.033975466554987399e+00 2.288538607616910969e+00 5.221790109627235665e+00 5.221790109627235665e+00 5.221790109627235665e+00 5.221790109627235665e+00
-9.944987919393890152e+00 -9.108160353627468453e+00 -8.232038226797818936e+00 -7.633296305550334004e+00 -4.869739949433492754e+00 -2.574305430484255197e+00 -2.696080300963420662e+00 1.810505695690009520e-01 2.895655008358413607e+00 3.152064892860356959e+00 4.421994806178028092e+00 3.762720033607794612e+00 1.368625961193879359e+00 2.500969101727764432e+00 4.931708749324029029e+00 4.931708749324029029e+00 4.931708749324029029e+00 4.931708749324029029e+00
-9.631631775356680691e+00 -8.587787459378255051e+00 -7.620245252318278872e+00 -6.009481620700737103e+00 -3.281901190750841302e+00 -3.408709828794649788e+00 -2.049771022186397951e-01 3.103347058746650511e+00 3.252277587222855093e+00 4.103255875609177927e+00 4.747029083883976597e+00 -1.967850702430253007e-02 4.988699952233354162e-01 2.413501321516893228e+00 4.708474649685135738e+00 4.708474649685135738e+00 4.708474649685135738e+00 4.708474649685135738e+00
-1.014443168178176435e+01 -7.989047446183816348e+00 -6.537586899380372074e+00 -4.473838096318477398e+00 -2.565246849526909845e+00 -2.329353552927400095e+00 1.077333561745134949e+00 3.131697880026648839e+00 3.324526272782271086e+00 5.011795257015956295e+00 3.360888560820035398e+00 -1.892021619239068642e+00 3.569095011605054046e-01 2.605777173076050612e+00 4.770734146001936793e+00 4.770734146001936793e+00 4.770734146001936793e+00 4.770734146001936793e+00
-9.440035164795339995e+00 -7.489832511235531953e+00 -5.346708909992286429e+00 -3.193118501408446441e+00 -2.905067943755315518e+00 -9.053387030967560700e-02 3.108729515893295048e+00 3.154914731196746924e+00 3.669894149159029340e+00 5.652566273366282701e+00 4.487663734360814338e+00 -9.140551586836465070e-01 9.205651841847027894e-01 2.688289814766867014e+00 4.921066198356692567e+00 4.921066198356692567e+00 4.921066198356692567e+00 4.921066198356692567e+00
-9.158808072376542597e+00 -6.866148164751434635e+00 -4.349707311711073388e+00 -2.108270092390478023e+00 -1.992486521313951986e+00 9.253058777002612922e-01 3.021405591022800152e+00 3.105687661082244144e+00 4.199281039143977878e+00 6.189516677763736041e+00 6.168514582666758450e+00 1.920192649592966871e+00 5.428427414807145412e-01 2.733630078494821980e+00 4.869646760552750919e+00 4.869646760552750919e+00 4.869646760552750919e+00 4.869646760552750919e+00
-8.816402124677097163e+00 -6.040564333230234340e+00 -3.726408512412436647e+00 -2.450913580853140594e+00 -6.451342328071378862e-01 2.958838194326058435e+00 3.236133663319705533e+00 3.382562373697487246e+00 4.252466228837674223e+00 5.067059773295875758e+00 4.659998600749496234e+00 4.747851271499394343e+00 3.540004603234704561e+00 3.407540995399416239e+00 4.959653969937792617e+00 4.959653969937792617e+00 4.959653969937792617e+00 4.959653969937792617e+00
-7.771139361692327441e+00 -5.697504295380154460e+00 -3.260598928407890451e+00 -2.374646440183846519e+00 -1.506320219050095444e-01 2.717123539161448775e+00 3.551239445515322224e+00 3.924284946435094845e+00 4.102236979770237824e+00 3.232952794084381853e+00 3.311624230259958779e+00 3.172236795380193097e+00 3.958753693956443165e+00 5.101333653810705471e+00 4.795920060059009060e+00 4.795920060059009060e+00 4.795920060059009060e+00 4.795920060059009060e+00
-7.428893377387661090e+00 -5.847491608830638121e+00 -2.919731598675169071e+00 -1.697389433084713461e+00 -5.592410033643842315e-02 3.080990567617813980e+00 3.119173390247444111e+00 3.919756459002460058e+00 3.799540733286185912e+00 1.732167426979226654e+00 1.392302752206606931e+00 1.466933229029268038e+00 2.805063431521240602e+00 4.336222260278162821e+00 4.674560028313129223e+00 4.674560028313129223e+00 4.674560028313129223e+00 4.674560028313129223e+00
-8.189190960770698524e+00 -5.848224216387485797e+00 -2.626858117516994717e+00 -1.301792152366431754e+00 1.443414391415497766e+00 3.078736588916283878e+00 3.154647420838594840e+00 4.092542150435577675e+00 3.254553584888201456e+00 1.545929696297811962e+00 -8.132692684653354265e-01 8.658478250043261104e-01 1.973203229540891890e+00 3.648033277695327037e+00 4.766107933261976015e+00 4.766107933261976015e+00 4.766107933261976015e+00 4.766107933261976015e+00
-8.145343949691644880e+00 -5.766151405328770352e+00 -2.950780103801291965e+00 -1.486454825988619666e+00 1.351659087341635868e+00 3.142372188538511857e+00 3.256563060593816950e+00 4.093834931178531811e+00 3.003519817875633713e+00 1.459765461294379563e+00 -2.208321224746660760e-01 1.203286415844864315e-01 1.269627266996215642e+00 3.323028472980462222e+00 4.731844644138875289e+00 4.731844644138875289e+00 4.731844644138875289e+00 4.731844644138875289e+00
-8.183926565335450931e+00 -6.147582789373315038e+00 -3.561493114261781834e+00 -1.872104776566192674e+00 6.235087468172703998e-04 3.216449987499495400e+00 3.262574102441240242e+00 4.200638481580541317e+00 2.759390285014854616e+00 1.192851395613936383e+00 -2.748723354349496883e+00 -1.674637825308748385e+00 1.244082506799200960e+00 3.167535983478550143e+00 4.680425206334938970e+00 4.680425206334938970e+00 4.680425206334938970e+00 4.680425206334938970e+00
-8.073186349759083669e+00 -6.818474311525461573e+00 -3.717617719057170866e+00 -2.498120683275923071e+00 -2.158117164165116730e-01 3.181628739854771570e+00 3.249831216967840497e+00 4.006628166831406546e+00 2.377937294697906712e+00 1.351802533642618709e-01 -2.664450790550549897e+00 -1.597147939693166041e+00 1.305772514434917486e+00 3.491695452349605766e+00 4.802528530296321208e+00 4.802528530296321208e+00 4.802528530296321208e+00 4.802528530296321208e+00
-8.133494172172753167e+00 -7.077356475948374914e+00 -4.598876222081280218e+00 -2.431693370902914708e+00 -6.143426676943150033e-01 2.464774401008275717e+00 3.229227507537251185e+00 3.740537383242067193e+00 2.184558812469687084e+00 -3.263860855989004328e+00 -2.921791443845342506e+00 -1.311167210421772422e+00 1.309485691725218448e+00 3.699664874424327010e+00 4.590176194052899561e+00 4.590176194052899561e+00 4.590176194052899561e+00 4.590176194052899561e+00
-7.834743426814277711e+00 -7.180413653055675027e+00 -5.242606900670050862e+00 -3.187762996614091904e+00 -1.185842343072281757e+00 7.713068199064150310e-01 3.217062706333841504e+00 3.013384374661685960e+00 2.041936742230229029e+00 -4.127279412156289240e+00 -2.720330609783561560e+00 -6.215700115310633933e-01 1.593252125867536506e+00 3.722440698680996363e+00 4.659037092489319853e+00 4.659037092489319853e+00 4.659037092489319853e+00 4.659037092489319853e+00
-8.400644400840869608e+00 -7.704778328004505461e+00 -6.234298047019837696e+00 -4.056212750480159279e+00 -2.502629693401978717e+00 -7.763651724250436592e-01 6.632853062186009341e-01 2.869764324222825014e+00 1.399040913761548044e+00 -3.736997946214332789e+00 -1.877463049614521262e+00 1.097395462253878851e+00 1.876142328634632150e+00 4.190046969944382305e+00 4.607617654685387087e+00 4.607617654685387087e+00 4.607617654685387087e+00 4.607617654685387087e+00
-8.904002270421262466e+00 -7.830495189733915673e+00 -6.847108569260601740e+00 -5.234104034256878535e+00 -3.442905030882829731e+00 -1.646452692606983126e+00 -7.405955937249459886e-01 -6.350475655614511439e-01 2.077842442292054947e+00 -8.788588653357676250e-01 -4.405322636104414546e-01 -5.721960585159642509e-02 2.131678116303418857e+00 4.518662488485048812e+00 4.542623089921075774e+00 4.542623089921075774e+00 4.542623089921075774e+00 4.542623089921075774e+00
-9.080801953036150564e+00 -8.337054334881035089e+00 -7.530767659635072775e+00 -6.093404238601648260e+00 -4.513968310232440828e+00 -3.161033110286724845e+00 -1.622377729644263411e+00 -1.082555843296001408e+00 -3.473543106345982068e-01 1.460804755090711504e+00 -3.707518668115374894e-01 1.624090613056181631e-01 1.856493327399527882e+00 4.529462002635663787e+00 4.491203652117151890e+00 4.491203652117151890e+00 4.491203652117151890e+00 4.491203652117151890e+00
-9.385811424174494988e+00 -8.632702575099468589e+00 -8.106654857358090993e+00 -7.371379167518197661e+00 -6.157669035283255710e+00 -4.465277898957898728e+00 -2.740480731353617916e+00 -2.133143994726547810e+00 -1.374478517113784992e+00 1.624142827006129552e+00 4.973559710577982185e-01 -3.192200395244354505e-01 1.477385699780992656e+00 4.121048480214458465e+00 4.478717164565516384e+00 4.478717164565516384e+00 4.478717164565516384e+00 4.478717164565516384e+00
-1.013403614290005450e+01 -9.111330698563248731e+00 -8.712114633160298993e+00 -8.343969804617552555e+00 -7.486587600908806373e+00 -6.642004357750385779e+00 -4.281493775779833477e+00 -2.150584150048274523e+00 -1.622970573787828830e+00 -4.096869783742660420e-01 1.379668592087701651e+00 3.158452769165976948e-01 -5.532964546983651921e-01 3.985916950534439618e+00 4.521234976075449552e+00 4.521234976075449552e+00 4.521234976075449552e+00 4.521234976075449552e+00
-1.033165295376372761e+01 -9.948143404627272091e+00 -9.431674090455011594e+00 -9.078473796010655406e+00 -8.491843213103965837e+00 -7.430139862740646528e+00 -5.748870389640828193e+00 -3.354342598663139441e+00 -2.791631881372254043e+00 -2.375286495536663267e+00 1.969314137402011777e-02 1.173668101065935554e+00 -2.619264129140338460e-01 4.489856070962076728e+00 4.469815538271516786e+00 4.469815538271516786e+00 4.469815538271516786e+00 4.469815538271516786e+00
-1.047784553655208839e+01 -1.004137027001745786e+01 -9.622091457026389349e+00 -9.273196989770493559e+00 -8.885807224044004471e+00 -7.859567241447665609e+00 -6.334555956198063775e+00 -4.825843661106087978e+00 -3.446792906272764689e+00 -2.741038303220239669e+00 -1.855510559270830084e+00 5.777181860052781337e-01 -5.301455517928013172e-01 3.932540621443146200e+00 4.404820973507217019e+00 4.404820973507217019e+00 4.404820973507217019e+00 4.404820973507217019e+00
-1.045838725394730595e+01 -1.019014460690507384e+01 -9.829287658705462505e+00 -9.427246050520633247e+00 -9.002208647755253423e+00 -8.138696359227459709e+00 -6.676767035668691008e+00 -5.605504090068020417e+00 -3.823422448258063433e+00 -2.970301326668394637e+00 -2.501391511769101239e+00 1.333051194804334427e-01 7.516858507974921721e-01 3.068434027434241429e+00 4.353401535703262937e+00 4.353401535703262937e+00 4.353401535703262937e+00 4.353401535703262937e+00
-1.047014249061178859e+01 -1.021231618563568944e+01 -9.883308172196747066e+00 -9.531107349853428445e+00 -9.142146579575143761e+00 -8.286458752353015100e+00 -6.917845780097190200e+00 -5.786033125273515765e+00 -4.652602814231641126e+00 -2.561462098589428749e+00 -2.563980738572435580e+00 5.246272510498353053e-02 9.575021111109012217e-01 2.771186285719838160e+00 4.393470870193707078e+00 4.393470870193707078e+00 4.393470870193707078e+00 4.393470870193707078e+00
-1.051405177311725048e+01 -1.026971039353586335e+01 -1.005538639982199456e+01 -9.569848246232336209e+00 -9.189578127166084798e+00 -8.510263680829011079e+00 -7.221520367796362194e+00 -5.867250772061488817e+00 -5.482116123070203351e+00 -3.457362797600080473e+00 -1.460953564612309297e+00 -7.408886146334301426e-01 5.151652068148249164e-01 2.662188150161194589e+00 4.397007986621963127e+00 4.397007986621963127e+00 4.397007986621963127e+00 4.397007986621963127e+00
-1.058320023970452439e+01 -1.026619391715196272e+01 -9.913967587581749896e+00 -9.615588389895087573e+00 -9.402740579039912561e+00 -8.618228111399423241e+00 -7.402579900451192074e+00 -5.973538154375940934e+00 -5.775611340287856166e+00 -4.139900132694171120e+00 -2.202937456692753315e+00 -1.690895237735678069e+00 -6.714654830709673727e-02 2.263894754404272902e+00 4.332013421857636715e+00 4.332013421857636715e+00 4.332013421857636715e+00 4.332013421857636715e+00
-1.058992951864065724e+01 -1.026998038013295833e+01 -1.004542867665345796e+01 -9.699239426006476705e+00 -9.279654481597502169e+00 -8.753047724325142553e+00 -7.522607794253659108e+00 -5.806579537567733595e+00 -5.365111462756331662e+00 -4.182384228285888739e+00 -2.284501987981090387e+00 -2.366864892180609914e+00 -2.146694061695993971e-01 2.147508079507439049e+00 4.280593984053704837e+00 4.280593984053704837e+00 4.280593984053704837e+00 4.280593984053704837e+00
-1.062274406735155630e+01 -1.041770065228831399e+01 -1.002100997431746165e+01 -9.718381545995686821e+00 -9.375931528661169523e+00 -8.756978700309563379e+00 -7.569816062551495861e+00 -5.971965252746474384e+00 -5.275530248225217100e+00 -3.801660731859691111e+00 -4.998833686436841006e+00 -1.865851475110197555e+00 -5.464236162917839312e-01 2.088927058901151490e+00 4.215599419289382865e+00 4.215599419289382865e+00 4.215599419289382865e+00 4.215599419289382865e+00
-1.072898832693545934e+01 -1.039232638083819360e+01 -9.998668574750961824e+00 -9.703960092078366628e+00 -9.435671365669321631e+00 -8.810800373377048800e+00 -7.630723726380167271e+00 -6.025355831418139019e+00 -5.380738852140497741e+00 -3.432477908938990296e+00 -3.882506404890058160e+00 -2.833609149483548695e+00 -4.314146014612464941e-01 2.247736776109696688e+00 4.299323470077362153e+00 4.299323470077362153e+00 4.299323470077362153e+00 4.299323470077362153e+00
-1.069938419952177533e+01 -1.044160102148588720e+01 -1.001586246999416829e+01 -9.708625680756636456e+00 -9.435484752160201438e+00 -8.965385991374450469e+00 -7.635980307682943113e+00 -5.789473585676636169e+00 -5.371187995721593111e+00 -3.664895723639112646e+00 -3.994386939240685663e+00 -2.362760147652612108e+00 -7.272628876599818160e-01 2.255691804256263922e+00 4.259205870208079503e+00 4.259205870208079503e+00 4.259205870208079503e+00 4.259205870208079503e+00
