-1.052080760213397603e+01 -1.029247375587577196e+01 -9.994915621181579723e+00 -9.629760619332582650e+00 -9.342423545722365219e+00 -9.016694176396381266e+00 -8.340026871421125421e+00 -6.973489434119890973e+00 -3.514800713598159376e+00 -4.061590582374602576e+00 -2.275223586292260514e+00 -6.401372064832684394e-01 1.650418349895307779e+00 2.077914613399634014e+00 5.527271443729878442e+00 5.527271443729878442e+00 5.527271443729878442e+00 5.527271443729878442e+00
-1.045212303377084062e+01 -1.019570174490092462e+01 -1.001746101681882450e+01 -9.802097733226670329e+00 -9.418962508565844161e+00 -8.890507757620948581e+00 -8.107110304048575244e+00 -6.467426255776464572e+00 -3.497025934555240134e+00 -4.545241310039242144e+00 -1.981884713552734212e+00 -4.883291322264131096e-01 1.594493089044519252e+00 1.941426655518621924e+00 5.823505399726951026e+00 5.823505399726951026e+00 5.823505399726951026e+00 5.823505399726951026e+00
-1.022921397769137464e+01 -1.000384681692860411e+01 -9.862300269061046620e+00 -9.888013925452913355e+00 -9.566510201792954859e+00 -9.000890149688471453e+00 -8.083653187531515627e+00 -6.240139127711179512e+00 -2.545440249341465400e+00 -4.417996842027847038e+00 -6.961548177969005824e-01 -2.169259937684795969e-01 2.029673701771794292e+00 2.053699702804744120e+00 5.680937080766721436e+00 5.680937080766721436e+00 5.680937080766721436e+00 5.680937080766721436e+00
-1.042605750521144969e+01 -1.022347449825524457e+01 -9.714458908618496480e+00 -9.379054753164274061e+00 -9.322693324508858126e+00 -9.082148350140586857e+00 -8.046385735049337740e+00 -5.558121861188031865e+00 -2.733616127687429564e+00 -3.989883989478348436e+00 -1.629037922018088946e-01 -6.649283866850529134e-02 1.724062553372015749e+00 2.161675338759543319e+00 5.111117281084846198e+00 5.111117281084846198e+00 5.111117281084846198e+00 5.111117281084846198e+00
-1.053747820705014959e+01 -1.023679971098457031e+01 -9.923884283288268549e+00 -9.548167852133111921e+00 -8.975399635639096374e+00 -8.668823261645975720e+00 -7.778015904206506903e+00 -4.236287100191111321e+00 -3.184284853891826916e+00 -3.136581157372517303e+00 -2.403327911428912167e-01 1.336061849947941305e+00 1.549404645612093789e+00 2.327125425108643952e+00 4.948046003452591712e+00 4.948046003452591712e+00 4.948046003452591712e+00 4.948046003452591712e+00
-1.033051268882686102e+01 -1.017669192955994362e+01 -1.013230362461955991e+01 -9.837422711109422124e+00 -9.269177219648735644e+00 -8.427430137932898191e+00 -7.413594704330006557e+00 -3.556720268668252416e+00 -4.275973294695665672e+00 -1.654790017167172778e+00 -2.342551893843926314e-02 1.443544950905647717e+00 1.619478785938820664e+00 2.141608156683480590e+00 4.582933479994786730e+00 4.582933479994786730e+00 4.582933479994786730e+00 4.582933479994786730e+00
-1.054070605457119214e+01 -1.023717470224508475e+01 -1.005836087711873006e+01 -9.738369315971082685e+00 -9.256786328437446087e+00 -8.414563181644062695e+00 -6.196000836040955306e+00 -3.567242491428545215e+00 -4.050755660867490171e+00 -9.285792314055194563e-01 6.043575025427814218e-01 1.859889808817385193e+00 1.681046469904369012e+00 2.999471278636305804e+00 4.423890245155980061e+00 4.423890245155980061e+00 4.423890245155980061e+00 4.423890245155980061e+00
-1.044016045063984954e+01 -1.016629065600146831e+01 -1.009041597721874872e+01 -9.657806948778258516e+00 -9.195181139534238213e+00 -8.175376057373521022e+00 -4.495963835188552693e+00 -3.963642926725864157e+00 -3.379593219094497059e+00 -1.237846056436585629e-01 1.318647789607490628e+00 1.973901278496175360e+00 1.893847344832610968e+00 4.291311171702119509e+00 5.632457482262093862e+00 5.632457482262093862e+00 5.632457482262093862e+00 5.632457482262093862e+00
-1.045159174984522821e+01 -9.973050152496909959e+00 -9.565598869139263272e+00 -9.321042211820413925e+00 -8.480889452330401923e+00 -7.005679728609698564e+00 -3.582536044905572759e+00 -4.674679888521366067e+00 -2.555594883274903140e+00 -4.426939113068850684e-04 2.184327314841411294e+00 2.664574214503188987e+00 3.236663254764239106e+00 4.739403059892769221e+00 5.626078837860314152e+00 5.626078837860314152e+00 5.626078837860314152e+00 5.626078837860314152e+00
-1.055855602235011048e+01 -1.015245395674572215e+01 -9.322392285979136162e+00 -8.451791651965162799e+00 -7.483490388083262168e+00 -5.696334747999200587e+00 -2.327794563956820717e+00 -4.526321636359370792e+00 -8.748563122589783081e-01 1.085986587498663614e+00 2.788492409574963471e+00 3.388092692054140542e+00 4.918349649856343042e+00 4.953175969617914731e+00 5.891986144332518549e+00 5.891986144332518549e+00 5.891986144332518549e+00 5.891986144332518549e+00
-1.016554376668010917e+01 -9.721805449706639735e+00 -9.055024786809847015e+00 -8.408589528884608200e+00 -6.876638845530614219e+00 -4.012027997271552238e+00 -3.413602586780092096e+00 -2.418293470187461658e+00 2.879710300133440093e-01 2.504179191714392516e+00 2.886169270352271443e+00 4.520347416668421658e+00 3.037029567378842554e+00 2.248080125903955562e+00 5.723545886647461778e+00 5.723545886647461778e+00 5.723545886647461778e+00 5.723545886647461778e+00
-9.890881737742784452e+00 -9.153877582415571368e+00 -8.417242632556497739e+00 -7.963406023235679143e+00 -5.711096893657093609e+00 -2.921722630526820019e+00 -3.528357211639548296e+00 -1.363379741677166024e+00 1.004370924622276284e+00 3.237591700130620698e+00 4.356454133176927535e+00 3.755095904744230939e+00 2.065902741390392983e+00 2.451199805469978621e+00 5.621136688963101591e+00 5.621136688963101591e+00 5.621136688963101591e+00 5.621136688963101591e+00
-9.540360001029760895e+00 -8.742631803173786409e+00 -7.929256211674051258e+00 -6.599935115308197986e+00 -4.789318038396270794e+00 -2.700225775466841505e+00 -3.912311755216506981e+00 -3.130778655733436056e-01 2.297705390837571748e+00 3.945695322263880200e+00 4.575730608784180475e+00 2.024505687961223543e+00 4.734950657775931493e-01 2.348597862778334822e+00 5.977809317145721835e+00 5.977809317145721835e+00 5.977809317145721835e+00 5.977809317145721835e+00
-9.995507988944860145e+00 -8.156913168133396397e+00 -7.029721779126818504e+00 -5.488856591388394435e+00 -3.356148829705366765e+00 -1.956798289990001383e+00 -2.825441059980537517e+00 4.322052962913687790e-01 3.317372500720938699e+00 4.895903589245031995e+00 3.300644321833174022e+00 -1.946585973614261666e+00 3.581564471235673675e-01 2.494132762606330989e+00 5.861939221053672711e+00 5.861939221053672711e+00 5.861939221053672711e+00 5.861939221053672711e+00
-9.615197638451233431e+00 -7.713218376410763355e+00 -6.135877349284550419e+00 -4.791335621297705849e+00 -2.358618987471281070e+00 -2.831128599255233524e+00 -8.606027410901555541e-01 1.886122097254240293e+00 3.424421075582166019e+00 5.435373938909014768e+00 4.316166133563281271e+00 -9.868541039809961557e-01 9.698045929950206423e-01 2.597870077826965218e+00 5.913976871946001523e+00 5.913976871946001523e+00 5.913976871946001523e+00 5.913976871946001523e+00
-9.081848429542755952e+00 -7.133744462251105034e+00 -5.468628630246236355e+00 -3.912894927358664177e+00 -2.324575977916171432e+00 -2.665217222249430584e+00 1.492918241880371588e-01 2.914617989103593487e+00 3.959350457905768117e+00 6.059138671127090703e+00 5.863717447460528476e+00 1.866637881737197580e+00 6.556307665214857749e-01 2.646848916032887633e+00 5.840075760815615524e+00 5.840075760815615524e+00 5.840075760815615524e+00 5.840075760815615524e+00
-8.828158262010859403e+00 -6.668160258286802033e+00 -4.829309852891622512e+00 -3.209139154613986911e+00 -2.728083212581386974e+00 -2.587649263790892995e+00 9.133191869239294380e-01 3.377619011737543975e+00 4.186239549175929220e+00 5.021513917293548346e+00 4.526392061223302399e+00 4.594553384496508741e+00 3.591340701019538173e+00 3.267554537121982960e+00 5.758094885778511696e+00 5.758094885778511696e+00 5.758094885778511696e+00 5.758094885778511696e+00
-8.237425220647006441e+00 -6.465754371740292328e+00 -4.632614836273997838e+00 -2.462057373100872137e+00 -2.376995787728255927e+00 -2.176454953893177446e+00 1.782109260288226915e+00 3.822915183435322106e+00 3.934033594732134098e+00 3.228326321609125138e+00 3.325121937873592781e+00 3.140948216829452466e+00 3.881563693792256409e+00 5.114184239845726232e+00 5.920608274272613158e+00 5.920608274272613158e+00 5.920608274272613158e+00 5.920608274272613158e+00
-7.689432220098135318e+00 -6.353855851592395965e+00 -4.348180702520750174e+00 -2.318112574727153152e+00 -1.893513873392202118e+00 -1.248641998202460135e+00 2.282590783472610241e+00 3.754339686149375854e+00 3.702258365174557753e+00 1.773609441941352394e+00 1.577438554842085949e+00 1.623728253185365400e+00 2.797053888132094990e+00 4.278948980892304021e+00 6.050275328650578821e+00 6.050275328650578821e+00 6.050275328650578821e+00 6.050275328650578821e+00
-7.871726093142601854e+00 -6.190772272259061459e+00 -4.288677844800733219e+00 -2.050029192801563926e+00 -2.129356088648272305e+00 9.112389219475254543e-02 3.146497524323134343e+00 3.935243085346472380e+00 3.038991762099064520e+00 1.592913625385159682e+00 1.115659100051617614e+00 1.132114804362360116e+00 1.957394215600797072e+00 3.615858382526666581e+00 5.956003337837771028e+00 5.956003337837771028e+00 5.956003337837771028e+00 5.956003337837771028e+00
-8.225726429067815815e+00 -6.493454296772315004e+00 -4.270903642019998614e+00 -2.531938158083900881e+00 -1.804797884291724941e+00 -6.431461183569989748e-01 3.392932464600747267e+00 3.984509137153904312e+00 2.957444531875685900e+00 1.508749582678884149e+00 7.947874424859520115e-01 5.724562975211126004e-01 1.260778534096411940e+00 3.240486417662212570e+00 5.807823124815122640e+00 5.807823124815122640e+00 5.807823124815122640e+00 5.807823124815122640e+00
-8.236109656480849139e+00 -6.786017356576990345e+00 -4.343347822785572632e+00 -2.208708825962311550e+00 -2.007511866102881903e+00 -6.753231506390781069e-01 2.544877981058734306e+00 3.978197015025513039e+00 2.742319456534669797e+00 1.305508559642672983e+00 -2.086968900641812397e+00 -1.563481838093178533e+00 1.169452088536506951e+00 3.063180665267450475e+00 5.789106278204219080e+00 5.789106278204219080e+00 5.789106278204219080e+00 5.789106278204219080e+00
-8.219636553998441286e+00 -6.965869093886155383e+00 -4.941022381303973532e+00 -2.549814711957489877e+00 -1.886768878952839845e+00 -1.846742749857168908e+00 1.359117548491940219e+00 3.861211756038620102e+00 2.313339834625423919e+00 9.914608612022064449e-01 -2.433653213509487490e+00 -1.529564529486304947e+00 1.166368362998046138e+00 3.392803273681099796e+00 5.691127393040696703e+00 5.691127393040696703e+00 5.691127393040696703e+00 5.691127393040696703e+00
-8.152775941293745277e+00 -7.296471874001389857e+00 -5.304514377778739131e+00 -3.404380515386732142e+00 -1.740497639886907200e+00 -1.910923210050384125e+00 3.025093306653097169e-01 3.580931389454130809e+00 2.169774117592949914e+00 1.268734246257729181e-01 -2.600292574035463655e+00 -1.158220923524247770e+00 1.239501840766053853e+00 3.670656214591677013e+00 6.078347232048543880e+00 6.078347232048543880e+00 6.078347232048543880e+00 6.078347232048543880e+00
-8.085168922710565198e+00 -7.206224339549088143e+00 -5.870168912347377699e+00 -4.323909017811871536e+00 -2.372117051474365468e+00 -1.846682215563296481e+00 -1.380321629627298208e+00 2.201468829916293668e+00 2.591483014520862938e+00 -3.595057274790038448e+00 -2.218544020849928966e+00 -6.687740758483740056e-01 1.475923030937880798e+00 3.720553554363632109e+00 6.133270224595632314e+00 6.133270224595632314e+00 6.133270224595632314e+00 6.133270224595632314e+00
-8.326091354270255707e+00 -7.815863445138227839e+00 -6.473326909346350355e+00 -4.974971552792333718e+00 -3.584806149571252654e+00 -1.783165451174261618e+00 -2.189343058306670198e+00 9.908098928490880475e-01 2.250999395321934493e+00 -3.005236370013685931e+00 3.033599505221387660e-01 1.017602770553177827e+00 1.843181213354377901e+00 4.206965895175622805e+00 5.965484065350699083e+00 5.965484065350699083e+00 5.965484065350699083e+00 5.965484065350699083e+00
-8.754398888682253244e+00 -7.852338222933587630e+00 -6.900536746977316227e+00 -5.710916423796283503e+00 -4.450038786477875874e+00 -2.367047105268322404e+00 -2.547421256357364161e+00 -1.091267195136671253e+00 1.622066513096009022e+00 2.704621150984644062e-01 3.413678551045039589e-01 8.295137431275665385e-01 2.143497690322971216e+00 4.792932647891786857e+00 5.724625380831848354e+00 5.724625380831848354e+00 5.724625380831848354e+00 5.724625380831848354e+00
-9.140754731447502834e+00 -8.193361718805372007e+00 -7.337298463724584607e+00 -6.393545667574286107e+00 -5.303279773881226511e+00 -3.973321893701357688e+00 -2.191081361554213291e+00 -2.604022394360164583e+00 7.684505479062123667e-01 1.466926149116480671e+00 9.313407722801309019e-01 -1.884177480690642226e-01 1.767167667739490078e+00 4.961893800582513947e+00 5.657659937095210978e+00 5.657659937095210978e+00 5.657659937095210978e+00 5.657659937095210978e+00
-9.448327845103063893e+00 -8.514487483030755754e+00 -7.908843622489098557e+00 -7.216376870336861593e+00 -6.318733747361516606e+00 -5.105383477019918459e+00 -2.514673038290481166e+00 -2.458111006715295588e+00 -2.442122297050295932e-01 1.495675263574176572e+00 1.051710610051043382e+00 8.266434868734231500e-01 9.521222151814370260e-01 4.077821281563190681e+00 6.055779475385314470e+00 6.055779475385314470e+00 6.055779475385314470e+00 6.055779475385314470e+00
-9.837444172320621405e+00 -9.004983725490784963e+00 -8.456287770118560587e+00 -8.059120588647592953e+00 -7.336240041922499344e+00 -6.391235149255261483e+00 -3.970332035549145822e+00 -2.384580031574147441e+00 -2.228174178466394650e+00 8.874715990157155954e-01 1.208877286943813578e+00 1.018414308905002841e+00 4.176962358246436580e-01 3.989245621812176346e+00 6.236202328428292141e+00 6.236202328428292141e+00 6.236202328428292141e+00 6.236202328428292141e+00
-1.025262942751906081e+01 -9.811583503639287329e+00 -9.284455756675978222e+00 -8.760400356826643531e+00 -8.188286980227479361e+00 -7.138125465706711026e+00 -5.043976119851651951e+00 -2.460043804270933610e+00 -2.803189782914758510e+00 4.315558021807410771e-01 1.215563019589942506e+00 1.058251734958089774e+00 6.224369200145878356e-01 4.447698975847730551e+00 6.142459054215922976e+00 6.142459054215922976e+00 6.142459054215922976e+00 6.142459054215922976e+00
-1.041382541419477192e+01 -1.000701902467026549e+01 -9.551814240204267392e+00 -9.103419961977238017e+00 -8.489748139568670027e+00 -7.550640019764280453e+00 -6.240127505701098087e+00 -2.925834757110753692e+00 -2.758346447351662345e+00 -1.350593447815286119e+00 9.317583217385190242e-01 1.134193354198125947e+00 8.224631149023367005e-01 3.045728120268959227e+00 5.805574386008783172e+00 5.805574386008783172e+00 5.805574386008783172e+00 5.805574386008783172e+00
-1.047158573108992030e+01 -1.012173587838391953e+01 -9.706974849480429768e+00 -9.273100282375803971e+00 -8.727979343257537437e+00 -7.840366787648230584e+00 -6.623820449742221506e+00 -4.314043684185189242e+00 -3.191017099570997217e+00 -2.701993424212983719e+00 6.252875408901980014e-01 1.178463406086775800e+00 7.820741664708147356e-01 2.519781382835268868e+00 5.641427636848577620e+00 5.641427636848577620e+00 5.641427636848577620e+00 5.641427636848577620e+00
-1.046868943412957620e+01 -1.014159123806744844e+01 -9.779812829716068023e+00 -9.399196122671536813e+00 -8.818490798125885988e+00 -8.020970434793914805e+00 -6.872448995961358165e+00 -5.427620868874883264e+00 -2.623544954114416239e+00 -2.812009407174275388e+00 2.625314343285027330e-01 1.125914298093880994e+00 7.274905383819332272e-01 2.564249413601370264e+00 5.584082597349638633e+00 5.584082597349638633e+00 5.584082597349638633e+00 5.584082597349638633e+00
-1.046678000212345339e+01 -1.017515956315250847e+01 -9.872006412239890949e+00 -9.472916480483673851e+00 -8.966122752522824868e+00 -8.231738337203317712e+00 -7.094602939589344182e+00 -5.633613940689343735e+00 -3.293200648360653737e+00 -2.641259950790882716e+00 -6.114320953372814893e-01 7.829602548511959137e-01 1.858622935794712883e-01 2.786994087556770250e+00 5.772683169628629152e+00 5.772683169628629152e+00 5.772683169628629152e+00 5.772683169628629152e+00
-1.051633795825426887e+01 -1.016368833348958489e+01 -9.843997632170513157e+00 -9.501877640736493547e+00 -9.042373647273203474e+00 -8.309226039741339775e+00 -7.241257530415174060e+00 -5.875430670703022606e+00 -3.568042525031108525e+00 -2.846408948547931139e+00 -2.310006656833679450e+00 3.621792362300597645e-01 8.363936858249255701e-01 2.367440548500002961e+00 6.275270669485604635e+00 6.275270669485604635e+00 6.275270669485604635e+00 6.275270669485604635e+00
-1.051435258559065744e+01 -1.018832969420041223e+01 -9.897918743054413326e+00 -9.560930598302723737e+00 -9.051425001302867202e+00 -8.495093327009442419e+00 -7.374936014785332006e+00 -5.920662172603140760e+00 -4.281505059696018023e+00 -3.380932407131170159e+00 -2.666950733411395102e+00 2.263743875797760707e-01 3.486583259736373286e-01 2.443365594392419293e+00 6.151939781728863466e+00 6.151939781728863466e+00 6.151939781728863466e+00 6.151939781728863466e+00
-1.052769232184279602e+01 -1.023813437834576234e+01 -9.886921269772294352e+00 -9.575615247822147680e+00 -9.187865499741860731e+00 -8.504579810988213140e+00 -7.418709497018390664e+00 -5.998247619189288393e+00 -4.986109624307633936e+00 -2.846655132104813468e+00 -3.077166663703312821e+00 2.381573003914744524e-01 1.262344694260827960e-01 2.478264420221011122e+00 5.815055113521690799e+00 5.815055113521690799e+00 5.815055113521690799e+00 5.815055113521690799e+00
-1.057378975628705930e+01 -1.028376341597975596e+01 -9.952151912802268185e+00 -9.612771178074337897e+00 -9.237403132401283301e+00 -8.562272995911126117e+00 -7.523346827619588950e+00 -5.933907374587771955e+00 -5.135492105916387828e+00 -2.929536035498344848e+00 -3.388160406587308771e+00 8.888942193184493079e-03 3.164809388774020293e-01 2.432938949015876595e+00 5.647560852169435819e+00 5.647560852169435819e+00 5.647560852169435819e+00 5.647560852169435819e+00
-1.059978549726826103e+01 -1.031063504638895623e+01 -1.001340613240808430e+01 -9.676605712118234948e+00 -9.321251062791992226e+00 -8.756252213677184315e+00 -7.548847074806952051e+00 -5.860797851093912492e+00 -5.307174128454152040e+00 -3.336467940004038901e+00 -3.197072115726730779e+00 -4.727159771771452523e-01 4.093460009669468436e-01 2.606778776007360410e+00 6.219826167603989653e+00 6.219826167603989653e+00 6.219826167603989653e+00 6.219826167603989653e+00
